# LFR benchmark graph: regime=B mu=0.1 realization=2
# undirected, unweighted; 1-based node ids; each edge listed once.
1 37
1 57
1 74
1 97
1 123
1 135
1 205
1 225
1 228
1 229
1 236
1 285
1 465
1 511
1 537
1 652
1 659
1 662
1 685
1 891
1 901
1 916
1 931
1 942
1 971
1 984
1 986
1 997
2 3
2 41
2 86
2 98
2 113
2 132
2 267
2 350
2 400
2 414
2 468
2 471
2 482
2 512
2 594
2 602
2 697
2 857
2 890
2 902
2 995
2 999
3 12
3 15
3 19
3 52
3 60
3 84
3 93
3 119
3 120
3 147
3 174
3 196
3 254
3 289
3 322
3 368
3 379
3 381
3 395
3 469
3 509
3 515
3 521
3 526
3 591
3 706
3 732
3 766
3 807
3 911
3 926
3 930
3 952
4 7
4 9
4 122
4 130
4 155
4 220
4 255
4 261
4 318
4 325
4 362
4 365
4 500
4 534
4 617
4 625
4 665
4 749
4 751
4 787
4 883
4 913
5 121
5 124
5 125
5 148
5 211
5 213
5 272
5 354
5 369
5 373
5 397
5 399
5 428
5 503
5 631
5 701
5 714
5 717
5 721
5 759
5 774
5 856
5 940
6 53
6 66
6 68
6 137
6 145
6 152
6 153
6 190
6 200
6 252
6 295
6 351
6 411
6 413
6 488
6 501
6 576
6 640
6 647
6 660
6 679
6 705
6 767
6 778
6 811
6 816
6 943
6 955
6 959
7 9
7 122
7 130
7 220
7 261
7 318
7 362
7 365
7 534
7 617
7 749
7 751
7 760
7 787
7 883
7 939
8 43
8 50
8 83
8 92
8 111
8 149
8 207
8 247
8 312
8 344
8 370
8 384
8 405
8 435
8 446
8 494
8 498
8 533
8 537
8 574
8 589
8 597
8 704
8 793
8 794
8 802
8 806
8 831
8 934
9 122
9 130
9 155
9 228
9 249
9 261
9 318
9 365
9 500
9 625
9 665
9 709
9 749
9 760
9 883
9 975
10 44
10 46
10 55
10 187
10 208
10 257
10 265
10 268
10 324
10 398
10 452
10 489
10 575
10 588
10 653
10 707
10 882
10 975
10 980
11 63
11 65
11 94
11 129
11 132
11 253
11 301
11 390
11 436
11 459
11 472
11 495
11 524
11 530
11 540
11 543
11 571
11 578
11 592
11 665
11 944
11 948
11 966
12 15
12 52
12 93
12 120
12 147
12 174
12 196
12 254
12 289
12 322
12 379
12 381
12 395
12 409
12 416
12 509
12 515
12 521
12 526
12 591
12 732
12 766
12 837
12 911
12 926
12 930
12 952
12 973
13 21
13 38
13 48
13 286
13 314
13 372
13 391
13 424
13 567
13 630
13 639
13 655
13 675
13 681
13 702
13 717
13 805
13 853
13 946
14 53
14 66
14 137
14 145
14 200
14 351
14 411
14 475
14 576
14 640
14 647
14 660
14 705
14 785
14 811
14 816
14 943
15 19
15 52
15 90
15 147
15 174
15 289
15 303
15 368
15 370
15 379
15 395
15 509
15 515
15 521
15 526
15 591
15 648
15 706
15 732
15 735
15 754
15 766
15 930
16 23
16 90
16 151
16 214
16 241
16 251
16 278
16 280
16 291
16 296
16 332
16 357
16 392
16 438
16 517
16 551
16 638
16 715
16 720
16 728
16 736
16 757
16 778
16 788
16 792
16 801
16 803
16 817
16 908
16 920
16 977
16 978
16 983
16 986
17 33
17 57
17 59
17 97
17 135
17 171
17 209
17 228
17 232
17 285
17 350
17 392
17 501
17 511
17 517
17 579
17 662
17 685
17 720
17 845
17 858
17 903
17 931
17 942
17 971
18 35
18 78
18 91
18 103
18 118
18 250
18 303
18 306
18 330
18 410
18 417
18 427
18 464
18 547
18 612
18 704
18 812
18 858
18 877
19 52
19 174
19 289
19 368
19 379
19 515
19 521
19 526
19 559
19 562
19 648
19 892
19 911
19 951
19 952
20 40
20 49
20 78
20 143
20 163
20 177
20 378
20 415
20 592
20 628
20 632
20 639
20 640
20 649
20 676
20 689
20 694
20 769
20 779
20 802
20 814
20 825
20 838
20 887
20 932
21 45
21 48
21 73
21 192
21 323
21 391
21 449
21 524
21 567
21 585
21 622
21 655
21 675
21 681
21 713
21 717
22 36
22 77
22 108
22 191
22 232
22 239
22 256
22 379
22 387
22 441
22 541
22 607
22 637
22 750
22 779
22 904
23 37
23 126
23 241
23 260
23 277
23 278
23 291
23 332
23 454
23 671
23 715
23 789
23 889
23 909
23 951
23 989
24 58
24 72
24 173
24 227
24 234
24 461
24 467
24 476
24 485
24 545
24 546
24 550
24 556
24 559
24 562
24 600
24 674
24 690
24 821
24 919
24 973
25 62
25 127
25 259
25 299
25 390
25 401
25 408
25 664
25 677
25 688
25 770
25 800
25 809
25 937
26 28
26 59
26 74
26 97
26 146
26 225
26 228
26 285
26 418
26 427
26 465
26 516
26 517
26 527
26 537
26 579
26 635
26 685
26 755
26 931
26 957
26 971
26 972
27 61
27 164
27 178
27 198
27 258
27 259
27 282
27 347
27 529
27 538
27 546
27 558
27 568
27 570
27 580
27 627
27 658
27 666
27 667
27 669
27 672
27 721
27 840
27 850
27 855
27 963
28 57
28 123
28 135
28 225
28 255
28 267
28 465
28 516
28 517
28 527
28 537
28 579
28 652
28 662
28 700
28 916
28 931
28 942
28 957
28 984
28 986
29 40
29 49
29 177
29 242
29 378
29 415
29 523
29 592
29 632
29 639
29 649
29 676
29 694
29 769
29 802
29 825
29 838
29 887
29 932
30 62
30 127
30 168
30 259
30 263
30 292
30 390
30 408
30 559
30 561
30 664
30 677
30 770
31 62
31 168
31 181
31 259
31 263
31 345
31 390
31 408
31 425
31 464
31 548
31 561
31 571
31 630
31 677
31 809
31 937
32 43
32 140
32 235
32 320
32 339
32 352
32 405
32 409
32 446
32 473
32 475
32 536
32 573
32 574
32 589
32 597
32 608
32 626
32 722
32 772
32 793
32 808
32 848
32 956
32 980
32 1000
33 74
33 83
33 135
33 209
33 210
33 225
33 229
33 403
33 465
33 511
33 517
33 527
33 579
33 580
33 658
33 662
33 723
33 845
33 903
33 942
33 962
33 971
33 992
34 36
34 70
34 94
34 129
34 179
34 191
34 199
34 253
34 436
34 459
34 472
34 475
34 530
34 540
34 543
34 571
34 578
34 707
34 793
34 878
34 909
34 944
34 948
34 966
35 41
35 42
35 86
35 98
35 102
35 132
35 246
35 267
35 350
35 400
35 414
35 452
35 468
35 480
35 482
35 487
35 512
35 594
35 697
35 730
35 739
35 772
35 852
35 860
35 872
35 886
35 902
35 995
35 998
36 50
36 77
36 133
36 232
36 293
36 387
36 441
36 541
36 607
36 616
36 623
36 637
36 645
37 97
37 209
37 229
37 465
37 511
37 537
37 662
37 845
37 901
37 916
37 931
37 971
38 45
38 48
38 73
38 75
38 323
38 372
38 380
38 449
38 524
38 582
38 585
38 605
38 655
38 675
38 681
38 702
38 713
38 717
38 814
38 864
38 901
39 58
39 72
39 197
39 227
39 229
39 363
39 461
39 485
39 545
39 546
39 550
39 556
39 559
39 562
39 579
39 600
39 690
39 737
39 821
39 896
39 919
40 49
40 143
40 189
40 237
40 325
40 378
40 404
40 415
40 523
40 592
40 628
40 632
40 639
40 649
40 676
40 689
40 694
40 769
40 779
40 802
40 814
40 825
40 838
40 887
40 930
40 932
41 42
41 98
41 102
41 113
41 132
41 246
41 267
41 276
41 350
41 382
41 400
41 414
41 468
41 480
41 482
41 487
41 512
41 553
41 594
41 602
41 657
41 697
41 739
41 824
41 834
41 852
41 857
41 860
41 871
41 872
41 886
41 902
41 995
41 998
42 113
42 132
42 267
42 350
42 400
42 414
42 467
42 482
42 594
42 602
42 697
42 739
42 834
42 857
42 860
42 902
42 995
42 998
43 50
43 111
43 172
43 189
43 207
43 233
43 235
43 247
43 292
43 312
43 319
43 339
43 344
43 352
43 370
43 384
43 405
43 409
43 435
43 442
43 446
43 460
43 475
43 518
43 536
43 544
43 564
43 573
43 574
43 589
43 597
43 626
43 630
43 716
43 761
43 772
43 781
43 793
43 794
43 806
43 827
43 831
43 843
43 846
43 854
43 858
43 875
43 956
43 962
43 981
43 1000
44 46
44 50
44 55
44 257
44 265
44 268
44 324
44 346
44 452
44 458
44 606
44 707
44 726
44 742
44 819
44 882
44 964
44 967
44 971
44 980
44 991
45 48
45 75
45 286
45 314
45 323
45 372
45 394
45 449
45 454
45 508
45 524
45 567
45 585
45 591
45 605
45 655
45 675
45 699
45 713
45 717
45 784
45 853
45 966
46 53
46 55
46 187
46 203
46 208
46 265
46 268
46 310
46 433
46 452
46 458
46 489
46 556
46 599
46 653
46 819
46 882
46 964
46 975
46 980
46 991
47 106
47 131
47 185
47 193
47 216
47 218
47 367
47 398
47 486
47 488
47 533
47 603
47 605
47 613
47 614
47 618
47 629
47 643
47 657
47 663
47 693
47 733
47 740
47 776
47 836
47 866
47 910
47 974
48 73
48 75
48 286
48 391
48 524
48 567
48 681
48 699
48 713
48 784
48 844
49 120
49 143
49 163
49 177
49 189
49 378
49 415
49 477
49 501
49 523
49 592
49 628
49 632
49 639
49 649
49 676
49 689
49 694
49 769
49 802
49 805
49 814
49 825
49 838
49 932
50 111
50 202
50 230
50 233
50 238
50 240
50 247
50 308
50 352
50 370
50 384
50 409
50 442
50 446
50 460
50 479
50 494
50 498
50 499
50 518
50 536
50 544
50 573
50 574
50 589
50 597
50 608
50 626
50 659
50 716
50 719
50 737
50 746
50 761
50 772
50 778
50 781
50 786
50 794
50 808
50 854
50 875
50 934
50 956
50 962
50 981
50 1000
51 80
51 126
51 151
51 194
51 213
51 214
51 251
51 292
51 296
51 333
51 375
51 462
51 465
51 551
51 757
51 768
51 788
51 817
51 889
51 908
51 921
51 978
51 989
52 120
52 147
52 174
52 381
52 515
52 521
52 526
52 538
52 648
52 892
52 911
53 66
53 68
53 137
53 145
53 152
53 153
53 190
53 200
53 252
53 295
53 351
53 399
53 411
53 413
53 576
53 647
53 660
53 679
53 778
53 785
53 811
53 816
53 825
53 943
53 955
53 959
54 76
54 85
54 96
54 100
54 115
54 167
54 180
54 188
54 201
54 266
54 343
54 470
54 481
54 552
54 554
54 559
54 566
54 601
54 626
54 635
54 638
54 684
54 695
54 893
54 958
54 965
54 994
54 997
55 166
55 257
55 265
55 268
55 346
55 459
55 542
55 588
55 662
55 707
55 747
56 69
56 90
56 183
56 264
56 266
56 326
56 336
56 341
56 348
56 377
56 388
56 406
56 432
56 440
56 522
56 542
56 564
56 610
56 612
56 619
56 670
56 671
56 715
56 726
56 780
56 824
56 864
56 896
56 909
56 950
56 960
56 973
56 985
57 74
57 83
57 97
57 135
57 178
57 205
57 209
57 210
57 225
57 228
57 229
57 282
57 285
57 465
57 517
57 537
57 542
57 579
57 604
57 652
57 659
57 685
57 700
57 716
57 755
57 784
57 841
57 845
57 931
57 957
57 971
57 986
58 173
58 234
58 363
58 429
58 485
58 545
58 546
58 550
58 556
58 562
58 737
58 773
58 821
58 953
59 74
59 108
59 123
59 135
59 146
59 228
59 229
59 423
59 465
59 501
59 516
59 517
59 537
59 579
59 662
59 700
59 931
59 957
59 986
60 161
60 174
60 289
60 368
60 379
60 381
60 591
60 786
60 926
61 99
61 164
61 178
61 184
61 198
61 276
61 282
61 297
61 321
61 347
61 533
61 538
61 568
61 570
61 572
61 580
61 587
61 627
61 634
61 664
61 666
61 667
61 669
61 672
61 721
61 840
61 847
61 850
61 855
61 863
61 918
61 963
61 981
62 127
62 150
62 168
62 259
62 299
62 345
62 366
62 408
62 428
62 548
62 561
62 630
62 664
62 688
62 734
62 800
62 809
62 937
62 939
63 65
63 94
63 127
63 253
63 301
63 336
63 436
63 530
63 540
63 571
63 578
63 703
63 944
63 948
64 79
64 87
64 134
64 223
64 253
64 338
64 359
64 434
64 528
64 581
64 710
64 897
64 956
64 974
65 129
65 179
65 301
65 436
65 472
65 540
65 543
65 571
65 944
66 68
66 145
66 152
66 190
66 260
66 411
66 660
66 679
66 705
67 80
67 88
67 105
67 112
67 127
67 152
67 169
67 206
67 230
67 236
67 275
67 304
67 332
67 386
67 387
67 421
67 422
67 433
67 439
67 519
67 525
67 549
67 555
67 563
67 604
67 642
67 678
67 691
67 725
67 729
67 731
67 763
67 796
67 826
67 832
67 867
67 890
67 917
67 939
68 145
68 152
68 295
68 351
68 470
68 508
68 576
68 660
68 705
68 749
68 778
68 811
68 943
68 955
69 82
69 90
69 104
69 110
69 222
69 308
69 388
69 428
69 430
69 456
69 507
69 522
69 531
69 542
69 557
69 564
69 610
69 619
69 670
69 683
69 726
69 828
69 950
70 94
70 179
70 253
70 258
70 301
70 305
70 443
70 483
70 530
70 540
70 703
70 944
70 948
71 80
71 81
71 159
71 243
71 309
71 340
71 358
71 360
71 426
71 440
71 455
71 504
71 546
71 584
71 604
71 633
71 634
71 641
71 668
71 741
71 791
71 878
71 913
71 920
71 928
71 987
72 177
72 227
72 348
72 363
72 485
72 545
72 546
72 562
72 579
72 690
72 737
72 821
72 919
72 953
73 75
73 314
73 372
73 391
73 442
73 449
73 524
73 567
73 582
73 585
73 605
73 675
73 678
73 699
73 805
73 853
74 83
74 94
74 97
74 123
74 171
74 205
74 209
74 210
74 225
74 229
74 410
74 465
74 511
74 516
74 517
74 579
74 662
74 685
74 700
74 737
74 755
74 845
74 883
74 903
74 931
74 942
74 957
74 971
74 984
74 986
75 98
75 188
75 286
75 314
75 372
75 391
75 449
75 524
75 567
75 585
75 655
75 681
75 699
75 713
75 717
75 784
75 853
75 887
76 85
76 96
76 167
76 172
76 188
76 201
76 343
76 470
76 552
76 554
76 566
76 621
76 684
76 695
76 833
76 893
76 898
76 972
77 107
77 108
77 136
77 239
77 256
77 416
77 541
77 607
77 629
77 645
77 767
77 951
78 117
78 118
78 162
78 248
78 269
78 277
78 283
78 303
78 306
78 326
78 330
78 416
78 464
78 547
78 596
78 696
78 874
78 929
78 941
78 961
78 982
79 116
79 134
79 223
79 338
79 401
79 453
79 483
79 484
79 528
79 581
79 595
79 615
79 710
79 711
79 717
79 764
79 849
79 897
79 974
79 990
80 89
80 159
80 342
80 356
80 360
80 366
80 401
80 451
80 530
80 584
80 604
80 633
80 634
80 636
80 642
80 651
80 668
80 673
80 682
80 719
80 738
80 791
80 823
80 869
80 905
80 913
80 928
81 89
81 99
81 156
81 243
81 309
81 358
81 366
81 426
81 451
81 474
81 615
81 634
81 650
81 673
81 674
81 698
81 791
81 823
81 942
82 142
82 165
82 166
82 222
82 262
82 269
82 377
82 388
82 424
82 430
82 431
82 457
82 485
82 557
82 562
82 577
82 612
82 644
82 670
82 726
82 743
82 798
82 824
82 826
82 862
82 896
82 906
82 909
82 910
82 914
82 960
82 968
83 89
83 366
83 465
83 511
83 516
83 537
83 579
83 685
83 737
83 845
83 931
83 951
83 957
83 971
84 87
84 97
84 282
84 338
84 343
84 353
84 409
84 528
84 610
84 710
84 711
84 849
84 897
84 974
85 96
85 100
85 115
85 167
85 180
85 188
85 201
85 204
85 343
85 470
85 481
85 510
85 552
85 554
85 565
85 566
85 601
85 635
85 638
85 651
85 684
85 695
85 728
85 893
85 958
85 965
85 972
85 983
85 994
85 997
86 132
86 136
86 218
86 222
86 334
86 414
86 480
86 482
86 486
86 553
86 712
86 832
86 834
86 857
86 860
86 902
86 947
86 995
86 998
86 999
87 338
87 353
87 453
87 484
87 528
87 595
87 671
87 710
87 753
87 849
87 914
87 974
88 105
88 112
88 116
88 119
88 157
88 170
88 181
88 182
88 198
88 206
88 212
88 269
88 279
88 305
88 317
88 386
88 421
88 426
88 433
88 445
88 496
88 519
88 525
88 555
88 563
88 593
88 611
88 658
88 678
88 679
88 691
88 725
88 729
88 731
88 790
88 796
88 822
88 826
88 833
88 867
88 873
88 888
88 917
88 939
88 947
89 99
89 130
89 139
89 156
89 161
89 172
89 309
89 334
89 342
89 366
89 407
89 426
89 440
89 474
89 504
89 583
89 584
89 612
89 615
89 621
89 633
89 641
89 651
89 668
89 673
89 682
89 692
89 735
89 771
89 823
89 868
89 870
89 885
89 896
89 905
89 928
90 101
90 109
90 110
90 165
90 166
90 219
90 222
90 264
90 315
90 348
90 364
90 388
90 406
90 431
90 457
90 471
90 497
90 542
90 671
90 683
90 686
90 708
90 724
90 726
90 727
90 752
90 761
90 762
90 804
90 812
90 824
90 896
90 904
90 906
90 914
90 918
90 926
90 950
90 960
90 985
91 95
91 103
91 117
91 194
91 231
91 244
91 248
91 250
91 268
91 273
91 283
91 294
91 303
91 306
91 326
91 328
91 330
91 336
91 348
91 383
91 410
91 418
91 419
91 420
91 464
91 477
91 484
91 491
91 493
91 547
91 569
91 598
91 644
91 704
91 775
91 777
91 807
91 812
91 843
91 859
91 879
91 881
91 941
92 254
92 319
92 320
92 339
92 352
92 405
92 409
92 435
92 523
92 536
92 573
92 574
92 589
92 597
92 636
92 716
92 772
92 786
92 794
92 806
92 851
92 856
92 858
92 907
92 934
93 120
93 174
93 196
93 211
93 278
93 289
93 293
93 395
93 732
93 911
93 930
94 129
94 253
94 257
94 301
94 405
94 436
94 472
94 524
94 530
94 540
94 543
94 578
94 703
94 731
94 878
94 944
94 966
95 103
95 117
95 118
95 162
95 186
95 194
95 221
95 226
95 231
95 232
95 250
95 297
95 330
95 371
95 416
95 417
95 419
95 420
95 477
95 506
95 596
95 646
95 696
95 775
95 812
95 865
95 993
96 100
96 115
96 167
96 180
96 188
96 343
96 393
96 470
96 481
96 510
96 552
96 554
96 566
96 601
96 635
96 638
96 684
96 695
96 733
96 811
96 893
96 958
96 965
96 972
96 994
97 135
97 205
97 210
97 228
97 465
97 501
97 511
97 517
97 527
97 552
97 579
97 652
97 845
97 903
97 931
97 957
97 971
97 979
97 986
98 113
98 132
98 400
98 414
98 482
98 594
98 834
98 852
98 902
98 995
98 998
99 156
99 243
99 342
99 349
99 385
99 440
99 451
99 455
99 474
99 476
99 604
99 621
99 634
99 636
99 650
99 668
99 682
99 717
99 719
99 741
99 905
99 910
99 923
99 930
100 129
100 167
100 180
100 188
100 552
100 601
100 638
100 695
100 994
101 166
101 428
101 431
101 531
101 552
101 577
101 671
101 708
101 743
101 835
101 862
101 898
101 904
101 906
101 915
101 918
101 973
101 985
102 113
102 350
102 414
102 416
102 449
102 480
102 512
102 575
102 594
102 852
102 860
102 902
102 995
102 998
102 999
103 118
103 194
103 244
103 248
103 250
103 313
103 417
103 422
103 427
103 569
103 807
103 836
103 843
103 961
104 109
104 160
104 165
104 209
104 266
104 355
104 431
104 432
104 507
104 517
104 532
104 539
104 612
104 619
104 671
104 683
104 896
104 904
104 950
104 960
104 1000
105 203
105 236
105 274
105 304
105 354
105 508
105 555
105 585
105 658
105 678
105 799
105 888
105 890
105 939
106 131
106 185
106 193
106 216
106 218
106 237
106 296
106 300
106 310
106 514
106 603
106 613
106 618
106 624
106 640
106 657
106 663
106 726
106 730
106 733
106 740
106 744
106 746
106 776
106 836
106 842
106 866
106 900
107 133
107 136
107 232
107 256
107 290
107 441
107 525
107 541
107 616
107 629
107 637
107 645
107 767
108 136
108 191
108 232
108 387
108 541
108 607
108 623
108 645
108 667
108 778
108 805
109 110
109 183
109 250
109 348
109 360
109 388
109 412
109 493
109 577
109 610
109 677
109 701
109 724
109 727
109 851
109 862
109 909
109 951
110 175
110 222
110 227
110 266
110 406
110 502
110 507
110 610
110 612
110 644
110 671
110 680
110 725
110 726
110 743
110 745
110 762
110 828
110 896
110 914
110 918
110 960
111 230
111 233
111 238
111 339
111 344
111 352
111 442
111 465
111 494
111 498
111 518
111 554
111 573
111 574
111 637
111 759
111 772
111 781
111 793
111 827
111 831
111 858
111 862
111 934
112 140
112 141
112 154
112 169
112 176
112 181
112 182
112 274
112 279
112 288
112 304
112 317
112 337
112 386
112 394
112 444
112 519
112 555
112 562
112 563
112 642
112 656
112 664
112 678
112 709
112 731
112 796
112 826
112 832
112 833
112 867
112 901
112 917
112 939
113 132
113 226
113 239
113 246
113 267
113 288
113 350
113 355
113 382
113 400
113 468
113 482
113 487
113 512
113 546
113 602
113 739
113 834
113 852
113 860
113 872
113 886
113 902
113 995
113 998
114 131
114 186
114 216
114 218
114 310
114 340
114 422
114 613
114 614
114 618
114 657
114 776
114 836
114 842
114 856
114 866
114 900
115 167
115 180
115 188
115 201
115 343
115 470
115 510
115 520
115 552
115 566
115 601
115 635
115 638
115 684
115 695
115 738
115 852
115 893
115 958
115 965
116 141
116 157
116 269
116 305
116 394
116 433
116 444
116 489
116 593
116 678
116 799
116 813
116 867
116 947
117 118
117 162
117 208
117 250
117 303
117 306
117 336
117 410
117 416
117 420
117 422
117 477
117 506
117 569
117 812
117 843
117 859
117 871
117 923
117 929
117 936
117 941
118 162
118 171
118 194
118 221
118 231
118 248
118 250
118 283
118 303
118 306
118 328
118 330
118 365
118 388
118 416
118 418
118 419
118 420
118 424
118 427
118 464
118 477
118 491
118 493
118 506
118 569
118 598
118 704
118 775
118 777
118 782
118 807
118 812
118 843
118 858
118 859
118 874
118 877
118 879
118 881
118 933
118 936
118 941
118 973
118 993
119 141
119 157
119 203
119 236
119 305
119 386
119 544
119 563
119 656
119 658
119 678
119 757
119 822
119 826
119 833
119 841
119 901
119 939
119 947
119 960
120 174
120 289
120 379
120 417
120 502
120 515
120 618
120 694
120 706
120 766
120 952
121 125
121 138
121 149
121 211
121 213
121 287
121 331
121 335
121 373
121 374
121 389
121 402
121 520
121 551
121 779
121 783
121 841
121 856
121 868
121 894
121 924
121 967
122 130
122 155
122 166
122 220
122 249
122 261
122 318
122 362
122 365
122 390
122 440
122 534
122 585
122 617
122 625
122 665
122 749
122 751
122 760
122 787
123 146
123 168
123 205
123 209
123 225
123 228
123 229
123 247
123 285
123 423
123 445
123 465
123 511
123 517
123 537
123 579
123 586
123 659
123 685
123 723
123 845
123 903
123 916
123 931
123 957
123 971
123 986
123 992
124 212
124 216
124 218
124 310
124 367
124 376
124 382
124 431
124 603
124 613
124 618
124 643
124 657
124 740
124 764
124 766
124 776
124 782
124 836
124 839
124 842
124 900
125 148
125 158
125 213
125 255
125 270
125 273
125 287
125 298
125 329
125 367
125 373
125 396
125 405
125 495
125 513
125 631
125 701
125 712
125 714
125 756
125 779
125 795
125 844
125 868
125 891
125 924
125 935
125 940
125 970
126 142
126 151
126 206
126 241
126 260
126 277
126 278
126 280
126 290
126 291
126 292
126 296
126 306
126 332
126 333
126 352
126 357
126 375
126 389
126 422
126 438
126 454
126 462
126 469
126 513
126 535
126 549
126 715
126 720
126 728
126 768
126 788
126 789
126 792
126 798
126 803
126 815
126 817
126 818
126 829
126 839
126 889
126 908
126 912
126 920
126 921
126 938
126 949
126 979
127 150
127 222
127 259
127 263
127 299
127 345
127 390
127 408
127 425
127 437
127 548
127 561
127 589
127 664
127 677
127 688
127 770
127 800
127 809
127 874
127 937
128 167
128 293
128 387
128 473
128 541
128 607
128 616
128 629
128 767
128 883
129 199
129 209
129 253
129 283
129 436
129 459
129 472
129 541
129 543
129 578
129 703
129 944
129 948
130 155
130 220
130 249
130 261
130 318
130 362
130 365
130 534
130 617
130 665
130 751
130 760
130 772
130 883
131 185
131 216
131 218
131 237
131 238
131 367
131 486
131 602
131 603
131 609
131 613
131 614
131 618
131 624
131 643
131 657
131 776
131 782
131 866
131 900
131 929
132 246
132 350
132 355
132 400
132 480
132 482
132 487
132 512
132 594
132 602
132 697
132 702
132 728
132 739
132 852
132 857
132 860
132 872
132 902
132 995
132 999
133 232
133 239
133 293
133 387
133 441
133 505
133 541
133 607
133 616
133 623
133 629
133 637
133 728
133 735
133 750
133 767
133 812
134 213
134 223
134 338
134 453
134 483
134 488
134 528
134 581
134 595
134 691
134 711
134 849
134 974
134 990
135 146
135 171
135 205
135 209
135 210
135 225
135 228
135 229
135 275
135 465
135 511
135 517
135 539
135 546
135 579
135 652
135 685
135 700
135 723
135 845
135 853
135 854
135 903
135 916
135 942
135 957
135 971
135 984
135 986
136 191
136 256
136 616
136 629
136 637
136 645
136 682
136 695
136 741
136 853
137 145
137 152
137 200
137 351
137 413
137 612
137 640
137 647
137 660
137 679
137 773
137 811
137 816
137 943
137 959
137 962
138 158
138 211
138 213
138 224
138 255
138 270
138 272
138 285
138 287
138 298
138 335
138 354
138 373
138 396
138 397
138 495
138 503
138 508
138 516
138 520
138 656
138 674
138 687
138 701
138 709
138 712
138 720
138 765
138 779
138 786
138 820
138 844
138 880
138 894
138 922
138 925
138 954
138 967
139 165
139 166
139 175
139 266
139 299
139 412
139 428
139 431
139 443
139 532
139 539
139 577
139 619
139 671
139 708
139 726
139 727
139 828
139 902
139 909
139 960
140 154
140 170
140 176
140 182
140 215
140 269
140 275
140 279
140 288
140 317
140 337
140 380
140 421
140 444
140 496
140 519
140 525
140 554
140 563
140 593
140 613
140 648
140 658
140 678
140 740
140 763
140 822
140 826
140 833
140 841
140 867
140 884
140 901
140 917
140 947
141 157
141 169
141 203
141 206
141 236
141 279
141 304
141 305
141 356
141 380
141 421
141 433
141 496
141 525
141 528
141 593
141 691
141 729
141 731
141 754
141 841
141 873
141 884
141 888
141 901
142 147
142 166
142 175
142 192
142 239
142 355
142 471
142 497
142 531
142 532
142 542
142 590
142 610
142 671
142 745
142 752
142 828
142 842
142 860
142 864
142 896
142 904
142 906
142 950
142 988
143 163
143 177
143 189
143 378
143 575
143 576
143 592
143 628
143 632
143 639
143 649
143 656
143 689
143 769
143 802
143 887
144 164
144 184
144 242
144 276
144 282
144 347
144 490
144 529
144 533
144 558
144 568
144 570
144 580
144 587
144 594
144 602
144 614
144 667
144 669
144 672
144 721
144 811
144 840
144 847
144 850
144 855
144 862
144 863
144 891
144 963
145 152
145 153
145 190
145 252
145 262
145 295
145 351
145 399
145 411
145 413
145 449
145 576
145 577
145 640
145 647
145 660
145 679
145 705
145 778
145 785
145 811
145 816
145 943
145 955
145 959
146 209
146 210
146 344
146 465
146 511
146 517
146 579
146 662
146 700
146 755
146 903
146 957
146 971
146 983
147 174
147 254
147 278
147 381
147 388
147 395
147 509
147 526
147 591
147 648
147 655
147 911
147 926
147 930
148 149
148 211
148 213
148 224
148 322
148 335
148 508
148 701
148 712
148 714
148 747
148 765
148 779
148 894
148 924
148 970
149 224
149 255
149 287
149 329
149 335
149 373
149 374
149 520
149 656
149 661
149 687
149 715
149 747
149 779
149 795
149 868
149 894
150 168
150 259
150 345
150 390
150 408
150 425
150 437
150 548
150 561
150 664
150 772
150 800
150 806
150 809
150 937
150 938
151 214
151 241
151 260
151 278
151 290
151 296
151 350
151 389
151 405
151 490
151 720
151 728
151 788
151 789
151 855
151 912
151 938
151 949
151 979
152 190
152 252
152 295
152 411
152 640
152 647
152 660
152 705
152 778
152 785
152 816
152 917
152 943
153 190
153 207
153 231
153 252
153 351
153 411
153 647
153 660
153 778
153 785
153 811
153 943
154 176
154 203
154 206
154 236
154 304
154 305
154 337
154 380
154 421
154 433
154 551
154 593
154 729
154 731
154 799
154 867
154 947
155 220
155 249
155 261
155 318
155 362
155 365
155 418
155 469
155 500
155 617
155 625
155 665
155 751
155 760
155 787
156 172
156 243
156 309
156 358
156 360
156 366
156 492
156 583
156 604
156 615
156 634
156 636
156 647
156 685
156 692
156 791
156 823
156 861
156 902
156 950
156 969
156 993
157 170
157 269
157 304
157 380
157 433
157 439
157 498
157 678
157 691
157 731
157 754
157 833
157 873
158 213
158 255
158 272
158 287
158 298
158 308
158 331
158 369
158 397
158 399
158 404
158 512
158 520
158 656
158 661
158 687
158 694
158 709
158 712
158 714
158 747
158 756
158 759
158 779
158 820
158 880
158 891
158 894
158 924
158 943
158 967
159 161
159 258
159 325
159 334
159 358
159 360
159 366
159 426
159 583
159 615
159 641
159 673
159 692
159 748
159 750
159 797
159 804
159 869
159 870
160 175
160 306
160 348
160 377
160 432
160 457
160 522
160 539
160 542
160 560
160 644
160 671
160 686
160 828
160 862
160 864
160 904
160 914
160 950
160 988
161 217
161 243
161 258
161 309
161 349
161 356
161 358
161 360
161 366
161 401
161 426
161 440
161 457
161 476
161 502
161 583
161 584
161 589
161 603
161 604
161 610
161 621
161 633
161 636
161 641
161 651
161 672
161 673
161 682
161 698
161 700
161 719
161 735
161 791
161 861
161 923
161 927
162 186
162 211
162 244
162 248
162 272
162 283
162 303
162 306
162 330
162 336
162 410
162 417
162 419
162 477
162 565
162 646
162 656
162 685
162 704
162 812
162 837
162 941
162 993
163 177
163 244
163 378
163 523
163 592
163 676
163 689
163 694
163 802
163 814
163 825
163 838
163 887
163 932
164 178
164 284
164 297
164 315
164 529
164 533
164 568
164 572
164 580
164 627
164 667
164 721
164 809
164 810
164 840
164 847
164 850
164 855
164 863
164 898
165 219
165 302
165 313
165 341
165 348
165 377
165 431
165 443
165 497
165 542
165 619
165 678
165 683
165 708
165 724
165 727
165 748
165 824
165 835
165 851
165 896
165 904
165 914
165 915
165 950
166 173
166 222
166 266
166 302
166 314
166 340
166 364
166 377
166 406
166 471
166 497
166 531
166 539
166 542
166 560
166 590
166 683
166 779
166 780
166 804
166 862
166 898
166 904
166 909
166 914
166 918
166 950
166 968
167 180
167 188
167 201
167 470
167 481
167 552
167 554
167 601
167 614
167 635
167 638
167 684
167 695
167 819
167 893
167 928
167 965
167 972
167 995
168 259
168 263
168 345
168 390
168 403
168 408
168 437
168 538
168 548
168 561
168 630
168 664
168 770
168 800
168 809
169 206
169 304
169 433
169 525
169 555
169 563
169 642
169 726
169 729
169 731
169 788
169 833
169 841
169 867
169 939
170 182
170 245
170 269
170 367
170 519
170 525
170 611
170 628
170 658
170 731
170 790
170 796
170 813
170 841
170 913
170 917
171 465
171 516
171 527
171 537
171 550
171 579
171 652
171 662
171 685
171 700
171 828
171 845
171 971
171 986
172 243
172 340
172 360
172 401
172 407
172 426
172 437
172 440
172 455
172 466
172 492
172 502
172 583
172 615
172 633
172 634
172 650
172 651
172 668
172 673
172 698
172 702
172 758
172 773
172 791
172 830
172 861
172 927
172 987
173 363
173 405
173 429
173 461
173 485
173 550
173 556
173 559
173 562
173 600
173 690
173 719
173 821
173 919
174 177
174 196
174 254
174 289
174 322
174 368
174 379
174 381
174 395
174 515
174 648
174 706
174 732
174 758
174 766
174 785
174 892
174 911
174 926
174 930
174 952
174 969
175 183
175 187
175 219
175 235
175 348
175 355
175 403
175 428
175 430
175 443
175 448
175 456
175 532
175 557
175 612
175 651
175 670
175 708
175 727
175 743
175 748
175 780
175 804
175 896
175 898
175 906
175 914
175 919
175 950
175 985
175 988
176 206
176 245
176 274
176 305
176 380
176 394
176 444
176 517
176 552
176 555
176 582
176 593
176 642
176 799
176 822
176 833
176 867
176 901
176 917
176 939
176 947
176 971
177 189
177 272
177 378
177 415
177 523
177 592
177 632
177 639
177 689
177 694
177 769
177 802
177 814
177 825
177 838
177 887
177 932
178 192
178 276
178 297
178 305
178 529
178 538
178 547
178 558
178 580
178 662
178 721
178 855
178 976
179 253
179 301
179 436
179 472
179 480
179 530
179 540
179 543
179 578
179 703
179 904
179 944
179 966
180 188
180 336
180 470
180 510
180 552
180 554
180 601
180 635
180 638
180 684
180 695
180 910
180 972
180 997
181 269
181 279
181 380
181 386
181 421
181 444
181 456
181 616
181 678
181 691
181 729
181 947
182 190
182 236
182 245
182 269
182 275
182 421
182 445
182 519
182 563
182 642
182 658
182 731
182 774
182 796
182 822
182 841
182 884
182 890
182 917
182 947
183 219
183 222
183 264
183 348
183 406
183 412
183 419
183 428
183 431
183 457
183 484
183 505
183 519
183 564
183 612
183 680
183 683
183 686
183 726
183 748
183 828
183 898
183 973
184 198
184 240
184 276
184 282
184 297
184 529
184 538
184 550
184 570
184 580
184 624
184 632
184 667
184 699
184 721
184 810
184 847
185 205
185 212
185 216
185 218
185 310
185 361
185 367
185 376
185 382
185 486
185 488
185 503
185 514
185 603
185 609
185 612
185 613
185 614
185 618
185 624
185 654
185 657
185 663
185 693
185 726
185 740
185 744
185 746
185 764
185 782
185 836
185 842
185 866
185 886
186 226
186 248
186 250
186 283
186 330
186 333
186 410
186 416
186 417
186 418
186 477
186 494
186 586
186 598
186 646
186 721
186 777
186 871
186 874
186 881
186 929
186 957
186 961
186 991
186 993
187 208
187 257
187 265
187 271
187 346
187 452
187 458
187 564
187 588
187 606
187 653
187 697
187 848
187 858
187 882
187 964
187 975
187 980
188 201
188 218
188 234
188 343
188 510
188 552
188 554
188 601
188 635
188 638
188 684
188 695
188 893
188 958
188 972
188 994
188 997
189 415
189 632
189 649
189 689
189 694
189 749
189 769
189 887
189 932
190 393
190 435
190 576
190 640
190 660
190 679
190 778
190 785
190 803
190 811
190 816
190 925
191 218
191 232
191 253
191 293
191 515
191 541
191 616
191 645
191 750
191 767
192 302
192 388
192 428
192 431
192 531
192 557
192 610
192 612
192 670
192 671
192 680
192 804
192 862
192 950
193 216
193 361
193 367
193 613
193 614
193 618
193 643
193 654
193 657
193 663
193 697
193 718
193 740
193 820
193 836
193 842
193 900
194 210
194 231
194 244
194 250
194 303
194 328
194 336
194 416
194 418
194 419
194 420
194 422
194 427
194 586
194 614
194 636
194 646
194 696
194 874
194 877
194 881
194 919
194 929
194 993
195 214
195 358
195 366
195 401
195 426
195 440
195 476
195 497
195 583
195 604
195 613
195 615
195 634
195 641
195 650
195 651
195 668
195 682
195 758
195 791
195 897
196 509
196 515
196 521
196 526
196 566
196 648
196 692
196 892
196 900
197 467
197 546
197 556
197 559
197 737
197 821
197 919
197 953
197 976
198 276
198 297
198 482
198 533
198 538
198 580
198 593
198 666
198 667
198 669
198 672
198 721
198 847
198 863
199 301
199 530
199 571
199 703
199 728
199 796
199 803
199 944
200 296
200 640
200 778
200 811
200 812
200 835
200 870
200 943
200 955
201 552
201 566
201 575
201 580
201 601
201 638
201 684
201 695
201 729
201 893
202 233
202 238
202 240
202 282
202 319
202 320
202 321
202 405
202 473
202 498
202 499
202 626
202 722
202 846
202 848
202 858
202 934
202 1000
203 206
203 269
203 274
203 285
203 380
203 496
203 519
203 813
203 833
203 917
203 943
203 947
204 215
204 224
204 255
204 272
204 308
204 447
204 463
204 495
204 520
204 656
204 701
204 712
204 779
204 788
204 868
204 894
204 970
204 974
205 209
205 285
205 419
205 423
205 465
205 579
205 620
205 845
205 957
206 217
206 279
206 379
206 421
206 444
206 445
206 563
206 611
206 642
206 702
206 725
206 731
206 763
206 796
206 873
206 890
207 230
207 240
207 312
207 319
207 384
207 435
207 536
207 574
207 608
207 626
207 806
207 808
207 960
207 981
208 257
208 265
208 271
208 346
208 452
208 458
208 489
208 511
208 588
208 599
208 606
208 653
208 707
208 882
208 942
208 975
208 980
209 210
209 225
209 228
209 351
209 423
209 465
209 511
209 579
209 647
209 662
209 700
209 755
209 858
209 931
209 957
209 971
209 986
209 992
210 465
210 511
210 527
210 537
210 579
210 662
210 986
211 255
211 273
211 298
211 329
211 331
211 373
211 404
211 463
211 508
211 520
211 656
211 674
211 709
211 714
211 747
211 752
211 756
211 774
211 779
211 783
211 795
211 820
211 844
211 912
211 940
212 216
212 218
212 514
212 613
212 614
212 618
212 643
212 740
212 782
212 836
212 842
213 255
213 272
213 287
213 298
213 308
213 316
213 329
213 331
213 335
213 354
213 373
213 374
213 395
213 396
213 397
213 399
213 404
213 408
213 495
213 508
213 513
213 520
213 590
213 661
213 712
213 714
213 756
213 759
213 765
213 774
213 779
213 820
213 844
213 856
213 868
213 880
213 922
213 924
213 925
213 935
213 940
214 278
214 280
214 291
214 292
214 307
214 326
214 332
214 357
214 393
214 551
214 715
214 720
214 728
214 757
214 768
214 815
214 817
214 889
214 912
214 951
214 976
215 270
215 329
215 447
215 503
215 563
215 656
215 687
215 712
215 759
215 779
215 844
215 922
215 925
215 970
216 218
216 237
216 300
216 367
216 376
216 379
216 398
216 486
216 514
216 603
216 609
216 613
216 614
216 618
216 624
216 643
216 654
216 657
216 663
216 693
216 718
216 740
216 744
216 754
216 764
216 776
216 782
216 836
216 842
216 862
216 866
216 900
216 965
217 258
217 325
217 336
217 358
217 360
217 426
217 440
217 583
217 615
217 621
217 633
217 634
217 668
217 673
217 719
217 733
217 741
217 794
217 823
217 860
217 861
218 236
218 237
218 300
218 310
218 361
218 367
218 376
218 398
218 486
218 488
218 514
218 550
218 603
218 609
218 614
218 618
218 624
218 643
218 654
218 657
218 693
218 730
218 733
218 740
218 744
218 746
218 754
218 764
218 776
218 782
218 836
218 842
218 866
218 900
218 927
219 222
219 281
219 341
219 388
219 412
219 455
219 478
219 505
219 522
219 577
219 610
219 619
219 745
219 835
219 909
219 945
219 960
220 249
220 261
220 318
220 362
220 365
220 433
220 500
220 606
220 665
220 751
220 787
220 883
220 932
221 250
221 272
221 283
221 303
221 318
221 330
221 336
221 371
221 416
221 417
221 420
221 422
221 427
221 434
221 464
221 498
221 565
221 586
221 596
221 704
221 775
221 807
221 812
221 843
221 859
221 871
221 881
222 264
222 266
222 348
222 364
222 377
222 388
222 412
222 419
222 428
222 431
222 448
222 456
222 457
222 471
222 478
222 497
222 507
222 542
222 564
222 577
222 624
222 634
222 670
222 671
222 708
222 726
222 743
222 752
222 762
222 789
222 817
222 835
222 862
222 864
222 960
222 985
223 247
223 353
223 453
223 528
223 581
223 710
223 711
223 772
223 897
224 272
224 273
224 312
224 335
224 369
224 373
224 374
224 396
224 441
224 508
224 596
224 643
224 674
224 687
224 712
224 774
224 779
224 783
224 880
225 228
225 285
225 465
225 483
225 517
225 527
225 537
225 579
225 662
225 755
225 780
225 931
225 942
225 944
225 957
225 986
226 250
226 283
226 303
226 315
226 326
226 330
226 410
226 416
226 418
226 420
226 422
226 465
226 477
226 562
226 565
226 569
226 586
226 598
226 777
226 791
226 792
226 837
226 843
226 865
226 874
226 877
226 879
226 881
226 929
226 933
226 941
226 961
226 982
226 993
227 234
227 467
227 546
227 550
227 562
227 737
227 821
227 919
227 953
228 278
228 358
228 465
228 501
228 516
228 579
228 903
228 931
228 957
228 986
229 280
229 285
229 316
229 464
229 465
229 517
229 537
229 579
229 659
229 662
229 775
229 778
229 931
229 957
229 1000
230 233
230 235
230 238
230 247
230 264
230 312
230 319
230 352
230 409
230 439
230 475
230 494
230 498
230 536
230 574
230 589
230 597
230 608
230 626
230 694
230 716
230 772
230 793
230 794
231 250
231 283
231 303
231 422
231 464
231 569
231 571
231 579
231 586
231 774
231 775
231 812
231 837
231 859
231 933
231 979
231 993
232 239
232 256
232 268
232 293
232 441
232 616
232 629
232 645
232 750
233 281
233 344
233 435
233 442
233 494
233 536
233 573
233 574
233 589
233 608
233 761
233 772
233 794
233 990
233 1000
234 402
234 429
234 485
234 546
234 550
234 556
234 562
234 737
234 821
234 919
234 953
235 238
235 312
235 320
235 339
235 344
235 435
235 460
235 479
235 536
235 667
235 747
235 761
235 786
235 793
235 794
235 831
235 1000
236 269
236 305
236 386
236 433
236 445
236 593
236 691
236 806
236 822
236 826
236 831
236 917
237 300
237 310
237 331
237 367
237 376
237 398
237 431
237 442
237 463
237 488
237 514
237 603
237 613
237 614
237 618
237 624
237 643
237 657
237 663
237 733
237 740
237 764
237 776
237 782
237 836
237 842
237 900
237 963
237 973
238 247
238 319
238 321
238 331
238 352
238 388
238 435
238 442
238 460
238 473
238 475
238 494
238 499
238 536
238 574
238 626
238 650
238 718
238 761
238 772
238 793
238 794
238 808
238 827
238 831
238 848
238 851
238 854
238 858
238 875
238 934
238 956
238 981
238 1000
239 387
239 441
239 541
239 971
240 312
240 321
240 351
240 405
240 435
240 498
240 518
240 574
240 626
240 716
240 793
240 794
240 806
240 858
240 934
240 962
241 278
241 291
241 381
241 389
241 450
241 551
241 720
241 728
241 768
241 792
241 801
241 818
242 276
242 297
242 331
242 529
242 538
242 558
242 580
242 625
242 667
242 721
242 840
242 847
242 956
243 334
243 340
243 342
243 349
243 385
243 407
243 451
243 455
243 476
243 492
243 502
243 584
243 604
243 605
243 615
243 621
243 634
243 651
243 668
243 682
243 692
243 698
243 719
243 740
243 741
243 758
243 771
243 773
243 795
243 797
243 823
243 832
243 861
243 869
243 870
243 910
243 913
243 917
243 920
243 928
243 929
243 987
244 250
244 283
244 294
244 306
244 336
244 383
244 417
244 419
244 422
244 427
244 464
244 477
244 547
244 586
244 598
244 646
244 696
244 775
244 833
244 875
244 881
244 933
244 941
244 982
245 269
245 274
245 304
245 433
245 444
245 519
245 630
245 678
245 763
245 790
245 796
245 822
245 832
245 873
246 350
246 482
246 594
246 734
246 852
246 857
246 860
246 902
246 998
247 281
247 339
247 352
247 409
247 413
247 442
247 475
247 479
247 498
247 499
247 518
247 544
247 573
247 574
247 597
247 608
247 651
247 772
247 793
247 794
247 846
247 858
247 962
247 1000
248 301
248 326
248 328
248 417
248 422
248 434
248 464
248 506
248 565
248 596
248 788
248 865
248 874
248 881
248 961
248 1000
249 261
249 318
249 362
249 500
249 577
249 617
249 625
249 665
249 749
249 787
249 898
250 294
250 303
250 306
250 328
250 330
250 373
250 383
250 410
250 416
250 417
250 418
250 427
250 477
250 491
250 493
250 506
250 547
250 565
250 596
250 602
250 628
250 646
250 704
250 775
250 777
250 812
250 837
250 859
250 871
250 929
250 941
250 961
250 985
250 993
251 260
251 277
251 278
251 291
251 333
251 375
251 432
251 490
251 535
251 551
251 720
251 792
251 920
251 921
251 938
251 979
252 256
252 287
252 295
252 380
252 411
252 516
252 647
252 660
252 679
252 705
252 785
252 794
252 811
252 816
252 943
252 955
253 436
253 459
253 472
253 530
253 540
253 565
253 571
253 944
253 948
253 966
254 395
254 515
254 521
254 591
254 648
254 706
254 930
255 273
255 287
255 308
255 373
255 396
255 404
255 508
255 631
255 674
255 687
255 714
255 742
255 783
255 844
255 894
255 922
255 924
255 979
256 262
256 541
256 616
256 877
257 265
257 268
257 271
257 346
257 435
257 452
257 458
257 521
257 575
257 599
257 606
257 653
257 707
257 819
257 964
257 980
258 356
258 358
258 360
258 406
258 455
258 583
258 641
258 673
258 682
258 719
258 741
258 996
259 345
259 373
259 408
259 527
259 548
259 611
259 630
259 664
259 688
259 744
259 770
259 800
259 809
259 937
259 966
260 278
260 296
260 311
260 357
260 389
260 392
260 549
260 551
260 620
260 768
260 788
260 801
260 803
260 817
260 818
260 829
260 839
260 895
260 899
260 912
260 917
260 938
260 950
260 969
260 983
261 318
261 365
261 431
261 665
261 673
261 688
261 749
261 751
261 763
261 883
262 266
262 431
262 457
262 497
262 590
262 680
262 726
262 727
262 743
262 752
262 798
262 828
262 835
262 862
262 898
262 904
262 960
263 299
263 313
263 408
263 417
263 419
263 437
263 470
263 548
263 551
263 561
263 664
263 677
263 688
263 794
263 800
263 855
263 937
264 403
264 560
264 610
264 726
264 740
264 745
264 864
264 914
265 271
265 272
265 324
265 452
265 458
265 482
265 489
265 575
265 599
265 606
265 653
265 707
265 819
265 882
265 964
265 975
265 980
265 991
266 290
266 348
266 355
266 376
266 388
266 403
266 412
266 443
266 456
266 471
266 505
266 522
266 542
266 545
266 557
266 564
266 619
266 644
266 670
266 725
266 752
266 798
266 862
266 891
266 898
266 960
266 973
266 985
266 988
267 400
267 414
267 468
267 471
267 482
267 487
267 512
267 553
267 562
267 593
267 594
267 697
267 739
267 834
267 852
267 857
267 872
267 890
267 902
267 995
267 999
268 324
268 346
268 452
268 489
268 588
268 707
268 819
268 882
268 964
268 965
268 975
268 980
269 274
269 275
269 290
269 317
269 337
269 380
269 386
269 517
269 519
269 525
269 563
269 570
269 573
269 593
269 611
269 617
269 725
269 729
269 731
269 763
269 790
269 799
269 813
269 832
269 901
269 917
269 947
270 272
270 280
270 308
270 354
270 404
270 463
270 513
270 549
270 582
270 661
270 674
270 696
270 712
270 714
270 783
270 856
270 868
270 924
270 940
270 967
271 324
271 452
271 489
271 599
271 707
271 776
271 851
271 975
271 980
271 991
272 298
272 331
272 354
272 369
272 396
272 404
272 495
272 508
272 520
272 631
272 637
272 687
272 714
272 756
272 779
272 833
272 863
272 868
272 954
273 369
273 373
273 374
273 396
273 404
273 447
273 608
273 701
273 712
273 779
273 783
273 828
273 844
273 868
273 894
273 909
274 275
274 279
274 345
274 445
274 496
274 548
274 555
274 611
274 678
274 731
274 754
274 790
274 813
274 833
274 867
274 873
274 884
274 888
274 917
275 304
275 305
275 380
275 394
275 519
275 555
275 611
275 642
275 658
275 725
275 873
275 917
275 989
276 282
276 284
276 297
276 533
276 538
276 558
276 568
276 570
276 572
276 580
276 587
276 627
276 638
276 666
276 667
276 669
276 672
276 695
276 719
276 810
276 840
276 847
276 855
276 882
277 291
277 333
277 339
277 389
277 789
277 803
277 908
277 938
277 949
277 951
277 977
278 280
278 292
278 296
278 307
278 357
278 375
278 389
278 393
278 430
278 438
278 450
278 454
278 549
278 697
278 728
278 736
278 757
278 788
278 792
278 801
278 815
278 829
278 839
278 889
278 895
278 908
278 920
278 921
278 938
278 949
278 951
278 963
278 969
278 977
278 978
278 979
278 983
279 305
279 317
279 386
279 394
279 519
279 525
279 611
279 697
279 729
279 731
279 747
279 754
279 796
279 888
279 901
279 914
279 982
280 291
280 307
280 332
280 357
280 720
280 728
280 789
280 803
280 815
280 817
280 839
280 844
280 889
280 912
280 920
280 938
280 969
280 978
280 979
280 983
281 319
281 338
281 405
281 435
281 460
281 536
281 573
281 626
281 772
281 786
281 793
281 806
281 854
281 858
282 297
282 529
282 538
282 568
282 570
282 666
282 667
282 693
282 721
282 810
282 840
283 328
283 330
283 336
283 416
283 417
283 418
283 419
283 422
283 427
283 477
283 506
283 565
283 575
283 586
283 590
283 596
283 696
283 704
283 807
283 812
283 877
283 936
283 941
283 993
284 297
284 347
284 529
284 533
284 538
284 564
284 580
284 666
284 667
284 827
284 847
284 855
284 863
284 941
285 423
285 465
285 485
285 511
285 516
285 517
285 527
285 537
285 579
285 659
285 662
285 700
285 702
285 786
285 845
285 916
285 931
285 957
285 971
285 984
285 986
285 992
286 314
286 323
286 372
286 391
286 582
286 584
286 585
286 622
286 631
286 699
286 702
286 805
286 957
287 315
287 316
287 329
287 331
287 354
287 373
287 374
287 396
287 397
287 399
287 402
287 495
287 508
287 520
287 624
287 631
287 656
287 674
287 687
287 712
287 759
287 779
287 795
287 820
287 822
287 856
287 868
287 894
287 922
287 924
287 925
287 940
287 967
287 970
288 391
288 477
288 563
288 611
288 678
288 731
288 796
288 917
289 322
289 368
289 369
289 379
289 381
289 509
289 515
289 521
289 526
289 706
289 777
289 892
289 924
289 926
289 952
290 291
290 389
290 392
290 435
290 488
290 551
290 620
290 720
290 728
290 768
290 789
290 803
290 829
290 921
290 938
291 296
291 307
291 329
291 375
291 376
291 389
291 438
291 462
291 490
291 549
291 551
291 620
291 710
291 715
291 728
291 759
291 768
291 778
291 788
291 789
291 801
291 815
291 817
291 839
291 889
291 895
291 920
291 951
291 976
291 979
292 332
292 392
292 393
292 438
292 462
292 490
292 551
292 636
292 720
292 728
292 757
292 789
292 818
292 839
292 889
292 983
293 379
293 387
293 441
293 607
293 616
293 629
293 637
293 716
293 868
294 306
294 326
294 330
294 371
294 427
294 477
294 547
294 696
294 775
294 812
294 865
294 874
294 929
294 976
294 993
295 411
295 413
295 647
295 660
295 767
295 778
295 935
295 943
295 959
296 307
296 311
296 357
296 392
296 393
296 454
296 462
296 490
296 736
296 757
296 801
296 815
296 818
296 839
296 899
296 912
296 920
296 926
296 944
296 977
296 978
296 979
296 983
297 529
297 538
297 568
297 572
297 580
297 627
297 669
297 672
297 810
297 831
297 847
297 850
298 369
298 373
298 396
298 402
298 404
298 495
298 503
298 508
298 513
298 575
298 687
298 709
298 711
298 712
298 747
298 779
298 795
298 844
298 864
298 868
298 880
298 924
298 925
298 967
299 390
299 408
299 505
299 548
299 561
299 630
299 664
299 677
299 688
299 809
299 862
299 937
299 970
300 310
300 322
300 441
300 514
300 613
300 614
300 618
300 657
300 663
300 718
300 740
300 764
300 782
300 842
300 866
300 900
300 995
301 459
301 472
301 530
301 540
301 543
301 567
301 578
301 765
301 920
301 944
301 948
301 966
301 1000
302 428
302 431
302 432
302 436
302 539
302 564
302 591
302 619
302 663
302 748
302 752
302 828
302 862
302 864
302 896
302 898
302 904
302 960
302 985
303 310
303 330
303 336
303 416
303 417
303 418
303 419
303 422
303 427
303 434
303 464
303 491
303 493
303 547
303 565
303 569
303 586
303 596
303 598
303 626
303 665
303 704
303 775
303 777
303 789
303 807
303 837
303 843
303 865
303 871
303 881
303 929
303 936
303 961
303 977
303 982
303 993
304 394
304 445
304 678
304 725
304 748
304 822
304 881
304 939
305 380
305 394
305 421
305 433
305 525
305 563
305 593
305 611
305 628
305 691
305 729
305 799
305 813
305 901
305 917
305 947
305 975
306 326
306 330
306 336
306 416
306 417
306 427
306 491
306 493
306 505
306 547
306 561
306 565
306 569
306 596
306 617
306 696
306 704
306 775
306 812
306 865
306 879
306 881
306 929
306 936
306 941
306 971
306 982
307 389
307 537
307 620
307 671
307 720
307 728
307 736
307 757
307 768
307 788
307 789
307 801
307 871
307 912
308 329
308 373
308 374
308 397
308 513
308 520
308 631
308 687
308 712
308 714
308 867
308 894
308 925
308 967
308 970
309 583
309 604
309 615
309 621
309 628
309 633
309 636
309 662
309 673
309 782
310 361
310 367
310 488
310 514
310 603
310 613
310 614
310 618
310 643
310 657
310 663
310 740
310 744
310 764
310 771
310 782
310 829
310 836
310 842
310 900
311 332
311 389
311 549
311 551
311 720
311 728
311 736
311 757
311 788
311 801
311 818
311 823
311 889
311 983
312 405
312 479
312 494
312 497
312 573
312 574
312 578
312 608
312 638
312 722
312 772
312 825
312 846
312 848
312 854
312 858
313 315
313 377
313 428
313 497
313 526
313 531
313 532
313 590
313 610
313 612
313 619
313 680
313 724
313 828
313 835
313 896
313 904
313 909
313 950
313 973
314 391
314 401
314 504
314 585
314 605
314 675
314 699
314 713
314 741
315 348
315 377
315 388
315 428
315 515
315 531
315 539
315 577
315 610
315 671
315 727
315 748
315 762
315 828
315 862
315 864
316 329
316 396
316 397
316 463
316 508
316 615
316 656
316 687
316 701
316 709
316 712
316 742
316 779
317 593
317 662
317 691
317 729
317 731
317 833
317 939
318 362
318 365
318 446
318 500
318 534
318 585
318 617
318 625
318 665
318 760
318 883
319 320
319 321
319 352
319 384
319 435
319 442
319 479
319 494
319 518
319 536
319 589
319 607
319 781
319 793
319 794
319 831
319 848
319 851
319 858
319 900
319 910
319 934
319 1000
320 352
320 405
320 410
320 460
320 473
320 479
320 574
320 597
320 626
320 716
320 761
320 772
320 775
320 793
320 858
320 907
320 913
320 962
320 967
320 981
320 1000
321 352
321 404
321 509
321 518
321 536
321 574
321 589
321 608
321 626
321 772
321 786
321 793
321 802
321 858
321 889
322 368
322 509
322 515
322 521
322 648
322 706
322 838
322 850
322 892
322 911
323 391
323 567
323 681
323 691
323 699
323 717
323 805
323 946
324 346
324 426
324 452
324 458
324 599
324 657
324 707
324 774
324 797
324 819
324 878
324 882
324 980
324 998
325 358
325 366
325 401
325 455
325 466
325 504
325 540
325 604
325 615
325 634
325 636
325 641
325 650
325 651
325 682
325 698
325 719
325 758
325 791
325 861
325 913
326 416
326 569
326 777
326 807
326 982
327 358
327 583
327 634
327 636
327 668
327 763
327 771
327 773
327 823
327 830
327 923
328 330
328 369
328 395
328 416
328 420
328 464
328 569
328 645
328 757
328 807
328 859
328 928
328 961
328 993
329 331
329 373
329 374
329 397
329 399
329 404
329 453
329 463
329 508
329 513
329 520
329 656
329 661
329 687
329 701
329 709
329 765
329 779
329 783
329 868
329 870
329 880
329 891
329 924
329 935
330 360
330 371
330 417
330 419
330 420
330 422
330 464
330 477
330 491
330 493
330 506
330 538
330 556
330 564
330 565
330 586
330 588
330 598
330 646
330 704
330 775
330 783
330 807
330 812
330 828
330 832
330 837
330 843
330 857
330 865
330 881
330 929
330 933
330 936
330 993
331 369
331 374
331 396
331 404
331 503
331 508
331 631
331 661
331 674
331 712
331 728
331 774
331 779
331 844
331 880
331 891
331 922
331 925
331 947
331 954
331 967
332 392
332 400
332 425
332 535
332 549
332 551
332 728
332 736
332 757
332 768
332 788
332 801
332 817
332 839
332 889
332 899
332 908
332 912
332 969
333 360
333 392
333 420
333 530
333 535
333 551
333 574
333 611
333 715
333 720
333 768
333 788
333 789
333 912
333 951
333 989
334 358
334 360
334 440
334 604
334 633
334 636
334 641
334 650
334 651
334 682
334 735
334 791
334 823
334 894
334 928
335 354
335 396
335 482
335 687
335 701
335 712
335 795
335 868
335 891
335 970
336 383
336 417
336 434
336 464
336 583
336 812
336 871
336 936
336 982
336 993
337 357
337 433
337 439
337 611
337 658
337 666
337 691
337 729
337 826
337 917
337 947
338 353
338 453
338 484
338 528
338 581
338 619
338 710
338 711
338 728
338 753
338 815
338 849
338 897
338 974
339 352
339 405
339 442
339 446
339 473
339 475
339 536
339 544
339 608
339 626
339 716
339 848
339 858
339 998
339 1000
340 342
340 426
340 440
340 618
340 633
340 634
340 641
340 673
340 698
340 719
340 738
340 771
340 861
340 910
340 928
340 987
341 403
341 413
341 428
341 431
341 497
341 670
341 686
341 695
341 709
341 751
341 804
341 828
341 862
341 870
341 896
341 909
341 918
341 947
341 950
342 360
342 426
342 455
342 633
342 634
342 636
342 651
342 698
342 719
342 745
342 791
343 552
343 554
343 566
343 601
343 635
343 638
343 669
343 684
343 695
343 714
343 751
343 972
343 997
344 384
344 405
344 409
344 435
344 446
344 475
344 494
344 518
344 603
344 626
344 722
344 757
344 761
344 793
344 808
344 875
344 937
344 956
344 962
344 981
345 390
345 561
345 630
345 664
345 671
345 789
345 809
346 606
346 653
346 707
346 761
346 819
346 963
346 980
346 991
347 411
347 448
347 529
347 533
347 538
347 580
347 615
347 667
347 669
347 672
347 840
347 847
348 355
348 388
348 403
348 406
348 430
348 431
348 432
348 465
348 476
348 507
348 522
348 531
348 542
348 564
348 577
348 610
348 612
348 619
348 644
348 680
348 686
348 727
348 752
348 762
348 780
348 828
348 864
348 904
348 909
348 918
348 950
348 960
348 968
349 360
349 366
349 425
349 455
349 583
349 615
349 621
349 634
349 636
349 651
349 668
349 719
349 735
349 790
349 791
349 823
349 870
350 354
350 364
350 382
350 400
350 414
350 468
350 482
350 487
350 553
350 594
350 602
350 739
350 852
350 857
350 886
350 902
350 995
350 998
350 999
351 647
351 661
351 778
351 785
351 811
351 943
352 435
352 473
352 544
352 573
352 608
352 722
352 756
352 781
352 794
352 806
352 854
352 858
352 962
352 972
352 1000
353 359
353 484
353 581
353 635
353 710
353 849
353 897
353 974
353 990
354 369
354 373
354 394
354 397
354 402
354 478
354 503
354 513
354 701
354 709
354 747
354 756
354 779
354 856
354 868
354 894
355 406
355 505
355 532
355 570
355 610
355 616
355 644
355 660
355 671
355 686
355 726
355 743
355 762
355 792
355 862
355 864
355 915
355 918
355 960
356 401
356 426
356 455
356 604
356 615
356 633
356 636
356 641
356 801
356 823
356 865
356 996
357 389
357 391
357 392
357 444
357 450
357 454
357 464
357 549
357 551
357 620
357 736
357 768
357 801
357 829
357 866
357 949
357 951
357 979
357 983
357 986
358 366
358 426
358 451
358 466
358 474
358 492
358 502
358 504
358 583
358 617
358 620
358 621
358 633
358 634
358 650
358 673
358 682
358 698
358 735
358 741
358 771
358 773
358 791
358 826
358 869
358 870
358 905
358 923
358 927
358 976
358 987
358 996
359 484
359 528
359 581
359 595
359 711
359 734
359 974
359 990
360 366
360 426
360 466
360 474
360 476
360 559
360 583
360 584
360 604
360 615
360 621
360 634
360 641
360 650
360 651
360 673
360 682
360 706
360 719
360 738
360 771
360 823
360 830
360 842
360 910
360 913
361 514
361 565
361 603
361 609
361 614
361 618
361 643
361 657
361 730
361 836
361 842
362 365
362 500
362 534
362 625
362 664
362 665
362 760
363 429
363 461
363 467
363 485
363 514
363 539
363 545
363 550
363 559
363 562
363 600
363 690
363 821
363 919
364 431
364 522
364 531
364 539
364 542
364 610
364 619
364 624
364 671
364 745
364 772
364 828
364 950
364 960
365 429
365 534
365 617
365 625
365 665
365 749
365 751
365 837
366 401
366 426
366 451
366 455
366 476
366 504
366 552
366 582
366 584
366 604
366 621
366 634
366 636
366 650
366 660
366 682
366 692
366 719
366 758
366 791
366 797
366 823
366 830
366 861
366 869
366 905
366 927
366 928
366 987
367 376
367 398
367 486
367 488
367 499
367 514
367 552
367 603
367 609
367 613
367 614
367 618
367 624
367 654
367 657
367 663
367 693
367 740
367 764
367 776
367 836
367 842
367 900
368 373
368 381
368 515
368 526
368 591
368 892
368 926
368 990
369 373
369 374
369 520
369 579
369 687
369 779
369 783
369 844
369 891
369 894
369 970
370 458
370 498
370 536
370 574
370 597
370 761
370 786
370 806
370 827
370 846
370 848
370 851
370 1000
371 377
371 401
371 410
371 427
371 464
371 565
371 646
371 704
371 845
371 846
371 859
372 391
372 410
372 567
372 585
372 701
372 893
372 946
373 396
373 397
373 447
373 463
373 495
373 508
373 513
373 631
373 661
373 674
373 687
373 701
373 709
373 712
373 714
373 759
373 765
373 774
373 779
373 783
373 795
373 809
373 844
373 856
373 868
373 880
373 894
373 922
373 925
373 940
373 967
373 986
373 988
373 997
374 404
374 508
374 513
374 631
374 649
374 656
374 868
374 891
374 924
375 389
375 549
375 551
375 715
375 720
375 728
375 789
375 899
375 938
375 979
376 398
376 546
376 603
376 613
376 614
376 618
376 657
376 740
376 836
376 842
377 412
377 431
377 432
377 478
377 497
377 522
377 539
377 542
377 577
377 590
377 609
377 619
377 670
377 671
377 681
377 686
377 708
377 726
377 780
377 804
377 828
377 864
377 905
377 914
377 939
377 960
378 415
378 523
378 592
378 632
378 649
378 694
378 769
378 790
378 793
378 802
378 814
378 838
378 887
378 901
378 932
379 395
379 426
379 515
379 526
379 569
379 911
380 417
380 439
380 445
380 519
380 555
380 563
380 611
380 642
380 678
380 731
380 796
380 826
380 832
380 833
380 884
380 939
380 990
381 509
381 526
381 703
381 766
381 926
382 400
382 414
382 482
382 594
382 602
382 739
382 860
382 902
382 995
382 998
383 416
383 418
383 434
383 464
383 477
383 506
383 812
383 852
383 865
383 929
383 941
383 982
383 990
384 415
384 446
384 494
384 573
384 716
384 761
384 772
384 786
384 816
384 848
385 455
385 477
385 502
385 604
385 668
385 735
385 791
385 814
385 823
385 865
385 870
385 882
385 913
385 923
385 996
386 555
386 659
386 729
386 822
386 939
386 995
387 441
387 541
387 616
387 637
387 645
387 750
388 477
388 532
388 564
388 577
388 671
388 745
388 780
388 804
388 828
388 862
388 904
388 914
388 960
388 992
389 438
389 450
389 490
389 535
389 549
389 620
389 720
389 757
389 768
389 788
389 803
389 815
389 818
389 850
389 876
389 889
389 895
389 914
389 920
389 946
389 951
389 969
389 978
389 983
389 989
390 405
390 548
390 561
390 630
390 688
390 770
390 800
390 809
390 937
391 449
391 585
391 605
391 622
391 655
391 681
391 713
391 714
391 717
391 784
391 853
391 946
392 438
392 450
392 454
392 469
392 507
392 620
392 621
392 653
392 720
392 728
392 757
392 768
392 792
392 796
392 815
392 817
392 829
392 889
392 895
392 899
392 908
392 938
392 951
392 979
392 983
393 454
393 482
393 620
393 720
393 768
393 789
393 829
393 983
394 421
394 433
394 445
394 493
394 525
394 535
394 595
394 725
394 729
394 731
394 732
394 790
394 822
394 826
394 832
394 833
394 888
394 890
394 947
395 509
395 515
395 521
395 591
395 647
395 840
396 402
396 404
396 508
396 513
396 520
396 532
396 627
396 631
396 645
396 656
396 661
396 675
396 687
396 701
396 709
396 712
396 747
396 765
396 781
396 795
396 818
396 820
396 856
396 880
396 891
396 922
396 925
396 935
396 940
396 954
396 970
397 404
397 631
397 714
397 779
398 514
398 581
398 614
398 618
398 624
398 657
398 718
398 733
398 740
398 764
398 782
398 786
398 807
398 820
398 822
398 836
398 842
398 861
398 900
399 508
399 631
399 639
399 687
399 701
399 709
399 712
399 742
399 779
399 924
400 414
400 468
400 482
400 487
400 514
400 553
400 594
400 602
400 697
400 739
400 741
400 834
400 852
400 857
400 860
400 872
400 895
400 902
400 995
400 998
400 999
401 440
401 451
401 466
401 584
401 604
401 615
401 621
401 673
401 698
401 719
401 791
401 797
401 823
401 861
401 907
401 923
401 996
402 608
402 631
402 712
402 820
402 844
402 891
402 940
402 986
403 428
403 432
403 444
403 448
403 522
403 531
403 539
403 542
403 612
403 644
403 671
403 686
403 743
403 752
403 864
403 904
403 906
403 918
403 950
403 985
403 988
404 463
404 495
404 503
404 520
404 538
404 553
404 624
404 631
404 653
404 674
404 687
404 712
404 714
404 718
404 756
404 783
404 795
404 820
404 844
404 856
404 862
404 880
404 891
404 894
404 922
404 935
404 940
404 954
404 967
405 409
405 446
405 474
405 475
405 479
405 494
405 498
405 499
405 536
405 543
405 544
405 547
405 573
405 574
405 589
405 597
405 608
405 626
405 654
405 716
405 722
405 772
405 781
405 786
405 794
405 806
405 808
405 827
405 848
405 851
405 907
405 934
405 956
405 962
405 970
405 981
405 1000
406 428
406 457
406 478
406 497
406 557
406 590
406 610
406 726
406 741
406 780
406 804
406 862
406 904
406 909
406 988
407 426
407 428
407 440
407 451
407 455
407 634
407 641
407 643
407 668
407 682
407 719
407 791
407 823
407 844
407 905
407 990
408 425
408 548
408 561
408 630
408 664
408 688
408 770
408 800
408 809
408 937
409 435
409 473
409 479
409 498
409 518
409 536
409 574
409 608
409 626
409 716
409 739
409 761
409 786
409 793
409 794
409 806
409 808
409 846
409 858
409 900
409 916
410 427
410 434
410 522
410 547
410 565
410 586
410 598
410 664
410 777
410 811
410 812
410 865
410 877
410 879
410 881
410 933
410 941
410 961
410 982
410 993
411 620
411 660
411 679
411 705
411 778
411 943
411 993
412 428
412 431
412 436
412 671
412 708
412 828
412 864
412 906
412 909
412 914
413 576
413 647
413 660
413 705
413 778
413 811
413 943
414 437
414 480
414 482
414 553
414 594
414 715
414 834
414 852
414 857
414 860
414 873
414 902
414 940
414 998
415 523
415 592
415 632
415 676
415 685
415 689
415 739
415 802
415 814
415 887
415 932
415 952
416 418
416 419
416 420
416 422
416 434
416 464
416 491
416 547
416 569
416 586
416 598
416 620
416 704
416 754
416 807
416 812
416 843
416 859
416 865
416 871
416 877
416 929
416 961
416 982
416 993
417 422
417 427
417 434
417 569
417 646
417 696
417 704
417 777
417 807
417 812
417 813
417 837
417 859
417 865
417 871
417 877
417 881
417 929
417 936
417 941
417 982
417 993
418 434
418 569
418 586
418 675
418 704
418 775
418 812
418 877
418 936
418 982
418 993
419 464
419 477
419 511
419 547
419 565
419 807
419 859
419 871
419 877
419 879
419 881
419 941
419 961
419 993
420 565
420 646
420 807
420 812
420 818
420 881
420 941
420 993
420 996
421 444
421 467
421 525
421 563
421 625
421 678
421 725
421 731
421 799
421 841
421 864
421 939
422 427
422 477
422 565
422 569
422 598
422 685
422 691
422 812
422 881
422 941
422 986
422 993
423 465
423 527
423 579
423 662
423 700
423 791
423 845
423 931
423 957
423 960
424 449
424 524
424 567
424 584
424 585
424 622
424 681
424 713
424 717
424 805
424 853
425 561
425 619
425 664
425 677
425 688
425 800
425 809
426 455
426 466
426 551
426 583
426 584
426 604
426 633
426 636
426 650
426 668
426 673
426 682
426 692
426 698
426 719
426 735
426 741
426 762
426 773
426 789
426 823
426 861
426 881
426 885
426 923
427 434
427 464
427 477
427 491
427 547
427 598
427 646
427 687
427 696
427 717
427 750
427 775
427 777
427 843
427 865
427 874
427 933
427 936
427 993
428 431
428 432
428 443
428 450
428 457
428 478
428 532
428 542
428 559
428 671
428 683
428 686
428 726
428 804
428 828
428 835
428 862
428 904
428 906
428 909
428 914
428 945
429 546
429 556
429 559
429 690
429 737
429 953
429 998
430 522
430 531
430 610
430 804
430 828
430 832
430 896
430 909
430 918
430 950
431 471
431 497
431 505
431 522
431 539
431 560
431 612
431 644
431 670
431 680
431 683
431 724
431 743
431 780
431 798
431 800
431 824
431 862
431 898
431 973
432 478
432 577
432 671
432 864
432 898
432 906
432 931
433 444
433 452
433 555
433 593
433 611
433 658
433 696
433 731
433 790
433 813
433 817
433 822
433 832
433 867
433 901
433 909
433 966
434 464
434 594
434 696
434 777
434 812
434 859
434 933
434 941
435 442
435 446
435 473
435 475
435 494
435 498
435 536
435 573
435 574
435 716
435 722
435 772
435 777
435 786
435 794
435 806
435 827
435 831
435 846
435 848
435 851
435 860
435 907
435 956
435 962
435 993
435 1000
436 459
436 472
436 530
436 571
436 703
436 878
436 908
436 944
436 966
437 548
437 664
437 688
437 770
437 809
437 964
438 522
438 551
438 768
438 775
438 792
438 815
438 889
438 979
439 455
439 525
439 555
439 642
439 678
439 731
439 813
439 833
439 917
439 939
439 999
440 466
440 504
440 526
440 545
440 583
440 584
440 598
440 604
440 615
440 632
440 634
440 636
440 650
440 651
440 673
440 719
440 741
440 791
440 797
440 830
440 927
440 928
440 987
440 996
441 541
441 607
441 616
441 623
441 629
441 632
441 637
441 645
441 750
441 767
442 574
442 772
442 848
442 956
442 962
442 981
442 1000
443 531
443 610
443 828
443 835
443 904
443 909
444 678
444 729
444 785
444 799
444 841
444 901
444 917
445 555
445 643
445 678
445 691
445 822
445 833
445 841
445 947
446 536
446 574
446 614
446 772
446 848
446 917
446 951
446 962
447 520
447 656
447 712
447 714
447 820
447 844
447 848
448 464
448 532
448 542
448 671
448 724
448 726
448 762
448 864
448 909
448 950
449 463
449 524
449 567
449 585
449 681
449 699
449 713
449 784
449 805
449 946
450 471
450 551
450 583
450 720
450 728
450 757
450 803
450 817
450 983
451 475
451 633
451 634
451 692
451 719
451 823
451 830
451 891
451 941
452 707
452 964
452 972
452 975
452 980
453 484
453 581
453 595
453 711
453 734
453 807
453 849
453 940
454 587
454 686
454 720
454 768
454 829
454 876
454 889
454 951
455 466
455 468
455 474
455 502
455 504
455 574
455 583
455 584
455 596
455 621
455 634
455 636
455 641
455 650
455 651
455 682
455 692
455 698
455 738
455 823
455 861
455 869
455 905
455 987
456 457
456 478
456 532
456 539
456 542
456 572
456 724
456 745
456 862
456 896
456 914
456 960
457 522
457 531
457 542
457 686
457 708
457 724
457 726
457 731
457 745
457 752
457 780
457 850
457 862
457 864
457 896
457 904
457 906
457 915
457 924
457 945
457 950
457 968
457 985
458 512
458 588
458 606
458 653
458 819
458 964
459 472
459 482
459 530
459 540
459 543
459 571
459 682
459 703
459 910
459 944
460 574
460 597
460 608
460 771
460 793
460 806
460 848
461 467
461 485
461 550
461 559
461 690
461 737
461 821
461 953
461 985
462 551
462 715
462 720
462 745
462 757
462 803
462 828
462 876
462 938
463 520
463 541
463 621
463 656
463 712
463 714
463 742
463 756
463 789
463 795
463 868
463 891
463 894
463 924
464 491
464 506
464 565
464 580
464 586
464 646
464 654
464 696
464 704
464 771
464 775
464 777
464 812
464 837
464 868
464 871
464 874
464 879
464 881
464 929
464 933
464 936
464 941
464 957
464 961
465 501
465 511
465 516
465 517
465 527
465 537
465 573
465 579
465 659
465 662
465 685
465 700
465 723
465 742
465 755
465 845
465 903
465 916
465 931
465 942
465 947
465 957
465 971
465 984
465 986
466 621
466 641
466 682
466 823
467 505
467 556
467 559
467 562
467 821
467 919
467 953
468 482
468 697
468 812
468 852
468 857
468 902
468 995
468 998
469 471
469 551
469 620
469 715
469 757
469 788
469 801
469 803
469 889
469 979
470 554
470 635
470 638
470 684
470 695
470 802
470 893
470 997
471 478
471 577
471 610
471 686
471 743
471 828
471 909
471 939
472 530
472 540
472 543
472 571
472 578
472 630
472 680
472 703
472 810
472 811
472 878
472 944
472 948
472 966
472 972
473 475
473 490
473 536
473 574
473 608
473 722
473 772
473 793
473 846
473 851
474 584
474 633
474 646
474 650
474 651
474 668
474 773
474 791
474 823
474 913
475 498
475 608
475 666
475 753
475 772
475 781
475 806
475 831
475 846
475 858
475 875
475 962
476 583
476 615
476 721
476 791
476 870
476 885
476 913
476 996
477 491
477 506
477 513
477 596
477 690
477 719
477 812
477 837
477 847
477 904
477 941
477 961
477 993
478 522
478 533
478 736
478 745
478 762
478 804
478 824
478 835
478 862
478 898
478 904
478 909
478 945
479 626
479 772
479 793
479 848
480 482
480 511
480 512
480 542
480 559
480 594
480 604
480 852
480 860
480 902
480 998
481 552
481 554
481 601
481 638
481 684
481 695
481 731
481 746
481 958
481 972
481 994
481 997
482 512
482 553
482 697
482 739
482 834
482 857
482 860
482 872
482 886
482 896
482 902
482 995
482 998
482 999
483 484
483 581
483 595
483 710
483 849
483 897
483 974
484 581
484 710
484 897
484 927
484 974
485 545
485 546
485 556
485 559
485 562
485 600
485 690
485 737
485 919
485 953
486 514
486 613
486 618
486 657
486 740
486 836
486 842
486 866
486 900
487 512
487 594
487 697
487 852
487 995
488 613
488 614
488 624
488 657
488 836
488 872
488 900
488 997
489 599
489 606
489 707
489 768
489 819
489 964
489 980
489 991
490 535
490 788
490 829
490 912
490 978
491 569
491 598
491 623
491 859
491 874
491 941
491 993
492 615
492 621
492 673
492 719
492 758
492 823
492 830
492 861
492 867
492 992
493 565
493 598
493 696
493 704
493 777
493 807
493 812
493 871
493 874
493 882
494 597
494 720
494 772
494 794
494 848
494 858
494 1000
495 520
495 644
495 656
495 709
495 714
495 720
495 783
495 868
495 891
496 519
496 725
496 729
496 731
496 796
496 806
496 867
496 944
497 522
497 531
497 542
497 619
497 641
497 726
497 745
497 762
497 828
497 906
497 938
497 960
498 499
498 518
498 536
498 582
498 626
498 703
498 722
498 772
498 793
498 794
498 806
498 846
498 858
498 859
498 907
498 934
498 962
498 1000
499 573
499 574
499 772
499 786
499 794
499 858
499 962
500 625
500 749
500 751
500 760
500 787
500 883
501 516
501 527
501 537
501 579
501 583
501 662
501 755
501 756
501 787
501 916
501 950
501 957
501 986
502 583
502 584
502 615
502 636
502 651
502 673
502 698
503 508
503 579
503 631
503 663
503 742
503 891
504 615
504 701
504 741
504 830
505 522
505 532
505 539
505 670
505 780
505 835
505 904
505 950
506 565
506 586
506 660
506 818
506 871
506 993
507 523
507 542
507 610
507 612
507 686
507 726
507 835
507 909
507 914
507 950
508 513
508 725
508 747
508 779
508 783
508 795
508 820
508 844
508 868
508 880
508 891
508 924
508 925
508 995
509 515
509 526
509 591
509 648
509 706
509 729
509 796
509 892
509 911
509 926
510 601
510 695
510 893
510 965
510 994
511 516
511 517
511 537
511 560
511 579
511 662
511 700
511 845
511 903
511 931
511 957
511 971
511 984
511 986
511 992
512 553
512 690
512 697
512 739
512 831
512 834
512 852
512 857
512 860
512 873
512 886
512 993
512 995
512 999
513 521
513 656
513 701
513 742
513 779
513 783
513 795
513 844
513 849
513 868
513 891
513 894
513 935
514 604
514 613
514 618
514 624
514 643
514 654
514 657
514 708
514 718
514 730
514 733
514 740
514 746
514 776
514 836
514 863
514 900
514 918
515 521
515 526
515 591
515 620
515 648
515 649
515 694
515 732
515 766
515 809
515 911
515 926
515 930
515 952
516 517
516 527
516 537
516 579
516 627
516 650
516 659
516 685
516 700
516 755
516 903
516 916
516 931
516 957
516 971
517 537
517 565
517 575
517 579
517 652
517 659
517 662
517 723
517 835
517 845
517 903
517 931
517 957
517 971
517 984
517 986
517 992
518 536
518 573
518 574
518 597
518 608
518 781
518 806
518 851
518 858
518 956
518 981
518 986
519 593
519 678
519 729
519 731
519 788
519 799
519 822
519 832
519 833
519 841
519 939
520 586
520 631
520 656
520 701
520 709
520 742
520 837
520 844
520 868
520 894
520 924
520 931
520 935
520 970
521 526
521 648
521 668
521 732
521 892
521 911
521 926
521 930
522 539
522 542
522 557
522 564
522 644
522 670
522 724
522 726
522 727
522 835
522 909
522 914
522 950
523 592
523 600
523 628
523 632
523 649
523 676
523 694
523 769
523 802
523 814
523 887
524 531
524 567
524 582
524 605
524 622
524 655
524 675
524 699
524 784
524 853
524 946
525 598
525 678
525 822
525 833
525 888
525 901
526 648
526 766
526 790
526 911
526 926
526 952
527 573
527 579
527 640
527 662
527 685
527 692
527 700
527 723
527 755
527 867
527 903
527 957
527 971
527 984
528 706
528 710
528 897
529 533
529 538
529 568
529 572
529 580
529 607
529 627
529 721
529 840
529 847
529 855
529 863
530 532
530 540
530 571
530 574
530 578
530 703
530 944
530 948
530 966
531 532
531 564
531 590
531 610
531 612
531 680
531 724
531 726
531 864
531 892
531 896
531 950
531 988
532 536
532 539
532 557
532 577
532 590
532 612
532 644
532 670
532 686
532 687
532 726
532 798
532 828
532 835
532 858
532 864
532 896
532 904
532 906
532 914
532 915
532 960
532 968
533 538
533 580
533 627
533 667
533 669
533 672
533 721
533 810
533 847
533 963
534 588
534 617
534 625
534 665
534 749
534 760
534 787
534 883
535 549
535 551
535 720
535 728
535 768
535 789
535 803
535 889
535 895
535 978
535 983
536 574
536 597
536 716
536 748
536 761
536 781
536 786
536 793
536 794
536 806
536 827
536 832
536 843
536 846
536 851
536 907
536 956
536 962
537 579
537 652
537 659
537 685
537 755
537 845
537 931
537 957
537 986
538 558
538 568
538 570
538 572
538 580
538 587
538 627
538 666
538 667
538 669
538 721
538 810
538 840
538 847
538 850
538 855
538 863
538 919
538 963
539 560
539 612
539 671
539 680
539 828
539 864
539 900
539 914
539 915
539 945
539 950
539 960
539 973
539 976
539 988
540 543
540 578
540 673
540 709
540 804
540 855
540 878
540 944
541 607
541 616
541 623
541 629
541 637
541 750
541 964
542 557
542 560
542 610
542 671
542 680
542 683
542 748
542 752
542 862
542 896
542 904
542 909
542 924
542 960
542 985
543 571
543 703
543 786
543 878
543 948
543 966
543 989
544 573
544 574
544 608
544 626
544 722
544 732
544 793
544 806
544 808
544 813
544 831
544 848
544 851
544 858
544 962
544 1000
545 550
545 556
545 559
545 562
545 670
545 737
545 821
545 919
545 953
546 550
546 562
546 690
546 737
546 821
546 919
547 565
547 573
547 596
547 704
547 708
547 775
547 777
547 812
547 837
547 874
547 879
547 881
547 929
547 961
547 993
548 561
548 590
548 677
548 740
548 800
548 809
549 551
549 768
549 788
549 801
549 815
549 839
549 951
549 969
549 983
550 559
550 562
550 600
550 821
550 919
551 613
551 620
551 715
551 720
551 728
551 801
551 815
551 817
551 829
551 886
551 895
551 899
551 908
551 920
551 938
551 951
551 976
551 979
551 983
551 989
552 566
552 601
552 638
552 684
552 695
552 761
552 893
552 958
552 965
552 972
552 994
552 997
553 594
553 602
553 636
553 731
553 740
553 852
553 857
553 859
553 860
553 870
553 902
553 995
553 998
553 999
554 566
554 601
554 635
554 638
554 684
554 695
554 712
554 735
554 772
554 893
554 972
554 994
554 997
555 607
555 611
555 642
555 658
555 678
555 680
555 754
555 790
555 826
555 832
555 861
555 890
555 901
555 968
556 559
556 600
556 690
556 737
556 821
556 896
556 919
556 953
557 612
557 670
557 671
557 680
557 686
557 698
557 762
557 780
557 798
557 804
557 828
557 835
557 848
557 864
557 906
557 945
557 946
557 950
557 985
558 570
558 580
558 665
558 666
558 721
558 847
558 850
558 855
558 924
559 562
559 690
559 821
559 953
560 590
560 610
560 619
560 686
560 724
560 780
560 798
560 864
560 904
560 914
560 915
560 918
561 630
561 664
561 677
561 770
561 792
561 809
561 870
561 937
561 974
562 600
562 690
562 737
562 821
562 919
562 953
563 678
563 731
563 754
563 917
563 947
564 610
564 612
564 619
564 670
564 683
564 798
564 804
564 864
564 896
564 904
564 909
564 945
564 968
565 569
565 596
565 598
565 646
565 696
565 704
565 777
565 806
565 807
565 812
565 843
565 859
565 865
565 871
565 877
565 879
565 881
565 929
565 931
565 936
565 961
565 993
566 601
566 635
566 684
566 695
566 708
566 958
566 972
566 994
567 585
567 602
567 622
567 655
567 681
567 699
567 784
567 853
567 903
568 580
568 587
568 667
568 669
568 721
568 810
568 863
568 870
568 963
569 596
569 646
569 696
569 769
569 807
569 812
569 874
569 881
569 929
569 935
569 936
569 993
570 580
570 666
570 667
570 669
570 721
570 847
570 850
570 855
571 578
571 594
571 644
571 944
571 948
571 966
572 580
572 666
572 667
572 669
572 672
572 721
572 810
572 847
573 589
573 608
573 642
573 831
573 848
573 858
573 875
573 939
573 956
573 981
574 608
574 626
574 633
574 730
574 772
574 786
574 793
574 794
574 808
574 827
574 848
574 851
574 858
574 875
574 896
574 937
574 956
574 981
574 1000
575 707
575 819
575 941
575 964
576 647
576 660
576 712
576 713
576 775
576 785
576 943
576 955
577 610
577 612
577 619
577 671
577 686
577 708
577 724
577 748
577 828
577 862
577 960
578 703
578 841
578 944
578 948
578 957
579 652
579 659
579 700
579 723
579 755
579 845
579 849
579 903
579 916
579 926
579 931
579 941
579 942
579 957
579 971
579 978
579 984
579 986
579 992
580 584
580 587
580 666
580 667
580 669
580 672
580 721
580 810
580 840
580 847
580 855
580 863
580 963
581 605
581 710
581 734
581 753
581 849
581 897
581 974
582 585
582 622
582 713
582 717
582 748
582 784
582 853
582 945
583 634
583 641
583 668
583 673
583 682
583 692
583 698
583 719
583 735
583 758
583 771
583 797
583 861
583 869
583 913
583 996
583 997
584 604
584 615
584 621
584 633
584 634
584 641
584 650
584 668
584 673
584 719
584 735
584 736
584 738
584 823
584 913
585 594
585 605
585 622
585 655
585 699
585 713
585 717
585 784
585 805
585 849
585 853
585 946
586 596
586 598
586 626
586 775
586 779
586 807
586 812
586 843
586 859
586 881
586 993
587 667
587 721
587 810
587 840
587 847
587 855
587 963
588 599
588 701
588 777
588 787
588 900
588 964
588 980
589 626
589 772
589 781
589 786
589 793
589 794
589 806
589 848
589 858
589 962
589 1000
590 619
590 671
590 680
590 686
590 744
590 828
590 862
590 904
590 909
591 648
591 692
591 706
591 897
591 926
591 930
592 628
592 632
592 639
592 649
592 676
592 688
592 689
592 694
592 729
592 769
592 802
592 814
592 887
592 899
592 932
593 611
593 731
593 754
593 813
593 890
593 917
593 1000
594 602
594 697
594 739
594 834
594 852
594 857
594 860
594 872
594 886
594 902
594 995
594 998
595 711
595 753
595 849
595 897
595 974
595 990
596 871
596 874
596 929
596 936
597 626
597 664
597 794
597 850
597 875
597 894
597 907
597 1000
598 646
598 698
598 721
598 772
598 775
598 812
598 871
599 606
599 653
599 678
599 848
599 859
599 882
599 940
599 964
599 991
600 690
600 821
600 874
600 919
600 953
601 635
601 638
601 643
601 684
601 695
601 769
601 893
601 958
601 972
602 739
602 852
602 860
602 902
602 995
603 613
603 614
603 618
603 624
603 657
603 718
603 740
603 842
603 852
603 900
604 609
604 615
604 621
604 633
604 636
604 641
604 668
604 673
604 682
604 692
604 698
604 719
604 771
604 773
604 791
604 797
604 823
604 830
604 861
604 870
604 885
604 913
604 923
604 987
605 622
605 675
605 680
605 696
605 713
606 707
606 731
606 785
606 950
606 980
606 991
607 616
607 637
607 673
607 750
608 643
608 722
608 786
608 794
608 802
608 831
608 846
608 848
608 851
608 854
608 858
608 956
608 981
608 1000
609 613
609 614
609 618
609 624
609 643
609 645
609 657
609 693
609 764
609 782
609 801
609 836
609 842
609 866
610 612
610 671
610 680
610 683
610 724
610 726
610 727
610 748
610 754
610 780
610 798
610 824
610 828
610 835
610 864
610 888
610 896
610 914
610 915
610 960
610 963
610 968
610 985
610 988
611 678
611 729
611 731
611 763
611 796
611 813
611 822
611 826
611 939
612 686
612 708
612 724
612 743
612 752
612 780
612 798
612 804
612 828
612 896
612 898
612 904
612 945
612 960
612 988
613 614
613 618
613 643
613 654
613 657
613 663
613 693
613 718
613 730
613 733
613 740
613 744
613 746
613 764
613 776
613 836
613 842
613 900
613 996
614 618
614 624
614 654
614 657
614 663
614 733
614 744
614 746
614 764
614 836
614 842
614 866
614 900
614 965
615 633
615 636
615 641
615 650
615 651
615 673
615 680
615 682
615 698
615 735
615 738
615 771
615 773
615 791
615 823
615 830
615 870
615 885
615 910
615 928
615 987
615 995
615 996
616 623
616 629
616 645
616 750
617 625
617 668
617 751
617 883
618 624
618 643
618 644
618 654
618 657
618 663
618 718
618 730
618 733
618 740
618 742
618 744
618 746
618 764
618 776
618 782
618 803
618 836
618 842
618 900
618 947
618 953
618 959
619 644
619 671
619 683
619 724
619 804
619 815
619 864
619 896
619 915
619 973
619 985
619 988
619 998
620 640
620 728
620 757
620 789
620 801
620 889
620 895
620 912
621 633
621 634
621 636
621 651
621 682
621 719
621 735
621 741
621 791
621 823
621 861
621 905
621 913
621 927
621 928
621 996
622 675
622 681
622 699
622 713
622 717
622 741
622 753
622 784
622 805
622 903
623 637
623 750
623 767
623 889
624 657
624 665
624 730
624 740
624 744
624 746
624 764
624 776
624 782
624 836
624 866
624 900
625 665
625 748
625 749
625 751
625 787
626 761
626 772
626 786
626 793
626 794
626 806
626 827
626 848
626 854
626 858
626 888
626 907
626 934
626 956
626 1000
627 669
627 721
627 847
627 855
627 860
628 632
628 649
628 689
628 694
628 802
628 814
628 887
629 637
629 645
629 686
629 910
630 664
630 677
630 688
630 727
630 770
630 800
630 809
631 656
631 709
631 712
631 734
631 742
631 759
631 765
631 783
631 820
631 844
631 856
631 880
631 894
631 899
631 922
631 924
631 925
631 954
632 639
632 676
632 689
632 694
632 716
632 769
632 802
632 814
632 825
632 887
632 932
632 979
633 636
633 682
633 719
633 771
633 773
633 787
633 848
633 870
633 910
633 928
633 970
634 636
634 640
634 668
634 673
634 682
634 738
634 741
634 758
634 771
634 782
634 786
634 797
634 823
634 840
634 870
634 885
634 987
635 695
635 767
635 960
636 641
636 668
636 719
636 735
636 758
636 771
636 797
636 823
636 861
636 923
636 928
636 987
636 996
637 764
638 684
638 689
638 695
638 893
638 958
638 983
638 994
638 997
639 649
639 694
639 769
639 814
639 864
639 887
639 932
640 647
640 660
640 679
640 778
640 785
640 811
640 943
640 955
641 650
641 668
641 673
641 682
641 710
641 719
641 732
641 735
641 741
641 773
641 797
641 823
641 869
641 910
641 928
641 996
642 658
642 731
642 763
642 784
642 813
642 822
642 832
642 867
642 884
642 888
642 939
643 654
643 657
643 693
643 718
643 730
643 740
643 764
643 782
643 836
643 842
643 900
644 671
644 686
644 743
644 756
644 804
644 862
644 898
644 904
644 909
644 950
645 750
646 657
646 704
646 807
646 811
646 837
646 859
646 982
646 993
647 660
647 679
647 705
647 785
647 816
647 943
647 955
647 959
648 678
648 881
648 911
648 930
649 689
649 694
649 769
649 802
649 814
649 825
649 838
649 887
649 932
649 957
650 651
650 654
650 673
650 692
650 719
650 741
650 758
650 771
650 791
650 830
650 913
651 687
651 698
651 870
651 910
651 913
651 996
652 662
652 700
652 751
652 931
652 957
652 971
652 986
653 707
653 819
653 975
653 980
654 657
654 764
654 825
654 842
654 866
655 681
655 713
655 717
655 805
655 943
656 709
656 712
656 714
656 742
656 747
656 779
656 795
656 844
656 894
656 967
657 663
657 693
657 718
657 730
657 733
657 740
657 744
657 746
657 749
657 764
657 776
657 821
657 836
657 842
657 866
657 900
657 947
658 691
658 729
658 731
658 763
658 822
658 833
658 917
658 939
658 943
659 845
659 931
659 942
659 957
659 986
660 679
660 778
660 785
660 811
660 816
660 943
660 955
660 959
661 687
661 701
661 712
661 714
661 747
661 795
661 844
661 856
661 868
661 891
661 894
661 922
662 723
662 755
662 845
662 931
662 942
662 957
662 971
662 984
662 986
662 992
663 746
663 782
663 877
664 677
664 800
664 809
664 937
664 981
665 705
665 751
665 883
666 667
666 669
666 721
666 847
666 963
667 669
667 672
667 721
667 840
667 847
667 863
667 876
667 963
668 673
668 682
668 692
668 738
668 741
668 745
668 771
668 791
668 797
668 823
668 836
668 869
668 882
668 910
668 913
668 923
668 927
668 987
668 996
669 721
669 751
669 840
669 850
669 863
669 870
669 920
669 963
669 971
670 752
670 864
670 896
670 918
671 683
671 686
671 743
671 762
671 781
671 798
671 804
671 806
671 824
671 862
671 896
671 904
671 906
671 909
671 914
671 915
671 945
671 950
671 960
671 973
672 721
672 840
672 847
672 963
673 698
673 717
673 738
673 791
673 869
673 885
673 905
673 920
673 928
674 701
674 714
674 765
674 779
674 783
674 891
674 894
674 919
674 934
675 678
675 717
675 779
675 853
675 931
675 946
676 686
676 694
676 743
676 769
676 802
676 825
676 887
676 932
677 688
677 800
677 809
677 937
678 691
678 754
678 790
678 796
678 813
678 822
678 826
678 841
678 867
678 873
678 892
678 917
679 705
679 735
679 778
679 779
679 811
679 959
680 683
680 726
680 727
680 743
680 780
680 822
680 862
680 864
680 898
680 904
680 909
680 914
680 960
680 968
681 713
681 717
681 784
682 741
682 771
682 791
682 830
682 861
682 869
682 885
682 963
682 977
682 996
683 686
683 726
683 792
683 798
683 804
683 828
683 896
683 950
684 695
684 733
684 824
684 887
684 893
684 958
684 965
684 972
684 994
684 997
685 931
685 982
686 708
686 743
686 745
686 762
686 797
686 798
686 824
686 828
686 862
686 864
686 896
686 904
686 906
686 915
686 918
686 973
687 701
687 714
687 765
687 774
687 844
687 868
687 924
687 970
688 731
688 768
688 800
688 904
688 937
689 691
689 694
689 802
689 838
689 887
690 737
690 821
690 837
690 919
691 731
691 754
691 796
691 841
691 873
691 917
691 947
692 714
692 768
692 771
692 773
692 823
692 852
693 740
693 757
693 776
693 778
693 836
693 842
693 900
694 695
694 769
694 802
694 825
694 838
694 883
694 887
694 969
695 773
695 812
695 893
695 958
695 965
695 972
695 994
695 997
696 775
696 812
696 821
696 871
696 877
696 879
696 941
696 961
696 993
697 738
697 739
697 799
697 857
697 902
697 995
697 998
698 719
698 791
698 823
698 868
698 913
698 996
699 702
699 713
700 723
700 815
700 903
700 916
700 957
700 984
700 986
701 742
701 756
701 765
701 779
701 856
701 868
701 894
701 922
701 924
701 925
701 954
701 967
701 970
702 713
702 717
702 784
702 798
702 853
702 946
703 737
703 854
703 944
703 948
703 955
704 812
704 874
704 933
704 941
704 949
705 778
705 785
705 791
705 805
705 811
705 816
705 837
705 943
705 955
706 911
706 926
706 952
707 819
707 941
707 975
707 991
708 726
708 752
708 765
708 896
708 915
708 918
708 973
709 712
709 717
709 747
709 756
709 774
709 795
709 868
709 880
709 891
709 935
709 970
710 734
710 771
710 849
710 974
710 990
711 734
711 849
711 897
711 917
711 974
712 714
712 742
712 756
712 774
712 779
712 783
712 795
712 820
712 844
712 856
712 868
712 891
712 943
712 954
712 967
712 970
713 784
713 853
713 874
713 994
714 756
714 759
714 765
714 868
714 891
714 894
714 924
714 935
714 938
714 940
715 720
715 728
715 742
715 768
715 788
715 801
715 815
715 839
715 851
715 876
715 889
715 895
715 912
715 920
715 921
715 949
715 969
715 979
715 983
715 993
716 761
716 772
716 793
716 794
716 806
716 808
716 846
716 1000
717 805
717 853
718 730
718 740
718 744
718 790
718 842
719 735
719 738
719 771
719 791
719 804
719 823
719 830
719 869
719 885
719 927
719 928
720 736
720 757
720 768
720 789
720 808
720 815
720 829
720 839
720 865
720 876
720 895
720 903
720 912
720 949
720 969
720 976
720 979
720 983
721 810
721 840
721 847
721 850
721 855
721 863
721 963
722 761
722 772
722 794
722 808
722 990
722 1000
723 931
723 957
724 726
724 828
724 835
724 843
724 860
724 896
724 904
724 906
724 909
724 950
724 959
724 960
725 731
725 813
725 814
725 822
725 867
725 917
726 745
726 748
726 752
726 804
726 824
726 862
726 864
726 896
726 898
726 904
726 906
726 909
726 914
726 918
726 945
726 950
726 960
726 968
726 973
726 988
727 745
727 896
727 904
727 909
727 915
727 945
728 757
728 768
728 788
728 789
728 839
728 876
728 899
728 912
728 938
728 951
728 976
728 977
728 979
729 731
729 754
729 799
729 803
729 813
729 822
729 832
729 833
729 867
729 884
729 888
730 740
730 842
730 900
731 800
731 822
731 826
731 867
731 884
731 888
731 901
731 917
731 939
731 947
731 987
732 874
733 740
733 776
733 782
733 836
733 842
733 900
734 794
734 847
734 974
734 990
735 823
735 913
735 923
735 928
736 757
736 792
736 801
736 803
736 804
736 876
736 895
736 908
736 938
737 770
737 821
737 871
737 919
737 929
737 953
737 980
738 741
738 923
738 928
739 834
739 844
739 852
739 857
739 860
739 872
739 902
739 995
739 998
740 744
740 753
740 764
740 776
740 782
740 836
740 842
740 866
740 900
741 761
741 791
741 830
741 897
742 759
742 783
742 856
742 868
742 935
743 835
743 851
743 862
743 897
743 945
743 985
744 764
744 776
744 834
744 836
744 842
744 900
744 926
745 748
745 780
745 828
745 835
745 862
745 864
745 906
745 909
745 914
745 918
745 945
745 950
745 968
746 842
747 779
747 891
747 894
748 780
748 828
748 896
748 904
748 914
748 960
749 751
749 760
749 787
749 872
749 883
749 894
749 935
751 760
751 787
751 883
752 798
752 862
752 880
752 904
752 945
752 950
752 968
753 897
753 968
753 974
753 990
754 796
755 903
755 904
755 957
755 971
755 986
756 774
756 846
756 868
756 954
756 994
757 768
757 788
757 789
757 792
757 803
757 815
757 818
757 867
757 876
757 889
757 908
757 912
757 920
757 949
757 977
757 979
757 989
757 996
758 791
758 797
758 830
758 885
759 765
759 779
759 868
759 891
759 967
760 787
760 883
760 962
761 772
761 781
761 794
761 827
761 831
761 846
761 848
761 858
761 934
761 1000
762 798
762 828
762 909
762 950
762 964
762 968
763 788
764 782
764 836
764 900
764 950
765 779
765 836
765 891
765 894
766 781
766 911
766 930
767 885
767 996
768 789
768 803
768 818
768 839
768 876
768 899
768 908
768 912
768 918
768 921
768 938
768 951
768 967
768 976
768 978
768 989
769 802
769 825
769 887
769 932
770 800
770 906
770 937
770 955
771 823
771 913
772 781
772 786
772 794
772 806
772 808
772 848
772 851
772 854
772 858
772 867
772 875
772 956
772 1000
773 797
773 913
774 779
774 795
774 803
774 844
774 868
774 891
774 894
774 924
775 812
775 865
775 961
775 993
776 836
776 842
776 866
776 900
777 807
777 859
777 879
777 931
777 982
778 785
778 811
778 816
778 943
778 949
778 959
779 783
779 844
779 856
779 880
779 891
779 894
779 922
779 924
779 940
779 954
779 958
779 997
780 828
780 898
781 786
781 794
781 827
781 851
781 858
781 907
781 956
781 962
782 836
782 842
782 866
783 787
783 856
783 868
783 880
783 894
784 805
784 841
784 853
784 921
784 946
784 949
785 811
785 816
785 943
786 793
786 794
786 806
786 808
786 827
786 846
786 848
786 854
786 858
786 907
786 934
786 956
786 962
786 981
787 883
788 789
788 801
788 895
788 899
788 912
788 938
788 976
788 989
789 797
789 801
789 908
789 912
789 920
789 921
789 949
789 973
789 976
790 822
790 841
790 917
790 947
791 823
791 837
791 869
791 885
791 913
791 917
791 972
792 912
792 976
792 979
793 794
793 803
793 806
793 833
793 848
793 858
793 956
793 1000
794 806
794 808
794 827
794 831
794 842
794 846
794 858
794 907
794 951
794 956
794 962
794 1000
795 844
795 891
796 832
796 890
798 856
798 862
798 896
798 909
798 914
799 822
799 832
800 809
801 829
801 839
801 876
801 908
801 920
801 951
801 983
801 987
801 989
802 814
802 838
802 843
802 887
802 932
803 824
803 949
803 951
803 960
803 976
804 898
804 904
804 909
804 950
804 968
805 853
806 831
806 846
806 848
806 851
806 854
806 881
806 962
806 981
806 1000
807 812
807 827
807 842
807 859
807 865
807 874
807 879
807 881
807 914
807 933
807 961
808 931
808 939
810 840
810 963
810 965
811 816
811 943
811 955
811 959
812 859
812 865
812 871
812 881
812 941
812 993
813 822
813 888
813 890
813 939
813 965
814 825
814 853
814 887
814 932
815 920
815 977
816 941
817 876
817 899
817 912
817 920
817 951
818 895
818 912
818 951
818 969
819 983
819 991
820 940
821 860
821 919
821 953
821 997
822 826
822 832
822 841
822 867
822 873
822 883
822 884
822 888
822 897
822 939
822 947
823 861
823 868
823 869
823 870
823 885
823 901
823 905
823 910
823 977
823 979
824 828
824 864
824 896
824 906
824 909
824 914
825 887
825 889
825 932
826 833
826 939
827 848
827 1000
828 835
828 885
828 896
828 909
828 914
828 945
828 960
829 889
829 899
829 912
829 920
829 986
830 846
830 870
830 885
830 905
830 923
830 928
831 875
832 833
832 901
832 939
833 888
834 852
834 902
834 995
834 998
835 841
835 904
835 906
835 909
835 985
836 842
836 866
836 900
837 864
837 881
838 887
839 876
839 879
839 912
839 921
839 951
839 979
840 850
840 855
840 857
840 913
840 963
841 888
841 939
842 866
842 884
842 900
843 941
843 993
844 856
844 940
844 954
845 903
845 916
845 931
845 942
845 957
845 959
845 971
845 992
846 848
846 875
846 1000
848 851
848 858
848 875
848 907
848 934
848 962
848 981
848 1000
849 974
850 855
850 911
851 956
851 962
851 1000
852 857
852 860
852 872
852 886
852 902
852 995
852 998
852 999
853 946
854 962
855 880
857 872
857 902
857 995
857 998
857 999
858 859
858 875
858 907
858 934
858 956
858 962
859 871
859 877
859 881
859 933
859 936
859 941
859 961
859 993
860 886
860 995
860 998
861 869
861 916
861 927
862 904
862 906
862 914
862 953
862 960
862 968
862 985
864 909
864 914
864 950
864 960
865 881
865 929
865 993
866 883
866 900
867 884
867 939
868 880
868 924
868 925
868 940
868 970
869 913
869 980
870 913
870 923
870 927
870 928
870 960
870 996
871 941
872 902
872 995
873 888
873 917
873 939
874 899
874 941
874 961
875 962
875 1000
876 889
876 908
876 920
876 936
876 951
876 979
877 881
878 948
878 966
879 929
879 993
880 891
880 894
881 929
881 933
881 936
881 941
881 951
881 961
881 993
882 982
885 910
885 934
885 996
886 995
886 998
886 999
887 908
887 932
888 917
889 938
889 949
889 969
889 978
889 979
890 947
891 922
891 924
891 925
891 954
891 967
892 911
892 930
892 987
893 972
893 980
893 994
894 924
894 954
895 920
895 951
896 898
896 909
896 915
896 918
896 956
896 960
897 974
898 909
898 960
900 952
901 939
902 973
902 995
902 998
902 999
903 920
903 957
903 984
904 909
904 914
904 918
904 945
904 960
904 968
904 985
905 913
906 909
906 915
906 960
906 995
907 1000
908 951
908 979
908 983
909 912
909 914
909 950
909 973
909 985
910 987
911 926
912 920
912 935
912 949
912 951
912 962
912 983
912 989
913 935
913 987
914 918
914 935
915 960
916 950
916 957
916 971
917 947
918 960
918 985
919 953
920 949
920 977
920 983
920 989
921 926
921 945
921 951
922 940
922 970
923 958
924 935
924 954
925 977
926 952
929 933
929 982
929 993
931 957
931 971
931 984
931 986
931 992
934 962
935 970
936 982
936 993
937 983
941 993
942 971
942 986
942 992
943 955
943 959
944 948
945 980
948 966
949 979
950 960
951 977
951 979
951 983
954 962
955 973
956 962
956 970
957 984
957 986
957 992
958 965
960 968
960 988
961 993
964 980
965 994
965 997
968 995
971 983
971 984
971 986
972 997
974 990
975 980
975 991
976 983
976 998
977 979
978 983
982 993
983 989
983 998
986 992
994 997
995 998
998 999
