# LFR benchmark graph: regime=B mu=0.1 realization=0
# undirected, unweighted; 1-based node ids; each edge listed once.
1 49
1 84
1 87
1 91
1 140
1 156
1 279
1 368
1 474
1 622
1 669
1 680
1 713
1 962
2 60
2 81
2 131
2 164
2 282
2 285
2 301
2 316
2 331
2 344
2 347
2 378
2 410
2 461
2 570
2 573
2 576
2 589
2 704
2 798
2 805
2 832
2 846
2 847
2 851
2 878
2 889
2 957
3 89
3 101
3 135
3 144
3 231
3 260
3 282
3 285
3 316
3 330
3 331
3 333
3 344
3 347
3 363
3 405
3 410
3 416
3 429
3 449
3 461
3 467
3 485
3 509
3 529
3 570
3 572
3 573
3 583
3 584
3 597
3 613
3 722
3 782
3 805
3 810
3 820
3 832
3 846
3 878
3 883
3 892
3 941
3 963
4 56
4 134
4 139
4 162
4 244
4 264
4 265
4 266
4 384
4 399
4 415
4 437
4 527
4 547
4 555
4 577
4 589
4 593
4 749
4 771
4 803
4 863
4 875
4 893
4 954
4 970
5 16
5 66
5 102
5 105
5 183
5 194
5 329
5 381
5 382
5 399
5 436
5 504
5 511
5 533
5 540
5 544
5 545
5 548
5 565
5 571
5 630
5 661
5 708
5 728
5 809
5 879
5 912
5 975
5 982
5 989
6 26
6 35
6 108
6 110
6 120
6 165
6 166
6 171
6 176
6 201
6 212
6 272
6 276
6 342
6 369
6 438
6 465
6 505
6 507
6 518
6 624
6 639
6 675
6 706
6 737
6 780
6 785
6 928
6 932
6 942
7 63
7 81
7 85
7 121
7 199
7 228
7 337
7 407
7 752
7 762
7 767
7 769
7 793
7 801
7 809
7 849
7 894
7 984
7 992
8 10
8 34
8 80
8 130
8 150
8 158
8 245
8 249
8 260
8 284
8 286
8 375
8 388
8 398
8 406
8 450
8 500
8 513
8 534
8 543
8 635
8 658
8 677
8 746
8 759
8 813
8 860
8 993
9 166
9 211
9 214
9 273
9 313
9 327
9 372
9 401
9 404
9 546
9 549
9 575
9 582
9 642
9 663
9 724
9 773
9 831
9 840
9 884
9 895
9 961
9 999
9 1000
10 34
10 80
10 130
10 150
10 210
10 249
10 260
10 379
10 450
10 454
10 485
10 500
10 506
10 543
10 558
10 621
10 759
10 795
10 884
10 905
11 13
11 40
11 59
11 114
11 157
11 247
11 255
11 318
11 348
11 376
11 524
11 556
11 569
11 587
11 588
11 599
11 742
11 790
11 832
11 998
12 25
12 117
12 132
12 155
12 160
12 184
12 300
12 326
12 342
12 347
12 456
12 488
12 501
12 552
12 646
12 666
12 736
12 743
12 778
12 779
12 800
12 814
12 816
12 928
12 976
12 985
13 14
13 40
13 43
13 52
13 74
13 114
13 177
13 247
13 248
13 251
13 252
13 255
13 291
13 304
13 318
13 346
13 348
13 354
13 387
13 430
13 466
13 489
13 520
13 524
13 537
13 541
13 556
13 569
13 587
13 588
13 589
13 599
13 601
13 651
13 726
13 768
13 790
13 799
13 853
13 864
13 866
13 887
13 923
13 977
13 978
13 998
14 64
14 74
14 114
14 234
14 247
14 255
14 262
14 346
14 348
14 354
14 376
14 489
14 499
14 520
14 599
14 864
14 978
15 27
15 96
15 118
15 121
15 127
15 138
15 182
15 197
15 198
15 200
15 240
15 242
15 303
15 374
15 443
15 466
15 475
15 484
15 638
15 686
15 694
15 701
15 704
15 716
15 720
15 742
15 750
15 921
15 925
15 949
15 953
16 45
16 62
16 65
16 185
16 194
16 223
16 381
16 427
16 504
16 511
16 533
16 540
16 640
16 648
16 661
16 708
16 728
16 879
16 912
16 972
17 21
17 53
17 82
17 99
17 107
17 109
17 227
17 233
17 257
17 303
17 350
17 356
17 373
17 379
17 382
17 403
17 468
17 480
17 559
17 560
17 579
17 607
17 610
17 614
17 621
17 632
17 748
17 870
18 30
18 47
18 55
18 57
18 61
18 159
18 203
18 270
18 281
18 322
18 425
18 453
18 526
18 541
18 562
18 564
18 580
18 581
18 586
18 707
18 732
18 733
18 756
18 777
18 841
18 844
18 943
18 990
19 35
19 108
19 165
19 166
19 171
19 176
19 212
19 218
19 276
19 361
19 369
19 438
19 470
19 530
19 574
19 626
19 639
19 705
19 740
19 763
19 785
19 891
19 950
20 34
20 130
20 150
20 245
20 375
20 500
20 513
20 543
20 558
20 571
20 635
20 637
20 643
20 677
20 795
20 838
20 921
20 929
21 53
21 82
21 99
21 107
21 109
21 227
21 233
21 257
21 303
21 356
21 382
21 424
21 480
21 560
21 607
21 610
21 614
21 632
21 694
21 870
22 29
22 33
22 72
22 75
22 139
22 140
22 147
22 202
22 206
22 225
22 232
22 233
22 269
22 296
22 314
22 323
22 359
22 408
22 429
22 435
22 441
22 479
22 502
22 529
22 592
22 619
22 655
22 670
22 687
22 705
22 710
22 717
22 848
22 906
22 948
22 964
22 966
22 967
22 968
22 973
22 987
23 24
23 50
23 52
23 55
23 143
23 146
23 152
23 157
23 173
23 225
23 417
23 433
23 498
23 511
23 645
23 690
23 735
23 782
23 842
24 31
24 50
24 52
24 55
24 63
24 133
24 143
24 152
24 157
24 225
24 267
24 368
24 370
24 425
24 433
24 463
24 510
24 534
24 585
24 615
24 617
24 645
24 667
24 735
24 751
24 835
24 901
24 938
25 51
25 66
25 68
25 172
25 397
25 421
25 442
25 468
25 471
25 523
25 557
25 603
25 656
25 903
25 906
26 120
26 163
26 166
26 212
26 276
26 283
26 295
26 438
26 439
26 448
26 465
26 506
26 514
26 624
26 675
26 737
26 763
26 766
26 775
26 780
26 785
26 876
26 932
26 934
26 935
26 969
27 96
27 197
27 198
27 272
27 340
27 466
27 486
27 605
27 618
27 638
27 660
27 685
27 686
27 701
27 704
27 742
27 770
27 890
27 925
27 997
28 45
28 49
28 62
28 65
28 122
28 185
28 194
28 219
28 261
28 380
28 445
28 495
28 504
28 511
28 533
28 540
28 545
28 565
28 571
28 635
28 640
28 648
28 661
28 692
28 708
28 715
28 744
28 879
28 912
28 989
28 994
29 139
29 140
29 147
29 154
29 209
29 274
29 359
29 381
29 408
29 435
29 479
29 655
29 665
29 670
29 689
29 713
29 848
29 906
29 933
29 956
29 968
29 987
30 37
30 42
30 47
30 54
30 57
30 61
30 70
30 153
30 159
30 203
30 207
30 215
30 246
30 270
30 281
30 322
30 339
30 355
30 365
30 373
30 393
30 408
30 448
30 453
30 464
30 497
30 516
30 526
30 527
30 541
30 562
30 580
30 581
30 586
30 653
30 707
30 732
30 733
30 747
30 748
30 756
30 765
30 776
30 844
30 960
30 969
30 975
30 990
31 52
31 55
31 126
31 133
31 143
31 146
31 152
31 178
31 267
31 384
31 418
31 463
31 503
31 509
31 596
31 615
31 617
31 645
31 827
31 835
32 63
32 86
32 148
32 193
32 196
32 199
32 228
32 272
32 286
32 298
32 302
32 310
32 332
32 337
32 370
32 395
32 403
32 407
32 444
32 473
32 563
32 590
32 688
32 699
32 722
32 729
32 754
32 773
32 793
32 821
32 834
32 849
32 858
32 869
32 958
33 75
33 136
33 140
33 149
33 209
33 274
33 306
33 359
33 361
33 418
33 435
33 479
33 481
33 493
33 592
33 619
33 655
33 848
33 933
33 948
33 956
34 80
34 130
34 210
34 245
34 249
34 260
34 284
34 288
34 290
34 308
34 315
34 375
34 379
34 388
34 406
34 450
34 500
34 506
34 513
34 532
34 534
34 535
34 543
34 558
34 591
34 635
34 637
34 658
34 677
34 685
34 759
34 795
34 942
35 66
35 108
35 171
35 176
35 201
35 222
35 276
35 283
35 295
35 432
35 470
35 505
35 514
35 574
35 626
35 705
35 751
35 757
35 763
35 780
35 874
35 876
35 888
35 891
35 934
35 935
35 971
36 93
36 95
36 105
36 123
36 141
36 172
36 191
36 206
36 243
36 254
36 288
36 293
36 340
36 351
36 361
36 391
36 392
36 393
36 404
36 424
36 567
36 628
36 650
36 695
36 709
36 777
36 786
36 788
36 806
36 813
36 817
36 861
36 862
36 881
36 909
36 918
37 47
37 57
37 61
37 159
37 203
37 215
37 355
37 427
37 453
37 478
37 526
37 527
37 562
37 564
37 580
37 581
37 586
37 732
37 733
37 756
37 776
37 844
37 953
38 84
38 90
38 91
38 156
38 229
38 469
38 474
38 566
38 609
38 622
38 669
38 671
38 680
38 762
38 812
38 897
38 936
38 961
39 86
39 161
39 223
39 273
39 292
39 297
39 344
39 358
39 362
39 372
39 377
39 395
39 412
39 415
39 508
39 549
39 575
39 582
39 608
39 623
39 644
39 665
39 672
39 703
39 725
39 833
39 841
39 859
39 884
39 993
39 1000
40 43
40 58
40 59
40 234
40 247
40 248
40 251
40 255
40 304
40 322
40 346
40 354
40 376
40 430
40 520
40 537
40 556
40 569
40 588
40 599
40 621
40 799
40 864
40 978
40 996
41 48
41 79
41 98
41 168
41 174
41 187
41 308
41 325
41 338
41 423
41 528
41 602
41 682
41 700
41 831
41 877
41 929
41 967
42 47
42 54
42 57
42 61
42 70
42 159
42 246
42 270
42 281
42 322
42 361
42 453
42 464
42 527
42 562
42 581
42 733
42 756
42 776
42 843
42 844
42 960
42 969
43 53
43 59
43 74
43 114
43 147
43 247
43 255
43 318
43 376
43 403
43 430
43 499
43 556
43 569
43 588
43 599
43 799
43 866
43 998
44 151
44 155
44 184
44 300
44 357
44 411
44 592
44 701
44 790
44 800
44 814
44 815
44 839
44 856
44 910
44 911
44 928
44 985
44 995
45 62
45 65
45 125
45 183
45 185
45 188
45 224
45 261
45 310
45 325
45 329
45 380
45 381
45 411
45 436
45 492
45 504
45 533
45 540
45 544
45 545
45 548
45 565
45 571
45 576
45 630
45 634
45 640
45 648
45 661
45 708
45 728
45 738
45 744
45 836
45 879
45 899
45 912
45 954
45 972
45 974
45 982
45 989
45 994
46 51
46 367
46 414
46 462
46 523
46 525
46 530
46 656
46 657
46 683
46 822
46 871
46 880
46 903
47 54
47 57
47 61
47 70
47 127
47 153
47 159
47 203
47 215
47 217
47 246
47 270
47 281
47 322
47 355
47 453
47 497
47 526
47 527
47 541
47 561
47 562
47 564
47 580
47 581
47 586
47 653
47 707
47 712
47 732
47 733
47 747
47 748
47 756
47 758
47 765
47 844
47 926
47 969
47 990
48 51
48 78
48 98
48 113
48 174
48 187
48 189
48 278
48 308
48 325
48 338
48 400
48 423
48 454
48 479
48 528
48 533
48 569
48 627
48 700
48 837
48 843
48 867
48 929
48 944
49 84
49 87
49 90
49 156
49 229
49 279
49 284
49 469
49 474
49 490
49 549
49 553
49 566
49 609
49 622
49 671
49 680
49 797
49 936
49 951
49 961
49 962
49 997
50 55
50 83
50 133
50 143
50 146
50 152
50 157
50 178
50 225
50 267
50 334
50 394
50 417
50 418
50 433
50 461
50 503
50 510
50 515
50 585
50 592
50 615
50 617
50 645
50 685
50 694
50 723
50 735
50 858
50 938
51 66
51 77
51 103
51 256
51 361
51 367
51 397
51 414
51 421
51 442
51 462
51 471
51 523
51 530
51 603
51 656
51 679
51 683
51 686
51 743
51 822
51 825
51 848
51 880
51 903
52 55
52 57
52 83
52 119
52 133
52 143
52 146
52 152
52 157
52 178
52 225
52 267
52 334
52 348
52 368
52 417
52 418
52 425
52 433
52 463
52 498
52 503
52 528
52 551
52 585
52 596
52 615
52 617
52 645
52 667
52 709
52 735
52 751
52 827
52 835
52 839
52 901
52 908
52 927
52 938
52 984
53 82
53 95
53 99
53 107
53 109
53 227
53 233
53 257
53 303
53 318
53 350
53 356
53 480
53 560
53 607
53 610
53 621
53 632
53 634
53 904
54 57
54 61
54 92
54 116
54 153
54 159
54 184
54 215
54 246
54 270
54 281
54 322
54 355
54 453
54 464
54 497
54 526
54 527
54 562
54 564
54 581
54 586
54 653
54 707
54 712
54 714
54 732
54 733
54 756
54 758
54 765
54 776
54 844
54 860
54 969
55 83
55 126
55 133
55 143
55 152
55 157
55 178
55 267
55 334
55 394
55 417
55 418
55 425
55 463
55 471
55 498
55 503
55 510
55 551
55 585
55 596
55 615
55 617
55 645
55 667
55 690
55 723
55 735
55 827
55 835
55 901
55 927
55 938
55 980
56 134
56 160
56 162
56 264
56 266
56 336
56 384
56 437
56 482
56 547
56 555
56 561
56 577
56 589
56 593
56 599
56 660
56 749
56 771
56 775
56 803
56 893
56 904
56 959
57 61
57 70
57 153
57 203
57 207
57 246
57 281
57 322
57 355
57 453
57 497
57 527
57 541
57 562
57 564
57 577
57 581
57 586
57 603
57 653
57 707
57 712
57 733
57 747
57 748
57 756
57 765
57 776
57 805
57 844
57 960
57 969
57 990
58 59
58 101
58 247
58 252
58 255
58 288
58 304
58 318
58 348
58 376
58 387
58 524
58 544
58 569
58 587
58 588
58 594
58 599
58 601
58 651
58 726
58 782
58 790
58 799
58 864
58 887
58 965
58 996
59 64
59 114
59 234
59 247
59 255
59 346
59 348
59 376
59 507
59 520
59 524
59 537
59 556
59 569
59 588
59 599
59 601
59 737
59 768
59 789
59 799
59 866
59 887
59 909
59 978
59 987
60 67
60 68
60 92
60 101
60 115
60 129
60 148
60 182
60 215
60 248
60 277
60 282
60 285
60 316
60 331
60 347
60 353
60 396
60 434
60 446
60 449
60 461
60 490
60 539
60 572
60 660
60 750
60 798
60 810
60 832
60 851
60 863
60 892
60 916
60 957
61 70
61 153
61 203
61 207
61 215
61 246
61 270
61 281
61 322
61 353
61 355
61 383
61 453
61 464
61 497
61 498
61 527
61 541
61 562
61 564
61 580
61 581
61 586
61 653
61 707
61 712
61 714
61 732
61 733
61 747
61 748
61 756
61 758
61 765
61 776
61 844
61 960
61 962
61 969
61 990
62 65
62 98
62 104
62 125
62 183
62 185
62 188
62 194
62 219
62 224
62 247
62 261
62 294
62 376
62 380
62 381
62 443
62 445
62 492
62 504
62 511
62 516
62 533
62 544
62 548
62 565
62 630
62 648
62 661
62 728
62 744
62 836
62 879
62 912
62 975
62 982
62 994
62 995
63 116
63 193
63 199
63 228
63 298
63 307
63 310
63 319
63 332
63 337
63 345
63 370
63 382
63 403
63 407
63 426
63 440
63 442
63 443
63 444
63 452
63 455
63 473
63 478
63 590
63 643
63 688
63 699
63 700
63 729
63 752
63 754
63 762
63 767
63 769
63 794
63 809
63 858
63 900
63 930
63 977
63 984
63 992
64 177
64 255
64 318
64 376
64 489
64 520
64 587
64 588
64 599
64 643
64 790
64 864
64 978
65 104
65 185
65 188
65 261
65 380
65 533
65 548
65 571
65 648
65 708
65 836
65 879
65 912
65 945
65 972
66 68
66 77
66 103
66 210
66 268
66 283
66 367
66 397
66 414
66 471
66 530
66 656
66 657
66 683
66 871
66 880
66 903
67 81
67 89
67 101
67 273
67 280
67 282
67 289
67 347
67 570
67 573
67 583
67 593
67 616
67 645
67 648
67 655
67 764
67 798
67 805
67 810
67 846
67 941
67 957
68 77
68 103
68 367
68 421
68 523
68 530
68 557
68 603
68 656
68 679
68 825
68 871
68 880
68 903
68 969
69 111
69 151
69 155
69 167
69 221
69 237
69 326
69 488
69 515
69 552
69 599
69 662
69 666
69 684
69 743
69 778
69 792
69 800
69 814
69 839
69 850
69 896
69 907
69 910
69 928
69 960
69 995
70 270
70 327
70 355
70 453
70 527
70 562
70 586
70 756
70 844
70 978
70 990
71 76
71 88
71 170
71 173
71 205
71 213
71 309
71 312
71 386
71 476
71 545
71 578
71 598
71 620
71 657
71 695
71 731
71 826
71 842
71 897
71 945
71 959
72 158
72 161
72 211
72 223
72 273
72 288
72 292
72 358
72 362
72 401
72 531
72 549
72 642
72 647
72 663
72 681
72 725
72 730
72 736
72 756
72 781
72 993
72 1000
73 97
73 241
73 242
73 459
73 519
73 521
73 522
73 525
73 606
73 654
73 668
73 676
73 755
74 177
74 255
74 304
74 318
74 348
74 387
74 430
74 490
74 520
74 556
74 569
74 587
74 588
74 599
74 601
74 632
74 726
74 768
74 799
74 853
74 864
74 866
74 993
75 140
75 141
75 147
75 169
75 176
75 206
75 274
75 296
75 359
75 408
75 429
75 435
75 441
75 466
75 479
75 507
75 529
75 592
75 655
75 683
75 687
75 710
75 717
75 762
75 848
75 906
75 933
75 948
75 964
75 967
75 973
76 173
76 312
76 562
76 578
76 598
76 826
76 842
76 945
76 955
76 979
77 103
77 176
77 249
77 367
77 397
77 414
77 442
77 462
77 468
77 530
77 554
77 557
77 564
77 822
77 825
77 871
77 880
77 978
78 79
78 98
78 113
78 145
78 168
78 174
78 179
78 189
78 278
78 338
78 400
78 454
78 528
78 627
78 632
78 682
78 700
78 796
78 843
78 944
79 98
79 168
79 174
79 189
79 199
79 222
79 239
79 308
79 400
79 627
79 682
79 700
79 837
79 985
80 81
80 130
80 150
80 157
80 375
80 387
80 388
80 406
80 677
81 92
81 101
81 111
81 129
81 256
81 282
81 285
81 287
81 291
81 301
81 321
81 333
81 341
81 344
81 353
81 363
81 378
81 379
81 390
81 398
81 405
81 420
81 446
81 449
81 461
81 467
81 485
81 490
81 509
81 570
81 572
81 573
81 576
81 583
81 782
81 805
81 810
81 832
81 846
81 847
81 857
81 863
81 889
81 916
81 917
81 940
81 941
81 957
81 963
82 107
82 233
82 350
82 356
82 373
82 382
82 579
82 607
82 614
82 621
82 737
82 870
82 912
82 984
83 143
83 152
83 169
83 267
83 334
83 418
83 425
83 585
83 645
83 751
83 835
84 87
84 90
84 91
84 119
84 229
84 230
84 279
84 474
84 553
84 566
84 584
84 609
84 622
84 662
84 669
84 713
84 797
84 812
84 920
84 936
84 961
84 962
85 168
85 172
85 196
85 199
85 250
85 298
85 299
85 319
85 332
85 337
85 345
85 370
85 403
85 407
85 426
85 443
85 472
85 478
85 538
85 563
85 590
85 595
85 612
85 722
85 729
85 752
85 754
85 767
85 794
85 807
85 809
85 844
85 869
85 872
85 882
85 894
85 900
85 930
85 958
85 977
85 984
86 158
86 161
86 196
86 223
86 250
86 262
86 273
86 288
86 297
86 306
86 327
86 335
86 358
86 362
86 372
86 395
86 401
86 412
86 420
86 447
86 460
86 512
86 516
86 549
86 575
86 577
86 642
86 647
86 663
86 681
86 714
86 730
86 736
86 784
86 811
86 831
86 833
86 868
86 874
86 895
86 902
86 907
87 90
87 108
87 173
87 229
87 469
87 474
87 566
87 600
87 609
87 669
87 797
87 806
87 812
88 93
88 143
88 170
88 173
88 204
88 205
88 213
88 226
88 310
88 312
88 386
88 407
88 449
88 578
88 598
88 620
88 695
88 731
88 740
88 824
88 826
88 838
88 842
88 886
88 945
88 971
88 979
89 92
89 135
89 188
89 282
89 285
89 321
89 353
89 378
89 490
89 517
89 572
89 573
89 576
89 584
89 616
89 810
89 820
89 946
89 963
89 988
90 91
90 156
90 229
90 469
90 474
90 566
90 568
90 600
90 609
90 640
90 671
90 713
90 782
90 882
90 951
90 961
91 156
91 229
91 244
91 553
91 622
91 669
91 671
91 769
91 961
91 962
92 101
92 129
92 131
92 144
92 231
92 285
92 287
92 291
92 347
92 478
92 485
92 570
92 573
92 782
92 798
92 822
92 832
92 847
92 863
92 878
93 100
93 105
93 123
93 124
93 154
93 204
93 218
93 230
93 294
93 307
93 343
93 392
93 424
93 472
93 562
93 567
93 629
93 636
93 641
93 650
93 709
93 753
93 777
93 788
93 862
93 881
93 897
93 908
93 909
93 914
93 980
94 100
94 105
94 154
94 191
94 288
94 311
94 360
94 391
94 392
94 422
94 459
94 628
94 709
94 783
94 829
94 873
94 918
94 939
94 983
95 100
95 121
95 191
95 258
95 294
95 567
95 628
95 650
95 678
95 709
95 753
95 777
95 788
95 845
95 861
95 881
95 898
95 909
95 914
96 102
96 111
96 118
96 127
96 138
96 182
96 192
96 197
96 242
96 254
96 272
96 349
96 363
96 374
96 484
96 605
96 616
96 618
96 638
96 678
96 685
96 686
96 696
96 720
96 742
96 750
96 808
96 886
96 890
96 921
96 925
96 949
96 953
96 981
96 997
97 371
97 477
97 519
97 521
97 551
97 606
97 654
97 663
97 664
97 668
97 676
97 721
97 755
97 788
98 174
98 179
98 325
98 333
98 338
98 350
98 400
98 528
98 602
98 628
98 692
98 843
98 918
98 929
99 107
99 221
99 227
99 247
99 257
99 350
99 404
99 415
99 480
99 560
99 579
99 607
100 119
100 123
100 137
100 230
100 258
100 293
100 328
100 360
100 361
100 424
100 439
100 501
100 557
100 567
100 604
100 613
100 628
100 629
100 646
100 664
100 709
100 718
100 777
100 788
100 808
100 813
100 909
101 115
101 131
101 135
101 144
101 150
101 231
101 277
101 280
101 282
101 285
101 287
101 289
101 291
101 321
101 330
101 331
101 341
101 363
101 390
101 398
101 434
101 446
101 449
101 461
101 467
101 472
101 485
101 490
101 509
101 570
101 573
101 576
101 597
101 703
101 798
101 799
101 805
101 810
101 820
101 832
101 846
101 857
101 883
101 910
101 911
101 917
101 941
101 947
101 988
102 106
102 118
102 127
102 138
102 200
102 236
102 238
102 272
102 374
102 383
102 461
102 475
102 494
102 605
102 625
102 701
102 704
102 716
102 720
102 739
102 742
102 890
102 919
102 925
102 943
102 953
102 997
103 158
103 367
103 397
103 414
103 421
103 557
103 657
103 679
103 822
103 903
104 122
104 194
104 329
104 334
104 364
104 533
104 540
104 545
104 565
104 630
104 661
104 912
104 974
105 116
105 137
105 141
105 190
105 218
105 230
105 244
105 288
105 328
105 333
105 343
105 361
105 366
105 393
105 405
105 424
105 439
105 567
105 604
105 605
105 629
105 636
105 650
105 708
105 709
105 718
105 753
105 788
105 862
105 881
105 908
105 909
106 111
106 127
106 182
106 195
106 200
106 236
106 238
106 240
106 242
106 253
106 259
106 277
106 349
106 374
106 427
106 466
106 475
106 491
106 494
106 605
106 611
106 618
106 638
106 686
106 694
106 701
106 704
106 716
106 720
106 750
106 761
106 799
106 855
106 886
106 890
106 919
106 925
106 981
106 997
107 109
107 227
107 233
107 257
107 303
107 356
107 373
107 382
107 421
107 422
107 480
107 559
107 560
107 579
107 607
107 610
107 614
107 621
107 632
107 649
107 825
108 110
108 144
108 163
108 165
108 166
108 176
108 201
108 206
108 208
108 212
108 217
108 222
108 276
108 283
108 295
108 369
108 448
108 465
108 470
108 507
108 514
108 518
108 579
108 626
108 639
108 641
108 645
108 675
108 691
108 698
108 705
108 706
108 734
108 737
108 740
108 757
108 763
108 766
108 818
108 876
108 888
108 891
108 932
108 934
108 935
108 950
108 965
109 159
109 233
109 257
109 334
109 350
109 382
109 480
109 559
109 562
109 579
109 607
109 614
109 909
110 120
110 176
110 202
110 212
110 222
110 276
110 470
110 514
110 518
110 574
110 785
110 841
110 876
110 888
110 891
110 934
110 965
111 118
111 127
111 182
111 195
111 198
111 374
111 383
111 414
111 466
111 491
111 605
111 611
111 618
111 638
111 685
111 686
111 696
111 742
111 750
111 809
111 886
111 890
111 919
111 953
111 981
112 140
112 147
112 149
112 255
112 274
112 296
112 323
112 402
112 408
112 411
112 435
112 479
112 592
112 655
112 670
112 687
112 848
112 906
112 967
112 968
112 973
113 168
113 174
113 187
113 239
113 308
113 325
113 437
113 517
113 528
113 682
113 700
113 842
113 843
113 867
113 870
113 877
113 944
114 234
114 247
114 248
114 251
114 252
114 255
114 304
114 318
114 348
114 354
114 376
114 489
114 499
114 524
114 556
114 569
114 580
114 587
114 599
114 601
114 646
114 651
114 705
114 715
114 726
114 741
114 866
114 887
114 996
114 998
115 129
115 131
115 144
115 262
115 282
115 322
115 333
115 398
115 405
115 461
115 517
115 539
115 572
115 573
115 576
115 767
115 810
115 812
115 832
115 863
115 963
116 123
116 141
116 146
116 154
116 190
116 191
116 254
116 258
116 264
116 288
116 293
116 343
116 360
116 361
116 393
116 424
116 567
116 628
116 753
116 764
116 770
116 774
116 804
116 806
116 813
116 908
116 909
116 937
117 151
117 155
117 167
117 181
117 184
117 201
117 216
117 237
117 300
117 305
117 486
117 515
117 646
117 649
117 662
117 666
117 684
117 697
117 738
117 772
117 778
117 779
117 780
117 787
117 791
117 830
117 841
117 856
117 896
117 910
117 985
118 134
118 138
118 195
118 200
118 236
118 238
118 242
118 253
118 272
118 304
118 335
118 349
118 357
118 374
118 383
118 427
118 466
118 484
118 494
118 564
118 566
118 611
118 616
118 618
118 638
118 685
118 686
118 696
118 701
118 704
118 716
118 720
118 739
118 742
118 760
118 761
118 855
118 886
118 919
118 925
118 949
118 953
118 959
118 971
118 981
118 997
119 123
119 137
119 141
119 218
119 244
119 258
119 294
119 328
119 340
119 343
119 360
119 393
119 404
119 422
119 424
119 609
119 629
119 650
119 652
119 718
119 753
119 764
119 788
119 804
119 806
119 829
119 830
119 861
119 862
119 873
119 914
119 918
119 922
119 937
119 983
120 163
120 166
120 176
120 201
120 212
120 233
120 276
120 283
120 369
120 438
120 470
120 507
120 518
120 626
120 639
120 683
120 691
120 698
120 706
120 740
120 757
120 785
120 806
120 818
120 888
120 891
120 932
120 942
120 965
120 971
121 123
121 141
121 146
121 154
121 191
121 294
121 328
121 340
121 343
121 390
121 391
121 392
121 424
121 459
121 550
121 567
121 628
121 629
121 764
121 788
121 819
121 862
121 873
121 881
121 899
121 909
121 922
122 188
122 194
122 199
122 224
122 229
122 329
122 381
122 445
122 492
122 533
122 565
122 630
122 648
122 715
122 899
122 906
122 912
123 191
123 393
123 404
123 422
123 424
123 435
123 567
123 650
123 709
123 718
123 753
123 806
123 813
123 817
123 829
123 850
123 931
123 980
124 230
124 244
124 254
124 290
124 320
124 567
124 584
124 604
124 628
124 629
124 641
124 709
124 770
124 777
124 804
124 806
124 808
124 873
124 882
124 890
124 918
125 194
125 404
125 445
125 492
125 544
125 545
125 565
125 571
125 609
125 630
125 640
125 648
125 661
125 715
125 728
125 908
125 912
125 954
125 975
126 133
126 143
126 146
126 152
126 157
126 178
126 225
126 267
126 321
126 334
126 417
126 425
126 463
126 498
126 503
126 510
126 560
126 585
126 615
126 645
126 683
126 690
126 811
126 827
126 835
126 901
127 198
127 238
127 252
127 272
127 374
127 383
127 388
127 427
127 475
127 491
127 494
127 538
127 576
127 609
127 611
127 618
127 638
127 685
127 694
127 704
127 720
127 921
127 925
127 949
127 997
128 151
128 216
128 237
128 287
128 300
128 342
128 385
128 411
128 428
128 451
128 456
128 515
128 649
128 662
128 697
128 718
128 778
128 779
128 792
128 816
128 841
128 850
128 869
128 910
128 976
128 985
129 144
129 184
129 282
129 285
129 291
129 324
129 341
129 344
129 347
129 390
129 485
129 490
129 509
129 517
129 572
129 573
129 576
129 584
129 739
129 778
129 798
129 820
129 846
129 851
129 878
129 892
129 912
129 916
129 917
129 940
129 941
129 946
129 963
130 245
130 249
130 260
130 266
130 284
130 290
130 315
130 375
130 388
130 395
130 406
130 500
130 506
130 513
130 532
130 534
130 535
130 543
130 635
130 637
130 643
130 658
130 662
130 670
130 677
130 721
130 759
130 795
130 860
131 135
131 144
131 280
131 282
131 285
131 287
131 289
131 291
131 330
131 341
131 344
131 347
131 353
131 355
131 398
131 410
131 434
131 461
131 517
131 539
131 545
131 570
131 573
131 576
131 616
131 663
131 798
131 805
131 820
131 848
131 851
131 857
131 863
131 878
131 889
131 892
131 936
131 940
131 941
132 151
132 184
132 216
132 237
132 300
132 309
132 357
132 411
132 413
132 451
132 515
132 552
132 598
132 634
132 666
132 693
132 719
132 743
132 779
132 787
132 789
132 792
132 796
132 816
132 856
132 910
132 985
132 995
133 143
133 146
133 152
133 157
133 267
133 329
133 585
133 645
133 718
133 835
133 987
134 162
134 246
134 264
134 266
134 384
134 399
134 482
134 547
134 561
134 589
134 702
134 749
134 771
134 775
134 875
134 893
134 970
135 277
135 282
135 347
135 405
135 434
135 449
135 461
135 490
135 572
135 573
135 584
135 618
135 695
135 798
135 810
136 139
136 269
136 274
136 314
136 429
136 435
136 619
136 655
136 670
136 686
136 717
136 848
136 906
136 964
136 968
136 987
137 190
137 226
137 244
137 259
137 361
137 393
137 404
137 490
137 567
137 650
137 660
137 678
137 718
137 753
137 770
137 829
137 884
137 897
137 909
137 918
138 195
138 198
138 225
138 242
138 253
138 260
138 349
138 374
138 466
138 484
138 538
138 618
138 685
138 686
138 704
138 750
138 761
138 863
138 886
138 890
138 919
138 925
138 949
138 953
138 997
139 140
139 147
139 149
139 235
139 274
139 296
139 314
139 359
139 408
139 431
139 435
139 523
139 592
139 670
139 727
139 906
139 948
139 968
139 973
140 147
140 169
140 209
140 235
140 269
140 274
140 296
140 314
140 323
140 331
140 359
140 402
140 408
140 435
140 440
140 441
140 481
140 592
140 619
140 655
140 670
140 687
140 710
140 717
140 848
140 859
140 933
140 936
140 948
140 956
140 964
140 966
140 967
140 968
140 973
140 987
141 145
141 154
141 191
141 218
141 230
141 244
141 257
141 258
141 288
141 328
141 391
141 424
141 604
141 650
141 718
141 810
141 813
141 862
141 876
141 897
141 909
141 918
142 271
142 336
142 365
142 419
142 458
142 497
142 652
142 674
142 711
142 823
142 854
142 865
142 924
142 952
142 985
142 986
142 991
143 157
143 225
143 267
143 277
143 334
143 365
143 368
143 417
143 423
143 425
143 463
143 503
143 551
143 585
143 596
143 615
143 645
143 647
143 690
143 723
143 735
143 751
143 835
143 927
143 938
144 256
144 282
144 285
144 288
144 301
144 330
144 331
144 333
144 347
144 378
144 384
144 396
144 398
144 410
144 461
144 485
144 490
144 539
144 570
144 583
144 584
144 597
144 616
144 666
144 782
144 798
144 802
144 820
144 832
144 851
144 861
144 863
144 878
144 883
144 889
144 892
144 912
144 988
145 154
145 244
145 315
145 320
145 361
145 393
145 497
145 567
145 629
145 636
145 650
145 709
145 718
145 753
145 808
145 828
145 829
145 862
145 873
145 882
145 897
145 908
145 922
145 948
146 152
146 267
146 334
146 417
146 418
146 425
146 498
146 551
146 585
146 596
146 615
146 645
146 667
146 723
146 814
146 827
146 835
146 843
146 901
147 175
147 232
147 257
147 274
147 314
147 337
147 402
147 408
147 435
147 441
147 481
147 493
147 545
147 619
147 655
147 671
147 687
147 710
147 727
147 906
147 964
147 968
148 164
148 196
148 228
148 307
148 319
148 407
148 430
148 443
148 444
148 478
148 563
148 595
148 754
148 767
148 821
148 858
148 869
149 269
149 274
149 314
149 359
149 389
149 408
149 435
149 592
149 655
149 755
149 906
149 987
150 245
150 249
150 260
150 284
150 315
150 375
150 378
150 388
150 450
150 500
150 506
150 513
150 534
150 558
150 591
150 635
150 637
150 658
150 677
150 684
150 706
150 756
150 759
150 795
151 155
151 160
151 167
151 184
151 221
151 237
151 242
151 259
151 263
151 300
151 301
151 326
151 342
151 361
151 385
151 411
151 413
151 487
151 488
151 536
151 548
151 552
151 568
151 634
151 646
151 659
151 666
151 684
151 693
151 743
151 772
151 778
151 779
151 787
151 792
151 796
151 800
151 814
151 815
151 830
151 841
151 850
151 911
151 915
151 928
151 947
151 976
151 985
151 995
152 157
152 178
152 225
152 239
152 250
152 267
152 334
152 368
152 418
152 425
152 463
152 498
152 503
152 510
152 517
152 585
152 596
152 615
152 617
152 645
152 659
152 667
152 676
152 690
152 723
152 735
152 751
152 798
152 827
152 901
152 927
152 938
153 159
153 207
153 246
153 395
153 453
153 497
153 526
153 527
153 586
153 717
153 732
153 756
153 844
153 969
153 990
153 991
154 244
154 258
154 275
154 288
154 294
154 351
154 393
154 400
154 410
154 422
154 424
154 567
154 604
154 628
154 629
154 636
154 686
154 709
154 753
154 764
154 788
154 804
154 828
154 862
155 170
155 184
155 221
155 300
155 317
155 326
155 421
155 451
155 488
155 495
155 515
155 633
155 662
155 693
155 697
155 779
155 787
155 814
155 816
155 841
155 915
155 928
155 995
156 229
156 279
156 609
156 680
156 768
156 797
156 936
156 951
156 955
157 267
157 334
157 418
157 425
157 433
157 498
157 510
157 551
157 585
157 596
157 615
157 617
157 645
157 667
157 687
157 690
157 735
157 751
157 835
157 847
157 901
157 927
158 161
158 214
158 313
158 327
158 335
158 377
158 395
158 401
158 415
158 447
158 460
158 516
158 537
158 546
158 642
158 681
158 689
158 703
158 714
158 724
158 730
158 791
158 811
158 833
158 840
158 859
158 868
158 876
158 884
158 995
158 999
159 203
159 215
159 246
159 322
159 355
159 453
159 500
159 527
159 536
159 541
159 562
159 564
159 580
159 581
159 586
159 591
159 653
159 733
159 748
159 756
159 765
159 776
159 836
159 844
160 263
160 300
160 352
160 428
160 456
160 552
160 633
160 666
160 792
160 800
160 841
160 910
160 928
160 976
160 988
161 214
161 250
161 273
161 292
161 306
161 313
161 415
161 433
161 447
161 502
161 512
161 516
161 531
161 549
161 575
161 582
161 608
161 621
161 642
161 673
161 681
161 689
161 725
161 791
161 811
161 831
161 852
161 859
161 874
161 895
161 905
161 913
161 993
161 999
162 194
162 264
162 265
162 266
162 384
162 399
162 434
162 437
162 482
162 547
162 555
162 561
162 577
162 589
162 702
162 749
162 771
162 775
162 800
162 875
162 893
162 896
162 949
163 276
163 283
163 470
163 619
163 706
163 835
163 888
163 891
163 965
164 199
164 264
164 286
164 298
164 302
164 310
164 337
164 345
164 403
164 407
164 426
164 443
164 472
164 563
164 590
164 595
164 612
164 673
164 699
164 716
164 762
164 793
164 801
164 821
164 849
164 894
164 930
164 977
164 984
164 992
165 168
165 176
165 193
165 212
165 222
165 276
165 369
165 432
165 438
165 470
165 502
165 505
165 514
165 518
165 574
165 626
165 675
165 705
165 706
165 711
165 757
165 763
165 780
165 888
165 891
165 934
166 208
166 212
166 222
166 276
166 369
166 432
166 448
166 505
166 507
166 518
166 588
166 624
166 626
166 675
166 691
166 698
166 706
166 719
166 734
166 757
166 766
166 876
166 878
166 920
166 971
167 200
167 221
167 300
167 317
167 357
167 413
167 456
167 486
167 552
167 649
167 666
167 697
167 719
167 743
167 792
167 800
167 850
167 910
167 928
167 943
167 969
168 174
168 179
168 187
168 189
168 278
168 308
168 325
168 338
168 387
168 423
168 454
168 528
168 595
168 602
168 682
168 692
168 693
168 700
168 702
168 837
168 843
168 867
168 929
169 274
169 314
169 359
169 389
169 402
169 408
169 592
169 733
169 754
169 848
169 987
170 173
170 213
170 226
170 309
170 312
170 386
170 441
170 496
170 578
170 598
170 695
170 826
170 838
170 842
170 944
170 945
171 176
171 222
171 263
171 283
171 317
171 369
171 448
171 470
171 507
171 574
171 613
171 617
171 639
171 845
171 888
171 891
171 932
171 965
171 971
172 299
172 332
172 337
172 370
172 443
172 455
172 575
172 590
172 595
172 688
172 752
172 767
172 769
172 793
172 809
172 846
172 849
172 894
172 958
172 992
173 204
173 205
173 226
173 309
173 312
173 357
173 386
173 476
173 496
173 578
173 598
173 620
173 695
173 731
173 824
173 826
173 838
173 842
173 945
173 955
173 979
174 187
174 189
174 206
174 239
174 266
174 278
174 308
174 325
174 338
174 400
174 423
174 454
174 528
174 627
174 692
174 833
174 837
174 867
174 877
174 929
174 944
174 969
175 271
175 336
175 419
175 458
175 674
175 711
175 823
175 854
175 885
175 908
175 924
175 952
175 961
175 986
175 991
176 201
176 212
176 222
176 223
176 270
176 276
176 297
176 369
176 391
176 438
176 448
176 465
176 505
176 507
176 514
176 518
176 574
176 590
176 626
176 639
176 675
176 691
176 698
176 706
176 734
176 737
176 740
176 745
176 757
176 766
176 780
176 781
176 785
176 818
176 876
176 888
176 891
176 920
176 934
176 935
176 950
176 971
177 256
177 318
177 348
177 588
177 599
177 790
177 799
177 853
177 864
177 866
177 978
177 996
178 267
178 425
178 585
178 596
178 615
178 645
178 760
178 827
179 278
179 325
179 338
179 359
179 423
179 650
179 837
179 843
179 929
180 186
180 271
180 336
180 419
180 458
180 652
180 711
180 823
180 854
180 865
180 924
180 952
180 955
180 986
181 413
181 428
181 446
181 487
181 552
181 666
181 719
181 738
181 772
181 778
181 779
181 792
181 796
181 816
181 839
181 910
181 928
181 981
181 985
182 198
182 200
182 240
182 349
182 427
182 466
182 475
182 494
182 685
182 686
182 704
182 739
182 740
182 925
182 939
182 953
182 997
183 188
183 521
183 540
183 545
183 630
183 645
183 648
183 661
183 912
184 192
184 216
184 221
184 237
184 259
184 300
184 326
184 342
184 357
184 365
184 385
184 409
184 411
184 413
184 456
184 486
184 487
184 503
184 536
184 568
184 602
184 634
184 659
184 662
184 666
184 684
184 697
184 738
184 743
184 778
184 779
184 792
184 796
184 807
184 814
184 816
184 856
184 859
184 910
184 911
184 915
184 928
184 943
184 976
185 194
185 219
185 224
185 380
185 381
185 418
185 504
185 511
185 544
185 548
185 565
185 598
185 648
185 661
185 728
185 810
185 879
185 899
185 954
185 975
185 989
186 271
186 325
186 336
186 365
186 419
186 570
186 704
186 711
186 753
186 823
186 847
186 854
186 924
186 952
186 985
186 986
187 189
187 308
187 338
187 400
187 423
187 528
187 581
187 700
187 837
187 843
187 855
188 194
188 224
188 261
188 339
188 364
188 540
188 571
188 648
188 661
188 728
188 744
188 759
188 817
188 912
188 975
188 986
189 278
189 308
189 454
189 470
189 627
189 705
189 787
189 827
189 837
189 843
189 867
189 929
189 975
190 191
190 244
190 275
190 287
190 288
190 366
190 392
190 393
190 424
190 550
190 567
190 629
190 650
190 718
190 770
190 813
190 861
190 881
190 910
191 230
191 244
191 247
191 258
191 275
191 293
191 294
191 345
191 360
191 391
191 392
191 404
191 424
191 459
191 514
191 567
191 604
191 636
191 639
191 641
191 678
191 718
191 753
191 764
191 774
191 777
191 783
191 786
191 788
191 804
191 808
191 819
191 829
191 862
191 873
191 882
191 908
191 909
191 914
191 939
191 980
192 263
192 295
192 300
192 305
192 317
192 342
192 451
192 552
192 581
192 659
192 662
192 666
192 673
192 693
192 697
192 719
192 789
192 792
192 800
192 815
192 825
192 850
192 884
192 985
192 995
193 286
193 299
193 436
193 453
193 472
193 612
193 673
193 688
193 699
193 729
193 767
193 769
193 793
193 809
193 894
193 984
193 992
194 219
194 223
194 261
194 364
194 445
194 504
194 511
194 544
194 548
194 571
194 661
194 688
194 692
194 708
194 715
194 744
194 836
194 879
194 899
194 912
194 938
194 972
194 974
194 975
194 989
194 992
194 994
195 236
195 238
195 242
195 300
195 334
195 470
195 638
195 696
195 704
195 716
195 742
195 997
196 298
196 332
196 345
196 370
196 612
196 722
196 752
196 754
196 767
196 805
196 809
196 929
196 930
197 198
197 200
197 367
197 371
197 374
197 518
197 611
197 638
197 694
197 720
197 919
197 925
197 953
197 981
197 997
198 200
198 240
198 466
198 475
198 538
198 625
198 638
198 694
198 716
198 720
198 739
198 742
198 750
198 816
198 844
198 855
198 953
198 981
198 997
199 228
199 299
199 319
199 337
199 355
199 370
199 403
199 426
199 443
199 444
199 472
199 473
199 478
199 595
199 612
199 687
199 729
199 752
199 762
199 767
199 793
199 809
199 821
199 846
199 858
199 931
199 958
199 977
199 992
200 238
200 272
200 349
200 383
200 434
200 538
200 583
200 611
200 618
200 625
200 686
200 704
200 716
200 720
200 855
200 886
200 890
200 919
200 921
200 925
200 953
200 969
200 981
200 997
201 208
201 212
201 222
201 276
201 295
201 357
201 369
201 380
201 399
201 438
201 444
201 465
201 470
201 492
201 505
201 514
201 518
201 574
201 624
201 639
201 675
201 682
201 698
201 705
201 706
201 737
201 741
201 745
201 757
201 763
201 766
201 780
201 785
201 843
201 888
201 891
201 920
201 932
201 934
201 935
201 942
201 950
201 965
201 971
202 274
202 314
202 350
202 359
202 389
202 408
202 435
202 441
202 655
202 670
202 717
202 733
202 746
202 848
202 906
202 948
202 968
202 987
203 215
203 220
203 246
203 269
203 281
203 453
203 464
203 497
203 527
203 562
203 580
203 581
203 609
203 707
203 733
203 756
203 776
203 969
203 990
204 213
204 309
204 312
204 496
204 553
204 578
204 598
204 695
204 824
204 826
204 838
204 842
204 955
205 213
205 309
205 312
205 476
205 695
205 731
205 783
205 824
205 826
205 904
205 955
206 274
206 359
206 389
206 408
206 479
206 529
206 604
206 655
206 670
206 792
206 848
206 906
206 948
206 964
206 967
207 322
207 453
207 541
207 562
207 581
207 707
207 732
207 733
207 756
207 969
207 996
208 212
208 222
208 276
208 283
208 369
208 438
208 505
208 514
208 518
208 639
208 785
208 888
208 891
208 971
209 269
209 314
209 344
209 389
209 592
209 655
209 687
209 717
209 987
210 260
210 287
210 336
210 375
210 388
210 450
210 558
210 677
210 860
210 918
211 223
211 250
211 279
211 306
211 311
211 358
211 457
211 508
211 512
211 516
211 531
211 575
211 623
211 642
211 647
211 689
211 703
211 730
211 833
211 884
211 995
212 438
212 514
212 574
212 641
212 691
212 745
212 919
212 934
212 971
213 312
213 487
213 578
213 620
213 695
213 761
213 842
213 955
214 219
214 250
214 273
214 311
214 313
214 335
214 358
214 372
214 402
214 483
214 488
214 516
214 549
214 623
214 663
214 714
214 724
214 725
214 736
214 773
214 781
214 831
214 833
214 840
214 852
214 874
214 895
214 902
214 993
215 270
215 281
215 322
215 420
215 464
215 497
215 527
215 541
215 562
215 564
215 580
215 581
215 586
215 653
215 707
215 733
215 748
215 753
215 756
215 765
215 776
215 844
215 942
215 969
215 990
216 220
216 221
216 342
216 357
216 385
216 409
216 424
216 428
216 488
216 496
216 633
216 659
216 661
216 684
216 719
216 802
216 856
216 928
216 995
217 264
217 266
217 399
217 589
217 702
217 727
217 771
217 803
217 904
217 959
218 230
218 292
218 361
218 364
218 424
218 439
218 459
218 493
218 567
218 629
218 670
218 678
218 788
218 800
218 804
218 808
218 914
219 261
219 348
219 381
219 533
219 540
219 565
219 648
219 679
219 728
219 838
220 221
220 259
220 300
220 305
220 352
220 401
220 409
220 411
220 451
220 456
220 487
220 501
220 536
220 568
220 646
220 662
220 693
220 738
220 743
220 756
220 779
220 789
220 792
220 807
220 839
220 910
220 911
220 943
220 976
221 300
221 317
221 326
221 352
221 568
221 624
221 633
221 645
221 666
221 779
221 785
221 789
221 800
221 815
221 911
221 915
221 943
221 985
222 276
222 283
222 369
222 432
222 438
222 448
222 505
222 518
222 519
222 625
222 675
222 691
222 706
222 734
222 740
222 757
222 766
222 780
222 888
222 891
222 932
222 934
223 273
223 292
223 297
223 306
223 313
223 342
223 358
223 372
223 377
223 401
223 415
223 420
223 423
223 447
223 483
223 512
223 546
223 549
223 575
223 582
223 623
223 642
223 663
223 681
223 689
223 724
223 725
223 736
223 781
223 784
223 791
223 833
223 840
223 852
223 859
223 884
223 895
223 902
223 905
223 926
223 999
223 1000
224 268
224 364
224 381
224 436
224 504
224 545
224 565
224 571
224 630
224 661
224 747
224 836
224 912
224 982
225 267
225 334
225 418
225 425
225 463
225 508
225 510
225 585
225 596
225 615
225 631
225 645
225 667
225 673
225 723
225 735
225 751
225 835
225 938
226 244
226 312
226 386
226 578
226 689
226 695
226 826
226 838
226 955
226 979
227 350
227 362
227 481
227 559
227 560
227 607
227 614
227 931
227 985
228 307
228 310
228 332
228 345
228 370
228 443
228 444
228 478
228 504
228 590
228 595
228 607
228 616
228 673
228 699
228 752
228 762
228 821
228 834
228 835
228 888
228 923
228 930
228 958
228 967
229 377
229 469
229 474
229 516
229 566
229 600
229 669
229 671
229 713
229 797
229 812
229 951
229 961
230 258
230 343
230 366
230 392
230 393
230 414
230 424
230 439
230 442
230 604
230 629
230 753
230 769
230 788
230 808
230 922
230 980
231 256
231 331
231 347
231 363
231 405
231 570
231 584
231 613
231 619
231 782
231 846
231 941
232 274
232 334
232 359
232 435
232 441
232 479
232 481
232 655
232 670
232 906
232 933
232 987
233 303
233 338
233 350
233 373
233 375
233 376
233 382
233 480
233 579
233 610
233 614
233 621
233 632
233 672
234 255
234 348
234 376
234 430
234 441
234 479
234 520
234 524
234 556
234 587
234 599
234 741
234 800
234 887
234 978
235 250
235 359
235 408
235 435
235 479
235 481
235 529
235 670
235 694
235 724
235 848
235 925
235 987
236 272
236 574
236 605
236 611
236 618
236 638
236 720
236 925
236 949
236 953
237 259
237 309
237 515
237 536
237 659
237 666
237 779
237 787
237 796
237 814
237 985
237 995
238 349
238 466
238 491
238 605
238 638
238 655
238 720
238 830
238 855
238 925
238 997
239 278
239 338
239 423
239 454
239 489
239 528
239 602
239 700
239 837
239 843
239 929
240 272
240 346
240 374
240 625
240 686
240 704
240 716
240 855
240 949
240 953
240 997
241 371
241 401
241 477
241 519
241 522
241 525
241 542
241 604
241 606
241 654
241 664
241 755
242 272
242 435
242 466
242 611
242 638
242 686
242 704
242 716
242 720
242 886
242 919
242 925
242 997
243 260
243 343
243 351
243 389
243 424
243 454
243 600
243 618
243 650
243 774
243 783
243 786
243 828
243 862
243 873
243 909
243 914
243 924
244 254
244 256
244 275
244 288
244 340
244 343
244 351
244 366
244 404
244 422
244 439
244 457
244 459
244 567
244 604
244 628
244 641
244 650
244 709
244 718
244 753
244 774
244 777
244 783
244 786
244 804
244 813
244 828
244 829
244 861
244 862
244 873
244 881
244 882
244 897
244 898
244 908
244 909
244 980
245 260
245 295
245 375
245 379
245 443
245 450
245 558
245 658
245 677
246 504
246 526
246 562
246 581
246 756
246 773
246 844
246 969
246 970
247 248
247 251
247 348
247 354
247 376
247 406
247 416
247 430
247 489
247 520
247 537
247 569
247 576
247 588
247 599
247 601
247 651
247 764
247 799
247 853
247 862
247 864
247 866
247 887
247 923
247 934
247 978
247 996
248 270
248 282
248 348
248 376
248 520
248 556
248 587
248 588
248 599
248 602
249 284
249 315
249 406
249 450
249 513
249 534
249 558
249 565
249 591
249 599
249 635
249 637
249 643
249 658
249 677
249 795
250 306
250 327
250 372
250 395
250 401
250 420
250 483
250 516
250 575
250 616
250 663
250 689
250 730
250 736
250 773
250 781
250 784
250 831
250 833
250 884
250 905
251 348
251 376
251 520
251 569
251 588
251 651
251 741
251 886
251 990
252 255
252 376
252 520
252 537
252 556
252 599
252 866
252 978
252 998
253 272
253 373
253 571
253 625
253 685
253 720
253 739
253 838
253 855
253 886
253 925
253 997
254 347
254 361
254 384
254 393
254 599
254 641
254 650
254 664
254 718
254 753
254 786
254 882
254 897
254 903
255 304
255 315
255 318
255 324
255 346
255 348
255 354
255 376
255 387
255 489
255 499
255 500
255 520
255 524
255 537
255 556
255 569
255 588
255 599
255 601
255 651
255 790
255 853
255 866
255 887
255 978
255 996
255 998
256 282
256 287
256 297
256 301
256 331
256 333
256 353
256 357
256 398
256 405
256 461
256 467
256 485
256 539
256 573
256 576
256 584
256 597
256 798
256 846
256 863
256 878
256 892
256 953
256 988
257 350
257 382
257 438
257 480
257 483
257 559
257 560
257 568
257 579
257 607
257 614
257 837
258 361
258 366
258 393
258 397
258 404
258 422
258 424
258 567
258 629
258 650
258 678
258 718
258 753
258 777
258 783
258 881
258 909
258 914
258 957
258 980
259 285
259 300
259 402
259 552
259 612
259 659
259 684
259 743
259 779
259 789
259 800
259 841
259 910
259 911
260 284
260 315
260 375
260 379
260 406
260 418
260 500
260 506
260 513
260 534
260 535
260 543
260 558
260 591
260 635
260 658
260 677
260 722
260 795
260 860
260 982
261 364
261 533
261 548
261 565
261 571
261 615
261 661
261 715
261 728
261 744
261 753
261 899
261 912
261 986
262 292
262 297
262 306
262 341
262 372
262 412
262 483
262 531
262 608
262 663
262 689
262 703
262 724
262 768
262 773
262 784
262 791
262 831
262 833
262 845
262 926
263 300
263 357
263 411
263 451
263 487
263 495
263 501
263 515
263 536
263 595
263 649
263 684
263 720
263 779
263 787
263 796
263 896
263 910
263 928
263 985
263 995
264 265
264 291
264 399
264 437
264 482
264 547
264 555
264 561
264 577
264 593
264 660
264 666
264 702
264 749
264 771
264 803
264 875
264 893
264 904
264 955
264 959
264 970
265 266
265 399
265 437
265 441
265 547
265 555
265 561
265 577
265 660
265 771
265 775
265 893
265 959
265 970
266 384
266 539
266 547
266 555
266 561
266 589
266 593
266 771
266 875
266 904
266 959
267 276
267 334
267 365
267 394
267 416
267 417
267 418
267 425
267 433
267 463
267 498
267 503
267 551
267 585
267 615
267 645
267 667
267 679
267 690
267 723
267 735
267 751
267 781
267 827
267 835
267 901
267 927
267 993
268 397
268 414
268 462
268 530
268 587
268 616
268 656
268 679
268 822
268 871
268 903
269 274
269 296
269 314
269 323
269 402
269 403
269 408
269 429
269 431
269 441
269 592
269 655
269 670
269 687
269 727
269 814
269 848
269 906
269 971
269 987
270 281
270 322
270 355
270 375
270 443
270 453
270 464
270 527
270 541
270 562
270 564
270 580
270 681
270 707
270 732
270 733
270 748
270 756
270 776
270 844
270 960
270 969
271 336
271 453
271 458
271 470
271 652
271 674
271 823
271 885
271 924
271 986
271 991
272 349
272 466
272 475
272 538
272 611
272 625
272 649
272 694
272 704
272 716
272 739
272 742
272 831
272 855
272 921
272 925
272 949
272 953
272 981
272 997
273 292
273 313
273 362
273 372
273 377
273 412
273 447
273 483
273 508
273 516
273 546
273 549
273 554
273 606
273 608
273 663
273 703
273 736
273 773
273 781
273 791
273 811
273 868
273 902
273 913
273 924
273 926
273 993
273 999
274 296
274 314
274 323
274 359
274 389
274 402
274 408
274 429
274 435
274 441
274 469
274 479
274 481
274 493
274 529
274 592
274 655
274 670
274 711
274 717
274 809
274 848
274 906
274 956
274 964
274 967
274 968
274 972
274 973
274 987
275 288
275 294
275 343
275 351
275 404
275 419
275 424
275 636
275 709
275 779
275 786
275 787
275 788
275 866
276 295
276 369
276 424
276 432
276 438
276 448
276 465
276 470
276 471
276 484
276 507
276 514
276 518
276 574
276 575
276 579
276 583
276 624
276 626
276 691
276 698
276 705
276 706
276 734
276 737
276 740
276 745
276 757
276 763
276 785
276 818
276 888
276 920
276 950
276 971
277 282
277 285
277 316
277 331
277 344
277 363
277 485
277 490
277 509
277 517
277 576
277 714
277 802
277 846
277 883
277 889
277 954
277 963
278 308
278 338
278 405
278 423
278 454
278 678
278 682
278 692
278 837
278 843
278 867
278 875
278 877
278 929
278 944
279 359
279 553
279 680
279 797
279 846
279 936
279 951
279 962
280 285
280 291
280 344
280 376
280 398
280 405
280 461
280 570
280 573
280 576
280 605
280 798
280 805
280 820
280 846
280 889
280 916
281 355
281 453
281 497
281 526
281 562
281 564
281 581
281 586
281 646
281 654
281 707
281 712
281 733
281 756
281 758
281 844
281 990
282 285
282 287
282 289
282 291
282 316
282 333
282 344
282 378
282 398
282 405
282 461
282 467
282 483
282 485
282 539
282 570
282 573
282 576
282 583
282 584
282 595
282 609
282 704
282 777
282 798
282 805
282 832
282 846
282 847
282 851
282 869
282 889
282 892
282 940
282 988
282 990
283 470
283 507
283 514
283 518
283 675
283 737
283 876
283 891
283 934
283 950
283 971
284 315
284 333
284 375
284 388
284 500
284 513
284 515
284 532
284 535
284 543
284 558
284 591
284 635
284 637
284 643
284 651
284 658
284 677
284 759
284 795
284 860
285 287
285 289
285 330
285 331
285 333
285 341
285 344
285 347
285 353
285 363
285 398
285 410
285 434
285 446
285 570
285 576
285 583
285 613
285 687
285 761
285 782
285 798
285 802
285 805
285 821
285 832
285 846
285 847
285 863
285 916
285 946
285 984
285 988
285 989
286 307
286 345
286 370
286 472
286 473
286 590
286 612
286 673
286 682
286 722
286 752
286 754
286 767
286 794
286 801
286 809
286 821
286 858
286 931
286 977
286 984
287 316
287 330
287 331
287 354
287 390
287 490
287 570
287 576
287 597
287 857
287 889
287 941
287 947
288 293
288 320
288 343
288 351
288 391
288 439
288 567
288 584
288 629
288 636
288 650
288 658
288 709
288 718
288 753
288 774
288 777
288 783
288 813
288 817
288 861
288 862
288 873
288 881
288 914
288 918
288 983
289 301
289 333
289 347
289 378
289 398
289 509
289 517
289 570
289 597
289 716
289 745
289 798
289 805
289 832
289 846
289 940
289 963
290 315
290 379
290 388
290 506
290 513
290 543
290 658
290 677
291 301
291 306
291 324
291 344
291 363
291 405
291 446
291 449
291 490
291 509
291 570
291 572
291 589
291 798
291 832
291 846
291 882
291 889
291 892
291 937
291 963
291 988
292 306
292 401
292 445
292 483
292 485
292 546
292 549
292 575
292 623
292 732
292 736
292 784
292 874
292 884
292 907
292 958
293 320
293 328
293 404
293 422
293 424
293 570
293 608
293 629
293 677
293 685
293 770
293 777
293 779
293 788
293 908
294 320
294 361
294 382
294 404
294 424
294 459
294 491
294 516
294 567
294 604
294 650
294 709
294 764
294 770
294 813
294 819
294 828
294 829
294 862
294 864
294 881
294 897
294 908
294 909
294 939
294 983
295 432
295 468
295 518
295 698
295 706
295 716
295 888
295 920
295 935
296 301
296 314
296 359
296 389
296 408
296 441
296 479
296 481
296 529
296 592
296 655
296 670
296 687
296 848
296 906
296 933
296 966
296 968
296 983
297 311
297 401
297 483
297 516
297 575
297 582
297 681
297 704
297 730
297 736
297 773
297 833
297 845
297 926
298 310
298 363
298 407
298 444
298 688
298 729
298 754
298 767
298 809
298 900
298 965
299 337
299 403
299 595
299 754
299 767
299 793
299 807
299 809
299 984
299 992
300 305
300 326
300 352
300 357
300 409
300 411
300 413
300 420
300 451
300 486
300 488
300 515
300 552
300 568
300 649
300 659
300 666
300 693
300 738
300 743
300 787
300 789
300 796
300 800
300 812
300 814
300 815
300 830
300 850
300 856
300 909
300 910
300 928
300 931
300 976
301 331
301 398
301 449
301 461
301 467
301 489
301 616
301 820
301 889
302 307
302 319
302 370
302 378
302 599
302 653
302 712
302 762
302 767
302 793
302 958
302 977
303 373
303 480
303 585
303 607
303 610
303 614
304 348
304 354
304 499
304 524
304 599
304 866
304 887
304 888
304 978
305 409
305 458
305 495
305 666
305 740
305 796
305 800
305 816
305 910
305 911
305 995
306 327
306 358
306 362
306 395
306 398
306 415
306 420
306 483
306 512
306 516
306 549
306 582
306 620
306 663
306 665
306 689
306 703
306 714
306 781
306 784
306 791
306 811
306 833
306 840
306 868
306 874
306 993
307 345
307 370
307 590
307 595
307 612
307 645
307 722
307 930
307 984
308 325
308 338
308 400
308 423
308 454
308 528
308 627
308 700
308 729
308 837
308 842
308 843
308 844
308 867
308 877
308 889
308 929
308 944
308 991
309 312
309 323
309 386
309 476
309 496
309 578
309 598
309 620
309 695
309 720
309 731
309 760
309 824
309 826
309 838
309 945
309 955
309 979
310 403
310 407
310 479
310 480
310 612
310 629
310 688
310 729
310 809
310 820
310 858
310 910
310 958
311 350
311 358
311 362
311 372
311 399
311 457
311 483
311 512
311 516
311 518
311 575
311 644
311 663
311 681
311 724
311 730
311 736
311 773
311 781
311 791
311 833
311 840
311 859
311 884
311 905
311 907
312 386
312 476
312 496
312 578
312 598
312 620
312 636
312 656
312 695
312 731
312 824
312 826
312 838
312 842
312 906
312 945
312 955
312 979
313 335
313 362
313 372
313 376
313 420
313 608
313 647
313 663
313 689
313 736
313 791
313 811
313 840
313 993
314 323
314 359
314 389
314 402
314 431
314 435
314 441
314 481
314 524
314 529
314 592
314 655
314 710
314 717
314 830
314 848
314 906
314 922
314 933
314 956
314 964
314 987
315 321
315 375
315 500
315 543
315 558
315 637
315 860
316 321
316 335
316 347
316 390
316 398
316 408
316 423
316 490
316 497
316 570
316 576
316 584
316 616
316 802
316 820
316 832
316 846
316 847
316 878
316 889
317 411
317 413
317 487
317 495
317 514
317 515
317 634
317 659
317 743
317 787
317 792
317 796
317 807
317 850
317 928
317 943
318 376
318 499
318 524
318 556
318 569
318 588
318 599
318 601
318 604
318 723
318 728
318 768
318 799
318 853
318 864
318 887
319 332
319 407
319 595
319 752
319 762
319 793
319 823
319 834
319 930
319 958
319 984
320 393
320 543
320 550
320 650
320 716
320 753
320 918
320 993
321 347
321 378
321 398
321 570
321 597
321 753
321 798
321 805
321 846
321 881
321 941
322 355
322 453
322 485
322 518
322 526
322 527
322 541
322 562
322 581
322 653
322 732
322 733
322 756
322 765
322 776
322 844
322 906
322 969
323 435
323 479
323 481
323 529
323 592
323 655
323 746
323 908
323 933
323 948
323 968
323 975
323 987
324 330
324 331
324 363
324 378
324 405
324 416
324 434
324 452
324 461
324 485
324 517
324 570
324 576
324 616
324 715
324 782
324 798
324 805
324 846
324 889
324 941
325 338
325 423
325 528
325 682
325 809
325 867
325 929
325 944
326 357
326 642
326 666
326 697
326 779
326 807
326 841
326 928
327 362
327 372
327 516
327 549
327 575
327 672
327 725
327 736
327 784
327 813
327 884
327 943
328 331
328 343
328 361
328 366
328 392
328 424
328 550
328 567
328 650
328 777
328 788
328 909
328 918
328 968
329 348
329 362
329 511
329 552
329 565
329 648
329 692
329 879
329 972
329 982
330 390
330 447
330 485
330 570
330 583
330 746
330 941
331 333
331 344
331 347
331 378
331 461
331 490
331 539
331 570
331 573
331 584
331 613
331 647
331 798
331 846
331 847
331 851
331 883
331 889
331 916
331 941
331 946
331 947
331 963
331 988
332 361
332 444
332 502
332 563
332 729
332 767
332 793
332 794
332 827
332 992
333 396
333 405
333 469
333 485
333 509
333 573
333 576
333 613
333 802
333 820
333 832
333 889
333 946
334 352
334 418
334 425
334 433
334 498
334 578
334 585
334 596
334 615
334 617
334 827
334 835
335 358
335 401
335 447
335 460
335 516
335 531
335 546
335 642
335 672
335 681
335 730
335 791
335 833
335 884
335 902
335 945
336 365
336 458
336 480
336 652
336 692
336 711
336 718
336 835
336 854
336 865
336 885
336 924
336 952
337 370
337 563
337 582
337 729
337 754
337 762
337 767
337 793
337 794
337 809
337 894
338 423
338 536
338 627
338 700
338 803
338 837
338 877
338 930
338 944
339 519
339 522
339 525
339 542
339 594
339 631
339 654
339 661
339 664
339 721
339 725
339 755
340 520
340 604
340 628
340 629
340 678
340 764
340 777
340 788
340 802
340 908
340 909
340 918
341 343
341 347
341 485
341 576
341 584
341 597
341 832
341 846
341 941
341 946
342 411
342 435
342 552
342 634
342 666
342 697
342 730
342 787
342 807
342 816
342 830
342 911
342 928
342 941
342 989
343 351
343 361
343 391
343 407
343 413
343 494
343 567
343 629
343 636
343 650
343 718
343 728
343 753
343 764
343 862
343 871
343 914
343 937
343 941
343 980
344 485
344 490
344 517
344 580
344 584
344 700
344 832
344 843
344 846
344 889
344 892
344 957
344 963
344 965
345 351
345 403
345 432
345 443
345 444
345 478
345 563
345 612
345 729
345 735
345 752
345 793
345 809
345 834
345 929
345 931
345 958
345 984
346 376
346 430
346 520
346 556
346 588
346 599
346 726
346 768
347 359
347 368
347 378
347 385
347 390
347 398
347 410
347 422
347 461
347 471
347 485
347 490
347 493
347 570
347 572
347 576
347 583
347 613
347 616
347 650
347 782
347 798
347 805
347 810
347 832
347 846
347 857
347 863
347 889
347 892
347 916
347 940
347 946
347 957
347 963
347 988
348 376
348 453
348 489
348 520
348 588
348 599
348 651
348 726
348 768
348 923
348 963
348 978
348 998
349 374
349 494
349 605
349 720
349 761
349 814
349 886
349 919
349 925
349 949
349 997
350 356
350 373
350 382
350 477
350 480
350 560
350 579
350 614
350 632
350 858
350 870
351 392
351 393
351 404
351 484
351 567
351 594
351 628
351 629
351 636
351 650
351 752
351 753
351 777
351 806
351 882
351 911
351 983
352 487
352 495
352 552
352 646
352 666
352 684
352 779
352 807
352 841
352 850
352 995
353 363
353 405
353 410
353 434
353 461
353 485
353 517
353 570
353 576
353 820
353 832
353 846
353 847
353 878
353 886
353 889
353 903
353 905
353 940
353 941
353 957
354 376
354 556
354 569
354 588
354 663
354 866
354 871
354 923
354 978
355 527
355 562
355 571
355 581
355 586
355 712
355 733
355 748
355 756
355 776
355 796
355 844
355 904
355 969
355 972
356 373
356 382
356 401
356 480
356 560
356 579
356 607
356 614
356 752
357 409
357 413
357 487
357 536
357 642
357 649
357 693
357 738
357 796
357 800
357 815
357 816
357 910
357 960
357 985
358 372
358 395
358 401
358 403
358 420
358 460
358 500
358 516
358 546
358 575
358 582
358 642
358 663
358 675
358 714
358 730
358 767
358 773
358 784
358 791
358 833
358 845
358 884
358 895
358 905
358 913
358 993
359 368
359 402
359 408
359 435
359 474
359 479
359 592
359 643
359 655
359 710
359 717
359 727
359 746
359 848
359 906
359 933
359 966
359 967
359 968
359 973
359 987
360 567
360 596
360 604
360 629
360 636
360 650
360 678
360 764
360 777
360 829
361 424
361 439
361 549
361 567
361 628
361 629
361 636
361 650
361 678
361 718
361 764
361 770
361 806
361 813
361 817
361 861
361 862
361 882
361 897
361 909
361 914
361 918
361 937
362 377
362 412
362 415
362 531
362 549
362 623
362 642
362 647
362 681
362 714
362 724
362 735
362 736
362 748
362 791
362 811
362 833
362 868
362 874
362 884
362 891
362 895
362 902
362 926
362 999
362 1000
363 378
363 398
363 404
363 449
363 456
363 517
363 573
363 583
363 798
363 810
363 820
363 847
363 889
363 911
363 917
363 963
364 479
364 544
364 565
364 571
364 630
364 640
364 648
364 736
364 899
364 912
364 982
364 989
365 419
365 458
365 603
365 652
365 674
365 711
365 750
365 823
365 854
365 952
365 991
366 393
366 622
366 636
366 650
366 777
366 794
366 806
366 817
366 908
366 922
367 397
367 414
367 442
367 462
367 523
367 530
367 682
367 683
367 822
367 871
367 903
368 418
368 585
368 615
368 645
368 667
368 751
368 807
368 938
369 432
369 505
369 507
369 638
369 691
369 745
369 766
369 780
369 785
369 888
369 901
369 914
369 932
369 950
370 403
370 407
370 472
370 473
370 478
370 502
370 540
370 563
370 612
370 688
370 729
370 767
370 793
370 794
370 821
370 834
370 844
370 849
370 869
370 872
370 930
370 931
370 977
370 984
370 988
371 477
371 519
371 521
371 525
371 542
371 606
371 631
371 654
371 720
371 755
372 412
372 416
372 447
372 479
372 512
372 516
372 549
372 575
372 582
372 647
372 663
372 665
372 681
372 689
372 703
372 724
372 736
372 773
372 784
372 805
372 833
372 845
372 859
372 876
372 884
372 902
372 985
372 987
372 1000
373 382
373 562
373 607
373 870
374 466
374 550
374 605
374 638
374 679
374 686
374 704
374 739
374 742
374 855
374 879
374 886
374 921
374 949
374 997
375 379
375 388
375 406
375 500
375 506
375 513
375 532
375 534
375 535
375 591
375 635
375 637
375 643
375 658
375 677
375 759
375 795
375 860
375 865
375 973
375 986
376 430
376 489
376 520
376 524
376 537
376 556
376 569
376 587
376 588
376 589
376 599
376 607
376 625
376 651
376 799
376 853
376 864
376 866
376 978
376 979
377 429
377 447
377 546
377 549
377 573
377 623
377 689
377 833
377 845
377 859
378 398
378 434
378 446
378 570
378 573
378 584
378 702
378 725
378 779
378 805
378 832
378 847
378 857
378 863
378 883
378 940
378 988
378 991
379 388
379 418
379 500
379 513
379 534
379 535
379 591
379 643
379 677
379 763
380 511
380 540
380 544
380 630
380 648
380 661
380 900
380 912
381 504
381 544
381 545
381 630
381 640
381 779
381 836
381 912
381 954
381 966
381 982
382 434
382 480
382 559
382 560
382 579
382 607
382 610
382 865
383 472
383 491
383 538
383 605
383 618
383 637
383 638
383 704
383 716
383 890
383 925
383 953
383 997
384 577
384 589
384 702
384 749
384 771
384 775
384 795
384 893
384 904
384 955
384 970
385 480
385 488
385 662
385 684
385 693
385 719
385 743
385 779
385 791
385 792
385 800
385 841
385 915
385 928
385 981
385 985
386 403
386 476
386 496
386 578
386 620
386 695
386 824
386 826
386 838
386 842
386 888
386 955
387 520
387 537
387 556
387 588
387 599
387 615
387 864
387 966
387 978
388 506
388 534
388 558
388 635
388 677
388 807
388 941
389 408
389 435
389 457
389 481
389 493
389 592
389 670
389 687
389 761
389 827
389 906
389 964
389 968
389 987
390 398
390 405
390 446
390 485
390 509
390 514
390 517
390 532
390 576
390 583
390 597
390 609
390 616
390 697
390 810
390 832
390 833
390 846
390 847
390 863
390 963
390 988
391 503
391 567
391 636
391 650
391 678
391 709
391 718
391 724
391 862
391 881
391 897
391 903
391 909
391 914
391 983
392 479
392 567
392 629
392 641
392 650
392 709
392 718
392 747
392 753
392 770
392 777
392 783
392 788
392 798
392 800
392 813
392 819
392 882
392 900
392 902
392 939
392 983
393 404
393 422
393 425
393 567
393 628
393 629
393 636
393 650
393 709
393 718
393 786
393 806
393 817
393 829
393 873
393 908
393 909
393 914
393 918
393 923
394 418
394 425
394 519
394 585
394 596
394 615
394 617
394 645
394 735
394 835
394 925
395 401
395 447
395 582
395 681
395 689
395 736
395 791
395 812
395 833
395 902
395 913
396 405
396 485
396 576
396 583
396 616
396 689
396 716
396 810
396 832
396 846
396 849
396 863
397 414
397 421
397 442
397 468
397 530
397 554
397 557
397 603
397 669
397 825
397 880
398 405
398 416
398 485
398 490
398 572
398 576
398 584
398 597
398 665
398 805
398 810
398 846
398 857
398 863
398 878
399 482
399 555
399 589
399 771
399 803
399 819
399 875
399 893
399 959
399 970
400 423
400 528
400 541
400 689
400 700
400 837
400 843
400 929
400 944
401 403
401 420
401 457
401 460
401 501
401 512
401 575
401 582
401 623
401 642
401 672
401 689
401 703
401 714
401 725
401 773
401 781
401 784
401 791
401 797
401 811
401 831
401 833
401 859
401 868
401 874
401 884
401 895
401 902
401 972
401 993
401 1000
402 408
402 431
402 435
402 478
402 529
402 655
402 675
402 717
402 848
402 906
402 966
402 973
402 987
403 407
403 426
403 440
403 455
403 478
403 502
403 562
403 588
403 590
403 595
403 673
403 699
403 722
403 754
403 762
403 767
403 769
403 793
403 794
403 801
403 809
403 834
403 849
403 872
403 900
403 930
403 984
403 992
404 422
404 424
404 629
404 650
404 777
404 788
404 806
404 813
404 817
404 829
404 882
404 909
405 434
405 446
405 461
405 467
405 485
405 490
405 517
405 539
405 573
405 575
405 576
405 583
405 613
405 616
405 805
405 820
405 847
405 851
405 863
405 878
405 889
405 916
405 931
405 941
405 963
405 988
406 434
406 500
406 513
406 535
406 543
406 588
406 658
406 677
406 790
407 426
407 440
407 472
407 502
407 513
407 612
407 673
407 688
407 698
407 699
407 754
407 762
407 767
407 793
407 794
407 801
407 809
407 821
407 869
407 906
407 977
407 992
408 435
408 441
408 481
408 493
408 592
408 619
408 753
408 848
408 884
408 906
408 933
408 948
408 964
408 966
408 967
408 968
408 973
408 987
409 411
409 536
409 659
409 738
409 743
409 779
409 787
409 807
409 841
409 850
409 910
410 475
410 490
410 509
410 517
410 573
410 576
410 586
410 597
410 782
410 787
410 798
410 820
410 832
410 846
410 847
410 883
410 889
410 928
410 941
410 963
411 428
411 456
411 488
411 495
411 515
411 536
411 537
411 634
411 684
411 693
411 695
411 697
411 704
411 719
411 778
411 779
411 780
411 800
411 804
411 807
411 814
411 815
411 830
411 839
411 841
411 896
411 910
411 915
411 928
411 976
411 985
412 447
412 582
412 647
412 663
412 666
412 706
412 714
412 725
412 781
412 833
412 868
412 884
413 738
413 779
413 787
413 800
413 807
413 816
413 841
413 915
413 928
413 995
414 421
414 442
414 523
414 530
414 557
414 595
414 648
414 656
414 657
414 679
414 683
414 825
414 871
414 880
414 903
415 483
415 524
415 533
415 546
415 590
415 665
415 681
415 722
415 773
415 781
415 792
416 461
416 485
416 490
416 583
416 606
416 616
416 743
416 798
416 810
416 832
416 847
416 854
416 889
416 940
416 941
416 947
416 963
417 418
417 425
417 476
417 596
417 615
417 832
417 928
417 958
418 425
418 433
418 485
418 503
418 510
418 551
418 585
418 615
418 617
418 645
418 667
418 690
418 723
418 803
418 827
418 835
418 901
418 927
418 987
419 425
419 458
419 674
419 683
419 711
419 779
419 823
419 854
419 865
419 885
419 924
419 952
419 987
420 447
420 516
420 531
420 546
420 608
420 647
420 663
420 791
420 833
420 914
420 921
421 442
421 462
421 530
421 538
421 554
421 630
421 903
422 424
422 567
422 753
422 770
422 777
422 897
422 909
422 914
422 921
422 939
423 567
423 602
423 627
423 682
423 837
423 843
423 867
423 877
423 929
423 971
424 439
424 550
424 573
424 622
424 628
424 678
424 709
424 718
424 764
424 806
424 813
424 828
424 881
424 882
424 897
424 898
424 908
424 909
424 918
424 922
424 937
424 968
425 433
425 463
425 503
425 510
425 551
425 585
425 615
425 617
425 645
425 667
425 690
425 713
425 723
425 735
425 835
425 895
425 898
425 901
425 929
426 444
426 590
426 612
426 752
426 793
426 794
426 795
426 809
426 930
426 984
427 494
427 538
427 560
427 685
427 701
427 716
427 725
427 855
427 925
427 949
427 981
427 997
428 610
428 634
428 646
428 666
428 743
428 779
428 800
428 807
428 816
428 868
428 995
429 431
429 435
429 493
429 670
429 727
429 746
429 848
429 933
429 966
429 967
429 987
430 530
430 588
430 721
430 853
430 923
430 978
430 987
431 435
431 655
431 687
431 848
431 906
431 925
431 933
431 987
432 470
432 483
432 517
432 573
432 639
432 734
432 740
432 767
432 780
432 818
432 950
432 971
433 585
433 615
433 617
433 645
433 735
433 827
434 490
434 517
434 573
434 576
434 584
434 787
434 820
434 846
434 889
435 441
435 479
435 481
435 529
435 592
435 614
435 619
435 655
435 670
435 687
435 710
435 717
435 765
435 835
435 848
435 906
435 933
435 948
435 967
435 968
435 973
435 987
436 540
436 545
436 548
436 565
436 571
436 661
436 698
436 753
436 879
436 912
437 482
437 547
437 555
437 589
437 702
437 749
437 775
437 803
437 970
438 470
438 514
438 518
438 545
438 624
438 639
438 698
438 766
438 780
438 876
438 880
438 888
438 891
438 934
438 942
439 567
439 629
439 650
439 686
439 806
439 882
439 897
440 444
440 473
440 595
440 688
440 729
440 752
440 756
440 762
440 793
440 858
440 910
441 493
441 529
441 543
441 655
441 727
441 933
441 938
441 966
441 968
441 973
442 462
442 505
442 523
442 603
442 656
442 657
442 822
442 825
442 871
442 903
443 455
443 729
443 752
443 809
443 834
443 869
443 958
443 984
444 472
444 495
444 509
444 563
444 595
444 612
444 752
444 754
444 767
444 793
444 809
444 821
444 824
444 849
444 894
444 931
445 533
445 540
445 544
445 545
445 548
445 630
445 648
445 661
445 764
445 836
445 912
445 935
446 461
446 485
446 517
446 573
446 576
446 820
446 941
447 457
447 460
447 546
447 549
447 582
447 623
447 630
447 647
447 672
447 681
447 689
447 725
447 730
447 773
447 775
447 791
447 811
447 874
447 884
447 891
447 905
447 907
447 983
447 993
448 518
448 574
448 624
448 740
448 757
448 780
448 784
449 470
449 478
449 572
449 573
449 666
449 805
449 810
449 820
449 846
449 847
449 857
449 863
449 878
449 886
449 941
449 963
450 513
450 532
450 534
450 536
450 555
450 558
450 658
450 765
450 795
451 515
451 552
451 666
451 684
451 697
451 743
451 800
451 841
451 910
451 985
452 478
452 590
452 688
452 729
452 752
452 762
452 767
452 800
452 809
452 849
452 924
452 941
452 958
453 464
453 526
453 527
453 541
453 562
453 580
453 581
453 586
453 653
453 666
453 696
453 712
453 733
453 745
453 748
453 756
453 758
453 765
453 776
453 844
453 960
453 969
453 985
453 990
454 485
454 494
454 602
454 627
454 843
454 867
454 929
454 951
454 970
455 752
455 767
455 771
455 821
455 849
455 852
455 866
455 931
455 984
456 536
456 568
456 633
456 707
456 743
456 787
456 789
456 807
456 816
456 830
456 841
456 896
456 901
456 995
457 483
457 520
457 531
457 549
457 575
457 644
457 663
457 665
457 672
457 689
457 725
457 731
457 756
457 781
458 652
458 816
458 823
458 854
458 885
458 952
459 567
459 604
459 629
459 650
459 718
459 777
459 786
459 788
459 829
459 841
459 909
459 918
459 976
460 483
460 516
460 663
460 736
460 781
460 791
460 840
460 884
460 926
461 490
461 495
461 517
461 570
461 573
461 576
461 583
461 798
461 810
461 820
461 832
461 847
461 916
461 917
461 941
461 946
461 947
461 963
461 988
461 994
462 523
462 554
462 637
462 650
462 679
462 871
462 896
462 903
463 585
463 615
463 751
463 835
464 522
464 541
464 562
464 581
464 732
464 756
464 776
464 844
464 928
464 969
465 470
465 514
465 518
465 565
465 574
465 626
465 818
465 891
465 971
466 475
466 485
466 538
466 567
466 605
466 611
466 625
466 686
466 701
466 712
466 720
466 761
466 833
466 855
466 861
466 886
466 908
466 919
466 921
466 925
466 953
466 997
467 563
467 570
467 573
467 576
467 680
467 810
467 820
467 832
467 846
467 883
467 889
468 471
468 530
468 554
468 573
468 603
468 683
468 825
468 871
469 474
469 613
469 669
469 680
469 713
469 962
470 505
470 507
470 518
470 574
470 624
470 626
470 639
470 675
470 691
470 698
470 706
470 734
470 740
470 745
470 763
470 766
470 785
470 793
470 818
470 850
470 876
470 888
470 891
470 920
470 935
470 942
470 978
471 614
471 657
471 683
471 871
471 930
472 478
472 565
472 581
472 630
472 729
472 752
472 809
472 930
473 478
473 612
473 688
473 793
473 824
473 830
474 553
474 600
474 609
474 615
474 622
474 669
474 671
474 680
474 691
474 713
474 778
474 797
474 812
474 936
474 951
474 962
475 538
475 605
475 618
475 685
475 925
475 953
476 578
476 620
476 695
476 763
476 809
476 824
476 838
476 842
477 519
477 525
477 542
477 594
477 606
477 631
477 664
477 676
477 721
477 786
478 590
478 612
478 673
478 729
478 754
478 767
478 769
478 809
478 821
479 481
479 655
479 710
479 717
479 746
479 906
479 948
479 956
479 968
479 973
479 987
480 498
480 559
480 560
480 579
480 607
480 610
480 614
480 621
480 632
480 799
480 870
480 994
481 506
481 572
481 592
481 612
481 619
481 655
481 670
481 710
481 727
481 746
481 848
481 888
481 906
481 987
482 555
482 561
482 589
482 702
482 803
483 508
483 516
483 546
483 557
483 582
483 608
483 642
483 647
483 663
483 665
483 672
483 689
483 714
483 725
483 730
483 736
483 773
483 781
483 791
483 811
483 831
483 859
483 868
483 884
483 926
483 967
483 978
483 993
483 1000
484 605
484 638
484 685
484 704
484 720
484 777
484 886
484 919
484 949
484 997
485 490
485 517
485 539
485 570
485 572
485 573
485 576
485 583
485 584
485 597
485 599
485 613
485 782
485 798
485 802
485 820
485 846
485 847
485 947
486 536
486 634
486 684
486 743
486 772
486 789
486 800
486 928
486 995
487 507
487 536
487 538
487 633
487 659
487 666
487 787
487 800
487 816
487 839
487 847
487 910
487 915
487 985
487 995
488 552
488 568
488 634
488 738
488 778
488 807
488 814
488 841
488 985
488 995
489 524
489 556
489 569
489 588
489 599
489 883
490 539
490 570
490 573
490 810
490 820
490 857
490 863
490 877
490 883
490 946
490 957
490 963
490 988
491 538
491 558
491 605
491 654
491 686
491 694
491 704
491 716
491 739
491 742
491 890
491 921
491 925
491 949
491 953
491 997
492 511
492 533
492 565
492 630
492 661
492 728
492 767
492 777
492 912
492 914
492 982
492 995
492 997
493 500
493 523
493 710
493 717
493 730
493 788
493 906
493 933
493 968
493 987
494 618
494 638
494 696
494 704
494 720
494 834
494 925
494 949
494 981
494 997
495 515
495 552
495 634
495 659
495 666
495 719
495 738
495 789
495 800
495 807
495 862
495 910
496 578
496 695
496 779
496 826
496 842
496 979
497 526
497 562
497 564
497 581
497 634
497 707
497 756
497 793
497 844
497 969
497 990
498 551
498 585
498 615
498 645
498 827
499 520
499 569
499 588
499 599
499 790
499 978
500 535
500 643
500 658
500 677
500 759
500 843
501 515
501 536
501 634
501 649
501 684
501 719
501 723
501 779
501 787
501 789
501 800
501 841
501 856
501 915
501 985
502 547
502 590
502 729
502 752
502 762
503 597
503 645
503 735
503 835
504 533
504 548
504 571
504 630
504 640
504 670
504 912
504 989
505 507
505 657
505 705
505 780
505 818
505 891
505 934
505 942
506 513
506 534
506 535
506 648
506 677
506 701
506 759
507 518
507 624
507 691
507 698
507 718
507 757
507 810
507 876
507 934
507 950
507 971
508 623
508 665
508 736
508 791
508 833
509 573
509 576
509 583
509 661
509 798
509 941
510 615
510 645
510 706
510 723
510 735
510 835
511 533
511 548
511 571
511 630
511 640
511 648
511 661
511 728
511 779
511 899
511 912
511 963
511 975
511 982
511 994
512 516
512 531
512 567
512 572
512 663
512 714
512 791
512 833
512 868
513 532
513 534
513 543
513 558
513 643
513 658
513 677
513 759
514 561
514 574
514 706
514 763
514 785
514 891
514 932
514 942
515 552
515 646
515 666
515 743
515 772
515 778
515 787
515 792
515 796
515 814
515 841
515 850
515 915
515 928
515 985
516 531
516 546
516 575
516 582
516 623
516 642
516 647
516 663
516 665
516 672
516 681
516 689
516 728
516 730
516 736
516 773
516 781
516 784
516 831
516 845
516 852
516 859
516 868
516 874
516 884
516 895
516 907
516 926
516 934
516 993
516 999
516 1000
517 572
517 583
517 584
517 805
517 810
517 820
517 846
517 864
517 881
517 891
517 892
518 574
518 624
518 675
518 705
518 734
518 737
518 757
518 763
518 766
518 780
518 794
518 823
518 891
518 932
518 934
518 950
519 521
519 522
519 525
519 588
519 606
519 631
519 654
519 668
519 721
519 755
519 934
520 524
520 537
520 588
520 599
520 651
520 655
520 726
520 741
520 768
520 799
520 864
520 887
520 923
520 971
520 996
521 522
521 594
521 606
521 612
521 654
521 668
521 676
521 721
521 755
522 525
522 594
522 606
522 664
522 668
522 676
522 721
522 755
523 557
523 683
523 725
523 793
523 822
523 825
523 871
523 903
524 556
524 569
524 587
524 588
524 599
524 601
524 726
524 790
524 799
524 840
524 853
524 864
524 887
524 923
525 577
525 594
525 606
525 631
525 654
525 721
526 541
526 562
526 564
526 581
526 653
526 688
526 707
526 733
526 756
526 844
526 914
526 969
526 990
527 534
527 562
527 564
527 581
527 586
527 653
527 655
527 675
527 707
527 712
527 747
527 756
527 765
527 776
527 844
527 969
527 974
528 692
528 700
528 837
528 843
528 929
529 592
529 655
529 664
529 848
529 906
529 964
529 968
529 987
530 554
530 557
530 603
530 656
530 657
530 683
530 715
530 825
530 871
530 880
530 903
530 988
531 608
531 623
531 642
531 663
531 688
531 725
531 844
531 845
531 868
531 993
532 558
532 637
532 658
532 677
532 860
532 970
533 540
533 544
533 545
533 548
533 565
533 571
533 630
533 648
533 728
533 753
533 879
533 899
533 912
533 972
533 974
534 543
534 558
534 591
534 632
534 643
534 658
534 677
534 788
534 795
534 860
535 543
535 591
535 658
535 677
535 759
535 777
535 788
536 552
536 568
536 571
536 634
536 646
536 649
536 661
536 693
536 778
536 779
536 787
536 800
536 807
536 815
536 850
536 896
536 911
536 928
536 995
537 556
537 569
537 587
537 588
537 726
537 768
537 790
537 799
537 857
537 864
537 978
537 998
538 611
538 618
538 638
538 686
538 694
538 696
538 704
538 720
538 750
538 886
538 919
538 921
538 925
538 949
538 953
539 557
539 573
539 798
539 820
539 846
539 851
539 857
539 863
539 889
539 946
540 544
540 545
540 565
540 571
540 661
540 708
540 728
540 912
540 924
540 954
541 562
541 564
541 581
541 747
541 749
541 765
541 826
541 844
541 969
542 594
542 631
542 668
542 676
542 702
542 755
542 820
542 850
543 591
543 635
543 637
543 643
543 658
543 795
543 992
544 548
544 552
544 565
544 570
544 571
544 630
544 640
544 648
544 661
544 728
544 744
544 841
544 879
544 912
544 972
544 975
544 989
545 569
545 571
545 661
545 728
545 879
545 912
546 575
546 608
546 647
546 665
546 681
546 689
546 833
546 844
546 845
546 884
546 902
546 980
547 555
547 561
547 577
547 589
547 593
547 702
547 749
547 771
547 775
547 803
547 873
547 893
547 959
547 970
548 565
548 571
548 610
548 630
548 648
548 661
548 739
548 836
548 899
548 912
548 994
549 575
549 608
549 623
549 642
549 644
549 647
549 663
549 703
549 725
549 784
549 831
549 833
549 852
549 859
549 866
549 874
549 902
549 913
549 964
549 993
549 1000
550 567
550 636
550 736
550 753
550 788
550 806
550 808
550 819
550 897
550 908
551 615
551 645
551 723
551 734
551 735
551 835
551 901
552 634
552 662
552 666
552 693
552 697
552 738
552 779
552 796
552 807
552 814
552 828
552 830
552 839
552 841
552 928
552 962
552 971
552 976
552 985
552 995
553 566
553 600
553 609
553 669
553 671
553 680
553 812
553 842
553 936
553 962
553 968
554 571
554 603
554 822
554 828
554 871
554 903
554 933
555 593
555 648
555 775
555 803
555 893
556 567
556 588
556 599
556 701
556 768
556 866
556 887
557 657
557 672
557 679
557 683
557 822
557 825
557 871
557 903
557 985
558 570
558 650
558 658
558 759
558 796
558 970
559 560
559 579
559 582
559 607
559 632
559 870
560 579
560 607
560 610
560 621
560 632
560 870
561 577
561 589
561 654
561 660
561 702
561 749
561 771
561 775
561 809
561 893
561 970
561 983
562 564
562 580
562 581
562 592
562 618
562 653
562 716
562 720
562 732
562 733
562 748
562 756
562 758
562 765
562 776
562 844
562 895
562 948
562 960
562 969
562 990
563 590
563 612
563 767
563 769
563 793
563 794
563 801
563 901
563 931
563 984
563 992
564 581
564 584
564 586
564 748
564 756
564 765
564 844
564 960
564 969
564 990
565 640
565 661
565 708
565 728
565 744
565 836
565 879
565 899
565 912
565 989
565 994
566 600
566 609
566 622
566 671
566 713
566 797
566 936
566 951
566 961
566 962
567 628
567 629
567 650
567 714
567 753
567 774
567 783
567 808
567 819
567 829
567 897
567 898
567 914
567 918
567 922
567 983
568 659
568 662
568 697
568 743
568 778
568 779
568 800
568 814
568 841
568 915
568 928
568 985
568 995
569 588
569 599
569 601
569 651
569 658
569 709
569 726
569 741
569 768
569 790
569 866
569 887
569 978
570 572
570 573
570 584
570 616
570 773
570 798
570 802
570 805
570 820
570 832
570 846
570 847
570 851
570 857
570 866
570 878
570 889
570 906
570 941
570 946
571 576
571 630
571 641
571 648
571 661
571 708
571 715
571 728
571 744
571 879
571 912
571 974
571 975
571 982
571 989
571 994
572 573
572 576
572 613
572 802
572 820
572 832
572 847
572 963
573 576
573 584
573 597
573 623
573 668
573 684
573 782
573 810
573 820
573 832
573 835
573 846
573 863
573 892
573 916
573 933
573 941
573 957
573 963
573 988
574 675
574 705
574 757
574 763
574 766
574 780
574 800
574 876
574 891
574 934
574 935
574 942
574 944
574 965
574 971
575 642
575 672
575 674
575 681
575 703
575 730
575 736
575 831
575 868
575 905
575 967
575 999
576 616
576 782
576 798
576 802
576 810
576 832
576 846
576 847
576 863
576 882
576 883
576 912
576 917
576 940
576 941
576 947
577 589
577 749
577 771
577 893
577 904
578 598
578 638
578 695
578 824
578 826
578 838
578 842
578 955
578 979
579 606
579 610
579 614
579 619
579 621
579 632
579 654
579 764
579 778
579 857
580 581
580 712
580 747
580 756
580 844
580 969
581 586
581 587
581 653
581 706
581 707
581 712
581 732
581 747
581 756
581 758
581 765
581 776
581 844
581 960
581 969
581 990
582 608
582 623
582 644
582 663
582 665
582 672
582 681
582 683
582 689
582 773
582 781
582 791
582 805
582 840
582 905
582 913
583 597
583 846
583 871
583 942
584 597
584 613
584 781
584 782
584 796
584 805
584 847
584 851
584 856
584 857
584 892
584 990
585 596
585 615
585 617
585 639
585 645
585 667
585 788
585 827
585 835
585 839
585 901
585 904
585 927
585 938
586 704
586 844
586 969
587 599
587 790
587 853
587 866
587 978
587 996
588 599
588 601
588 608
588 619
588 641
588 651
588 726
588 741
588 790
588 799
588 853
588 864
588 866
588 910
588 923
588 978
588 996
588 998
589 660
589 682
589 702
589 727
589 771
589 775
589 803
589 875
589 930
589 959
590 673
590 688
590 699
590 729
590 754
590 793
590 794
590 801
590 849
590 859
590 889
590 930
590 984
590 992
591 677
591 860
591 889
592 619
592 687
592 809
592 848
592 906
592 933
592 948
592 964
592 967
592 973
593 660
593 674
593 702
593 771
593 775
593 803
593 893
593 959
594 664
594 668
594 676
595 612
595 673
595 688
595 762
595 793
595 794
595 801
595 809
595 849
595 858
595 869
596 615
596 645
596 751
596 848
596 951
597 616
597 782
597 820
597 832
597 851
597 857
597 889
597 892
597 917
597 946
597 947
597 956
598 620
598 695
598 840
598 842
598 945
599 651
599 663
599 726
599 741
599 768
599 790
599 799
599 853
599 864
599 866
599 887
599 923
599 978
599 996
600 609
600 680
600 713
600 797
600 812
600 832
601 790
601 799
601 963
601 978
602 682
602 692
602 700
602 837
602 843
602 857
602 877
602 897
602 929
602 976
603 822
603 871
603 903
603 919
604 641
604 650
604 678
604 709
604 764
604 770
604 777
604 783
604 873
604 881
605 611
605 618
605 686
605 694
605 704
605 720
605 729
605 742
605 898
605 925
605 981
606 631
606 668
606 676
606 721
606 755
606 862
606 946
607 610
607 655
607 870
608 616
608 730
608 736
608 833
608 874
609 671
609 680
609 797
609 812
609 936
609 951
609 961
610 614
610 621
610 870
611 625
611 638
611 685
611 686
611 701
611 704
611 742
611 829
611 890
611 917
611 949
611 995
611 997
612 673
612 688
612 699
612 729
612 754
612 769
612 788
612 801
612 809
612 834
612 869
612 872
612 900
612 958
612 984
612 992
613 650
613 697
613 820
613 883
613 889
613 917
613 941
613 957
614 621
614 632
614 870
614 974
615 617
615 645
615 647
615 667
615 690
615 723
615 735
615 751
615 818
615 819
615 827
615 835
615 838
615 901
615 927
615 938
616 798
616 802
616 805
616 832
616 846
616 851
616 863
616 883
616 941
616 949
616 957
616 963
616 974
617 634
617 645
617 735
617 751
617 820
617 827
617 835
617 938
618 625
618 685
618 686
618 696
618 704
618 720
618 890
618 949
618 953
618 997
619 655
619 687
619 746
619 848
619 948
619 956
619 987
620 652
620 695
620 731
620 824
620 826
620 955
620 983
621 712
621 756
621 854
622 663
622 680
622 812
623 642
623 644
623 703
623 736
623 781
623 784
623 833
624 644
624 685
624 693
624 757
624 763
624 876
624 888
625 685
625 694
625 701
625 720
625 742
625 878
625 919
625 925
625 953
625 981
625 997
626 780
626 785
626 810
626 888
626 891
626 894
626 935
627 682
627 691
627 700
627 837
627 840
627 843
627 944
628 641
628 718
628 727
628 753
628 764
628 774
628 777
628 808
628 813
628 858
628 862
628 882
628 908
628 918
628 980
629 636
629 650
629 678
629 709
629 742
629 764
629 770
629 777
629 786
629 788
629 804
629 806
629 813
629 817
629 819
629 824
629 828
629 854
629 862
629 882
629 897
629 898
629 902
629 914
629 918
629 922
629 965
629 983
630 640
630 648
630 661
630 683
630 708
630 728
630 815
630 819
630 879
630 912
630 972
630 989
631 654
631 664
631 668
631 669
631 676
631 721
631 763
631 911
631 972
632 756
633 662
633 697
633 779
633 789
633 796
633 800
633 841
633 850
633 910
633 915
633 934
634 659
634 662
634 666
634 743
634 779
634 787
634 800
634 816
634 839
634 841
634 850
634 910
634 930
634 976
634 985
635 637
635 677
635 759
636 641
636 670
636 718
636 777
636 786
636 788
636 817
636 861
636 862
636 909
637 643
637 658
637 860
638 672
638 694
638 696
638 704
638 739
638 760
638 761
638 778
638 855
638 886
638 919
638 949
638 981
638 989
638 997
639 786
639 818
639 888
639 891
639 971
640 661
640 699
640 744
640 912
640 982
641 650
641 681
641 709
641 718
641 753
641 764
641 788
641 819
641 829
641 914
642 644
642 663
642 681
642 714
642 724
642 725
642 781
642 791
642 811
642 833
642 845
642 881
642 902
642 1000
643 677
643 692
643 795
643 815
644 647
644 663
644 681
644 781
644 811
644 833
644 926
645 667
645 723
645 735
645 751
645 827
645 835
645 901
645 903
645 938
646 666
646 738
646 779
646 787
646 800
646 814
646 850
646 910
646 928
646 985
646 995
647 663
647 665
647 689
647 714
647 736
647 773
647 784
647 791
647 816
647 840
647 845
647 868
647 884
647 902
647 907
647 913
647 939
647 986
647 999
647 1000
648 661
648 708
648 715
648 728
648 744
648 836
648 879
648 912
648 972
648 975
648 982
648 989
648 994
649 659
649 796
649 850
649 915
649 928
649 985
649 995
650 709
650 718
650 719
650 753
650 770
650 774
650 777
650 804
650 806
650 808
650 819
650 829
650 862
650 897
650 908
650 914
650 939
651 864
652 674
652 711
652 823
652 854
652 885
652 924
652 952
653 756
653 844
653 960
653 969
654 664
654 668
654 676
654 918
655 710
655 717
655 727
655 746
655 848
655 866
655 906
655 933
655 956
655 964
655 966
655 968
655 973
655 987
656 657
656 679
656 791
656 825
656 833
656 871
656 903
656 957
657 679
657 683
657 871
657 903
657 919
658 677
658 849
658 860
659 666
659 697
659 699
659 772
659 778
659 779
659 800
659 841
659 911
659 985
660 716
660 771
660 775
660 803
660 875
660 893
660 904
660 959
661 728
661 744
661 836
661 879
661 887
661 899
661 912
661 954
661 972
661 974
661 975
661 982
661 989
662 666
662 697
662 772
662 807
662 814
662 816
662 826
662 839
662 896
662 995
663 681
663 689
663 703
663 725
663 773
663 781
663 840
663 845
663 905
663 1000
664 721
664 755
665 681
665 689
665 736
665 833
665 884
665 905
665 907
665 926
665 952
666 684
666 697
666 738
666 743
666 779
666 789
666 792
666 807
666 830
666 910
666 911
666 943
666 976
667 835
668 677
668 693
668 721
668 755
668 839
669 812
669 936
670 710
670 717
670 727
670 746
670 848
670 873
670 896
670 906
670 937
670 948
670 956
670 966
670 967
670 968
670 973
670 987
671 680
671 713
671 797
671 812
671 936
671 951
671 961
671 962
672 689
672 724
672 845
672 993
673 688
673 752
673 754
673 879
673 930
674 711
674 823
674 854
674 885
674 924
674 952
674 986
675 688
675 740
675 766
675 818
675 866
675 888
675 934
675 935
675 965
675 971
677 759
677 787
677 795
677 860
677 906
678 709
678 712
678 728
678 764
678 788
678 813
678 817
678 828
678 862
678 872
678 873
678 882
678 898
678 908
678 937
678 997
679 683
679 822
679 871
679 903
680 757
680 961
680 962
681 689
681 730
681 762
681 781
681 791
681 831
681 833
681 868
681 873
681 905
681 913
681 999
682 843
682 884
682 944
682 966
683 848
683 871
684 693
684 719
684 743
684 756
684 787
684 792
684 800
684 830
684 844
684 985
684 995
685 701
685 704
685 720
685 739
685 760
685 761
685 886
685 919
685 953
685 981
685 997
686 696
686 701
686 704
686 716
686 720
686 750
686 761
686 855
686 886
686 921
686 925
686 953
687 727
687 746
687 848
687 933
687 966
687 987
688 699
688 762
688 769
688 809
688 821
688 869
688 872
688 894
688 900
689 724
689 735
689 740
689 784
689 859
689 884
689 907
689 926
689 993
690 835
691 694
691 740
691 745
691 763
691 780
691 818
691 888
691 965
692 837
692 893
692 929
693 743
693 772
693 787
693 792
693 800
693 841
693 850
693 856
693 911
693 985
693 995
694 696
694 716
694 720
694 742
694 855
694 886
694 919
694 920
694 921
694 953
694 997
695 731
695 824
695 826
695 838
695 842
695 945
695 979
695 988
696 704
696 722
696 886
696 890
696 925
696 997
697 738
697 743
697 779
697 787
697 800
697 850
697 910
697 928
697 995
698 818
698 934
698 971
699 767
699 809
699 858
699 897
699 930
699 984
700 803
700 843
700 929
701 716
701 750
701 761
701 930
702 771
702 803
702 893
702 904
702 959
702 970
703 724
703 725
703 791
703 833
703 874
704 716
704 739
704 761
704 919
704 921
704 925
704 931
704 949
704 953
704 981
705 706
705 737
705 757
705 785
705 876
705 891
705 920
706 734
706 740
706 757
706 763
706 766
706 780
706 888
706 891
706 935
706 942
707 712
707 756
707 776
707 844
707 854
707 887
707 934
707 969
708 912
709 718
709 753
709 764
709 771
709 773
709 774
709 777
709 786
709 788
709 804
709 806
709 817
709 819
709 829
709 862
709 881
709 882
709 886
709 897
709 898
709 939
709 952
709 983
710 848
710 906
710 948
710 987
711 854
711 924
711 957
711 986
712 732
712 756
712 776
712 844
712 969
713 915
713 951
714 725
714 773
714 905
715 728
715 879
715 912
715 932
716 720
716 739
716 886
716 925
716 949
716 953
717 727
717 732
717 798
717 848
717 933
717 987
718 753
718 777
718 786
718 788
718 806
718 914
718 922
718 937
718 993
719 779
719 787
719 796
719 800
719 830
719 841
719 902
719 915
719 960
719 995
720 742
720 750
720 760
720 886
720 919
720 921
720 953
720 997
721 755
722 767
722 769
722 801
722 809
722 849
722 931
722 984
723 751
723 835
723 864
724 852
725 845
725 874
725 926
725 963
725 993
726 790
726 866
726 887
726 998
727 906
727 966
727 987
728 834
728 836
728 975
728 982
728 989
729 752
729 762
729 767
729 769
729 794
729 801
729 809
729 834
729 860
729 869
729 931
729 964
729 992
730 773
730 787
730 791
730 831
730 852
730 884
730 907
730 909
730 999
731 826
731 838
731 842
731 945
731 955
732 776
732 788
732 844
732 969
732 990
733 749
733 756
733 765
733 776
733 844
733 969
734 743
734 818
734 888
734 932
735 751
735 827
735 835
735 938
735 980
736 773
736 831
736 833
736 845
736 859
736 884
737 801
737 891
737 965
737 989
738 743
738 787
738 796
738 800
738 809
738 856
738 910
738 915
738 918
738 985
738 995
739 742
739 744
739 891
739 919
739 925
740 757
740 763
740 780
740 818
740 876
740 888
740 934
741 790
741 866
741 978
742 760
742 833
742 835
742 925
742 953
743 779
743 789
743 800
743 816
743 830
743 847
743 856
743 896
743 928
743 935
743 943
744 816
744 912
745 757
745 891
746 848
746 933
746 966
746 987
747 756
747 776
747 792
747 969
747 990
748 756
748 844
748 969
748 990
749 775
749 852
749 893
749 904
750 760
750 886
750 892
750 940
750 949
750 953
750 969
750 997
751 785
751 901
751 926
751 927
752 767
752 769
752 793
752 801
752 809
752 821
752 834
752 869
752 894
752 930
752 958
752 973
752 977
752 992
753 770
753 774
753 783
753 788
753 804
753 806
753 808
753 819
753 828
753 861
753 862
753 873
753 882
753 898
753 906
753 908
753 909
753 980
754 762
754 793
754 809
754 900
754 931
754 958
754 977
754 978
754 984
754 992
754 995
755 798
755 848
756 758
756 765
756 844
756 960
756 990
757 763
757 765
757 766
757 780
757 785
757 867
757 888
757 891
757 904
758 844
758 960
758 969
760 845
760 925
760 953
761 770
761 855
761 890
761 925
761 953
761 981
762 809
762 834
762 872
762 930
762 958
762 977
762 984
763 766
763 876
763 888
764 774
764 777
764 813
764 817
764 829
764 873
764 881
764 897
764 898
765 775
766 891
766 965
767 794
767 801
767 809
767 821
767 824
767 849
767 896
767 900
767 958
767 992
768 838
768 848
768 864
769 809
769 843
769 858
769 872
769 915
769 992
770 783
770 808
770 846
770 873
770 918
771 775
771 875
771 893
771 953
771 970
772 792
772 796
772 800
772 856
772 912
772 995
773 777
773 811
773 831
773 833
773 884
773 895
773 902
773 913
773 999
773 1000
774 777
774 806
774 829
774 849
774 897
775 803
775 875
775 904
775 998
776 778
776 844
776 935
776 960
776 969
777 788
777 804
777 808
777 813
777 817
777 819
777 829
777 861
777 862
777 881
777 882
777 909
777 914
777 922
777 958
778 807
778 814
778 816
778 896
778 910
778 915
778 985
778 995
779 787
779 792
779 796
779 814
779 815
779 830
779 839
779 841
779 896
779 910
779 911
779 976
779 985
779 995
780 785
780 818
781 884
781 895
781 937
782 811
782 820
782 846
783 861
783 897
783 918
784 791
784 845
784 852
784 926
785 876
785 888
785 891
785 920
786 790
786 919
786 988
787 800
787 841
787 915
787 985
788 804
788 829
788 861
788 862
788 897
788 898
788 918
788 980
788 983
789 796
789 832
789 850
789 910
789 992
789 995
790 799
790 803
790 853
790 866
790 923
791 833
791 845
791 852
791 855
791 874
791 884
791 895
791 907
791 913
791 926
791 993
792 800
792 910
793 801
793 809
793 820
793 834
793 869
793 872
793 894
793 900
793 958
793 984
794 809
794 930
795 835
796 798
796 814
796 816
796 841
796 856
796 882
796 896
796 910
796 943
796 985
796 995
797 812
797 856
797 951
797 962
798 805
798 832
798 851
798 857
798 870
798 889
798 917
798 941
798 946
798 957
798 988
799 853
799 866
799 978
800 807
800 815
800 841
800 910
800 928
800 943
800 948
800 995
801 809
801 930
801 992
802 820
802 832
802 883
802 941
802 946
803 893
803 904
805 810
805 851
805 878
805 917
805 941
806 843
806 882
806 909
807 816
807 839
807 910
807 995
808 813
808 818
808 862
808 918
809 821
809 834
809 849
809 858
809 869
809 872
809 894
809 931
809 984
810 820
810 832
810 846
810 851
810 889
810 892
810 897
810 941
810 947
811 926
812 880
812 936
812 951
812 961
812 962
813 829
813 862
813 873
813 908
813 937
813 980
814 815
814 841
814 896
814 928
814 942
814 972
814 995
815 896
815 910
815 915
815 928
815 995
816 830
816 841
816 850
816 911
816 928
816 976
816 985
816 986
817 862
817 909
817 918
818 888
818 891
818 965
818 971
819 882
819 897
819 908
819 918
819 992
820 878
820 941
820 946
820 947
821 900
821 992
822 871
822 872
822 880
822 903
822 914
823 854
823 865
823 885
823 924
823 952
823 986
823 991
824 842
824 979
825 871
825 880
825 903
826 838
826 842
826 856
826 945
826 955
826 979
827 835
827 925
827 927
827 938
828 862
828 894
828 918
829 862
829 865
829 914
829 955
830 910
830 911
830 928
830 985
830 995
831 840
831 874
831 992
831 1000
832 846
832 847
832 851
832 863
832 884
832 889
832 917
832 947
833 840
833 874
833 884
833 905
833 907
833 913
833 993
833 999
833 1000
834 849
834 858
834 977
834 984
835 938
836 879
836 912
836 954
836 972
836 975
836 982
837 843
837 867
837 929
837 944
838 842
839 841
839 910
839 928
839 985
839 995
840 926
841 850
841 856
841 896
841 911
841 928
841 936
841 939
841 985
842 945
842 955
843 867
843 877
843 929
844 925
844 960
844 969
844 990
845 868
845 874
845 884
845 926
846 857
846 863
846 917
846 960
847 857
847 863
847 883
847 889
847 917
847 940
847 941
847 947
847 957
847 984
848 862
848 905
848 906
848 933
848 948
848 956
848 964
848 967
848 968
848 973
848 987
849 872
849 930
849 958
849 992
850 910
850 915
850 928
851 946
852 868
853 904
854 865
854 885
854 886
854 924
854 952
854 986
854 991
855 886
855 925
855 949
855 953
856 911
856 928
856 970
856 995
857 892
857 946
858 877
859 993
861 881
861 909
861 918
862 881
862 893
862 897
862 908
862 922
862 937
863 916
863 941
865 885
865 924
865 980
865 986
865 991
866 978
867 944
867 975
868 999
869 872
869 933
870 997
871 880
871 903
871 935
872 930
872 984
872 992
873 897
873 906
873 908
873 918
875 893
875 904
876 935
877 929
877 944
878 883
878 927
879 931
879 954
879 975
879 989
880 903
880 907
881 882
881 897
881 908
881 918
882 899
882 906
882 908
882 909
882 914
882 918
882 980
883 889
884 902
884 926
885 891
885 952
885 986
885 991
886 921
886 925
886 949
887 996
888 891
888 920
888 935
888 942
888 965
889 892
889 916
889 917
889 941
889 947
889 957
889 988
889 992
890 919
890 925
890 949
891 935
891 942
891 950
891 965
891 971
892 928
893 903
893 904
893 952
893 959
894 930
896 976
896 995
897 908
897 983
898 908
898 918
899 969
902 993
903 946
904 989
905 926
906 933
906 956
906 968
906 973
906 987
908 914
909 918
909 939
909 983
910 973
910 976
910 985
911 985
912 928
912 959
912 972
912 974
912 994
915 928
915 985
916 941
917 963
918 937
918 980
919 925
919 949
919 953
920 932
920 934
920 935
920 965
920 971
921 925
921 997
923 978
924 952
924 991
925 953
925 997
926 949
926 974
928 985
928 995
930 931
930 984
933 961
933 966
933 967
933 968
933 986
934 935
934 950
934 965
935 969
936 951
941 947
941 957
943 950
943 985
943 995
946 963
947 963
948 956
948 968
948 987
949 981
949 997
951 962
952 986
953 981
953 997
953 999
956 987
958 968
959 970
959 978
960 969
960 984
960 990
964 968
966 973
966 987
967 968
969 990
973 987
976 985
976 995
978 996
982 994
986 991
995 997
