# LFR benchmark graph: regime=B mu=0.1 realization=1
# undirected, unweighted; 1-based node ids; each edge listed once.
1 3
1 9
1 49
1 54
1 63
1 72
1 82
1 122
1 327
1 448
1 488
1 552
1 569
1 645
1 662
1 685
1 700
1 754
1 831
1 859
1 939
1 954
1 963
2 33
2 102
2 242
2 363
2 366
2 540
2 608
2 611
2 612
2 616
2 626
2 644
2 871
2 909
2 938
2 991
3 7
3 49
3 54
3 63
3 69
3 70
3 72
3 82
3 131
3 135
3 552
3 563
3 646
3 685
3 700
3 710
3 764
3 939
3 963
4 29
4 36
4 38
4 46
4 50
4 55
4 81
4 145
4 256
4 291
4 300
4 323
4 346
4 347
4 475
4 541
4 571
4 596
4 674
4 676
4 683
4 755
4 797
4 828
4 853
4 986
5 6
5 15
5 72
5 101
5 110
5 111
5 117
5 141
5 143
5 149
5 205
5 223
5 261
5 263
5 286
5 355
5 365
5 378
5 400
5 402
5 405
5 410
5 454
5 455
5 504
5 510
5 530
5 537
5 590
5 599
5 612
5 613
5 628
5 639
5 640
5 645
5 648
5 649
5 665
5 666
5 729
5 736
5 752
5 780
5 784
5 796
5 805
5 821
5 850
5 861
5 886
5 888
5 911
5 937
5 983
6 60
6 67
6 83
6 89
6 110
6 127
6 133
6 141
6 144
6 149
6 205
6 246
6 261
6 262
6 273
6 344
6 355
6 400
6 402
6 410
6 425
6 437
6 484
6 504
6 505
6 510
6 530
6 599
6 613
6 622
6 626
6 628
6 639
6 660
6 661
6 665
6 669
6 702
6 710
6 715
6 735
6 736
6 796
6 814
6 843
6 870
6 898
6 911
6 934
6 954
6 967
6 969
6 977
7 54
7 57
7 70
7 72
7 82
7 552
7 569
7 588
7 590
7 685
7 764
7 831
7 963
8 88
8 94
8 146
8 171
8 183
8 224
8 228
8 233
8 306
8 314
8 543
8 570
8 584
8 641
8 777
8 808
8 832
8 881
9 59
9 81
9 129
9 231
9 341
9 342
9 361
9 369
9 373
9 381
9 392
9 531
9 547
9 560
9 595
9 769
9 786
9 825
9 858
9 895
9 996
10 28
10 33
10 51
10 101
10 102
10 134
10 188
10 249
10 251
10 268
10 363
10 384
10 507
10 587
10 612
10 616
10 626
10 629
10 644
10 748
10 871
10 872
10 900
10 909
10 938
10 988
11 90
11 108
11 233
11 320
11 338
11 447
11 479
11 489
11 501
11 533
11 544
11 551
11 562
11 603
11 694
11 695
11 759
11 829
11 844
11 846
11 849
11 865
11 879
12 53
12 98
12 200
12 245
12 320
12 338
12 358
12 372
12 375
12 452
12 466
12 501
12 514
12 544
12 551
12 562
12 603
12 609
12 632
12 685
12 691
12 694
12 751
12 768
12 815
12 816
12 820
12 825
12 829
12 844
12 846
12 849
12 851
12 854
12 860
12 865
12 974
12 975
13 115
13 140
13 190
13 234
13 239
13 278
13 283
13 336
13 343
13 360
13 465
13 678
13 719
13 725
13 785
13 884
14 37
14 73
14 96
14 97
14 200
14 218
14 328
14 329
14 523
14 540
14 559
14 582
14 689
14 690
14 857
14 866
14 877
14 893
14 982
15 19
15 56
15 83
15 111
15 116
15 137
15 141
15 205
15 262
15 263
15 286
15 293
15 344
15 355
15 410
15 413
15 424
15 437
15 450
15 456
15 470
15 484
15 530
15 537
15 599
15 607
15 613
15 622
15 628
15 640
15 649
15 660
15 667
15 669
15 702
15 715
15 736
15 796
15 805
15 814
15 829
15 843
15 870
15 888
15 899
15 911
15 934
15 967
15 983
16 31
16 43
16 75
16 79
16 95
16 139
16 212
16 226
16 265
16 333
16 346
16 354
16 388
16 508
16 519
16 581
16 717
16 761
16 891
16 897
16 971
17 66
17 130
17 135
17 211
17 221
17 236
17 241
17 282
17 285
17 375
17 421
17 469
17 518
17 545
17 550
17 668
17 685
17 732
17 793
17 827
17 839
17 883
17 906
17 918
17 927
18 52
18 86
18 164
18 166
18 177
18 189
18 213
18 279
18 367
18 525
18 583
18 667
18 772
18 808
18 826
18 834
18 923
18 935
18 943
18 961
19 47
19 53
19 87
19 115
19 167
19 184
19 188
19 242
19 267
19 299
19 325
19 334
19 371
19 376
19 387
19 410
19 423
19 478
19 492
19 526
19 573
19 636
19 684
19 737
19 809
19 890
19 903
19 930
19 932
19 935
19 961
20 35
20 113
20 240
20 247
20 255
20 290
20 321
20 495
20 535
20 560
20 596
20 642
20 652
20 663
20 693
20 794
20 799
20 876
20 910
20 930
21 44
21 120
21 122
21 128
21 185
21 186
21 199
21 229
21 248
21 348
21 419
21 444
21 494
21 500
21 511
21 527
21 635
21 712
21 723
21 724
21 731
21 744
21 759
21 804
21 878
21 985
22 163
22 165
22 180
22 193
22 196
22 220
22 228
22 289
22 302
22 308
22 340
22 473
22 509
22 529
22 579
22 587
22 662
22 676
22 784
22 789
22 818
22 915
23 40
23 44
23 122
23 185
23 186
23 199
23 207
23 229
23 248
23 292
23 378
23 419
23 444
23 522
23 527
23 578
23 614
23 635
23 646
23 703
23 713
23 736
23 742
23 804
23 880
23 910
23 965
23 989
24 42
24 61
24 132
24 155
24 168
24 191
24 236
24 341
24 439
24 455
24 548
24 597
24 654
24 692
24 696
24 732
24 755
24 790
24 914
24 959
24 987
25 39
25 56
25 62
25 142
25 238
25 243
25 252
25 258
25 269
25 274
25 432
25 500
25 566
25 585
25 593
25 633
25 756
25 774
25 776
25 778
25 809
25 836
25 854
25 892
26 31
26 36
26 51
26 75
26 139
26 212
26 222
26 226
26 260
26 265
26 388
26 400
26 502
26 508
26 519
26 556
26 581
26 714
26 717
26 897
27 36
27 55
27 105
27 202
27 204
27 219
27 311
27 323
27 346
27 356
27 390
27 399
27 458
27 475
27 529
27 585
27 586
27 674
27 802
27 828
27 840
27 908
27 970
27 979
28 33
28 101
28 102
28 249
28 268
28 341
28 363
28 612
28 626
28 644
28 767
28 909
29 55
29 105
29 253
29 297
29 349
29 385
29 390
29 397
29 480
29 517
29 571
29 586
29 799
29 802
29 872
29 946
30 50
30 58
30 107
30 123
30 127
30 156
30 194
30 227
30 264
30 275
30 378
30 406
30 433
30 443
30 458
30 490
30 498
30 517
30 576
30 598
30 609
30 617
30 680
30 707
30 806
30 842
30 907
30 926
30 944
30 999
30 1000
31 43
31 75
31 79
31 95
31 139
31 212
31 213
31 222
31 226
31 260
31 265
31 388
31 502
31 508
31 580
31 581
31 714
31 717
31 761
31 891
31 897
31 971
31 980
32 114
32 159
32 174
32 247
32 255
32 321
32 332
32 424
32 495
32 516
32 535
32 560
32 596
32 642
32 652
32 663
32 762
32 794
32 910
33 51
33 101
33 134
33 176
33 249
33 268
33 363
33 384
33 406
33 488
33 606
33 608
33 611
33 616
33 622
33 623
33 626
33 629
33 748
33 767
33 871
33 900
33 909
33 938
33 988
34 152
34 164
34 166
34 216
34 348
34 525
34 549
34 583
34 808
34 826
34 862
34 921
34 943
35 113
35 159
35 240
35 247
35 248
35 255
35 259
35 399
35 495
35 535
35 560
35 582
35 642
35 652
35 685
35 794
35 910
35 930
35 953
36 38
36 46
36 55
36 145
36 157
36 173
36 197
36 202
36 204
36 219
36 223
36 224
36 253
36 268
36 291
36 300
36 304
36 311
36 322
36 323
36 356
36 362
36 397
36 407
36 424
36 428
36 440
36 487
36 541
36 571
36 661
36 670
36 683
36 727
36 755
36 771
36 802
36 811
36 817
36 828
36 848
36 872
36 874
36 904
36 908
36 970
36 979
36 986
37 41
37 97
37 103
37 121
37 170
37 200
37 214
37 218
37 328
37 329
37 338
37 476
37 523
37 524
37 540
37 559
37 567
37 618
37 689
37 709
37 850
37 866
37 877
37 893
37 928
38 46
38 57
38 145
38 162
38 224
38 291
38 323
38 346
38 362
38 390
38 418
38 424
38 428
38 496
38 571
38 586
38 595
38 674
38 772
38 797
38 817
38 819
38 908
38 964
39 56
39 62
39 142
39 181
39 227
39 238
39 243
39 258
39 269
39 304
39 310
39 394
39 432
39 464
39 468
39 566
39 585
39 593
39 605
39 633
39 750
39 756
39 776
39 778
39 789
39 809
39 888
40 44
40 120
40 128
40 150
40 185
40 186
40 199
40 207
40 229
40 230
40 248
40 352
40 393
40 412
40 419
40 444
40 446
40 450
40 467
40 487
40 521
40 527
40 614
40 624
40 625
40 635
40 684
40 703
40 712
40 731
40 742
40 744
40 759
40 804
40 821
40 826
40 880
40 917
40 960
40 965
40 980
40 985
40 990
41 73
41 200
41 218
41 251
41 329
41 524
41 559
41 582
41 689
41 709
41 743
41 857
41 893
42 61
42 132
42 155
42 168
42 392
42 520
42 548
42 561
42 617
42 640
42 654
42 692
42 696
42 704
42 753
42 790
42 914
42 959
43 75
43 79
43 95
43 139
43 222
43 260
43 388
43 412
43 502
43 508
43 533
43 581
43 600
43 693
43 761
43 789
43 891
43 971
44 120
44 122
44 128
44 150
44 185
44 186
44 205
44 207
44 230
44 248
44 285
44 303
44 348
44 477
44 481
44 494
44 513
44 521
44 522
44 526
44 527
44 547
44 614
44 624
44 625
44 635
44 703
44 712
44 713
44 724
44 731
44 742
44 744
44 758
44 884
44 960
44 965
44 972
44 985
44 990
45 59
45 81
45 116
45 129
45 337
45 342
45 380
45 392
45 496
45 549
45 620
45 635
45 725
45 769
45 786
45 825
45 854
45 895
46 55
46 105
46 145
46 173
46 202
46 219
46 224
46 244
46 291
46 297
46 304
46 307
46 311
46 313
46 322
46 343
46 347
46 356
46 362
46 385
46 390
46 399
46 407
46 418
46 424
46 444
46 451
46 480
46 541
46 571
46 600
46 683
46 763
46 771
46 772
46 811
46 817
46 819
46 848
46 874
46 900
46 919
46 920
46 922
46 935
46 946
46 964
46 970
46 982
46 997
47 55
47 140
47 165
47 178
47 208
47 210
47 242
47 278
47 283
47 284
47 319
47 325
47 336
47 423
47 425
47 434
47 446
47 465
47 478
47 483
47 492
47 522
47 530
47 554
47 634
47 636
47 706
47 719
47 725
47 726
47 741
47 812
47 823
47 845
47 888
47 961
47 966
47 981
47 992
47 995
48 57
48 76
48 92
48 107
48 151
48 160
48 165
48 272
48 292
48 305
48 306
48 308
48 382
48 398
48 401
48 416
48 442
48 485
48 512
48 555
48 575
48 605
48 677
48 698
48 711
48 738
48 747
48 770
48 789
48 856
48 916
48 993
49 64
49 70
49 125
49 327
49 552
49 569
49 685
49 700
49 754
49 764
49 859
49 894
49 939
49 963
50 123
50 194
50 257
50 275
50 378
50 433
50 458
50 490
50 532
50 576
50 598
50 680
50 783
50 907
50 1000
51 91
51 101
51 102
51 134
51 249
51 363
51 366
51 488
51 611
51 623
51 626
51 748
51 900
51 909
51 938
51 988
52 53
52 164
52 189
52 213
52 281
52 525
52 675
52 799
52 808
52 862
52 921
53 78
53 87
53 115
53 170
53 210
53 267
53 289
53 301
53 319
53 325
53 336
53 361
53 392
53 423
53 446
53 465
53 478
53 492
53 569
53 574
53 634
53 636
53 684
53 726
53 823
53 966
54 64
54 69
54 70
54 82
54 217
54 327
54 407
54 552
54 563
54 569
54 685
54 754
54 764
54 831
54 939
54 963
55 105
55 141
55 162
55 183
55 197
55 202
55 204
55 219
55 224
55 244
55 253
55 297
55 300
55 307
55 313
55 323
55 385
55 390
55 397
55 407
55 418
55 424
55 448
55 514
55 541
55 660
55 743
55 772
55 799
55 802
55 840
55 848
55 853
55 872
55 874
55 889
55 919
55 920
55 922
55 930
55 946
55 970
56 62
56 142
56 181
56 238
56 243
56 252
56 274
56 294
56 310
56 394
56 566
56 570
56 585
56 593
56 633
56 750
56 774
56 776
56 778
56 809
56 824
56 878
57 60
57 65
57 84
57 91
57 107
57 151
57 160
57 196
57 197
57 220
57 228
57 272
57 289
57 292
57 309
57 319
57 333
57 339
57 340
57 401
57 464
57 485
57 507
57 515
57 532
57 538
57 555
57 586
57 595
57 604
57 673
57 690
57 698
57 704
57 723
57 747
57 779
57 822
57 868
57 950
58 92
58 156
58 227
58 275
58 377
58 517
58 542
58 576
58 577
58 598
58 680
58 842
58 907
58 944
58 1000
59 81
59 228
59 235
59 243
59 277
59 337
59 345
59 361
59 367
59 373
59 392
59 395
59 461
59 547
59 572
59 595
59 620
59 627
59 671
59 753
59 769
59 791
59 807
59 854
59 895
60 77
60 163
60 196
60 220
60 228
60 289
60 292
60 302
60 324
60 448
60 506
60 507
60 509
60 515
60 529
60 532
60 555
60 587
60 677
60 686
60 690
60 698
60 711
60 728
60 745
60 770
60 779
60 789
60 818
60 822
60 915
61 132
61 155
61 168
61 191
61 312
61 350
61 408
61 439
61 520
61 528
61 548
61 561
61 589
61 597
61 654
61 696
61 704
61 753
61 790
61 864
61 873
61 877
61 914
61 959
62 142
62 181
62 238
62 252
62 258
62 274
62 566
62 585
62 750
62 774
62 776
63 69
63 70
63 552
63 563
63 602
63 754
63 831
63 894
63 919
63 963
64 72
64 246
64 327
64 563
64 565
64 569
64 591
64 685
64 700
64 939
64 963
65 68
65 90
65 180
65 292
65 302
65 305
65 529
65 676
65 706
65 711
65 723
65 770
65 789
65 818
65 822
65 856
65 916
65 957
65 993
66 211
66 225
66 236
66 282
66 315
66 331
66 411
66 415
66 439
66 443
66 445
66 451
66 462
66 469
66 471
66 545
66 564
66 630
66 799
66 836
66 839
66 869
66 906
66 918
66 925
66 954
67 138
67 148
67 154
67 217
67 232
67 254
67 303
67 359
67 364
67 414
67 472
67 592
67 594
67 600
67 605
67 606
67 621
67 637
67 653
67 659
67 679
67 799
67 801
67 867
67 896
67 982
67 987
68 92
68 160
68 165
68 170
68 196
68 260
68 272
68 273
68 292
68 316
68 324
68 333
68 382
68 416
68 464
68 512
68 515
68 527
68 558
68 649
68 662
68 698
68 711
68 718
68 720
68 770
68 789
68 822
68 868
68 929
69 72
69 138
69 551
69 563
69 565
69 569
69 700
69 894
69 939
69 963
69 988
70 73
70 82
70 552
70 558
70 565
70 569
70 685
70 859
70 894
70 917
71 88
71 94
71 99
71 146
71 183
71 314
71 506
71 515
71 543
71 570
71 641
71 672
71 701
71 705
71 777
71 842
71 863
71 997
72 82
72 563
72 685
72 700
72 764
72 831
72 859
72 894
72 899
73 96
73 121
73 251
73 328
73 345
73 387
73 524
73 652
73 689
73 719
73 817
73 866
73 877
73 928
74 108
74 180
74 272
74 324
74 390
74 442
74 532
74 555
74 579
74 587
74 662
74 711
74 718
74 747
74 770
74 789
74 818
75 79
75 139
75 207
75 212
75 222
75 226
75 260
75 265
75 388
75 502
75 508
75 519
75 556
75 581
75 590
75 691
75 714
75 717
75 825
75 891
75 897
75 971
76 92
76 107
76 160
76 162
76 220
76 271
76 280
76 339
76 464
76 485
76 507
76 512
76 555
76 575
76 605
76 673
76 950
77 107
77 160
77 165
77 233
77 250
77 305
77 324
77 382
77 464
77 474
77 485
77 512
77 555
77 662
77 673
77 718
77 721
77 745
77 770
77 915
77 929
77 931
77 963
78 167
78 170
78 184
78 299
78 301
78 387
78 431
78 446
78 478
78 534
78 645
78 725
78 737
78 741
78 857
78 863
79 95
79 100
79 175
79 212
79 222
79 260
79 302
79 378
79 388
79 502
79 581
79 702
79 761
79 897
80 142
80 243
80 252
80 258
80 291
80 310
80 462
80 484
80 566
80 656
80 776
80 824
81 205
81 231
81 235
81 337
81 341
81 342
81 345
81 353
81 354
81 361
81 367
81 369
81 373
81 380
81 381
81 392
81 461
81 493
81 531
81 539
81 547
81 549
81 572
81 591
81 592
81 595
81 620
81 666
81 671
81 746
81 769
81 786
81 812
81 825
81 841
81 854
81 858
81 875
81 887
81 895
81 899
81 996
82 186
82 327
82 563
82 565
82 569
82 653
82 685
82 735
82 754
82 820
82 831
82 939
83 89
83 111
83 133
83 137
83 147
83 161
83 205
83 246
83 263
83 268
83 400
83 405
83 409
83 437
83 505
83 530
83 590
83 607
83 639
83 672
83 693
83 697
83 739
83 752
83 773
83 780
83 814
83 861
83 886
83 898
83 931
84 92
84 160
84 193
84 272
84 284
84 311
84 464
84 512
84 515
84 532
84 538
84 587
84 605
84 662
84 673
84 723
84 789
84 808
84 901
84 915
85 120
85 122
85 150
85 185
85 199
85 207
85 229
85 230
85 248
85 284
85 348
85 412
85 444
85 467
85 477
85 478
85 522
85 526
85 527
85 614
85 622
85 624
85 625
85 635
85 646
85 731
85 744
85 758
85 972
85 980
85 985
86 164
86 177
86 213
86 279
86 354
86 470
86 500
86 525
86 808
86 826
86 834
86 880
87 115
87 167
87 170
87 184
87 192
87 210
87 267
87 299
87 301
87 319
87 360
87 371
87 426
87 430
87 446
87 513
87 554
87 573
87 574
87 634
87 719
87 800
87 823
87 847
87 852
87 874
87 890
87 966
87 968
88 146
88 183
88 239
88 298
88 314
88 461
88 482
88 502
88 526
88 543
88 584
88 665
88 701
88 777
88 794
88 863
88 881
89 116
89 118
89 127
89 133
89 147
89 167
89 402
89 410
89 425
89 454
89 455
89 457
89 505
89 537
89 639
89 654
89 657
89 715
89 796
89 805
89 870
89 911
89 967
90 98
90 108
90 211
90 214
90 233
90 269
90 320
90 324
90 338
90 372
90 375
90 401
90 417
90 473
90 501
90 514
90 533
90 544
90 551
90 562
90 603
90 609
90 632
90 691
90 733
90 751
90 768
90 775
90 815
90 816
90 820
90 846
90 851
90 860
90 865
90 879
90 956
90 974
90 975
91 99
91 106
91 138
91 148
91 232
91 368
91 379
91 404
91 406
91 460
91 481
91 542
91 594
91 602
91 621
91 659
91 679
91 687
91 795
91 847
91 896
91 933
91 955
92 163
92 178
92 180
92 193
92 228
92 241
92 289
92 292
92 302
92 305
92 309
92 332
92 382
92 400
92 416
92 512
92 558
92 587
92 678
92 711
92 841
92 950
93 148
93 232
93 317
93 351
93 404
93 463
93 499
93 600
93 643
93 659
93 728
93 766
93 795
93 801
93 847
93 855
93 873
93 923
93 935
93 962
93 973
93 982
94 171
94 314
94 337
94 391
94 398
94 543
94 545
94 641
94 777
94 832
95 212
95 222
95 226
95 388
95 390
95 512
95 556
95 581
95 714
95 761
95 891
96 97
96 110
96 121
96 200
96 251
96 329
96 476
96 524
96 540
96 582
96 618
96 657
96 689
96 733
96 857
96 866
96 877
96 893
96 928
97 328
97 329
97 476
97 540
97 709
97 780
97 857
97 928
98 162
98 338
98 466
98 482
98 501
98 514
98 551
98 562
98 603
98 632
98 727
98 797
98 815
98 829
98 849
99 106
99 126
99 130
99 138
99 198
99 203
99 206
99 232
99 317
99 364
99 368
99 404
99 414
99 424
99 463
99 497
99 499
99 503
99 532
99 542
99 592
99 594
99 600
99 602
99 662
99 722
99 749
99 766
99 795
99 813
99 821
99 835
99 847
99 873
99 896
99 923
99 933
99 935
99 942
99 945
99 955
99 973
99 987
100 161
100 276
100 294
100 326
100 386
100 398
100 436
100 470
100 496
100 541
100 578
100 605
100 631
100 650
100 651
100 658
100 749
100 787
100 793
100 838
100 867
100 885
100 945
100 997
101 102
101 134
101 178
101 247
101 249
101 318
101 363
101 366
101 488
101 611
101 613
101 616
101 626
101 644
101 748
101 758
101 767
101 938
101 991
102 363
102 366
102 611
102 616
102 626
102 629
102 644
102 786
102 900
102 909
103 143
103 200
103 523
103 524
103 540
103 559
103 582
103 628
103 709
103 893
103 928
104 223
104 226
104 236
104 241
104 282
104 296
104 331
104 350
104 445
104 451
104 545
104 550
104 668
104 709
104 785
104 856
104 906
104 918
104 925
104 927
105 162
105 202
105 204
105 210
105 219
105 297
105 304
105 314
105 346
105 347
105 396
105 397
105 424
105 425
105 475
105 541
105 664
105 670
105 683
105 755
105 771
105 772
105 797
105 799
105 800
105 802
105 853
105 874
105 889
105 904
105 908
105 919
105 920
105 946
105 964
105 979
105 986
106 126
106 138
106 148
106 206
106 303
106 317
106 377
106 379
106 414
106 422
106 472
106 602
106 637
106 639
106 659
106 679
106 819
106 821
106 835
106 933
106 935
106 942
106 947
107 160
107 198
107 271
107 309
107 382
107 474
107 485
107 498
107 532
107 575
107 587
107 628
107 662
107 677
107 711
107 723
107 745
107 822
107 841
107 921
107 931
107 967
108 112
108 118
108 167
108 195
108 233
108 245
108 320
108 365
108 374
108 375
108 421
108 452
108 466
108 473
108 479
108 481
108 489
108 501
108 514
108 533
108 544
108 551
108 562
108 603
108 609
108 632
108 691
108 695
108 751
108 768
108 775
108 815
108 816
108 820
108 829
108 844
108 846
108 849
108 851
108 865
108 879
108 917
108 956
108 957
109 194
109 199
109 264
109 378
109 406
109 443
109 458
109 517
109 557
109 576
109 598
109 680
109 707
109 806
109 926
109 940
110 116
110 127
110 133
110 137
110 147
110 149
110 205
110 244
110 246
110 261
110 263
110 273
110 286
110 317
110 344
110 355
110 365
110 400
110 405
110 409
110 410
110 454
110 455
110 456
110 470
110 505
110 544
110 557
110 590
110 599
110 607
110 622
110 640
110 647
110 660
110 710
110 729
110 735
110 763
110 773
110 780
110 782
110 796
110 802
110 843
110 937
110 967
110 997
111 117
111 127
111 147
111 188
111 246
111 262
111 273
111 295
111 355
111 400
111 410
111 441
111 456
111 504
111 505
111 530
111 537
111 602
111 607
111 613
111 647
111 648
111 649
111 660
111 664
111 672
111 702
111 729
111 743
111 780
111 784
111 861
111 886
111 888
111 937
111 969
111 983
112 214
112 276
112 320
112 338
112 375
112 432
112 501
112 544
112 556
112 751
112 768
112 820
112 827
112 849
112 879
112 957
113 114
113 158
113 159
113 163
113 240
113 259
113 448
113 495
113 553
113 596
113 652
113 663
113 777
113 812
113 930
114 159
114 174
114 240
114 255
114 259
114 495
114 516
114 553
114 560
114 587
114 596
114 597
114 642
114 652
114 663
114 762
114 910
114 930
114 965
114 988
115 153
115 167
115 192
115 208
115 210
115 234
115 247
115 252
115 267
115 284
115 301
115 334
115 343
115 359
115 377
115 387
115 422
115 426
115 446
115 492
115 513
115 534
115 555
115 574
115 604
115 644
115 681
115 719
115 747
115 812
115 837
115 845
115 903
115 966
116 133
116 141
116 189
116 286
116 409
116 410
116 413
116 428
116 456
116 484
116 505
116 607
116 619
116 622
116 647
116 710
116 715
116 780
116 911
116 977
117 147
117 246
117 286
117 305
117 355
117 405
117 410
117 425
117 437
117 537
117 599
117 640
117 685
117 934
117 967
118 191
118 338
118 374
118 375
118 501
118 514
118 551
118 562
118 632
118 775
118 816
118 844
118 846
118 849
118 865
118 879
119 195
119 320
119 338
119 501
119 544
119 632
119 695
119 829
119 844
119 846
119 849
119 879
120 199
120 207
120 229
120 232
120 248
120 375
120 419
120 444
120 522
120 526
120 527
120 624
120 657
120 744
120 758
120 802
120 884
120 985
121 327
121 329
121 476
121 523
121 524
121 689
121 709
121 877
121 928
122 186
122 199
122 207
122 229
122 230
122 348
122 412
122 444
122 527
122 609
122 614
122 624
122 625
122 646
122 703
122 713
122 724
122 731
122 742
122 917
122 960
122 972
122 985
122 990
123 156
123 163
123 194
123 227
123 257
123 264
123 275
123 377
123 378
123 433
123 490
123 491
123 498
123 576
123 598
123 680
123 707
123 845
123 858
123 907
123 940
123 999
123 1000
124 159
124 247
124 255
124 259
124 495
124 553
124 642
124 652
124 794
124 876
124 910
124 925
124 930
125 225
125 232
125 241
125 270
125 282
125 306
125 318
125 350
125 408
125 415
125 445
125 469
125 471
125 550
125 564
125 580
125 636
125 663
125 668
125 682
125 708
125 732
125 833
125 839
125 855
125 883
125 912
125 918
125 927
126 206
126 232
126 303
126 404
126 414
126 472
126 477
126 538
126 580
126 637
126 643
126 653
126 687
126 693
126 835
126 855
126 873
126 933
126 935
126 945
126 951
126 973
127 141
127 149
127 220
127 246
127 273
127 286
127 295
127 355
127 400
127 410
127 413
127 455
127 498
127 504
127 505
127 510
127 570
127 590
127 607
127 631
127 639
127 645
127 649
127 657
127 660
127 710
127 736
127 773
127 796
127 807
127 850
127 861
127 934
128 186
128 199
128 405
128 477
128 487
128 501
128 527
128 590
128 624
128 625
128 666
128 703
128 731
128 742
128 758
128 804
128 965
128 990
129 277
129 337
129 373
129 381
129 531
129 539
129 547
129 549
129 749
129 769
129 786
129 875
129 895
130 138
130 148
130 154
130 271
130 317
130 359
130 379
130 404
130 460
130 606
130 653
130 687
130 728
130 795
130 834
130 855
130 949
130 955
131 172
131 175
131 182
131 256
131 326
131 383
131 393
131 470
131 498
131 627
131 638
131 650
131 656
131 658
131 688
131 749
131 760
131 792
131 793
131 905
131 944
131 997
132 203
132 312
132 520
132 528
132 548
132 561
132 589
132 597
132 630
132 654
132 692
132 696
132 790
132 864
132 894
132 914
132 959
133 137
133 141
133 147
133 149
133 344
133 365
133 402
133 410
133 455
133 484
133 488
133 530
133 537
133 568
133 590
133 607
133 612
133 619
133 640
133 660
133 672
133 715
133 729
133 736
133 796
133 870
133 886
133 898
133 911
133 969
133 977
134 268
134 363
134 366
134 384
134 574
134 611
134 612
134 626
134 644
134 748
134 767
134 870
134 871
134 900
134 909
134 980
134 991
135 204
135 221
135 236
135 241
135 270
135 285
135 331
135 350
135 408
135 411
135 421
135 429
135 445
135 451
135 462
135 518
135 580
135 682
135 740
135 757
135 774
135 788
135 839
135 873
135 918
135 924
135 948
135 951
135 954
135 994
136 157
136 175
136 215
136 229
136 332
136 393
136 453
136 459
136 569
136 651
136 655
136 656
136 664
136 734
136 749
136 787
136 792
136 793
136 794
136 810
136 864
136 902
136 905
136 947
136 997
137 205
137 246
137 259
137 263
137 273
137 286
137 293
137 355
137 425
137 467
137 510
137 524
137 590
137 599
137 613
137 619
137 640
137 648
137 649
137 672
137 752
137 780
137 784
137 830
137 843
137 870
137 886
137 888
137 937
138 148
138 217
138 232
138 303
138 338
138 364
138 414
138 472
138 499
138 503
138 567
138 588
138 606
138 613
138 653
138 679
138 687
138 699
138 728
138 793
138 801
138 813
138 821
138 873
138 896
138 923
138 933
138 935
138 942
138 945
138 947
138 962
138 973
139 148
139 212
139 222
139 260
139 366
139 462
139 483
139 485
139 502
139 519
139 524
139 556
139 581
139 717
139 726
139 761
139 897
139 958
140 178
140 191
140 242
140 267
140 282
140 301
140 430
140 434
140 492
140 534
140 574
140 684
140 706
140 726
140 737
140 741
140 800
140 837
140 932
141 246
141 262
141 295
141 355
141 365
141 410
141 437
141 484
141 504
141 505
141 510
141 530
141 552
141 590
141 613
141 614
141 619
141 628
141 639
141 645
141 647
141 648
141 661
141 665
141 669
141 672
141 693
141 702
141 723
141 805
141 814
141 843
141 886
141 931
141 977
141 983
142 181
142 189
142 238
142 243
142 252
142 258
142 269
142 274
142 394
142 468
142 536
142 567
142 585
142 633
142 750
142 776
142 809
142 816
142 892
142 957
143 200
143 218
143 328
143 377
143 476
143 523
143 524
143 540
143 559
143 582
143 618
143 735
143 857
143 877
143 928
144 205
144 295
144 349
144 369
144 405
144 437
144 505
144 599
144 665
144 669
144 672
144 717
144 843
144 861
144 886
144 911
145 219
145 244
145 256
145 291
145 323
145 351
145 424
145 528
145 586
145 661
145 674
145 683
145 718
145 865
145 986
146 171
146 183
146 195
146 272
146 298
146 314
146 338
146 468
146 482
146 543
146 641
146 777
146 832
146 863
147 205
147 246
147 272
147 273
147 286
147 344
147 355
147 365
147 410
147 413
147 425
147 435
147 530
147 590
147 607
147 612
147 613
147 647
147 648
147 649
147 665
147 672
147 702
147 729
147 773
147 784
147 805
147 861
147 934
147 967
147 977
147 983
148 198
148 206
148 232
148 290
148 303
148 317
148 364
148 368
148 404
148 422
148 463
148 472
148 481
148 495
148 497
148 499
148 588
148 594
148 600
148 637
148 643
148 653
148 659
148 693
148 728
148 730
148 783
148 795
148 809
148 821
148 873
148 923
148 933
148 934
148 942
148 949
148 955
148 973
148 982
149 274
149 293
149 355
149 398
149 405
149 413
149 425
149 437
149 455
149 510
149 537
149 577
149 619
149 660
149 679
149 773
149 850
149 969
149 983
150 177
150 186
150 199
150 230
150 419
150 444
150 450
150 477
150 522
150 614
150 624
150 712
150 724
150 742
150 804
150 832
150 884
150 985
150 990
151 160
151 163
151 165
151 193
151 210
151 272
151 280
151 289
151 305
151 357
151 395
151 512
151 532
151 538
151 587
151 678
151 685
151 711
151 723
151 807
151 882
151 929
151 993
152 164
152 169
152 177
152 213
152 216
152 279
152 281
152 354
152 427
152 462
152 525
152 583
152 601
152 667
152 808
152 834
152 862
152 921
153 184
153 208
153 301
153 319
153 371
153 483
153 525
153 604
153 636
153 797
153 812
153 831
153 837
153 838
153 961
154 232
154 240
154 287
154 303
154 359
154 379
154 499
154 542
154 588
154 687
154 693
154 722
154 766
154 801
154 821
154 847
154 855
154 932
154 947
154 962
154 973
154 987
155 160
155 168
155 184
155 191
155 254
155 312
155 520
155 548
155 561
155 597
155 654
155 753
155 790
155 910
155 973
156 194
156 227
156 275
156 280
156 378
156 406
156 433
156 458
156 518
156 576
156 598
156 617
156 680
156 707
156 741
156 806
156 879
156 926
156 944
156 958
156 999
156 1000
157 175
157 176
157 182
157 215
157 386
157 398
157 420
157 435
157 453
157 457
157 459
157 466
157 544
157 556
157 610
157 615
157 631
157 638
157 651
157 656
157 658
157 697
157 739
157 798
157 855
157 885
157 913
157 997
158 159
158 247
158 255
158 259
158 484
158 495
158 509
158 553
158 652
158 663
158 794
158 910
159 174
159 240
159 247
159 259
159 313
159 321
159 495
159 516
159 535
159 553
159 560
159 596
159 642
159 652
159 663
159 762
159 765
159 771
159 794
159 876
159 910
159 930
159 953
159 987
160 180
160 196
160 220
160 228
160 250
160 272
160 289
160 292
160 305
160 308
160 332
160 333
160 339
160 382
160 411
160 442
160 464
160 506
160 529
160 532
160 538
160 574
160 575
160 587
160 676
160 698
160 711
160 721
160 738
160 744
160 747
160 763
160 770
160 789
160 807
160 818
160 882
160 915
161 271
161 276
161 326
161 339
161 386
161 457
161 496
161 563
161 578
161 631
161 650
161 651
161 658
161 664
161 723
161 749
161 793
161 867
161 905
161 906
161 978
161 989
161 997
162 202
162 204
162 224
162 244
162 304
162 346
162 368
162 397
162 399
162 407
162 448
162 473
162 480
162 571
162 586
162 670
162 674
162 727
162 763
162 771
162 772
162 780
162 797
162 799
162 811
162 840
162 848
162 889
162 904
162 920
162 924
162 970
162 976
163 196
163 220
163 271
163 289
163 302
163 305
163 309
163 316
163 335
163 401
163 416
163 485
163 498
163 509
163 529
163 532
163 538
163 545
163 575
163 579
163 605
163 678
163 690
163 698
163 711
163 718
163 721
163 738
163 745
163 781
163 828
163 875
163 901
163 915
163 916
164 169
164 177
164 179
164 213
164 216
164 279
164 287
164 350
164 354
164 456
164 500
164 525
164 571
164 601
164 657
164 667
164 808
164 826
164 834
164 921
164 943
164 968
165 196
165 220
165 228
165 232
165 271
165 280
165 289
165 308
165 309
165 333
165 339
165 416
165 507
165 509
165 511
165 512
165 558
165 587
165 605
165 662
165 690
165 698
165 723
165 738
165 770
165 779
165 840
165 868
165 915
165 950
165 989
166 169
166 177
166 216
166 310
166 332
166 346
166 397
166 525
166 559
166 583
166 667
166 703
166 808
166 834
166 921
166 998
167 178
167 283
167 371
167 446
167 554
167 706
167 800
167 837
167 961
167 981
168 312
168 402
168 408
168 489
168 520
168 548
168 561
168 573
168 589
168 593
168 597
168 654
168 692
168 696
168 753
168 790
168 864
168 914
168 959
168 961
169 179
169 279
169 281
169 287
169 288
169 500
169 525
169 630
169 808
169 862
169 921
169 943
170 188
170 234
170 267
170 343
170 360
170 376
170 426
170 486
170 554
170 573
170 574
170 681
170 692
170 785
170 800
170 961
170 966
171 183
171 298
171 312
171 314
171 482
171 543
171 641
171 701
171 881
172 175
172 182
172 326
172 393
172 496
172 510
172 650
172 655
172 716
172 739
172 749
172 803
172 810
172 978
173 311
173 346
173 347
173 390
173 397
173 541
173 661
173 674
173 755
173 771
173 797
173 799
173 801
173 802
173 817
173 889
173 920
173 986
174 220
174 247
174 255
174 560
174 581
174 596
174 663
174 769
174 796
174 876
174 910
174 930
175 215
175 266
175 391
175 398
175 436
175 457
175 459
175 578
175 610
175 627
175 630
175 631
175 638
175 688
175 697
175 809
175 902
175 997
176 201
176 215
176 294
176 303
176 386
176 389
176 459
176 578
176 608
176 615
176 631
176 651
176 664
176 669
176 760
176 793
176 810
176 838
176 885
176 900
176 905
176 989
177 213
177 216
177 279
177 281
177 287
177 334
177 427
177 500
177 502
177 525
177 583
177 601
177 667
177 808
177 826
177 827
177 834
177 862
177 921
177 943
177 999
178 188
178 301
178 330
178 334
178 343
178 371
178 387
178 423
178 430
178 478
178 492
178 534
178 554
178 574
178 675
178 823
178 890
178 966
179 189
179 279
179 295
179 427
179 525
179 583
179 621
179 808
180 196
180 251
180 271
180 272
180 292
180 324
180 333
180 335
180 416
180 464
180 474
180 515
180 587
180 664
180 686
180 710
180 711
180 738
180 807
180 818
180 856
180 862
180 916
180 931
181 252
181 258
181 269
181 310
181 337
181 338
181 343
181 379
181 394
181 462
181 488
181 567
181 585
181 593
181 756
181 809
182 266
182 326
182 389
182 393
182 496
182 603
182 631
182 655
182 664
182 697
182 708
182 838
182 867
182 905
183 239
183 298
183 306
183 314
183 570
183 641
183 701
183 777
183 818
183 832
184 251
184 267
184 371
184 387
184 465
184 492
184 561
184 573
184 634
184 636
184 681
184 706
184 852
184 938
184 966
184 968
185 199
185 207
185 229
185 337
185 352
185 412
185 444
185 494
185 512
185 614
185 624
185 625
185 682
185 744
185 758
185 967
185 972
185 985
185 990
186 348
186 412
186 419
186 444
186 450
186 527
186 565
186 614
186 712
186 724
186 758
186 884
186 917
186 924
186 972
186 980
186 985
186 990
187 256
187 276
187 294
187 326
187 379
187 420
187 436
187 459
187 610
187 638
187 658
187 708
187 749
187 787
187 810
187 824
187 885
187 905
187 945
187 952
187 978
187 989
188 210
188 249
188 268
188 284
188 301
188 330
188 334
188 336
188 343
188 371
188 387
188 426
188 604
188 636
188 681
188 812
188 823
188 830
188 852
188 890
188 932
189 281
189 287
189 354
189 393
189 525
189 583
189 705
189 808
189 921
190 192
190 210
190 301
190 334
190 343
190 371
190 426
190 431
190 573
190 622
190 636
190 684
190 689
190 737
190 785
190 823
190 852
190 903
190 932
191 520
191 528
191 548
191 561
191 597
191 654
191 692
191 758
191 914
191 983
192 234
192 278
192 283
192 284
192 301
192 334
192 360
192 371
192 387
192 446
192 535
192 574
192 604
192 634
192 636
192 706
192 726
192 776
192 785
192 812
192 823
192 852
192 992
193 209
193 220
193 271
193 272
193 280
193 302
193 324
193 357
193 423
193 464
193 512
193 532
193 558
193 587
193 738
193 760
193 770
193 807
193 868
193 929
194 257
194 264
194 275
194 291
194 324
194 491
194 517
194 598
194 617
194 806
194 940
195 320
195 338
195 372
195 479
195 501
195 514
195 551
195 695
195 775
195 815
195 816
195 820
195 829
195 844
195 845
195 849
195 865
195 956
195 974
196 289
196 302
196 305
196 335
196 485
196 532
196 579
196 673
196 698
196 738
196 770
196 789
196 796
196 807
196 854
196 882
196 915
196 916
196 1000
197 244
197 253
197 322
197 323
197 428
197 514
197 571
197 586
197 661
197 683
197 763
197 797
197 802
197 840
197 919
197 920
197 922
198 206
198 254
198 364
198 368
198 410
198 499
198 588
198 600
198 602
198 687
198 897
198 945
198 982
198 987
199 207
199 229
199 348
199 392
199 412
199 419
199 450
199 477
199 487
199 494
199 504
199 511
199 521
199 522
199 526
199 614
199 624
199 635
199 646
199 703
199 712
199 742
199 744
199 758
199 804
199 880
199 884
199 917
199 951
199 960
199 972
199 974
199 980
199 985
199 990
200 251
200 281
200 371
200 476
200 523
200 524
200 559
200 582
200 689
200 709
201 213
201 256
201 266
201 386
201 391
201 398
201 403
201 610
201 651
201 655
201 732
201 838
201 847
201 905
201 941
201 995
201 997
202 204
202 219
202 253
202 277
202 297
202 307
202 313
202 323
202 346
202 390
202 396
202 448
202 535
202 571
202 683
202 736
202 771
202 784
202 791
202 796
202 797
202 799
202 828
202 840
202 874
202 908
202 946
202 964
203 206
203 232
203 254
203 303
203 337
203 348
203 364
203 404
203 463
203 488
203 524
203 553
203 602
203 643
203 659
203 679
203 693
203 699
203 749
203 766
203 821
203 847
203 855
203 935
203 945
203 949
203 962
203 973
203 982
203 987
204 205
204 291
204 296
204 307
204 323
204 390
204 393
204 399
204 475
204 541
204 571
204 586
204 670
204 674
204 683
204 762
204 771
204 799
204 817
204 840
204 853
204 904
204 946
204 970
204 986
205 262
205 358
205 400
205 409
205 425
205 455
205 530
205 537
205 590
205 599
205 613
205 622
205 647
205 665
205 669
205 702
205 752
205 816
205 843
205 899
206 220
206 316
206 317
206 359
206 368
206 379
206 389
206 404
206 414
206 422
206 434
206 460
206 463
206 472
206 480
206 499
206 503
206 529
206 542
206 588
206 590
206 592
206 621
206 637
206 643
206 693
206 766
206 781
206 801
206 813
206 821
206 835
206 855
206 933
206 935
206 942
206 945
206 947
206 949
206 962
206 973
206 982
206 987
207 299
207 352
207 419
207 444
207 526
207 614
207 624
207 646
207 724
207 742
207 744
207 758
207 804
207 988
207 998
208 237
208 284
208 314
208 334
208 417
208 431
208 434
208 534
208 574
208 604
208 634
208 636
208 675
208 684
208 706
208 860
208 884
209 228
209 272
209 292
209 416
209 555
209 605
209 662
209 673
209 676
209 677
209 698
209 723
209 747
209 770
209 789
209 807
209 822
209 833
209 915
209 993
209 994
210 242
210 299
210 319
210 325
210 334
210 343
210 371
210 387
210 492
210 534
210 554
210 634
210 681
210 741
210 832
210 912
210 968
210 981
211 223
211 225
211 236
211 241
211 282
211 288
211 318
211 370
211 375
211 421
211 438
211 441
211 445
211 449
211 451
211 462
211 471
211 557
211 668
211 682
211 730
211 731
211 740
211 757
211 827
211 839
211 918
211 927
211 948
211 954
211 998
212 222
212 226
212 265
212 388
212 403
212 493
212 502
212 581
212 761
212 891
212 971
213 354
213 427
213 525
213 583
213 640
213 795
213 808
213 834
213 921
213 934
213 943
214 320
214 338
214 374
214 466
214 489
214 514
214 544
214 551
214 691
214 756
214 815
214 816
214 829
214 849
214 855
215 256
215 276
215 294
215 349
215 391
215 398
215 420
215 457
215 496
215 578
215 615
215 630
215 631
215 638
215 655
215 656
215 664
215 734
215 749
215 837
215 845
215 867
215 885
215 905
215 922
215 925
215 941
215 952
215 978
215 995
216 279
216 281
216 287
216 354
216 500
216 525
216 601
216 698
216 862
217 232
217 359
217 368
217 379
217 404
217 414
217 463
217 594
217 622
217 679
217 687
217 795
217 855
217 873
217 935
217 942
217 982
218 436
218 524
218 540
218 582
218 689
218 733
218 877
218 990
219 323
219 346
219 390
219 523
219 541
219 571
219 577
219 772
219 922
219 970
219 986
220 271
220 280
220 289
220 292
220 302
220 305
220 309
220 316
220 324
220 332
220 339
220 340
220 382
220 401
220 416
220 428
220 464
220 474
220 506
220 507
220 512
220 532
220 575
220 579
220 676
220 711
220 718
220 738
220 747
220 770
220 789
220 822
220 830
220 841
220 882
220 908
220 915
220 916
220 929
221 223
221 282
221 288
221 315
221 331
221 356
221 411
221 416
221 429
221 462
221 469
221 518
221 545
221 546
221 577
221 668
221 732
221 757
221 773
221 788
221 827
221 836
221 869
221 906
221 918
221 948
221 951
221 954
222 260
222 265
222 519
222 556
222 581
222 717
222 823
222 849
222 897
222 950
222 971
222 990
223 236
223 270
223 273
223 282
223 285
223 318
223 408
223 449
223 451
223 462
223 469
223 471
223 668
223 690
223 732
223 788
223 827
223 833
224 244
224 291
224 311
224 323
224 362
224 385
224 390
224 397
224 407
224 428
224 541
224 571
224 586
224 683
224 727
224 760
224 763
224 799
224 802
224 804
224 819
224 908
224 919
224 920
225 286
225 370
225 462
225 580
225 668
225 720
225 839
225 918
225 925
225 954
226 241
226 519
226 581
226 897
227 378
227 406
227 443
227 458
227 598
227 617
227 680
227 797
227 806
227 907
227 940
227 999
227 1000
228 302
228 305
228 382
228 512
228 515
228 529
228 558
228 579
228 587
228 649
228 711
228 745
228 770
228 779
228 841
228 849
228 929
228 950
228 993
228 1000
229 230
229 248
229 414
229 444
229 450
229 514
229 522
229 526
229 527
229 612
229 614
229 624
229 713
229 724
229 742
229 744
229 831
229 880
229 917
229 960
229 965
229 969
229 985
229 990
230 248
230 412
230 419
230 444
230 522
230 614
230 624
230 724
230 758
230 804
230 990
231 235
231 282
231 337
231 404
231 539
231 547
231 769
231 791
231 825
231 858
231 895
232 290
232 299
232 303
232 368
232 379
232 404
232 414
232 463
232 481
232 497
232 499
232 542
232 592
232 594
232 600
232 606
232 621
232 643
232 692
232 722
232 781
232 801
232 847
232 860
232 873
232 896
232 923
232 935
232 942
232 947
232 982
233 338
233 447
233 465
233 501
233 533
233 544
233 694
233 815
233 820
233 844
233 865
233 879
234 242
234 278
234 319
234 334
234 371
234 387
234 534
234 634
234 636
234 681
234 782
235 337
235 342
235 353
235 361
235 364
235 367
235 373
235 381
235 427
235 531
235 547
235 549
235 572
235 591
235 603
235 666
235 671
235 746
235 825
235 895
236 241
236 270
236 282
236 315
236 408
236 411
236 415
236 441
236 445
236 449
236 462
236 471
236 551
236 557
236 564
236 668
236 682
236 738
236 774
236 788
236 810
236 833
236 836
236 951
236 954
236 958
236 998
237 267
237 283
237 299
237 360
237 376
237 387
237 492
237 574
237 737
237 785
237 908
237 910
237 915
237 956
237 961
238 243
238 252
238 258
238 432
238 468
238 566
238 567
238 585
238 593
238 750
238 756
238 774
238 776
238 778
238 824
238 836
238 892
239 298
239 314
239 482
239 543
239 584
239 641
239 655
239 777
239 846
240 247
240 259
240 384
240 516
240 553
240 560
240 652
240 794
240 910
240 930
241 270
241 296
241 315
241 331
241 350
241 390
241 411
241 415
241 421
241 438
241 439
241 445
241 471
241 518
241 545
241 546
241 564
241 577
241 667
241 720
241 730
241 740
241 827
241 833
241 836
241 839
241 883
241 918
241 927
241 948
241 954
241 958
241 994
242 267
242 319
242 360
242 387
242 423
242 430
242 483
242 492
242 574
242 634
242 681
242 725
242 732
242 788
242 837
242 845
242 852
242 890
243 258
243 269
243 274
243 373
243 394
243 432
243 479
243 566
243 567
243 585
243 593
243 633
243 640
243 750
243 774
243 778
243 824
243 846
243 878
243 892
244 253
244 300
244 313
244 390
244 397
244 407
244 424
244 448
244 478
244 541
244 571
244 661
244 683
244 799
244 819
244 853
244 874
244 986
245 338
245 447
245 472
245 501
245 544
245 551
245 775
245 820
245 849
245 957
246 263
246 286
246 295
246 355
246 358
246 402
246 425
246 484
246 590
246 607
246 619
246 620
246 622
246 649
246 660
246 665
246 710
246 752
246 773
246 805
246 843
246 861
246 888
246 899
246 911
246 918
246 930
246 981
247 255
247 315
247 321
247 495
247 516
247 535
247 560
247 596
247 652
247 663
247 762
247 765
247 794
247 876
247 910
247 930
248 387
248 430
248 444
248 484
248 493
248 526
248 527
248 614
248 624
248 731
248 742
248 744
248 758
248 804
248 917
248 980
248 990
249 363
249 384
249 488
249 611
249 626
249 644
249 909
249 988
250 272
250 292
250 324
250 355
250 366
250 382
250 529
250 558
250 662
250 711
250 723
250 738
250 770
250 818
250 830
250 901
251 476
251 523
251 524
251 559
251 618
251 709
251 733
251 866
251 877
251 928
251 951
252 269
252 274
252 310
252 394
252 432
252 468
252 513
252 566
252 567
252 593
252 750
252 756
252 774
252 809
252 824
252 878
252 884
252 892
252 933
253 291
253 307
253 383
253 407
253 418
253 541
253 571
253 661
253 727
253 771
253 799
253 872
253 892
254 364
254 368
254 404
254 463
254 472
254 602
254 687
254 699
254 821
254 847
254 853
254 855
254 873
254 973
254 982
254 987
255 259
255 355
255 478
255 482
255 512
255 535
255 553
255 596
255 652
255 663
255 794
255 876
255 910
255 930
256 266
256 294
256 298
256 326
256 420
256 470
256 496
256 578
256 627
256 631
256 658
256 702
256 716
256 739
256 749
256 787
256 810
256 902
256 905
256 978
256 995
257 264
257 275
257 377
257 378
257 433
257 490
257 598
257 617
257 680
257 706
257 806
257 907
257 926
258 274
258 289
258 310
258 394
258 432
258 468
258 567
258 585
258 593
258 633
258 750
258 774
258 776
258 778
258 809
258 824
258 878
258 882
258 978
259 376
259 495
259 560
259 596
259 642
259 652
259 663
259 762
259 765
259 794
259 827
259 876
259 910
259 930
259 953
259 980
260 265
260 269
260 289
260 432
260 508
260 556
260 581
260 891
260 897
261 349
261 405
261 425
261 437
261 529
261 530
261 607
261 639
261 657
261 710
261 735
261 861
261 937
261 966
262 410
262 437
262 505
262 613
262 657
262 729
262 752
262 756
262 771
262 796
262 861
262 911
262 934
262 983
263 358
263 437
263 443
263 454
263 484
263 585
263 607
263 613
263 619
263 649
263 657
263 665
263 710
263 752
263 782
263 796
263 843
263 850
263 861
263 898
263 967
264 378
264 458
264 485
264 491
264 498
264 517
264 576
264 598
264 617
264 707
264 724
264 740
264 806
264 865
264 944
264 992
264 1000
265 388
265 519
265 556
265 581
265 714
265 744
265 826
265 897
265 971
265 982
266 294
266 326
266 383
266 393
266 436
266 459
266 615
266 627
266 664
266 688
266 716
266 749
266 787
266 792
266 798
266 905
266 933
266 938
266 978
267 284
267 301
267 330
267 333
267 343
267 371
267 379
267 387
267 465
267 478
267 486
267 573
267 636
267 725
267 726
267 741
267 778
267 800
267 837
267 852
267 890
267 981
267 992
268 363
268 384
268 488
268 612
268 623
268 626
268 644
268 871
268 900
268 909
268 938
268 988
269 274
269 310
269 394
269 468
269 566
269 567
269 585
269 633
269 673
269 750
269 774
269 778
269 809
269 824
269 878
269 892
270 285
270 337
270 386
270 408
270 469
270 471
270 668
270 720
270 723
270 827
270 839
270 918
270 951
270 954
271 289
271 302
271 309
271 316
271 332
271 382
271 416
271 433
271 474
271 520
271 532
271 558
271 575
271 605
271 607
271 690
271 711
271 745
271 807
271 818
271 841
271 856
271 901
271 915
271 929
271 931
272 292
272 316
272 332
272 333
272 339
272 416
272 442
272 464
272 485
272 506
272 507
272 509
272 532
272 543
272 558
272 575
272 587
272 605
272 650
272 676
272 677
272 690
272 692
272 711
272 723
272 738
272 755
272 770
272 779
272 789
272 807
272 841
272 856
272 901
272 931
272 993
273 295
273 344
273 349
273 355
273 358
273 365
273 402
273 437
273 454
273 456
273 478
273 484
273 505
273 530
273 599
273 613
273 619
273 647
273 649
273 665
273 669
273 672
273 702
273 710
273 735
273 736
273 738
273 745
273 782
273 784
273 796
273 820
273 843
273 850
273 861
273 899
273 934
273 983
274 310
274 394
274 432
274 776
274 778
274 794
274 878
274 973
275 282
275 377
275 378
275 406
275 433
275 443
275 498
275 576
275 598
275 617
275 680
275 707
275 806
275 842
275 870
275 907
275 926
275 999
276 294
276 391
276 398
276 403
276 496
276 610
276 630
276 631
276 638
276 656
276 697
276 708
276 793
276 810
276 838
276 867
276 902
276 905
276 913
276 982
276 995
277 337
277 341
277 342
277 345
277 353
277 367
277 369
277 373
277 427
277 478
277 493
277 531
277 539
277 547
277 549
277 572
277 575
277 595
277 671
277 746
277 769
277 825
277 887
277 895
277 996
278 284
278 334
278 371
278 428
278 534
278 675
278 812
278 821
278 837
278 966
279 291
279 449
279 452
279 525
279 667
279 808
279 862
279 921
280 305
280 321
280 332
280 464
280 472
280 575
280 579
280 698
280 711
280 718
280 821
280 882
280 916
281 287
281 425
281 500
281 583
281 808
281 826
281 921
281 943
282 296
282 300
282 315
282 317
282 318
282 370
282 408
282 438
282 441
282 449
282 451
282 462
282 469
282 471
282 545
282 546
282 550
282 557
282 564
282 580
282 600
282 668
282 682
282 692
282 720
282 740
282 839
282 869
282 918
282 927
282 948
282 951
282 954
283 301
283 478
283 518
283 604
283 634
283 636
283 812
283 890
284 299
284 343
284 387
284 460
284 478
284 491
284 604
284 675
284 695
284 706
284 774
285 296
285 469
285 471
285 536
285 545
285 546
285 668
285 682
285 732
285 841
285 906
286 355
286 455
286 505
286 657
286 784
286 796
286 983
287 354
287 476
287 492
287 583
287 601
287 626
287 835
287 862
287 921
287 943
288 296
288 350
288 411
288 445
288 462
288 469
288 471
288 577
288 668
288 682
288 740
288 742
288 757
288 827
288 839
288 869
288 883
288 906
288 918
288 924
289 382
289 507
289 509
289 529
289 532
289 587
289 605
289 673
289 686
289 690
289 711
289 747
289 822
289 915
289 969
289 993
290 359
290 414
290 460
290 463
290 472
290 481
290 497
290 621
290 643
290 653
290 679
290 693
290 821
290 847
290 855
290 858
290 873
290 905
290 947
290 973
291 297
291 300
291 307
291 311
291 322
291 346
291 347
291 362
291 385
291 390
291 397
291 418
291 440
291 448
291 541
291 571
291 586
291 602
291 661
291 674
291 704
291 732
291 743
291 772
291 797
291 799
291 802
291 817
291 819
291 840
291 848
291 853
291 872
291 889
291 908
291 919
291 920
291 970
291 976
291 979
292 302
292 319
292 333
292 335
292 357
292 395
292 512
292 515
292 538
292 542
292 555
292 575
292 662
292 674
292 686
292 690
292 698
292 723
292 747
292 760
292 802
292 818
292 882
292 890
292 901
292 929
292 950
293 326
293 355
293 410
293 425
293 537
293 599
293 607
293 613
293 660
293 672
293 843
293 899
293 911
293 937
293 983
293 985
294 391
294 393
294 398
294 403
294 420
294 453
294 459
294 496
294 504
294 505
294 550
294 577
294 627
294 630
294 638
294 655
294 656
294 664
294 697
294 708
294 734
294 749
294 787
294 792
294 798
294 810
294 832
294 895
294 902
294 913
294 936
294 941
294 978
294 997
295 321
295 437
295 530
295 599
295 607
295 645
295 649
295 657
295 672
295 702
295 729
295 805
295 861
295 971
296 469
296 471
296 545
296 550
296 557
296 561
296 564
296 690
296 744
296 827
296 839
296 883
296 906
296 912
296 954
296 994
297 309
297 323
297 346
297 351
297 362
297 390
297 418
297 428
297 667
297 670
297 727
297 763
297 771
297 772
297 802
297 872
297 986
298 306
298 311
298 314
298 482
298 543
298 570
298 584
298 641
298 701
298 705
298 777
298 832
298 863
298 881
298 887
298 904
299 301
299 319
299 325
299 330
299 334
299 336
299 360
299 379
299 387
299 423
299 492
299 681
299 706
299 737
299 966
299 968
300 323
300 346
300 347
300 385
300 407
300 541
300 571
300 581
300 656
300 674
300 799
300 848
300 922
300 970
300 986
301 309
301 319
301 334
301 336
301 367
301 371
301 387
301 431
301 446
301 486
301 492
301 534
301 554
301 574
301 604
301 634
301 636
301 675
301 681
301 684
301 706
301 719
301 725
301 737
301 741
301 845
301 852
301 881
301 890
301 955
301 961
301 966
301 974
301 992
302 308
302 324
302 339
302 340
302 357
302 382
302 409
302 442
302 509
302 512
302 538
302 555
302 558
302 575
302 641
302 662
302 673
302 677
302 678
302 679
302 686
302 698
302 711
302 745
302 818
302 882
302 915
302 916
302 950
302 993
303 317
303 364
303 379
303 404
303 422
303 460
303 472
303 481
303 513
303 542
303 579
303 588
303 592
303 606
303 621
303 659
303 687
303 693
303 722
303 763
303 801
303 821
303 855
303 935
303 942
303 955
303 962
304 307
304 323
304 399
304 410
304 586
304 771
304 848
304 964
304 970
305 332
305 382
305 514
305 690
305 721
305 723
305 745
305 822
305 849
305 856
305 915
306 314
306 482
306 543
306 584
306 641
306 701
306 705
306 729
306 777
306 832
307 437
307 475
307 541
307 586
307 789
307 797
307 986
308 464
308 476
308 507
308 532
308 587
308 662
308 745
308 807
308 882
308 908
308 929
308 950
309 485
309 507
309 529
309 587
309 770
309 789
309 818
309 993
310 436
310 566
310 567
310 776
310 878
310 892
311 390
311 448
311 485
311 586
311 595
311 661
311 683
311 797
311 802
311 819
311 848
311 938
311 986
312 520
312 548
312 566
312 597
312 612
312 654
312 696
312 784
312 864
312 914
313 337
313 390
313 428
313 571
313 670
313 683
313 727
313 848
313 923
313 980
314 482
314 584
314 641
314 705
314 777
314 832
314 863
314 881
314 898
314 973
315 331
315 350
315 367
315 415
315 438
315 439
315 462
315 471
315 545
315 546
315 577
315 620
315 668
315 682
315 730
315 906
315 954
316 538
316 558
316 711
316 721
316 789
316 925
317 359
317 481
317 497
317 588
317 592
317 606
317 621
317 653
317 728
317 766
317 807
317 821
317 835
317 841
317 855
317 873
317 896
317 935
317 942
317 947
317 953
317 982
317 987
318 518
318 535
318 557
318 668
318 732
318 906
318 918
319 371
319 387
319 417
319 446
319 483
319 492
319 510
319 574
319 604
319 634
319 636
319 719
319 738
319 785
319 810
319 812
319 898
319 968
319 989
320 338
320 372
320 374
320 466
320 477
320 479
320 514
320 544
320 551
320 568
320 574
320 691
320 695
320 751
320 775
320 816
320 844
320 846
320 865
320 879
320 905
320 957
321 495
321 516
321 553
321 596
321 601
321 642
321 652
321 762
321 768
321 794
321 876
321 910
321 930
322 346
322 448
322 544
322 571
322 662
322 683
322 724
322 747
322 797
322 811
322 872
322 908
323 346
323 356
323 362
323 385
323 397
323 407
323 418
323 428
323 429
323 436
323 440
323 480
323 517
323 571
323 586
323 619
323 661
323 683
323 724
323 763
323 802
323 840
323 853
323 872
323 889
323 904
323 919
323 964
323 976
323 986
324 401
324 507
324 512
324 529
324 532
324 538
324 572
324 575
324 605
324 676
324 711
324 731
324 745
324 747
324 789
324 807
324 929
324 964
324 993
325 334
325 360
325 434
325 505
325 534
325 574
325 604
325 634
325 655
325 675
325 741
325 800
325 823
325 966
325 968
326 361
326 381
326 457
326 496
326 550
326 578
326 610
326 615
326 630
326 650
326 651
326 688
326 697
326 716
326 734
326 739
326 798
326 838
326 867
326 905
326 936
326 952
326 989
327 552
327 563
327 685
327 700
327 754
327 831
327 963
328 476
328 524
328 543
328 556
328 582
328 689
328 709
328 857
328 877
328 893
328 928
329 429
329 689
329 751
329 866
329 929
329 974
330 334
330 336
330 371
330 574
330 634
330 636
330 668
330 800
330 837
331 415
331 429
331 439
331 471
331 512
331 518
331 545
331 564
331 668
331 682
331 732
331 740
331 757
331 888
331 906
331 918
331 954
332 512
332 532
332 600
332 677
332 686
332 690
332 770
332 868
333 334
333 428
333 485
333 512
333 558
333 605
333 677
333 698
333 723
333 779
333 789
333 818
334 343
334 371
334 387
334 417
334 426
334 430
334 446
334 486
334 492
334 513
334 554
334 573
334 574
334 604
334 634
334 636
334 658
334 684
334 719
334 725
334 737
334 741
334 758
334 785
334 821
334 852
334 903
334 932
334 966
334 968
334 978
334 981
335 416
335 448
335 507
335 529
335 558
335 605
335 690
335 711
335 718
335 770
335 818
335 856
336 371
336 407
336 423
336 741
336 745
336 812
336 843
336 903
337 345
337 353
337 369
337 373
337 461
337 531
337 547
337 572
337 591
337 666
337 671
337 746
337 769
337 786
337 791
337 825
337 854
337 858
337 887
337 895
337 996
338 372
338 375
338 447
338 452
338 466
338 473
338 479
338 489
338 501
338 514
338 533
338 544
338 551
338 562
338 603
338 632
338 661
338 691
338 694
338 695
338 751
338 768
338 775
338 815
338 820
338 846
338 849
338 851
338 860
338 865
338 879
338 974
338 975
339 529
339 538
339 555
339 558
339 587
339 698
339 711
339 723
340 371
340 464
340 512
340 529
340 587
340 678
340 711
340 822
340 882
340 987
341 345
341 361
341 369
341 373
341 415
341 461
341 531
341 547
341 591
341 620
341 666
341 769
341 791
341 854
341 858
341 887
341 895
342 373
342 519
342 539
342 547
342 549
342 769
342 810
342 825
342 895
342 993
343 376
343 434
343 492
343 554
343 618
343 634
343 675
343 683
343 719
343 741
343 800
343 810
343 812
343 903
343 936
343 992
344 410
344 590
344 599
344 640
344 647
344 660
344 665
344 672
344 796
344 825
344 861
344 911
344 937
345 353
345 367
345 373
345 380
345 392
345 461
345 493
345 539
345 547
345 549
345 572
345 591
345 595
345 666
345 671
345 769
345 786
345 791
345 825
345 882
345 887
345 895
345 996
346 351
346 356
346 407
346 418
346 424
346 448
346 480
346 529
346 541
346 571
346 574
346 586
346 683
346 763
346 796
346 804
346 819
346 848
346 904
346 922
346 946
346 986
347 385
347 448
347 540
347 541
347 811
348 444
348 521
348 522
348 588
348 624
348 635
348 646
348 670
348 703
348 742
348 758
348 804
348 960
348 985
349 425
349 456
349 537
349 607
349 645
349 657
349 660
349 669
349 702
349 710
349 752
349 866
349 928
349 934
349 937
349 969
349 983
349 998
350 415
350 429
350 438
350 441
350 451
350 471
350 475
350 545
350 546
350 577
350 596
350 668
350 827
350 906
350 918
350 954
351 390
351 399
351 425
351 586
351 674
351 683
351 771
351 797
351 799
351 839
351 874
352 444
352 522
352 526
352 527
352 624
352 625
352 742
352 804
352 878
352 960
352 965
352 972
352 980
352 985
352 990
353 361
353 373
353 381
353 392
353 433
353 547
353 572
353 595
353 620
353 724
353 791
353 854
353 858
353 875
353 895
353 939
353 946
354 489
354 583
354 808
354 826
354 986
355 365
355 390
355 405
355 410
355 429
355 431
355 437
355 503
355 504
355 505
355 510
355 530
355 590
355 599
355 607
355 613
355 622
355 639
355 648
355 657
355 660
355 669
355 672
355 702
355 715
355 752
355 784
355 843
355 870
355 886
355 898
355 911
355 946
355 967
355 983
356 390
356 571
356 674
356 755
356 799
356 802
356 819
356 920
357 382
357 464
357 512
357 538
357 555
357 575
357 587
357 599
357 662
357 721
357 745
358 374
358 405
358 456
358 504
358 505
358 590
358 613
358 619
358 628
358 640
358 645
358 665
358 784
358 936
359 364
359 368
359 472
359 542
359 594
359 621
359 693
359 873
359 923
359 935
359 942
359 945
359 973
359 982
359 985
360 371
360 387
360 423
360 574
360 681
360 726
360 961
361 367
361 369
361 380
361 392
361 461
361 493
361 539
361 572
361 620
361 769
361 806
361 825
361 854
361 895
362 390
362 397
362 440
362 571
362 586
362 667
362 672
362 674
362 743
362 797
362 918
362 966
362 986
363 366
363 384
363 391
363 445
363 488
363 608
363 611
363 612
363 616
363 619
363 626
363 629
363 674
363 733
363 748
363 767
363 871
363 900
363 909
363 926
363 929
363 938
363 988
363 991
364 368
364 404
364 436
364 481
364 497
364 542
364 588
364 592
364 594
364 679
364 687
364 699
364 712
364 722
364 758
364 764
364 766
364 781
364 821
364 855
364 857
364 873
364 921
364 955
364 973
364 987
365 400
365 530
365 660
365 665
365 914
365 926
365 930
366 488
366 611
366 612
366 616
366 623
366 767
366 871
366 900
366 909
366 988
367 373
367 381
367 493
367 498
367 547
367 549
367 591
367 737
367 746
367 748
367 769
367 825
367 895
368 497
368 588
368 594
368 637
368 679
368 683
368 722
368 728
368 776
368 781
368 847
368 878
368 935
368 945
368 982
369 381
369 461
369 526
369 531
369 547
369 564
369 572
369 595
369 666
369 769
369 786
369 825
369 854
369 996
370 441
370 471
370 536
370 545
370 706
370 730
370 839
370 906
370 912
370 994
370 998
371 376
371 423
371 426
371 430
371 434
371 446
371 465
371 483
371 486
371 492
371 532
371 554
371 574
371 589
371 600
371 604
371 706
371 719
371 800
371 823
371 852
371 856
371 903
371 968
372 544
372 551
372 562
372 632
372 666
372 794
372 865
372 879
372 957
372 987
373 380
373 381
373 392
373 422
373 461
373 488
373 531
373 539
373 547
373 549
373 564
373 572
373 591
373 595
373 620
373 666
373 671
373 746
373 769
373 786
373 791
373 825
373 858
373 875
373 887
373 895
374 384
374 501
374 514
374 544
374 562
374 695
374 812
374 815
374 820
374 829
374 849
374 879
374 975
375 479
375 514
375 533
375 568
375 586
375 632
375 694
375 751
375 815
375 820
375 829
375 846
375 865
375 879
376 478
376 534
376 574
376 684
376 706
376 800
376 981
377 378
377 406
377 433
377 447
377 458
377 511
377 526
377 576
377 617
377 680
377 707
377 806
377 1000
378 406
378 433
378 458
378 490
378 498
378 517
378 576
378 598
378 633
378 680
378 707
378 842
378 907
378 926
378 999
378 1000
379 481
379 588
379 594
379 600
379 606
379 679
379 687
379 722
379 933
379 942
379 947
380 392
380 547
380 549
380 572
380 594
380 666
380 786
380 825
380 854
380 895
381 392
381 413
381 547
381 549
381 595
381 769
381 791
381 825
381 854
381 895
382 416
382 442
382 478
382 515
382 529
382 538
382 558
382 587
382 615
382 658
382 662
382 677
382 711
382 718
382 723
382 745
382 747
382 770
382 779
382 856
382 916
382 929
382 950
382 953
383 403
383 459
383 496
383 627
383 631
383 656
383 669
383 749
383 760
383 810
383 867
383 905
383 952
384 488
384 573
384 625
384 626
384 871
384 900
385 575
385 577
385 586
385 670
386 393
386 496
386 501
386 578
386 635
386 688
386 702
386 861
386 905
386 997
387 423
387 430
387 434
387 483
387 492
387 529
387 554
387 570
387 573
387 574
387 636
387 675
387 681
387 719
387 726
387 741
387 800
387 890
387 903
387 905
388 474
388 502
388 508
388 519
388 605
388 668
388 709
388 891
388 897
389 459
389 496
389 578
389 610
389 627
389 631
389 749
389 760
389 798
389 905
389 997
390 397
390 399
390 407
390 418
390 424
390 428
390 440
390 537
390 571
390 586
390 674
390 683
390 727
390 755
390 779
390 799
390 802
390 817
390 825
390 840
390 853
390 872
390 908
390 919
390 920
390 946
390 964
390 976
390 979
390 986
391 420
391 534
391 627
391 630
391 631
391 651
391 655
391 664
391 688
391 697
391 731
391 867
391 902
391 905
391 952
392 444
392 531
392 539
392 547
392 595
392 604
392 620
392 769
392 786
392 791
392 875
392 887
392 895
393 398
393 403
393 436
393 496
393 578
393 584
393 610
393 638
393 656
393 658
393 688
393 749
393 787
393 792
393 793
393 803
393 867
393 885
393 902
393 941
393 952
393 997
393 999
394 432
394 443
394 566
394 567
394 582
394 593
394 756
394 776
394 809
394 824
394 900
394 941
395 686
395 688
395 711
395 738
395 745
395 789
395 830
395 841
396 571
396 586
396 670
396 683
396 771
396 797
396 802
396 872
397 428
397 448
397 480
397 541
397 571
397 667
397 670
397 763
397 886
397 983
397 986
398 403
398 453
398 459
398 470
398 491
398 495
398 496
398 531
398 578
398 610
398 615
398 627
398 630
398 631
398 651
398 655
398 658
398 664
398 682
398 716
398 749
398 760
398 787
398 838
398 905
398 913
398 929
398 936
398 989
398 997
399 407
399 428
399 586
399 771
399 797
399 799
399 802
399 825
399 908
399 964
400 410
400 437
400 530
400 590
400 607
400 613
400 763
400 850
400 934
400 967
401 474
401 485
401 512
401 514
401 515
401 690
401 770
401 807
401 882
402 405
402 425
402 505
402 530
402 607
402 660
402 672
402 692
402 703
402 729
402 814
402 843
402 861
402 886
402 906
402 911
402 937
402 977
403 496
403 627
403 650
403 688
403 697
403 708
403 716
403 734
403 760
403 810
403 872
404 414
404 460
404 472
404 481
404 594
404 624
404 687
404 693
404 701
404 704
404 801
404 847
404 855
404 873
404 935
404 945
404 947
404 971
404 982
404 987
405 425
405 530
405 590
405 599
405 607
405 619
405 628
405 640
405 645
405 648
405 649
405 805
405 861
405 897
406 433
406 438
406 443
406 491
406 517
406 576
406 617
406 944
406 1000
407 440
407 480
407 541
407 558
407 586
407 598
407 670
407 674
407 683
407 755
407 772
407 802
407 817
407 840
407 853
407 872
407 908
407 920
407 930
407 970
407 976
407 986
408 451
408 471
408 545
408 550
408 730
408 839
408 918
408 958
409 410
409 413
409 454
409 504
409 524
409 599
409 640
409 647
409 649
409 665
409 672
409 843
409 899
409 911
409 948
410 437
410 454
410 510
410 530
410 546
410 599
410 607
410 613
410 619
410 640
410 645
410 648
410 649
410 665
410 669
410 672
410 710
410 771
410 780
410 796
410 818
410 843
410 861
410 870
410 886
410 899
410 911
410 934
410 935
410 972
410 977
410 983
410 984
411 415
411 429
411 469
411 471
411 495
411 518
411 536
411 541
411 566
411 577
411 591
411 682
411 839
411 855
411 906
411 918
411 954
412 419
412 444
412 477
412 526
412 614
412 624
412 713
412 744
412 758
412 810
412 980
412 990
413 425
413 537
413 613
413 782
413 983
414 422
414 463
414 481
414 542
414 592
414 594
414 600
414 602
414 606
414 609
414 636
414 637
414 653
414 659
414 687
414 713
414 722
414 781
414 801
414 813
414 821
414 923
414 933
414 935
414 947
414 949
414 987
415 441
415 445
415 469
415 471
415 536
415 545
415 546
415 682
415 861
415 906
415 998
416 442
416 485
416 507
416 605
416 686
416 856
416 876
417 574
417 587
417 658
417 675
417 706
417 812
417 904
417 961
418 586
418 602
418 683
418 727
418 755
418 919
419 467
419 477
419 487
419 488
419 521
419 527
419 581
419 614
419 624
419 703
419 713
419 758
419 759
419 839
419 965
419 972
419 985
419 990
420 435
420 450
420 615
420 631
420 633
420 655
420 697
420 749
420 760
420 810
420 997
421 451
421 469
421 471
421 536
421 545
421 577
421 682
421 732
421 827
421 839
421 857
421 906
421 915
421 918
422 481
422 637
422 653
422 679
422 722
422 821
422 935
422 942
422 982
423 552
423 554
423 604
423 636
423 660
423 706
423 726
423 812
423 913
423 961
423 981
424 428
424 475
424 524
424 670
424 743
424 755
424 763
424 771
424 904
424 920
424 964
424 986
425 443
425 455
425 456
425 484
425 504
425 510
425 590
425 599
425 607
425 613
425 622
425 640
425 645
425 647
425 649
425 698
425 710
425 715
425 729
425 735
425 736
425 773
425 805
425 814
425 843
425 850
425 861
425 870
425 888
425 911
425 937
425 983
426 478
426 636
426 658
426 706
426 845
427 525
427 583
427 667
427 808
427 834
427 921
428 571
428 683
428 771
428 797
428 799
428 840
428 870
428 872
428 964
428 986
429 439
429 445
429 462
429 471
429 535
429 545
429 546
429 550
429 557
429 564
429 668
429 682
429 740
429 770
429 839
429 918
429 925
429 954
429 958
430 478
430 488
430 574
430 634
430 636
430 961
431 531
431 573
431 574
431 634
431 675
431 932
432 566
432 585
432 750
432 774
432 778
432 824
433 458
433 490
433 491
433 517
433 598
433 610
433 680
433 707
433 806
433 842
433 907
433 940
433 944
434 675
434 681
434 837
435 457
435 496
435 578
435 610
435 631
435 656
435 664
435 726
435 760
436 638
436 655
436 708
436 749
436 810
436 825
436 867
436 952
437 484
437 505
437 537
437 590
437 613
437 628
437 639
437 645
437 678
437 710
437 715
437 735
437 742
437 780
437 805
437 843
437 850
437 870
437 908
437 967
438 451
438 471
438 545
438 581
438 732
438 757
438 827
439 451
439 545
439 577
439 580
439 668
439 682
439 696
439 720
439 732
439 807
439 839
439 906
439 915
439 924
440 445
440 475
440 482
440 674
440 908
440 917
440 970
440 986
441 451
441 469
441 471
441 651
441 668
441 732
441 883
441 918
441 954
441 998
442 456
442 512
442 532
442 587
442 662
442 677
442 686
442 841
442 950
443 444
443 491
443 517
443 576
443 707
443 806
443 926
443 944
443 969
444 450
444 467
444 477
444 487
444 494
444 511
444 521
444 526
444 527
444 614
444 624
444 625
444 635
444 646
444 712
444 713
444 724
444 731
444 742
444 744
444 758
444 759
444 782
444 804
444 880
444 884
444 917
444 931
444 960
444 968
444 972
444 980
444 985
444 990
445 449
445 451
445 462
445 469
445 471
445 518
445 542
445 545
445 564
445 577
445 668
445 720
445 732
445 757
445 788
445 827
445 839
445 869
445 883
445 918
445 951
446 513
446 556
446 574
446 631
446 636
446 675
446 726
446 812
446 932
447 466
447 479
447 501
447 533
447 544
447 551
447 562
447 609
447 691
447 732
447 816
447 829
447 865
447 956
447 957
448 772
448 797
448 895
449 451
449 536
449 668
449 682
449 732
449 757
449 918
449 951
449 958
450 477
450 521
450 527
450 614
450 742
450 758
450 804
450 981
451 471
451 486
451 518
451 536
451 545
451 577
451 668
451 681
451 682
451 696
451 732
451 757
451 825
451 827
451 833
451 839
451 918
451 948
451 951
451 954
451 986
451 998
452 466
452 479
452 544
452 551
452 562
452 568
452 603
452 632
452 775
452 815
452 820
452 846
452 879
452 907
452 956
453 531
453 627
453 631
453 638
453 658
453 664
453 743
453 997
454 590
454 599
454 645
454 657
454 660
454 665
454 672
454 699
454 710
454 780
454 782
454 826
454 861
454 911
454 934
455 471
455 477
455 484
455 590
455 613
455 639
455 640
455 647
455 648
455 649
455 665
455 676
455 684
455 729
455 735
455 736
455 752
455 780
455 782
455 796
455 870
455 888
455 934
455 937
455 967
455 984
456 599
456 784
456 843
456 861
457 496
457 583
457 627
457 716
457 749
457 803
457 810
457 905
457 967
457 997
458 459
458 491
458 498
458 576
458 598
458 768
458 907
458 940
458 944
458 968
458 999
458 1000
459 496
459 638
459 648
459 650
459 651
459 688
459 697
459 739
459 749
459 761
459 803
459 838
459 867
459 905
459 913
459 936
459 952
459 997
460 600
460 637
460 722
460 855
460 873
460 923
461 549
461 666
461 895
462 471
462 518
462 545
462 577
462 682
462 757
462 869
462 927
462 951
462 985
463 593
463 595
463 600
463 637
463 643
463 653
463 671
463 679
463 722
463 731
463 813
463 821
463 847
463 855
463 923
463 935
463 945
463 949
463 962
463 973
463 975
464 507
464 575
464 686
464 711
464 745
464 810
464 818
464 841
464 916
464 994
465 492
465 636
465 682
465 961
466 501
466 514
466 544
466 551
466 562
466 609
466 610
466 645
466 768
466 775
466 815
466 820
466 849
466 865
466 879
466 925
466 956
466 957
466 974
466 975
467 522
467 527
467 549
467 614
467 624
467 625
467 724
467 744
467 804
467 985
467 990
468 566
468 585
468 668
468 745
468 756
468 774
468 824
468 868
469 489
469 518
469 545
469 564
469 577
469 594
469 668
469 682
469 740
469 817
469 839
469 873
469 951
469 954
470 610
470 697
470 749
470 787
470 905
471 519
471 536
471 545
471 550
471 557
471 564
471 668
471 682
471 720
471 723
471 732
471 740
471 757
471 787
471 814
471 839
471 883
471 906
471 912
471 918
471 924
471 925
471 939
471 951
471 958
472 594
472 602
472 692
472 693
472 722
472 873
472 935
472 973
472 982
473 501
473 514
473 544
473 562
473 603
473 609
473 691
473 694
473 699
473 768
473 815
473 816
473 849
474 485
474 647
474 662
474 677
474 678
474 711
474 770
474 789
474 868
474 888
474 915
475 480
475 586
475 637
475 659
475 674
475 763
475 771
475 772
475 797
475 811
475 817
475 819
475 840
475 853
475 904
475 908
475 919
476 524
476 540
476 559
476 580
476 582
476 689
476 709
476 733
476 857
476 877
476 893
477 511
477 527
477 614
477 624
477 627
477 635
477 642
477 700
477 712
477 713
477 742
477 758
477 759
477 985
477 990
478 513
478 573
478 604
478 636
478 741
478 849
478 982
479 489
479 501
479 544
479 562
479 603
479 815
479 816
479 829
479 844
479 849
479 865
479 890
479 957
479 988
480 571
480 588
480 683
480 772
480 802
480 889
480 922
481 542
481 588
481 600
481 637
481 686
481 699
481 722
481 821
481 835
481 847
481 871
481 896
481 935
481 950
481 962
481 982
482 525
482 570
482 584
482 641
482 777
482 832
482 863
483 492
483 573
483 574
483 604
483 634
483 636
483 823
483 922
483 947
483 961
484 530
484 607
484 618
484 619
484 622
484 640
484 645
484 647
484 648
484 669
484 784
484 796
484 911
485 512
485 515
485 529
485 532
485 538
485 558
485 585
485 677
485 678
485 686
485 723
485 738
485 779
485 818
485 841
485 856
485 868
485 882
486 573
486 574
486 634
486 636
486 706
487 527
487 614
487 742
487 758
487 804
487 905
487 920
487 965
487 990
488 608
488 611
488 612
488 616
488 644
488 748
488 871
488 909
488 991
489 544
489 551
489 554
489 562
489 632
489 820
489 829
489 846
489 849
489 865
489 879
489 975
490 491
490 517
490 576
490 598
490 680
490 707
490 771
490 806
490 842
490 989
491 498
491 520
491 576
491 583
491 598
491 707
491 750
491 806
491 907
491 944
491 1000
492 534
492 573
492 574
492 634
492 636
492 651
492 681
492 706
492 719
492 741
492 816
492 837
492 890
492 921
492 961
492 968
493 547
493 591
493 595
493 666
493 825
493 889
494 657
494 707
494 724
494 884
494 949
494 985
494 990
495 516
495 535
495 553
495 560
495 614
495 652
495 663
495 762
495 794
495 876
495 897
495 910
495 930
495 953
496 615
496 630
496 631
496 651
496 656
496 664
496 708
496 739
496 752
496 787
496 792
496 803
496 838
496 867
496 885
496 893
496 905
496 913
496 936
496 937
496 941
496 987
496 989
497 588
497 594
497 600
497 659
497 687
497 821
497 855
497 873
497 923
497 933
497 982
498 517
498 576
498 598
498 617
498 707
498 728
498 854
498 907
499 594
499 600
499 665
499 679
499 778
499 821
499 847
499 855
499 923
499 942
499 987
500 525
500 583
500 667
500 686
500 808
501 514
501 544
501 551
501 562
501 598
501 603
501 632
501 649
501 691
501 695
501 751
501 768
501 775
501 815
501 816
501 820
501 829
501 846
501 849
501 851
501 860
501 865
501 912
501 941
501 956
501 957
501 974
501 975
502 519
502 556
502 581
502 717
502 891
502 897
503 505
503 592
503 594
503 653
503 781
503 783
503 855
503 923
503 973
503 982
504 505
504 599
504 607
504 649
504 660
504 672
504 729
504 771
504 814
504 850
504 861
504 876
504 898
504 899
504 940
504 983
505 524
505 530
505 550
505 588
505 590
505 607
505 645
505 647
505 649
505 660
505 665
505 672
505 715
505 735
505 736
505 740
505 752
505 805
505 843
505 850
505 870
505 934
505 983
505 991
506 515
506 529
506 579
506 686
506 690
506 723
506 770
506 789
506 993
507 515
507 678
507 690
507 723
507 747
507 816
507 818
507 841
507 916
507 976
508 519
508 581
508 714
508 895
508 897
508 971
508 977
509 555
509 579
509 662
509 723
509 745
509 747
509 807
509 822
509 901
509 915
510 525
510 593
510 599
510 710
510 735
510 780
510 796
510 814
510 843
510 888
510 903
510 967
510 984
511 527
511 574
511 614
511 625
511 712
511 724
511 742
511 758
511 804
511 980
511 985
512 515
512 532
512 605
512 662
512 677
512 690
512 726
512 745
512 789
512 856
512 868
512 882
512 916
512 943
512 980
513 534
513 574
513 588
513 675
513 741
513 800
513 899
514 544
514 551
514 562
514 609
514 669
514 691
514 694
514 695
514 768
514 775
514 815
514 820
514 829
514 844
514 860
514 865
514 956
514 957
514 974
515 532
515 575
515 698
515 724
515 770
515 841
515 931
515 950
516 596
516 642
516 652
516 910
516 930
516 960
517 576
517 598
517 680
517 707
517 806
517 842
517 940
517 944
517 999
517 1000
518 545
518 577
518 668
518 682
518 720
518 730
518 732
518 839
518 869
518 998
519 552
519 556
519 581
519 588
519 689
519 714
519 752
519 761
519 824
519 891
519 901
520 528
520 548
520 561
520 589
520 597
520 654
520 687
520 696
520 704
520 753
520 790
520 829
520 864
520 879
520 914
520 959
521 522
521 546
521 552
521 588
521 614
521 712
521 724
521 731
521 758
521 759
521 769
521 884
521 985
521 990
522 526
522 527
522 567
522 624
522 635
522 758
522 759
522 764
522 880
522 917
522 965
522 980
522 985
522 990
523 582
523 618
523 709
523 866
523 877
523 893
523 895
523 906
523 928
524 540
524 559
524 582
524 618
524 792
524 866
524 877
524 928
525 583
525 601
525 667
525 808
525 834
525 862
525 921
525 943
525 955
526 614
526 703
526 713
526 724
526 744
526 759
526 811
526 880
526 884
526 917
526 940
526 960
526 965
527 547
527 614
527 624
527 625
527 635
527 703
527 711
527 713
527 758
527 799
527 880
527 884
527 917
527 962
527 965
527 980
527 985
528 548
528 597
528 636
528 654
528 692
528 696
528 753
528 864
529 575
529 579
529 677
529 678
529 711
529 721
529 770
529 789
529 841
529 882
529 918
530 613
530 669
530 752
530 843
530 886
530 967
530 983
531 549
531 599
531 652
531 666
531 769
531 825
531 858
531 895
532 538
532 555
532 575
532 579
532 673
532 676
532 686
532 718
532 745
532 747
532 752
532 770
532 818
532 852
532 901
532 915
533 544
533 551
533 562
533 568
533 585
533 632
533 695
533 751
533 775
533 815
533 820
533 829
533 844
533 846
533 851
533 865
533 879
533 956
533 974
534 638
534 663
534 675
534 725
534 890
534 932
534 977
534 992
535 553
535 596
535 642
535 652
535 663
535 765
535 772
535 794
535 910
535 930
535 953
536 577
536 732
536 757
536 786
536 839
536 844
536 906
536 924
536 927
536 958
537 590
537 607
537 619
537 645
537 657
537 661
537 736
537 814
537 870
537 977
537 983
538 579
538 587
538 605
538 721
538 723
538 724
538 745
538 770
538 779
538 789
538 830
538 993
539 547
539 572
539 595
539 671
539 733
539 769
539 791
539 887
539 895
539 996
540 582
540 592
540 709
540 888
540 893
540 928
541 706
541 743
541 755
541 772
541 797
541 802
541 817
541 846
541 874
541 909
541 976
542 575
542 600
542 637
542 659
542 679
542 783
542 813
542 855
542 945
542 949
542 955
543 584
543 701
543 705
543 806
543 832
543 881
544 562
544 568
544 626
544 632
544 647
544 691
544 694
544 695
544 751
544 768
544 815
544 816
544 820
544 844
544 848
544 851
544 860
544 865
544 879
544 961
544 974
545 546
545 550
545 557
545 564
545 621
545 668
545 670
545 682
545 732
545 740
545 788
545 833
545 836
545 839
545 883
545 906
545 912
545 920
545 924
545 925
545 948
545 954
545 958
545 990
546 577
546 649
546 682
546 698
546 827
546 839
546 924
546 925
546 927
546 948
546 954
547 549
547 572
547 591
547 595
547 620
547 631
547 666
547 671
547 746
547 769
547 786
547 816
547 825
547 858
547 871
547 875
547 887
547 895
547 985
547 996
548 561
548 597
548 654
548 696
548 849
548 890
549 572
549 591
549 595
549 620
549 666
549 671
549 711
549 769
549 786
549 791
549 854
549 861
549 875
549 895
549 996
550 577
550 682
550 720
550 730
550 732
550 833
550 918
550 998
551 562
551 603
551 609
551 632
551 657
551 691
551 695
551 751
551 768
551 775
551 816
551 820
551 844
551 846
551 849
551 860
551 865
551 879
551 905
551 954
551 956
551 957
551 975
552 563
552 565
552 611
552 685
552 700
552 754
552 841
552 963
553 560
553 663
553 910
553 930
553 953
554 573
554 634
554 636
554 737
554 800
554 812
554 845
554 932
554 961
555 575
555 745
555 747
555 789
555 880
555 915
556 581
556 714
556 891
556 971
557 569
557 580
557 591
557 668
557 732
557 869
557 883
557 906
557 924
557 954
558 575
558 587
558 605
558 676
558 678
558 711
558 723
558 738
558 747
558 789
558 807
558 818
558 901
558 916
558 929
558 950
559 689
559 709
559 785
559 857
560 595
560 596
560 642
560 765
560 910
560 930
560 953
561 589
561 654
561 696
561 704
561 790
561 839
561 914
562 568
562 603
562 609
562 632
562 694
562 705
562 715
562 730
562 768
562 815
562 816
562 844
562 846
562 849
562 851
562 860
562 879
562 924
562 956
562 957
562 975
563 565
563 569
563 685
563 700
563 747
563 754
563 764
563 831
563 859
563 894
563 939
563 963
563 979
564 577
564 580
564 668
564 720
564 839
564 852
564 906
564 947
564 948
564 951
564 954
564 958
565 572
565 685
565 700
565 859
565 894
565 939
565 963
566 585
566 593
566 633
566 756
566 774
566 776
566 778
566 809
566 824
566 839
566 892
566 965
567 585
567 778
568 695
568 713
568 751
568 775
568 829
568 846
568 851
568 865
568 879
568 905
568 971
569 674
569 685
569 700
569 754
569 764
569 789
569 831
569 859
569 894
569 939
569 963
570 571
570 641
570 701
570 705
570 777
570 792
570 832
570 983
571 586
571 590
571 606
571 670
571 674
571 771
571 772
571 817
571 819
571 828
571 830
571 849
571 872
571 904
571 908
571 922
571 946
571 970
571 976
572 591
572 595
572 666
572 745
572 763
572 791
572 825
572 875
572 895
573 574
573 604
573 634
573 636
573 681
573 684
573 749
573 800
573 845
573 852
573 966
574 655
574 684
574 690
574 719
574 800
574 845
574 852
574 932
574 961
574 966
574 968
574 981
574 992
575 579
575 587
575 690
575 770
575 779
575 841
575 882
575 883
575 929
575 993
576 598
576 617
576 680
576 698
576 707
576 719
576 806
576 824
576 907
576 908
576 926
576 936
576 940
576 944
576 999
576 1000
577 580
577 621
577 668
577 710
577 732
577 757
577 788
577 833
577 839
577 869
577 883
577 906
577 918
577 951
577 954
577 987
577 994
578 579
578 630
578 655
578 708
578 739
578 749
578 793
578 810
578 902
578 913
578 936
578 995
579 587
579 617
579 677
579 711
579 745
579 747
579 770
579 807
579 811
579 830
579 841
579 856
579 950
580 682
580 730
580 805
580 827
580 836
580 869
580 906
580 918
580 954
581 625
581 714
581 717
581 897
581 954
581 971
582 618
582 632
582 733
582 893
582 942
583 667
583 808
583 834
583 847
583 862
583 942
583 943
584 589
584 611
584 641
584 674
584 701
584 705
584 777
584 823
584 832
584 863
585 593
585 750
585 756
585 774
585 776
585 824
585 860
585 878
585 892
586 661
586 670
586 743
586 771
586 797
586 848
586 853
586 874
586 919
586 946
586 964
586 1000
587 662
587 678
587 686
587 711
587 718
587 738
587 747
587 789
587 882
587 915
587 985
588 606
588 621
588 643
588 659
588 679
588 687
588 781
588 795
588 813
588 821
588 835
588 847
588 882
588 896
588 945
588 955
588 962
588 973
588 982
589 597
589 696
589 864
589 914
589 959
590 607
590 613
590 628
590 640
590 645
590 648
590 657
590 660
590 681
590 710
590 715
590 773
590 780
590 782
590 805
590 808
590 814
590 843
590 861
590 886
590 899
590 934
590 983
590 984
591 595
591 786
591 791
591 875
591 895
592 594
592 606
592 643
592 653
592 679
592 680
592 728
592 766
592 821
592 949
592 973
592 982
593 756
593 774
593 809
593 990
594 602
594 606
594 621
594 653
594 687
594 699
594 749
594 766
594 783
594 821
594 847
594 873
594 896
594 949
594 982
594 987
594 993
595 620
595 666
595 671
595 746
595 769
595 777
595 791
595 825
595 850
595 887
595 895
595 996
596 652
596 663
596 762
596 765
596 910
596 930
596 953
596 986
596 991
596 1000
597 620
597 914
597 959
597 987
597 998
598 617
598 630
598 707
598 788
598 806
598 842
598 850
598 926
598 940
598 944
598 999
598 1000
599 607
599 613
599 619
599 628
599 639
599 640
599 645
599 647
599 648
599 657
599 665
599 672
599 795
599 796
599 843
599 850
599 870
599 888
599 969
599 982
599 983
600 643
600 653
600 679
600 683
600 687
600 766
600 781
600 835
600 847
600 855
600 896
600 923
600 934
600 942
600 945
600 955
600 962
600 973
600 982
600 987
601 636
601 799
601 808
601 813
601 862
602 604
602 659
602 679
602 699
602 728
602 742
602 821
602 847
602 855
602 858
602 923
602 962
602 973
603 632
603 643
603 695
603 751
603 775
603 820
603 829
603 865
603 972
604 636
604 737
604 890
604 966
604 981
605 673
605 676
605 690
605 698
605 711
605 747
605 770
605 779
605 789
605 822
605 838
605 882
606 659
606 679
606 687
606 693
606 707
606 813
606 855
606 935
606 947
606 987
607 613
607 622
607 628
607 710
607 736
607 740
607 752
607 780
607 782
607 784
607 843
607 861
607 870
607 888
607 898
607 911
607 934
607 944
607 967
607 969
607 977
607 978
607 983
608 611
608 612
608 616
608 623
608 626
608 871
608 900
608 991
609 632
609 768
609 775
609 820
609 829
609 844
609 849
609 865
609 975
610 627
610 638
610 664
610 734
610 749
610 760
610 787
610 804
610 810
610 989
610 997
611 623
611 626
611 644
611 748
611 767
611 823
611 871
611 900
611 909
611 938
611 988
611 991
612 623
612 626
612 629
612 644
612 748
612 867
612 871
612 900
612 909
612 938
612 988
613 619
613 628
613 639
613 640
613 669
613 715
613 729
613 735
613 736
613 752
613 805
613 807
613 850
613 861
613 870
613 886
613 920
613 937
613 969
613 984
614 624
614 635
614 648
614 712
614 713
614 720
614 724
614 742
614 744
614 758
614 804
614 880
614 884
614 917
614 960
614 965
614 972
614 980
614 985
614 990
615 630
615 631
615 638
615 651
615 656
615 688
615 734
615 736
615 803
615 810
615 835
615 905
615 959
615 978
615 997
616 623
616 629
616 664
616 871
616 900
616 909
616 938
616 988
616 991
617 806
617 907
617 999
618 629
618 709
618 733
618 847
618 877
619 628
619 645
619 657
619 710
619 782
619 796
619 798
619 843
619 934
619 967
619 983
620 746
620 769
620 773
620 791
620 825
620 854
620 858
620 875
621 653
621 821
621 942
621 947
621 973
621 982
621 987
622 648
622 735
622 814
622 870
622 898
622 966
623 629
623 644
623 656
623 758
623 770
623 900
623 909
623 938
624 649
624 703
624 712
624 724
624 731
624 742
624 758
624 804
624 836
624 851
624 884
624 917
624 966
624 980
624 985
624 990
625 635
625 731
625 742
625 744
625 758
625 880
625 985
626 629
626 640
626 652
626 767
626 900
626 909
627 630
627 638
627 650
627 651
627 655
627 656
627 688
627 708
627 716
627 734
627 749
627 781
627 798
627 810
627 867
627 902
627 905
627 989
627 995
627 997
628 645
628 657
628 672
628 805
629 748
630 638
630 655
630 664
630 749
630 754
630 867
631 655
631 664
631 673
631 688
631 697
631 716
631 734
631 739
631 749
631 753
631 760
631 798
631 803
631 867
631 885
631 905
631 913
631 941
631 952
631 978
631 989
631 995
631 997
632 713
632 768
632 779
632 815
632 844
632 846
632 860
632 865
632 956
633 774
633 776
633 778
633 869
633 878
633 996
634 636
634 725
634 726
634 741
634 823
634 845
634 918
634 932
634 944
634 961
634 969
634 994
635 712
635 724
635 758
635 985
636 681
636 725
636 785
636 800
636 812
636 823
636 882
636 961
636 963
636 966
637 653
637 659
637 679
637 687
637 699
637 896
637 930
638 655
638 656
638 697
638 734
638 760
638 787
638 793
638 798
638 936
638 946
638 952
638 997
639 640
639 648
639 665
639 735
639 796
639 843
639 899
639 934
640 647
640 784
640 888
640 937
641 705
641 777
641 805
641 808
641 813
641 863
641 881
642 652
642 663
642 765
642 767
642 794
642 876
642 930
643 653
643 659
643 667
643 679
643 707
643 781
643 821
643 835
643 855
643 873
643 933
643 942
643 949
643 973
644 679
644 767
644 871
644 900
644 938
644 988
644 991
645 648
645 672
645 673
645 710
645 782
645 843
645 870
645 899
645 911
645 969
646 703
646 713
646 724
646 742
646 744
646 759
646 880
646 884
646 965
646 980
646 990
647 796
647 843
647 861
647 911
648 657
648 816
648 894
648 898
649 665
649 698
649 715
649 735
649 773
649 782
649 784
649 814
649 817
649 843
649 850
649 861
649 870
649 891
649 898
649 911
649 934
649 967
649 969
649 983
649 984
650 655
650 656
650 716
650 724
650 749
650 792
650 810
650 838
650 867
650 888
650 905
650 978
650 989
651 658
651 760
651 787
651 803
651 867
651 905
651 941
651 978
651 995
651 997
652 663
652 762
652 765
652 794
652 876
652 910
652 930
652 953
652 961
652 993
653 659
653 679
653 766
653 795
653 799
653 873
653 875
653 945
653 973
653 982
653 987
654 692
654 696
654 789
654 790
655 658
655 688
655 732
655 749
655 787
655 792
655 803
655 905
655 977
655 997
656 658
656 664
656 716
656 739
656 749
656 792
656 793
656 803
656 867
657 665
657 729
657 791
657 850
657 861
657 911
657 934
657 983
658 668
658 708
658 749
658 760
658 793
658 810
658 905
658 913
659 783
659 813
659 821
659 835
659 896
659 935
659 947
659 973
659 982
659 1000
660 665
660 846
660 870
660 885
660 934
660 983
660 984
661 799
661 889
661 937
661 946
661 986
662 698
662 711
662 807
662 818
662 822
662 830
662 841
662 901
662 931
662 984
663 765
663 794
663 861
663 910
663 930
663 953
664 688
664 749
664 757
664 760
664 787
664 792
664 798
664 803
664 810
664 902
664 905
664 913
664 936
664 997
665 669
665 672
665 723
665 784
665 796
665 816
665 850
665 898
665 899
665 934
665 937
665 959
666 742
666 769
666 854
666 858
666 876
666 895
666 996
667 678
667 808
667 826
667 921
668 730
668 732
668 740
668 757
668 788
668 797
668 827
668 836
668 839
668 912
668 925
668 927
668 948
668 951
668 954
668 964
668 965
668 994
668 998
669 752
669 784
669 886
669 934
670 674
670 683
670 763
670 771
670 772
670 802
670 853
670 908
670 979
671 769
671 825
671 854
671 921
672 708
672 710
672 735
672 782
672 814
672 827
672 861
672 870
672 888
672 934
672 947
672 984
673 677
673 711
673 718
673 723
673 738
673 755
673 789
673 882
674 683
674 771
674 819
674 828
674 922
674 979
675 725
675 822
675 845
675 968
676 690
676 718
676 789
676 868
677 711
677 718
677 779
677 915
677 945
678 698
678 711
678 723
678 738
678 747
678 818
678 882
678 971
679 687
679 764
679 765
679 795
679 801
679 821
679 855
679 873
679 896
679 923
679 933
679 945
679 966
679 973
679 987
680 707
680 874
680 907
680 940
680 944
681 696
681 737
681 800
681 890
681 961
682 720
682 727
682 732
682 740
682 788
682 833
682 836
682 906
682 912
682 918
682 924
682 948
682 951
682 994
682 998
683 733
683 743
683 763
683 771
683 802
683 811
683 819
683 828
683 908
683 970
683 979
684 698
684 706
684 785
684 992
685 700
685 754
685 764
685 831
685 894
686 690
686 711
686 770
686 818
686 830
686 882
686 915
686 929
687 693
687 739
687 766
687 821
687 831
687 873
687 981
687 982
688 697
688 716
688 760
688 810
688 905
688 913
689 709
689 733
689 839
689 857
689 877
689 925
689 929
690 718
690 770
690 824
690 843
690 915
691 768
691 775
691 849
691 860
692 704
692 753
692 790
692 864
692 959
693 772
693 801
693 879
693 942
693 973
693 982
694 695
694 737
694 751
694 768
694 775
694 844
694 846
694 865
694 957
694 974
695 815
695 820
695 829
695 844
695 879
697 716
697 734
697 749
697 798
697 803
697 810
697 867
697 913
697 941
698 711
698 723
698 738
698 744
698 770
698 929
698 931
699 720
699 838
699 847
699 873
699 884
699 955
699 973
699 982
700 754
700 859
700 939
700 963
700 968
701 705
701 777
701 800
702 773
702 818
702 829
702 843
702 898
702 899
702 967
702 977
703 758
703 759
703 804
703 884
703 917
703 965
703 972
703 980
703 985
703 990
704 790
704 864
704 914
704 959
705 832
705 881
706 711
706 771
706 785
706 800
706 812
706 903
706 918
706 932
707 766
707 842
707 907
707 926
707 940
707 999
707 1000
708 787
708 997
709 733
709 857
709 866
709 877
709 893
709 928
710 729
710 736
710 773
710 810
710 843
710 870
710 888
710 934
710 967
711 721
711 738
711 745
711 770
711 773
711 807
711 830
711 841
711 852
711 901
711 911
711 915
711 929
711 931
712 713
712 731
712 742
712 744
712 758
712 804
712 880
712 965
712 972
712 977
712 985
712 990
713 731
713 744
713 758
713 759
713 804
713 809
713 917
713 980
713 985
714 841
714 867
714 897
715 729
715 769
715 796
715 934
716 749
716 758
716 810
716 905
716 989
717 815
717 891
717 897
717 971
718 723
718 747
718 770
718 779
718 993
719 725
719 785
719 961
720 839
720 918
720 925
720 951
720 954
721 723
721 747
721 789
721 841
721 931
721 958
722 795
722 803
722 835
722 925
722 933
722 935
722 947
722 949
722 973
722 987
723 738
723 745
723 770
723 807
723 841
723 868
723 882
723 901
723 929
723 931
723 993
724 731
724 742
724 758
724 836
724 884
724 888
724 980
724 985
724 990
725 800
725 814
725 901
725 981
726 812
726 932
727 743
727 755
727 797
727 799
727 828
727 889
727 908
727 950
728 775
728 813
728 844
728 912
728 935
728 973
729 843
729 850
729 888
729 911
729 934
730 732
730 836
730 865
730 920
731 742
731 744
731 758
731 759
731 880
731 884
731 917
731 972
731 980
731 982
731 985
731 990
732 827
732 836
732 839
732 869
732 951
732 958
732 998
733 857
733 893
734 739
734 749
734 766
734 787
734 799
734 801
734 867
734 905
734 997
735 970
735 984
735 996
736 773
736 782
736 805
736 850
736 861
736 870
736 886
736 899
736 911
736 934
736 937
736 967
737 800
737 812
737 961
737 981
737 986
738 779
738 807
738 856
738 882
739 803
739 838
739 845
739 867
739 995
739 997
740 839
740 906
740 918
740 925
740 954
741 770
741 823
741 903
741 961
742 744
742 758
742 761
742 960
742 980
742 985
742 990
743 771
743 797
743 799
743 811
743 853
743 872
743 908
743 962
743 970
744 758
744 804
744 880
744 898
744 960
744 965
744 980
744 985
744 990
745 818
745 822
745 868
745 873
745 895
745 915
746 769
746 786
746 791
746 825
746 854
746 895
747 779
747 807
747 868
747 925
748 871
748 909
748 938
749 760
749 793
749 798
749 803
749 810
749 885
749 902
749 905
749 936
749 941
749 952
749 978
749 989
749 997
750 756
750 774
750 776
750 936
751 756
751 775
751 815
751 820
751 846
751 849
751 865
751 879
751 973
751 975
752 780
752 850
752 861
752 898
752 911
752 934
752 967
752 969
752 983
753 790
753 914
754 764
754 831
754 939
754 963
754 976
755 771
755 797
755 799
755 811
755 986
756 824
757 787
757 827
757 839
757 924
757 954
758 759
758 804
758 833
758 868
758 880
758 884
758 917
758 972
758 980
758 985
758 990
758 993
758 998
759 804
759 884
759 985
759 990
761 804
761 884
761 971
762 910
762 930
763 840
763 919
763 946
763 986
764 831
764 894
764 963
765 794
765 910
766 821
766 855
766 982
767 781
767 895
767 909
767 938
768 829
768 846
768 849
768 879
769 786
769 788
769 825
769 854
769 858
769 875
769 887
769 895
769 960
770 818
770 841
770 900
770 915
771 772
771 799
771 828
771 840
771 848
771 853
771 872
771 889
771 904
771 920
771 953
771 970
772 797
772 802
772 853
772 894
772 908
772 964
772 976
772 986
773 848
774 873
774 898
775 815
775 829
775 846
775 851
775 860
775 879
775 935
775 956
775 957
776 778
776 809
776 826
777 780
777 832
777 863
777 881
778 809
779 789
779 802
779 807
779 886
779 950
779 993
780 862
780 898
780 934
781 795
781 813
781 821
781 835
781 982
782 784
782 934
783 801
783 855
783 873
783 923
783 942
783 949
783 987
784 879
785 800
785 812
785 961
786 858
786 895
787 792
787 798
787 810
787 905
787 913
787 989
787 997
788 839
788 896
788 906
788 918
788 954
789 916
789 929
789 950
790 837
790 914
791 825
791 854
791 875
791 895
791 996
792 912
792 941
792 989
793 819
794 910
794 930
794 953
795 801
795 821
795 847
795 923
795 941
795 987
795 996
796 864
796 870
796 934
797 799
797 811
797 819
797 872
797 874
797 889
797 904
797 919
797 946
797 964
797 970
797 976
797 986
798 803
798 905
798 941
798 997
799 802
799 811
799 817
799 828
799 889
799 908
799 920
799 964
799 970
800 852
800 966
801 835
801 855
801 911
801 935
801 973
802 811
802 815
802 828
802 857
802 865
802 908
802 979
802 987
803 810
803 867
803 874
803 905
803 952
803 997
804 884
804 911
804 985
804 990
805 843
805 920
805 967
806 842
806 882
806 1000
807 856
807 868
807 915
807 946
808 826
808 921
808 943
810 838
810 867
810 885
810 902
810 905
810 936
810 941
810 952
810 989
810 997
811 840
811 872
811 908
811 964
811 976
812 961
812 981
813 835
813 923
813 973
813 987
814 969
814 983
815 816
815 820
815 844
815 846
815 849
815 865
815 879
815 895
815 956
815 957
815 974
815 990
816 820
816 829
816 865
816 879
816 957
817 829
817 904
817 970
817 986
818 882
818 993
819 828
819 848
819 920
819 986
820 829
820 849
820 851
820 865
820 951
820 1000
821 847
821 865
821 872
821 896
821 935
821 949
821 973
821 987
822 868
822 915
823 961
823 999
824 958
825 854
825 875
825 887
825 895
825 910
825 996
827 833
827 839
827 855
827 883
827 906
827 912
827 948
827 951
827 958
829 849
829 865
829 879
829 932
829 956
829 974
829 975
831 885
831 939
831 963
832 877
832 963
833 836
833 839
833 869
833 918
833 951
833 954
834 921
834 943
834 990
835 923
835 970
836 869
836 906
836 951
838 905
838 936
838 997
839 869
839 883
839 909
839 912
839 925
839 927
839 948
839 951
839 952
839 954
839 994
839 998
840 872
840 908
840 947
840 986
841 843
841 868
841 929
842 907
842 926
843 886
843 934
843 937
844 846
844 865
844 879
844 956
844 957
846 849
846 851
846 865
846 879
846 908
846 975
847 855
847 896
847 935
847 949
847 962
847 982
847 987
848 853
848 876
848 904
848 970
848 986
849 851
849 860
849 865
849 957
849 975
850 934
851 861
851 865
851 956
852 961
852 992
853 970
854 858
854 887
854 895
855 933
855 935
855 945
855 949
855 955
855 962
855 973
855 982
855 987
856 915
856 931
856 950
857 866
857 877
857 928
858 895
858 968
859 939
859 963
861 888
861 967
861 969
861 983
863 973
864 959
865 879
865 956
865 957
865 974
865 975
867 877
867 885
867 941
867 951
867 995
868 915
868 993
869 880
869 925
869 948
869 951
870 911
870 925
870 969
871 880
871 900
871 909
871 938
871 988
871 991
872 964
873 954
873 962
873 982
875 895
875 942
875 947
875 973
875 996
876 930
877 893
877 928
879 956
880 980
880 985
882 915
882 950
883 954
884 917
884 965
884 980
884 985
885 997
886 911
886 969
886 975
887 893
887 895
888 923
888 934
888 983
889 970
890 961
893 907
894 939
894 963
895 996
896 923
896 935
897 934
897 971
898 934
899 931
899 934
900 909
901 929
902 905
903 985
904 920
905 913
905 936
905 989
905 995
906 918
906 948
906 951
906 954
906 958
906 964
906 994
906 995
907 926
907 940
907 999
908 970
908 986
910 930
910 992
911 934
911 937
911 983
911 984
912 918
913 997
914 963
915 929
915 931
917 980
917 985
917 990
918 924
918 927
918 951
918 954
918 958
919 922
919 979
919 986
921 943
922 964
922 979
923 949
923 973
923 982
923 987
925 951
926 940
926 944
926 985
926 999
928 954
929 993
930 953
933 982
934 937
934 944
934 969
934 984
935 987
936 997
937 945
938 988
938 991
939 963
940 1000
942 947
942 951
943 969
944 990
945 973
945 982
945 987
947 987
948 951
949 973
949 987
951 958
952 997
954 958
955 973
955 981
955 987
956 957
957 974
960 965
960 980
960 985
961 968
961 970
961 981
961 992
966 992
967 983
970 979
972 980
972 985
972 990
973 982
973 987
975 983
978 997
980 990
982 987
983 984
988 997
989 997
995 997
999 1000
