# LFR benchmark graph: regime=B mu=0.1 realization=4
# undirected, unweighted; 1-based node ids; each edge listed once.
1 3
1 30
1 35
1 49
1 128
1 139
1 144
1 279
1 291
1 343
1 380
1 385
1 389
1 399
1 401
1 422
1 442
1 453
1 472
1 473
1 508
1 518
1 522
1 550
1 558
1 569
1 607
1 649
1 655
1 677
1 694
1 722
1 762
1 774
1 776
1 859
1 888
1 910
2 38
2 44
2 175
2 278
2 319
2 415
2 425
2 438
2 455
2 539
2 550
2 669
2 691
2 707
2 779
2 808
2 814
2 926
3 49
3 128
3 279
3 302
3 343
3 385
3 401
3 472
3 478
3 508
3 558
3 573
3 607
3 649
3 746
3 762
3 774
3 798
3 809
3 851
3 888
3 920
4 18
4 55
4 103
4 116
4 127
4 164
4 207
4 233
4 251
4 289
4 307
4 311
4 318
4 358
4 364
4 396
4 463
4 467
4 571
4 599
4 637
4 652
4 674
4 686
4 729
4 862
4 891
4 895
4 922
4 935
4 969
4 970
4 977
5 29
5 43
5 77
5 96
5 101
5 236
5 266
5 346
5 394
5 452
5 474
5 505
5 527
5 609
5 639
5 659
5 682
5 782
5 864
5 966
6 22
6 51
6 64
6 97
6 99
6 123
6 126
6 183
6 209
6 245
6 317
6 327
6 334
6 348
6 351
6 388
6 449
6 451
6 459
6 483
6 492
6 501
6 576
6 612
6 619
6 630
6 642
6 699
6 821
6 834
6 843
6 851
6 868
6 873
6 892
6 954
6 980
7 40
7 100
7 111
7 116
7 138
7 161
7 184
7 203
7 217
7 231
7 233
7 237
7 244
7 255
7 277
7 338
7 344
7 481
7 487
7 495
7 511
7 541
7 543
7 562
7 563
7 629
7 646
7 657
7 661
7 662
7 663
7 676
7 732
7 754
7 787
7 799
7 816
7 830
7 898
7 907
7 923
7 995
7 999
7 1000
8 26
8 176
8 304
8 436
8 493
8 688
8 730
8 822
8 878
8 891
8 946
8 950
8 973
9 50
9 154
9 160
9 167
9 214
9 261
9 264
9 281
9 323
9 325
9 372
9 382
9 402
9 403
9 407
9 464
9 466
9 535
9 568
9 594
9 610
9 617
9 618
9 646
9 728
9 783
9 848
9 863
9 886
9 924
9 936
9 960
9 971
9 992
10 23
10 156
10 230
10 280
10 356
10 384
10 520
10 549
10 578
10 608
10 613
10 622
10 625
10 671
10 679
10 705
10 752
10 894
10 932
10 990
11 22
11 65
11 157
11 165
11 270
11 301
11 324
11 379
11 430
11 484
11 534
11 554
11 560
11 597
11 735
11 804
11 820
11 887
11 912
11 955
11 978
11 982
12 108
12 162
12 189
12 190
12 195
12 293
12 337
12 400
12 402
12 488
12 651
12 720
12 756
12 765
12 796
12 807
12 815
12 839
12 874
12 948
13 28
13 60
13 63
13 204
13 301
13 313
13 322
13 367
13 369
13 427
13 470
13 496
13 590
13 595
13 667
13 716
13 718
13 852
13 855
13 856
13 911
13 995
14 46
14 61
14 140
14 142
14 150
14 176
14 181
14 248
14 252
14 263
14 265
14 267
14 290
14 312
14 313
14 378
14 383
14 387
14 408
14 432
14 433
14 439
14 497
14 502
14 504
14 508
14 509
14 540
14 557
14 653
14 654
14 694
14 701
14 715
14 731
14 780
14 790
14 807
14 902
14 915
15 64
15 109
15 192
15 332
15 336
15 377
15 410
15 461
15 478
15 543
15 559
15 581
15 648
15 654
15 719
15 727
15 733
15 877
15 884
15 906
15 914
15 988
16 198
16 213
16 261
16 262
16 286
16 296
16 349
16 374
16 375
16 426
16 475
16 480
16 500
16 514
16 572
16 582
16 601
16 628
16 696
16 698
16 742
16 747
16 963
16 972
16 991
17 26
17 194
17 304
17 436
17 556
17 602
17 688
17 708
17 794
17 820
17 822
17 858
17 878
17 921
17 946
17 950
18 25
18 207
18 233
18 242
18 249
18 251
18 364
18 441
18 463
18 468
18 637
18 638
18 695
18 725
18 827
18 840
18 935
18 956
18 985
19 74
19 131
19 133
19 213
19 254
19 268
19 281
19 371
19 400
19 409
19 424
19 497
19 530
19 567
19 624
19 636
19 664
19 673
19 773
19 775
19 805
19 893
20 50
20 109
20 192
20 197
20 326
20 336
20 340
20 377
20 410
20 559
20 579
20 654
20 727
20 794
20 857
20 875
20 879
20 900
20 906
20 986
21 39
21 69
21 78
21 89
21 94
21 99
21 210
21 211
21 227
21 241
21 275
21 298
21 347
21 366
21 513
21 528
21 660
21 670
21 739
21 792
21 870
21 965
22 65
22 178
22 270
22 305
22 307
22 324
22 341
22 409
22 430
22 435
22 534
22 548
22 668
22 690
22 818
22 887
22 912
22 937
22 955
22 978
23 81
23 94
23 156
23 230
23 271
23 356
23 502
23 520
23 527
23 532
23 549
23 608
23 613
23 625
23 679
23 811
23 894
23 958
23 961
24 34
24 122
24 159
24 258
24 359
24 368
24 441
24 554
24 578
24 598
24 600
24 615
24 655
24 687
24 700
24 749
24 751
24 758
24 832
24 966
25 114
25 196
25 207
25 215
25 256
25 271
25 289
25 311
25 318
25 354
25 358
25 364
25 396
25 411
25 463
25 467
25 489
25 498
25 571
25 599
25 637
25 638
25 840
25 895
25 899
25 969
26 36
26 45
26 194
26 304
26 392
26 436
26 469
26 493
26 602
26 688
26 730
26 822
26 858
26 878
26 946
26 950
27 79
27 113
27 136
27 198
27 208
27 213
27 238
27 247
27 286
27 296
27 349
27 374
27 375
27 393
27 426
27 454
27 465
27 475
27 476
27 480
27 482
27 490
27 494
27 514
27 519
27 533
27 542
27 546
27 570
27 572
27 582
27 628
27 638
27 647
27 696
27 698
27 742
27 743
27 747
27 762
27 849
27 890
27 893
27 963
27 972
27 983
27 987
27 991
28 60
28 98
28 163
28 170
28 305
28 322
28 333
28 367
28 370
28 392
28 431
28 508
28 590
28 595
28 626
28 629
28 634
28 667
28 718
28 726
28 747
28 755
28 850
28 852
28 854
28 855
28 856
28 890
28 897
28 911
28 939
28 995
29 43
29 77
29 101
29 106
29 236
29 266
29 346
29 381
29 394
29 452
29 505
29 527
29 609
29 635
29 682
29 748
29 791
29 885
30 128
30 279
30 285
30 291
30 343
30 399
30 422
30 508
30 518
30 538
30 544
30 558
30 649
30 677
30 722
30 762
30 774
30 777
30 814
30 901
30 910
30 920
31 156
31 202
31 230
31 243
31 324
31 356
31 462
31 463
31 477
31 532
31 549
31 553
31 578
31 601
31 608
31 613
31 625
31 679
31 894
31 925
31 932
31 961
31 990
31 994
32 131
32 152
32 254
32 289
32 424
32 444
32 497
32 530
32 544
32 567
32 588
32 637
32 664
32 773
32 775
32 781
32 805
32 817
32 825
32 842
33 138
33 161
33 237
33 244
33 338
33 344
33 481
33 541
33 562
33 657
33 663
33 732
33 738
33 799
33 887
33 986
34 122
34 180
34 258
34 342
34 359
34 368
34 380
34 441
34 537
34 544
34 564
34 575
34 600
34 615
34 621
34 655
34 687
34 744
34 749
34 751
34 801
34 806
34 832
35 128
35 225
35 279
35 285
35 291
35 343
35 399
35 401
35 486
35 508
35 518
35 522
35 538
35 544
35 569
35 607
35 649
35 728
35 761
35 762
35 774
35 798
35 809
35 887
35 888
35 901
36 45
36 194
36 304
36 436
36 493
36 602
36 688
36 794
36 822
36 858
36 921
36 934
36 946
36 991
37 67
37 182
37 185
37 203
37 257
37 292
37 297
37 302
37 308
37 389
37 406
37 447
37 517
37 598
37 632
37 678
37 679
37 759
37 772
37 801
37 802
37 819
37 838
37 905
38 53
38 177
38 319
38 415
38 691
38 707
38 779
38 808
38 814
38 840
38 926
38 964
39 78
39 82
39 89
39 94
39 107
39 110
39 199
39 216
39 241
39 275
39 347
39 357
39 363
39 456
39 462
39 592
39 660
39 672
39 714
39 739
39 778
39 870
39 917
39 965
39 1000
40 100
40 138
40 161
40 184
40 203
40 231
40 244
40 277
40 338
40 340
40 365
40 398
40 511
40 543
40 606
40 607
40 641
40 657
40 661
40 662
40 663
40 676
40 696
40 787
40 799
40 830
40 898
40 999
40 1000
41 131
41 133
41 254
41 268
41 367
41 530
41 567
41 636
41 652
41 664
41 773
41 775
41 805
41 817
41 901
41 934
42 121
42 140
42 181
42 267
42 330
42 432
42 504
42 526
42 540
42 545
42 574
42 717
42 744
42 750
42 769
42 790
42 915
42 955
42 959
42 991
43 96
43 101
43 106
43 128
43 179
43 236
43 266
43 321
43 346
43 394
43 443
43 460
43 505
43 527
43 682
43 748
43 782
43 864
43 891
43 966
44 46
44 53
44 139
44 162
44 177
44 278
44 415
44 536
44 539
44 669
44 691
44 703
44 707
44 779
44 845
44 964
45 141
45 304
45 402
45 436
45 493
45 602
45 688
45 708
45 794
45 816
45 822
45 858
45 878
45 921
45 946
45 950
46 143
46 259
46 263
46 290
46 300
46 383
46 395
46 408
46 504
46 526
46 540
46 653
46 750
46 769
46 790
46 839
46 923
47 48
47 90
47 95
47 129
47 135
47 145
47 166
47 174
47 189
47 269
47 276
47 319
47 425
47 523
47 566
47 644
47 901
47 984
48 54
48 90
48 95
48 129
48 135
48 145
48 166
48 174
48 269
48 276
48 425
48 458
48 523
48 644
48 703
48 793
48 837
48 882
48 891
48 933
49 71
49 128
49 144
49 187
49 225
49 279
49 285
49 291
49 343
49 385
49 387
49 401
49 422
49 453
49 508
49 518
49 522
49 538
49 544
49 549
49 569
49 573
49 649
49 762
49 767
49 774
49 776
49 798
49 883
49 901
49 910
49 984
50 64
50 109
50 125
50 326
50 332
50 336
50 340
50 360
50 373
50 377
50 410
50 478
50 559
50 581
50 637
50 719
50 725
50 764
50 877
50 906
50 986
51 83
51 123
51 126
51 157
51 327
51 334
51 351
51 451
51 459
51 480
51 576
51 619
51 642
51 699
51 821
51 851
51 868
51 892
51 954
52 58
52 105
52 158
52 341
52 390
52 437
52 516
52 548
52 550
52 566
52 590
52 685
52 930
52 944
53 88
53 177
53 182
53 201
53 213
53 278
53 319
53 364
53 415
53 431
53 436
53 455
53 536
53 539
53 669
53 691
53 707
53 779
53 808
53 926
53 942
53 963
54 80
54 90
54 129
54 135
54 174
54 269
54 276
54 425
54 458
54 523
54 703
54 783
54 793
54 837
54 861
54 933
55 59
55 114
55 116
55 164
55 191
55 196
55 215
55 251
55 289
55 311
55 318
55 364
55 396
55 498
55 506
55 599
55 607
55 637
55 652
55 729
55 827
55 960
55 970
56 147
56 171
56 190
56 200
56 206
56 227
56 240
56 345
56 365
56 398
56 399
56 418
56 445
56 525
56 665
56 670
56 705
56 706
56 737
56 738
56 829
56 860
56 902
56 919
56 928
56 929
56 954
56 963
57 141
57 167
57 214
57 220
57 261
57 274
57 314
57 316
57 407
57 415
57 423
57 440
57 460
57 465
57 535
57 628
57 727
57 728
57 765
57 784
57 890
57 891
57 908
57 936
57 945
57 967
58 105
58 112
58 158
58 303
58 341
58 420
58 437
58 548
58 566
58 585
58 603
58 643
58 680
58 689
58 693
58 813
58 831
58 833
58 930
59 61
59 116
59 127
59 191
59 390
59 396
59 463
59 498
59 554
59 571
59 616
59 638
59 674
59 686
59 695
59 713
59 729
59 862
59 895
59 935
59 985
60 63
60 64
60 170
60 204
60 282
60 301
60 367
60 369
60 427
60 470
60 502
60 590
60 634
60 667
60 821
60 850
60 854
60 855
60 856
60 897
60 911
60 939
61 121
61 140
61 223
61 259
61 265
61 290
61 387
61 432
61 502
61 526
61 694
61 715
61 731
61 734
61 750
61 773
61 869
61 959
62 151
62 205
62 273
62 283
62 299
62 391
62 515
62 531
62 547
62 580
62 658
62 847
63 137
63 185
63 204
63 301
63 353
63 369
63 370
63 392
63 427
63 590
63 626
63 679
63 715
63 726
63 850
63 852
63 856
63 883
63 897
63 939
63 995
64 109
64 125
64 192
64 197
64 320
64 326
64 340
64 373
64 377
64 410
64 425
64 478
64 559
64 579
64 581
64 586
64 604
64 712
64 733
64 764
64 875
64 877
64 879
64 900
64 906
64 986
64 988
65 165
65 176
65 305
65 321
65 409
65 446
65 534
65 560
65 597
65 668
65 691
65 701
65 818
65 820
65 887
65 955
65 978
66 81
66 85
66 93
66 124
66 134
66 143
66 148
66 155
66 218
66 221
66 372
66 392
66 404
66 419
66 461
66 471
66 499
66 529
66 561
66 591
66 592
66 611
66 627
66 645
66 745
66 836
66 844
66 853
66 889
66 934
66 953
66 993
66 998
67 292
67 302
67 308
67 389
67 447
67 517
67 553
67 574
67 598
67 704
67 709
67 802
67 819
67 838
68 84
68 92
68 130
68 146
68 179
68 247
68 260
68 357
68 488
68 565
68 580
68 584
68 867
68 916
69 78
69 94
69 110
69 210
69 241
69 275
69 298
69 347
69 366
69 370
69 426
69 456
69 513
69 528
69 592
69 660
69 675
69 739
69 792
69 870
69 965
69 996
70 92
70 130
70 146
70 162
70 179
70 234
70 247
70 303
70 328
70 424
70 488
70 565
70 580
70 605
70 628
70 633
70 741
70 796
70 799
70 869
70 880
70 881
70 903
70 904
70 914
70 916
70 931
70 962
71 144
71 279
71 308
71 371
71 385
71 399
71 473
71 508
71 538
71 544
71 558
71 677
71 722
71 762
71 774
71 776
71 809
71 901
72 133
72 152
72 191
72 268
72 456
72 497
72 530
72 588
72 636
72 650
72 673
72 706
72 773
72 805
72 825
72 842
73 171
73 206
73 212
73 227
73 345
73 362
73 398
73 418
73 434
73 450
73 606
73 635
73 665
73 671
73 705
73 706
73 738
73 777
73 812
73 846
73 907
73 913
73 942
73 962
73 968
74 88
74 131
74 133
74 152
74 254
74 424
74 497
74 530
74 567
74 588
74 620
74 624
74 773
74 805
74 830
75 102
75 154
75 239
75 261
75 274
75 316
75 421
75 440
75 465
75 561
75 589
75 646
75 683
75 728
75 784
75 828
75 841
75 891
75 896
75 918
75 942
75 943
75 992
76 125
76 130
76 146
76 179
76 195
76 260
76 303
76 565
76 800
76 866
76 903
76 984
77 101
77 106
77 236
77 321
77 394
77 505
77 527
77 541
77 666
77 682
77 782
77 864
77 885
78 89
78 94
78 107
78 110
78 142
78 199
78 210
78 211
78 216
78 229
78 285
78 366
78 449
78 456
78 513
78 528
78 592
78 609
78 656
78 660
78 675
78 739
78 792
78 965
79 136
79 198
79 208
79 213
79 262
79 286
79 296
79 349
79 374
79 375
79 393
79 426
79 437
79 476
79 480
79 514
79 519
79 542
79 572
79 582
79 604
79 606
79 628
79 647
79 696
79 742
79 747
79 757
79 771
79 890
79 963
79 972
79 983
79 991
80 105
80 112
80 158
80 163
80 319
80 323
80 341
80 381
80 390
80 426
80 437
80 516
80 548
80 550
80 566
80 603
80 643
80 685
80 693
80 698
80 813
80 831
80 833
80 846
80 930
80 995
81 85
81 93
81 124
81 134
81 148
81 218
81 221
81 228
81 396
81 419
81 461
81 471
81 499
81 529
81 561
81 591
81 611
81 627
81 640
81 645
81 647
81 734
81 745
81 795
81 844
81 853
81 934
81 953
81 993
81 998
82 94
82 229
82 241
82 274
82 275
82 331
82 343
82 366
82 513
82 614
82 660
82 792
82 870
82 917
82 962
82 965
83 97
83 123
83 196
83 327
83 388
83 451
83 612
83 619
83 726
83 776
83 821
83 834
83 851
83 868
83 892
83 954
83 980
84 92
84 186
84 260
84 303
84 376
84 488
84 534
84 565
84 580
84 584
84 605
84 626
84 633
84 681
84 780
84 866
84 869
84 881
84 904
84 916
85 90
85 93
85 114
85 134
85 148
85 218
85 221
85 228
85 278
85 419
85 461
85 471
85 499
85 529
85 561
85 591
85 611
85 640
85 645
85 681
85 745
85 795
85 844
85 853
85 880
85 889
85 934
85 953
85 993
85 998
86 246
86 365
86 554
86 564
86 575
86 577
86 600
86 615
86 636
86 687
86 711
86 758
87 156
87 218
87 243
87 251
87 271
87 280
87 356
87 492
87 529
87 530
87 553
87 679
87 925
87 932
87 935
88 131
88 152
88 254
88 371
88 497
88 530
88 567
88 620
88 636
88 650
88 664
88 673
88 773
89 93
89 94
89 107
89 158
89 199
89 210
89 211
89 241
89 298
89 326
89 347
89 366
89 462
89 513
89 522
89 592
89 660
89 662
89 675
89 739
89 746
89 792
89 870
89 908
89 965
89 996
90 129
90 135
90 145
90 174
90 176
90 269
90 425
90 458
90 695
90 729
90 750
90 793
90 933
91 109
91 117
91 164
91 192
91 305
91 332
91 410
91 412
91 478
91 496
91 504
91 559
91 566
91 579
91 593
91 604
91 618
91 654
91 712
91 719
91 733
91 764
91 879
91 884
91 900
91 906
91 977
91 986
92 104
92 115
92 130
92 146
92 179
92 234
92 247
92 260
92 303
92 328
92 357
92 387
92 448
92 556
92 565
92 580
92 633
92 681
92 741
92 777
92 866
92 881
92 903
92 904
92 916
92 931
93 134
93 148
93 221
93 228
93 270
93 529
93 591
93 734
93 745
93 880
93 917
93 934
93 953
94 107
94 110
94 138
94 199
94 210
94 211
94 216
94 229
94 241
94 275
94 298
94 347
94 366
94 449
94 456
94 462
94 513
94 549
94 565
94 592
94 608
94 614
94 656
94 660
94 675
94 719
94 739
94 778
94 792
94 802
94 805
94 870
94 917
94 963
94 965
94 996
95 135
95 145
95 269
95 425
95 458
95 523
95 703
95 704
95 793
95 837
96 321
96 346
96 394
96 452
96 527
96 557
96 864
96 879
96 885
96 966
96 978
97 123
97 317
97 327
97 348
97 459
97 463
97 483
97 576
97 642
97 812
97 821
97 834
97 843
97 851
97 873
97 892
98 322
98 349
98 367
98 369
98 590
98 595
98 726
98 850
98 856
98 897
98 911
98 922
98 939
98 995
99 123
99 245
99 317
99 351
99 451
99 459
99 576
99 617
99 619
99 630
99 821
99 834
99 843
99 851
99 875
99 954
100 167
100 237
100 244
100 338
100 487
100 511
100 541
100 657
100 662
100 663
100 814
100 830
100 999
101 133
101 266
101 294
101 346
101 394
101 452
101 527
101 647
101 748
101 758
101 864
101 909
102 120
102 153
102 154
102 167
102 183
102 214
102 225
102 261
102 264
102 274
102 282
102 314
102 323
102 372
102 382
102 462
102 464
102 485
102 512
102 552
102 568
102 589
102 623
102 626
102 646
102 684
102 710
102 735
102 828
102 863
102 896
102 908
102 918
102 927
102 945
102 956
102 969
102 971
102 992
103 127
103 191
103 207
103 251
103 289
103 311
103 396
103 410
103 571
103 599
103 652
103 768
103 862
103 895
103 935
104 115
104 130
104 146
104 179
104 214
104 232
104 247
104 260
104 303
104 328
104 357
104 488
104 565
104 584
104 594
104 598
104 633
104 681
104 732
104 741
104 800
104 866
104 869
104 916
104 923
104 931
104 961
105 112
105 153
105 158
105 266
105 341
105 437
105 516
105 548
105 550
105 566
105 603
105 643
105 683
105 813
105 824
105 831
105 913
105 950
105 952
106 236
106 260
106 266
106 321
106 346
106 394
106 452
106 527
106 609
106 653
106 682
106 742
106 748
106 864
106 897
106 904
107 159
107 241
107 366
107 410
107 513
107 528
107 660
107 675
107 746
107 792
107 870
107 965
107 996
108 168
108 188
108 190
108 287
108 331
108 352
108 354
108 355
108 366
108 373
108 404
108 413
108 414
108 486
108 521
108 670
108 723
108 756
108 804
108 807
108 861
108 865
108 897
108 947
109 119
109 192
109 268
109 320
109 326
109 340
109 373
109 377
109 410
109 478
109 496
109 511
109 559
109 579
109 581
109 593
109 604
109 654
109 712
109 719
109 722
109 733
109 766
109 857
109 875
109 879
109 884
109 893
109 900
109 986
110 210
110 241
110 275
110 366
110 482
110 485
110 513
110 528
110 660
110 739
110 778
110 870
110 906
110 955
111 138
111 161
111 203
111 237
111 244
111 259
111 338
111 511
111 541
111 561
111 657
111 661
111 662
111 663
111 799
111 816
111 830
112 158
112 163
112 305
112 341
112 381
112 390
112 420
112 437
112 516
112 585
112 603
112 643
112 683
112 685
112 689
112 693
112 813
112 824
112 831
112 863
112 913
112 930
112 952
113 208
113 286
113 349
113 374
113 375
113 393
113 402
113 406
113 426
113 480
113 514
113 542
113 546
113 570
113 572
113 647
113 742
113 743
113 807
113 836
113 849
114 191
114 207
114 249
114 251
114 289
114 396
114 432
114 463
114 468
114 571
114 637
114 638
114 702
114 725
115 130
115 146
115 179
115 303
115 328
115 414
115 565
115 584
115 605
115 633
115 741
115 800
115 869
115 903
116 127
116 233
116 251
116 396
116 463
116 490
116 504
116 571
116 596
116 638
116 641
116 652
116 674
116 695
116 702
116 713
116 827
116 840
116 895
116 935
116 970
116 977
117 192
117 244
117 326
117 360
117 379
117 410
117 478
117 727
117 733
117 877
118 170
118 367
118 427
118 554
118 590
118 595
118 626
118 629
118 634
118 667
118 687
118 732
118 850
118 852
118 855
118 856
118 897
118 997
119 137
119 192
119 212
119 326
119 377
119 410
119 559
119 579
119 581
119 648
119 654
119 712
119 877
119 914
119 988
120 141
120 143
120 153
120 160
120 183
120 220
120 261
120 264
120 288
120 350
120 372
120 421
120 443
120 466
120 485
120 512
120 528
120 557
120 565
120 568
120 617
120 684
120 784
120 812
120 850
120 859
120 882
120 886
120 896
120 936
120 956
120 960
120 971
121 137
121 140
121 150
121 176
121 252
121 256
121 263
121 265
121 290
121 312
121 313
121 330
121 395
121 408
121 432
121 469
121 482
121 504
121 526
121 540
121 680
121 694
121 697
121 750
121 839
121 915
121 973
122 159
122 180
122 230
122 359
122 380
122 537
122 554
122 615
122 655
122 687
122 801
122 832
123 126
123 209
123 317
123 327
123 334
123 348
123 351
123 388
123 459
123 501
123 558
123 576
123 612
123 619
123 630
123 641
123 642
123 699
123 700
123 821
123 834
123 843
123 868
123 873
123 886
123 887
123 892
124 134
124 221
124 461
124 529
124 561
124 591
124 632
124 734
124 853
124 923
124 953
125 336
125 377
125 410
125 478
125 581
125 586
125 654
125 712
125 764
125 862
125 875
125 877
125 884
125 906
125 962
126 327
126 334
126 351
126 451
126 501
126 619
126 656
126 873
126 892
127 219
127 256
127 289
127 396
127 463
127 571
127 652
127 686
127 695
127 702
127 728
127 840
127 862
127 871
127 935
128 279
128 399
128 401
128 442
128 473
128 484
128 508
128 513
128 538
128 544
128 649
128 677
128 767
128 774
128 888
128 901
129 135
129 145
129 166
129 269
129 276
129 425
129 458
129 521
129 793
129 933
129 968
130 145
130 146
130 160
130 179
130 232
130 247
130 303
130 328
130 338
130 357
130 376
130 404
130 418
130 488
130 565
130 580
130 584
130 605
130 633
130 681
130 736
130 741
130 780
130 800
130 866
130 869
130 881
130 903
130 929
130 931
131 133
131 152
131 254
131 268
131 424
131 444
131 463
131 497
131 567
131 624
131 636
131 650
131 664
131 672
131 673
131 753
131 773
131 775
131 789
131 817
131 825
131 842
132 138
132 143
132 160
132 261
132 313
132 325
132 372
132 443
132 535
132 568
132 646
132 669
132 728
132 783
132 882
132 886
132 918
132 927
132 945
133 202
133 254
133 268
133 371
133 424
133 497
133 530
133 567
133 588
133 620
133 624
133 636
133 649
133 650
133 664
133 673
133 710
133 753
133 775
133 789
133 805
133 825
133 842
133 859
134 148
134 228
134 429
134 461
134 499
134 591
134 640
134 698
134 745
134 795
134 880
134 889
134 979
135 145
135 174
135 269
135 276
135 425
135 458
135 568
135 644
135 793
135 837
135 933
136 211
136 213
136 374
136 375
136 406
136 426
136 480
136 542
136 572
136 628
136 647
136 696
136 743
136 747
136 953
136 963
137 140
137 150
137 176
137 181
137 223
137 263
137 265
137 267
137 290
137 313
137 330
137 358
137 378
137 406
137 408
137 473
137 502
137 504
137 540
137 545
137 680
137 701
137 744
137 750
137 763
137 769
137 772
137 790
137 839
137 917
137 959
137 973
137 981
138 237
138 338
138 487
138 511
138 541
138 543
138 563
138 657
138 662
138 663
138 799
138 898
139 175
139 177
139 201
139 278
139 319
139 374
139 415
139 438
139 536
139 539
139 669
139 674
139 707
139 779
139 926
139 942
139 964
140 142
140 150
140 176
140 227
140 252
140 287
140 290
140 292
140 330
140 395
140 434
140 504
140 509
140 545
140 615
140 653
140 694
140 701
140 744
140 750
140 973
140 981
141 178
141 256
141 274
141 281
141 306
141 372
141 421
141 429
141 552
141 568
141 594
141 618
141 784
141 958
141 967
141 975
142 259
142 265
142 300
142 378
142 387
142 432
142 482
142 502
142 521
142 653
142 694
142 701
142 715
142 750
142 769
142 839
142 915
143 167
143 187
143 235
143 274
143 281
143 306
143 372
143 382
143 386
143 423
143 429
143 443
143 460
143 485
143 551
143 556
143 594
143 617
143 618
143 646
143 710
143 786
143 791
143 814
143 828
143 841
143 848
143 882
143 891
143 918
143 927
143 936
143 945
143 956
143 960
143 967
143 992
144 279
144 385
144 399
144 473
144 538
144 544
144 569
144 649
144 762
144 774
144 901
145 166
145 276
145 425
145 644
145 793
145 933
145 934
146 179
146 232
146 234
146 247
146 260
146 303
146 328
146 346
146 488
146 565
146 580
146 605
146 677
146 681
146 780
146 800
146 869
146 903
146 904
147 155
147 166
147 202
147 269
147 301
147 362
147 365
147 421
147 489
147 525
147 606
147 671
147 672
147 692
147 714
147 752
147 826
147 860
147 929
147 951
147 962
147 974
147 984
148 162
148 218
148 271
148 309
148 461
148 471
148 561
148 591
148 611
148 734
148 745
148 880
148 934
149 302
149 308
149 315
149 389
149 517
149 574
149 678
149 709
149 772
149 802
149 819
149 905
150 263
150 265
150 267
150 290
150 330
150 502
150 504
150 540
150 552
150 561
150 694
150 715
150 744
150 750
150 763
150 769
150 811
150 915
151 205
151 242
151 299
151 391
151 405
151 420
151 531
151 547
151 781
151 783
151 803
151 810
151 847
151 886
151 949
151 957
152 191
152 254
152 345
152 371
152 424
152 497
152 530
152 567
152 624
152 636
152 664
152 728
152 773
152 817
152 825
152 842
153 154
153 261
153 274
153 282
153 325
153 350
153 385
153 412
153 443
153 460
153 557
153 610
153 617
153 770
153 848
153 859
153 882
153 891
153 945
154 160
154 169
154 183
154 214
154 220
154 282
154 285
154 288
154 292
154 295
154 306
154 350
154 372
154 386
154 407
154 440
154 443
154 460
154 464
154 485
154 512
154 525
154 535
154 557
154 558
154 589
154 594
154 610
154 646
154 768
154 784
154 786
154 841
154 848
154 859
154 882
154 896
154 908
154 943
154 945
154 949
154 967
154 971
154 975
155 158
155 200
155 202
155 206
155 212
155 224
155 227
155 240
155 272
155 298
155 315
155 345
155 362
155 365
155 398
155 417
155 418
155 525
155 533
155 556
155 606
155 610
155 648
155 666
155 671
155 692
155 706
155 711
155 714
155 737
155 738
155 760
155 764
155 777
155 823
155 836
155 846
155 860
155 891
155 902
155 913
155 919
155 928
155 951
155 966
155 984
156 226
156 243
156 271
156 280
156 384
156 426
156 477
156 492
156 520
156 532
156 549
156 553
156 578
156 601
156 608
156 613
156 621
156 622
156 625
156 679
156 811
156 835
156 881
156 894
156 925
156 932
156 958
156 990
156 991
156 994
157 165
157 178
157 270
157 307
157 379
157 409
157 435
157 534
157 555
157 560
157 582
157 690
157 699
157 743
157 820
157 887
157 912
157 937
157 955
157 976
157 978
158 341
158 381
158 390
158 420
158 475
158 516
158 548
158 550
158 603
158 683
158 685
158 813
158 831
158 930
158 952
159 342
159 368
159 441
159 575
159 577
159 600
159 615
159 655
159 687
159 751
159 758
159 832
160 167
160 169
160 274
160 282
160 306
160 407
160 443
160 485
160 500
160 556
160 568
160 589
160 646
160 768
160 882
160 936
160 956
160 964
160 975
161 217
161 231
161 237
161 244
161 255
161 256
161 277
161 329
161 344
161 481
161 487
161 503
161 511
161 541
161 543
161 563
161 657
161 661
161 662
161 663
161 732
161 747
161 754
161 761
161 768
161 787
161 799
161 816
161 830
161 891
161 898
161 923
161 999
161 1000
162 168
162 188
162 189
162 190
162 195
162 250
162 293
162 309
162 329
162 333
162 339
162 352
162 354
162 355
162 363
162 397
162 400
162 402
162 484
162 631
162 632
162 651
162 657
162 700
162 720
162 721
162 723
162 756
162 804
162 807
162 815
162 861
162 865
162 867
162 871
162 874
162 876
162 907
162 909
162 938
162 940
162 947
162 948
163 232
163 316
163 341
163 390
163 437
163 566
163 585
163 603
163 643
163 685
163 693
163 813
163 824
163 831
163 952
164 289
164 318
164 353
164 364
164 496
164 596
164 637
164 674
164 702
164 862
164 895
164 935
165 222
165 324
165 398
165 409
165 435
165 493
165 597
165 668
165 690
165 818
165 867
165 887
165 937
165 948
165 955
165 978
165 982
166 244
166 276
166 425
166 458
166 644
166 703
166 793
166 837
166 933
167 169
167 183
167 216
167 261
167 274
167 288
167 295
167 306
167 382
167 423
167 434
167 443
167 460
167 464
167 485
167 500
167 541
167 557
167 568
167 610
167 618
167 623
167 674
167 710
167 728
167 754
167 859
167 891
167 896
167 927
167 934
167 936
167 979
168 186
168 188
168 189
168 190
168 195
168 293
168 329
168 339
168 355
168 402
168 414
168 448
168 457
168 491
168 500
168 633
168 651
168 756
168 762
168 797
168 861
168 865
168 866
168 872
168 874
168 940
168 944
168 948
169 282
169 344
169 465
169 482
169 485
169 500
169 551
169 557
169 568
169 589
169 623
169 710
169 735
169 784
169 786
169 859
169 882
169 891
169 936
169 993
170 204
170 322
170 348
170 353
170 370
170 524
170 567
170 590
170 595
170 715
170 755
170 850
170 856
170 883
170 897
170 911
170 939
170 995
171 202
171 212
171 224
171 227
171 240
171 345
171 365
171 398
171 418
171 525
171 665
171 671
171 705
171 714
171 738
171 846
171 875
171 913
171 919
171 929
171 951
172 189
172 205
172 242
172 292
172 391
172 416
172 515
172 547
172 658
172 781
172 810
172 847
172 949
172 957
173 185
173 292
173 297
173 308
173 362
173 517
173 574
173 598
173 678
173 704
173 709
173 772
173 794
173 801
173 802
173 819
173 838
173 905
174 205
174 269
174 276
174 425
174 458
174 644
174 703
174 837
174 850
174 933
175 278
175 319
175 415
175 536
175 646
175 669
175 707
175 779
175 885
175 964
176 181
176 223
176 252
176 259
176 263
176 264
176 265
176 267
176 290
176 300
176 330
176 378
176 383
176 387
176 395
176 408
176 432
176 433
176 469
176 482
176 502
176 504
176 653
176 680
176 694
176 715
176 717
176 731
176 744
176 769
176 790
176 902
176 973
176 981
176 992
177 201
177 319
177 415
177 431
177 669
177 707
177 808
177 814
177 845
177 942
178 270
178 379
178 409
178 435
178 445
178 534
178 555
178 668
178 818
178 867
178 887
178 912
178 937
179 188
179 195
179 232
179 234
179 247
179 260
179 296
179 303
179 322
179 328
179 357
179 376
179 487
179 488
179 565
179 580
179 584
179 605
179 633
179 692
179 736
179 741
179 780
179 869
179 881
179 903
179 904
179 931
180 246
180 342
180 441
180 537
180 554
180 564
180 575
180 576
180 577
180 621
180 651
180 687
180 749
180 751
180 758
180 832
180 953
181 290
181 301
181 330
181 378
181 387
181 395
181 482
181 504
181 526
181 545
181 715
181 839
181 939
182 185
182 297
182 389
182 484
182 676
182 704
182 709
182 725
182 772
182 802
182 819
182 905
183 261
183 274
183 314
183 460
183 485
183 500
183 501
183 535
183 568
183 589
183 610
183 627
183 646
183 710
183 784
183 786
183 882
183 945
184 237
184 244
184 265
184 303
184 338
184 340
184 511
184 541
184 662
184 663
184 677
184 799
184 935
184 1000
185 257
185 297
185 302
185 450
185 517
185 598
185 609
185 637
185 678
185 709
185 772
185 802
185 819
185 905
185 941
186 188
186 189
186 195
186 284
186 294
186 331
186 355
186 402
186 457
186 631
186 651
186 756
186 796
186 804
186 861
186 865
187 214
187 325
187 354
187 372
187 464
187 485
187 512
187 557
187 589
187 594
187 617
187 646
187 710
187 882
187 908
187 936
187 943
187 979
188 189
188 190
188 195
188 250
188 284
188 287
188 293
188 294
188 331
188 339
188 351
188 352
188 354
188 355
188 361
188 397
188 400
188 414
188 428
188 448
188 457
188 479
188 484
188 491
188 521
188 631
188 648
188 651
188 697
188 720
188 723
188 756
188 788
188 796
188 797
188 804
188 806
188 807
188 815
188 861
188 874
188 909
188 925
188 940
188 949
189 195
189 284
189 287
189 293
189 329
189 333
189 352
189 397
189 402
189 414
189 448
189 491
189 631
189 651
189 697
189 723
189 756
189 765
189 806
189 809
189 861
189 871
189 874
189 938
189 947
190 195
190 303
190 329
190 333
190 355
190 651
190 707
190 720
190 723
190 765
190 769
190 797
190 804
190 806
190 807
190 948
191 196
191 207
191 215
191 219
191 233
191 251
191 289
191 318
191 358
191 364
191 396
191 411
191 463
191 468
191 474
191 558
191 571
191 596
191 599
191 638
191 652
191 674
191 686
191 695
191 702
191 714
191 725
191 729
191 734
191 740
191 796
191 827
191 840
191 860
191 895
191 899
191 922
191 935
191 969
191 977
191 985
192 197
192 320
192 326
192 336
192 377
192 410
192 478
192 579
192 604
192 632
192 648
192 712
192 765
192 900
192 906
192 914
193 195
193 309
193 329
193 335
193 338
193 339
193 400
193 402
193 414
193 448
193 651
193 720
193 721
193 723
193 756
193 797
193 804
193 806
193 807
193 815
193 826
193 859
193 861
193 948
194 304
194 315
194 436
194 493
194 497
194 794
194 858
194 878
194 946
194 950
194 954
195 250
195 293
195 309
195 333
195 335
195 339
195 354
195 355
195 363
195 387
195 402
195 413
195 457
195 574
195 632
195 653
195 695
195 700
195 720
195 742
195 756
195 788
195 804
195 806
195 807
195 815
195 826
195 861
195 872
195 874
195 909
195 938
195 944
196 233
196 311
196 364
196 463
196 571
196 674
196 686
196 729
196 922
196 935
196 970
197 229
197 326
197 340
197 360
197 377
197 408
197 410
197 478
197 559
197 575
197 581
197 654
197 766
197 900
197 986
198 286
198 375
198 426
198 476
198 480
198 492
198 514
198 572
198 628
198 631
198 647
198 696
198 698
198 743
198 747
198 750
198 771
198 890
198 963
198 991
198 1000
199 210
199 211
199 449
199 614
199 660
199 675
199 719
199 746
199 792
199 870
199 917
199 965
200 202
200 206
200 212
200 227
200 272
200 310
200 345
200 362
200 368
200 398
200 418
200 434
200 445
200 450
200 486
200 489
200 507
200 525
200 533
200 549
200 666
200 670
200 671
200 692
200 705
200 706
200 714
200 737
200 738
200 752
200 785
200 829
200 841
200 846
200 860
200 951
200 952
200 974
200 976
201 415
201 455
201 494
201 539
201 669
201 707
201 808
201 964
202 212
202 240
202 315
202 376
202 418
202 445
202 525
202 533
202 583
202 606
202 706
202 714
202 738
202 777
202 823
202 860
202 974
203 231
203 237
203 277
203 338
203 414
203 481
203 495
203 511
203 541
203 657
203 663
203 690
203 799
203 816
203 830
203 839
203 890
203 898
203 923
204 301
204 370
204 392
204 470
204 590
204 595
204 629
204 634
204 718
204 742
204 761
204 850
204 852
204 854
204 855
204 856
204 897
204 939
204 995
205 273
205 299
205 391
205 405
205 416
205 515
205 547
205 658
205 720
205 779
205 810
205 847
206 212
206 224
206 227
206 240
206 272
206 315
206 345
206 350
206 362
206 365
206 398
206 417
206 418
206 434
206 444
206 445
206 486
206 507
206 510
206 581
206 606
206 635
206 666
206 670
206 672
206 692
206 705
206 706
206 711
206 737
206 752
206 836
206 846
206 853
206 857
206 860
206 902
206 913
206 929
206 951
206 968
206 974
206 976
206 984
207 234
207 253
207 289
207 334
207 358
207 396
207 411
207 463
207 558
207 599
207 674
207 687
207 695
207 862
207 895
207 922
207 935
207 977
208 213
208 240
208 262
208 286
208 349
208 357
208 361
208 374
208 393
208 406
208 415
208 426
208 454
208 494
208 514
208 519
208 542
208 546
208 570
208 572
208 582
208 628
208 647
208 696
208 698
208 757
208 810
208 849
208 871
208 890
208 963
208 991
209 252
209 317
209 334
209 351
209 375
209 388
209 459
209 483
209 612
209 619
209 630
209 699
209 760
209 792
209 834
209 843
209 868
210 241
210 275
210 298
210 339
210 366
210 456
210 513
210 656
210 660
210 675
210 728
210 739
210 746
210 764
210 778
210 792
210 870
210 917
210 965
210 996
211 216
211 243
211 289
211 399
211 449
211 528
211 656
211 660
211 675
211 739
211 792
211 965
211 996
212 227
212 240
212 315
212 345
212 362
212 365
212 376
212 383
212 417
212 418
212 445
212 450
212 486
212 507
212 525
212 579
212 583
212 635
212 665
212 666
212 670
212 672
212 692
212 706
212 707
212 711
212 714
212 737
212 760
212 777
212 785
212 807
212 823
212 829
212 836
212 846
212 847
212 902
212 913
212 928
212 929
212 951
212 968
212 974
212 976
212 984
213 262
213 286
213 296
213 349
213 393
213 426
213 437
213 480
213 494
213 514
213 519
213 542
213 546
213 570
213 572
213 628
213 647
213 663
213 696
213 747
213 771
213 893
213 983
213 987
213 991
214 261
214 281
214 440
214 446
214 500
214 535
214 552
214 557
214 568
214 618
214 882
214 908
214 924
214 945
214 975
215 253
215 289
215 358
215 364
215 396
215 463
215 571
215 587
215 674
215 725
215 895
216 241
216 427
216 449
216 464
216 513
216 618
216 660
216 675
216 792
216 917
216 965
217 226
217 255
217 277
217 338
217 367
217 456
217 487
217 511
217 541
217 663
217 676
217 761
217 799
217 816
217 872
217 999
218 228
218 461
218 471
218 561
218 591
218 627
218 734
218 739
218 795
218 821
218 844
218 880
219 251
219 289
219 318
219 344
219 366
219 411
219 599
219 637
219 674
219 695
219 740
219 862
219 935
219 977
220 259
220 274
220 316
220 325
220 372
220 412
220 473
220 485
220 556
220 589
220 594
220 623
220 841
220 891
220 896
220 975
221 228
221 591
221 640
221 745
221 880
221 934
221 938
221 953
222 261
222 324
222 379
222 409
222 430
222 435
222 534
222 560
222 572
222 668
222 690
222 734
222 820
222 855
222 860
222 866
222 887
223 267
223 290
223 313
223 383
223 432
223 502
223 504
223 526
223 540
223 653
223 750
223 915
223 959
224 227
224 345
224 365
224 418
224 429
224 555
224 583
224 604
224 606
224 696
224 706
224 714
224 738
224 752
224 895
224 902
224 929
224 951
224 999
225 291
225 343
225 385
225 399
225 401
225 473
225 518
225 538
225 649
225 762
225 774
225 809
225 901
225 989
226 243
226 280
226 356
226 368
226 391
226 477
226 520
226 549
226 613
226 625
226 835
226 841
226 894
226 925
226 961
227 240
227 272
227 290
227 345
227 362
227 365
227 373
227 398
227 417
227 418
227 434
227 445
227 486
227 507
227 579
227 606
227 635
227 666
227 670
227 671
227 705
227 706
227 711
227 737
227 749
227 752
227 829
227 856
227 860
227 902
227 919
227 928
227 976
228 270
228 419
228 461
228 471
228 499
228 529
228 561
228 591
228 611
228 627
228 640
228 734
228 745
228 795
228 844
228 845
228 853
228 880
228 889
228 934
228 953
228 954
228 993
228 998
229 366
229 456
229 528
229 660
229 675
229 739
229 792
229 870
229 917
229 965
230 243
230 271
230 280
230 477
230 492
230 520
230 527
230 553
230 613
230 625
230 724
230 811
230 894
230 932
230 958
230 961
230 990
231 237
231 244
231 338
231 435
231 511
231 541
231 661
231 662
231 663
231 705
231 799
232 260
232 290
232 303
232 328
232 488
232 565
232 605
232 736
232 741
232 780
232 903
233 289
233 358
233 396
233 411
233 468
233 498
233 506
233 542
233 571
233 599
233 638
233 686
233 738
233 895
233 899
233 922
233 935
233 969
233 977
234 247
234 260
234 328
234 488
234 533
234 565
234 605
234 652
234 869
234 881
234 903
234 916
234 931
234 947
235 267
235 313
235 378
235 387
235 395
235 408
235 540
235 653
235 915
235 973
235 981
236 266
236 346
236 452
236 505
236 592
236 675
236 682
236 706
236 748
237 244
237 255
237 277
237 338
237 481
237 487
237 503
237 511
237 543
237 557
237 562
237 563
237 641
237 657
237 661
237 662
237 663
237 676
237 688
237 704
237 732
237 754
237 816
237 898
237 923
237 929
237 979
237 999
237 1000
238 262
238 286
238 343
238 349
238 426
238 480
238 542
238 647
238 696
238 742
238 771
238 890
238 936
238 963
238 991
239 264
239 268
239 295
239 316
239 382
239 386
239 412
239 466
239 500
239 557
239 589
239 594
239 684
239 769
239 848
239 859
239 882
239 908
239 936
239 943
239 947
239 967
239 975
240 272
240 362
240 365
240 398
240 418
240 477
240 507
240 510
240 525
240 583
240 606
240 635
240 670
240 671
240 672
240 692
240 706
240 714
240 737
240 738
240 752
240 803
240 829
240 902
240 919
240 928
240 929
240 951
240 968
240 974
240 976
240 996
241 275
241 298
241 347
241 366
241 412
241 462
241 513
241 528
241 559
241 614
241 656
241 660
241 675
241 739
241 746
241 778
241 792
241 870
241 881
241 917
241 965
242 273
242 391
242 405
242 416
242 515
242 547
242 610
242 658
242 671
242 781
242 803
242 810
242 847
242 949
242 957
243 271
243 356
243 391
243 477
243 532
243 549
243 811
243 818
243 835
243 958
243 961
244 255
244 344
244 495
244 525
244 541
244 563
244 657
244 661
244 662
244 663
244 668
244 676
244 732
244 754
244 761
244 787
244 799
244 830
244 898
244 959
245 334
245 348
245 365
245 487
245 534
245 619
245 642
245 821
245 834
245 843
245 892
245 934
245 935
245 980
246 258
246 290
246 342
246 359
246 368
246 441
246 537
246 554
246 564
246 575
246 577
246 600
246 615
246 687
246 832
247 328
247 488
247 493
247 565
247 580
247 584
247 605
247 675
247 681
247 741
247 780
247 869
247 916
248 263
248 265
248 267
248 290
248 300
248 330
248 502
248 504
248 694
248 744
248 769
248 839
248 959
249 289
249 300
249 312
249 358
249 396
249 409
249 508
249 587
249 599
249 652
249 674
249 840
249 899
249 935
249 969
250 293
250 333
250 397
250 602
250 631
250 632
250 700
250 720
250 723
250 804
250 871
250 948
251 253
251 278
251 288
251 289
251 311
251 318
251 358
251 463
251 467
251 474
251 535
251 571
251 587
251 596
251 599
251 637
251 638
251 652
251 674
251 695
251 702
251 725
251 740
251 770
251 827
251 862
251 895
251 948
251 969
251 985
252 259
252 290
252 300
252 313
252 378
252 443
252 504
252 562
252 653
252 654
252 694
252 744
252 794
252 839
252 853
253 396
253 410
253 467
253 553
253 571
253 587
253 674
253 687
253 862
254 371
254 424
254 444
254 497
254 530
254 567
254 673
254 717
254 753
254 773
254 775
254 805
254 807
254 842
255 338
255 495
255 541
255 662
255 663
255 676
255 692
255 732
255 799
255 898
255 913
255 1000
256 289
256 311
256 318
256 358
256 360
256 463
256 571
256 587
256 599
256 637
256 648
256 674
256 729
256 760
256 827
256 862
256 895
256 935
256 969
256 977
257 292
257 297
257 302
257 308
257 356
257 389
257 447
257 517
257 574
257 598
257 678
257 704
257 801
257 802
257 819
257 905
258 359
258 368
258 380
258 441
258 468
258 527
258 554
258 564
258 570
258 577
258 594
258 600
258 621
258 655
258 749
258 758
258 892
259 263
259 300
259 378
259 433
259 482
259 502
259 509
259 526
259 643
259 653
259 694
259 715
259 769
259 882
259 915
259 973
260 303
260 488
260 565
260 580
260 633
260 665
260 736
260 741
260 780
260 869
260 904
260 916
260 923
261 281
261 282
261 306
261 316
261 325
261 372
261 386
261 403
261 412
261 421
261 443
261 466
261 485
261 495
261 512
261 551
261 552
261 568
261 589
261 594
261 617
261 710
261 728
261 784
261 786
261 828
261 882
261 908
261 924
261 927
261 971
261 979
261 981
262 286
262 349
262 374
262 375
262 393
262 411
262 426
262 454
262 480
262 490
262 514
262 521
262 542
262 570
262 572
262 613
262 647
262 696
262 742
262 743
262 747
262 852
262 890
262 963
262 972
262 991
263 265
263 267
263 290
263 313
263 378
263 387
263 432
263 433
263 439
263 482
263 502
263 504
263 509
263 540
263 545
263 546
263 593
263 653
263 680
263 717
263 744
263 750
263 763
263 769
263 861
263 863
263 883
263 915
263 981
264 382
264 412
264 464
264 485
264 519
264 538
264 568
264 646
264 735
264 836
264 848
264 863
264 882
264 891
264 896
265 300
265 312
265 330
265 378
265 383
265 387
265 395
265 432
265 502
265 509
265 526
265 540
265 680
265 694
265 717
265 744
265 750
265 790
265 839
265 848
265 915
266 394
266 452
266 505
266 527
266 609
266 639
266 682
266 748
266 782
266 805
266 864
266 885
266 966
267 273
267 290
267 312
267 313
267 324
267 387
267 439
267 502
267 509
267 526
267 540
267 545
267 694
267 701
267 717
267 744
267 763
267 769
267 790
267 839
267 915
267 973
268 349
268 419
268 530
268 567
268 620
268 773
268 775
268 805
268 825
268 842
269 276
269 425
269 458
269 523
269 540
269 644
269 658
269 837
269 933
270 307
270 379
270 409
270 435
270 446
270 472
270 555
270 668
270 820
270 858
270 867
270 912
270 955
270 978
270 982
271 356
271 384
271 477
271 492
271 520
271 549
271 578
271 601
271 724
271 835
271 880
271 925
271 958
271 961
271 990
272 345
272 346
272 362
272 365
272 398
272 434
272 489
272 583
272 665
272 671
272 692
272 705
272 711
272 714
272 738
272 752
272 765
272 823
272 846
272 860
272 863
272 968
273 283
273 391
273 405
273 515
273 547
273 595
273 810
273 847
273 957
274 306
274 314
274 316
274 392
274 407
274 412
274 429
274 466
274 485
274 500
274 513
274 535
274 556
274 557
274 568
274 623
274 625
274 646
274 684
274 721
274 728
274 768
274 791
274 848
274 859
274 891
274 896
274 908
274 918
274 936
274 943
274 945
274 953
274 956
274 960
274 971
274 975
275 297
275 366
275 456
275 513
275 592
275 660
275 792
275 917
275 931
275 965
275 996
276 425
276 458
276 523
276 632
276 703
276 793
276 837
276 933
277 300
277 338
277 503
277 511
277 586
277 647
277 657
277 663
277 717
277 754
277 761
277 764
277 787
277 866
277 898
277 920
277 1000
278 319
278 330
278 407
278 415
278 455
278 536
278 669
278 691
278 707
278 779
278 814
278 845
278 926
278 933
279 285
279 291
279 399
279 401
279 453
279 473
279 499
279 518
279 544
279 558
279 616
279 649
279 722
279 767
279 774
279 776
279 901
279 910
279 989
280 356
280 477
280 492
280 520
280 553
280 601
280 608
280 625
280 679
280 767
280 789
280 830
280 894
280 925
280 937
281 465
281 485
281 556
281 557
281 594
281 784
281 882
281 924
282 306
282 361
282 485
282 617
282 791
282 848
282 924
282 936
283 299
283 391
283 416
283 515
283 531
283 535
283 547
283 658
283 781
283 810
283 949
283 957
284 294
284 329
284 331
284 354
284 448
284 632
284 633
284 647
284 659
284 720
284 734
284 756
284 804
284 807
284 861
284 871
284 908
285 291
285 385
285 399
285 453
285 518
285 569
285 649
285 762
285 767
285 774
285 809
285 901
286 317
286 349
286 374
286 375
286 406
286 475
286 480
286 490
286 494
286 504
286 514
286 570
286 572
286 582
286 647
286 747
286 757
286 771
286 849
286 963
286 991
287 288
287 293
287 309
287 335
287 339
287 363
287 402
287 414
287 631
287 720
287 721
287 796
287 807
287 948
288 306
288 316
288 325
288 372
288 485
288 557
288 594
288 646
288 710
288 891
288 895
288 945
288 979
289 311
289 318
289 396
289 397
289 463
289 467
289 468
289 498
289 506
289 559
289 571
289 599
289 616
289 637
289 638
289 674
289 686
289 695
289 702
289 713
289 729
289 740
289 803
289 827
289 862
289 895
289 899
289 922
289 935
289 969
289 970
289 977
289 985
290 300
290 312
290 313
290 330
290 378
290 385
290 387
290 439
290 469
290 482
290 502
290 504
290 509
290 540
290 572
290 680
290 707
290 715
290 744
290 750
290 763
290 769
290 839
290 897
290 915
290 973
290 981
291 307
291 343
291 385
291 399
291 401
291 472
291 473
291 478
291 518
291 522
291 538
291 544
291 558
291 569
291 649
291 664
291 677
291 762
291 767
291 774
291 776
291 901
291 920
291 989
292 302
292 389
292 408
292 517
292 598
292 678
292 709
292 801
292 819
292 838
292 905
293 294
293 309
293 335
293 337
293 400
293 404
293 413
293 418
293 428
293 433
293 448
293 456
293 457
293 479
293 484
293 491
293 631
293 651
293 657
293 659
293 765
293 804
293 806
293 807
293 815
293 826
293 861
293 871
293 872
293 874
293 938
293 947
294 335
294 363
294 414
294 457
294 521
294 595
294 613
294 631
294 756
294 765
294 804
294 861
294 865
294 871
294 872
294 948
295 316
295 412
295 429
295 443
295 485
295 535
295 557
295 568
295 594
295 617
295 646
295 663
295 774
295 854
295 859
295 882
295 975
295 992
296 349
296 361
296 374
296 414
296 426
296 475
296 514
296 542
296 630
296 696
296 711
296 742
296 747
296 963
296 991
297 302
297 389
297 517
297 526
297 598
297 607
297 621
297 678
297 704
297 709
297 759
297 802
297 819
297 838
297 973
298 366
298 456
298 462
298 528
298 656
298 660
298 675
298 739
298 778
298 792
298 907
298 917
298 989
299 341
299 391
299 416
299 547
299 781
299 802
299 847
299 949
299 957
300 378
300 387
300 395
300 432
300 469
300 475
300 482
300 504
300 526
300 540
300 653
300 680
300 694
300 701
300 715
300 717
300 731
300 744
300 750
300 763
300 769
300 790
300 839
300 851
300 915
300 959
300 973
300 981
301 353
301 392
301 524
301 590
301 619
301 626
301 716
301 755
301 850
301 852
301 855
301 856
301 911
301 939
301 995
301 997
302 389
302 466
302 517
302 574
302 598
302 678
302 772
302 819
302 905
303 328
303 357
303 376
303 565
303 580
303 584
303 600
303 605
303 736
303 800
303 866
303 869
303 881
303 903
304 436
304 493
304 599
304 602
304 687
304 688
304 708
304 730
304 794
304 822
304 858
304 878
304 950
305 324
305 435
305 446
305 560
305 690
305 818
305 887
305 937
305 955
305 978
306 316
306 407
306 440
306 464
306 500
306 576
306 594
306 597
306 618
306 646
306 684
306 784
306 863
306 896
306 936
306 967
307 324
307 379
307 446
307 560
307 867
307 872
307 887
307 912
307 937
307 978
308 389
308 517
308 574
308 598
308 678
308 704
308 709
308 759
308 772
308 802
308 819
308 823
308 941
309 331
309 333
309 335
309 352
309 354
309 355
309 400
309 402
309 404
309 414
309 457
309 479
309 521
309 553
309 631
309 697
309 720
309 721
309 723
309 788
309 807
309 830
309 861
309 872
309 876
309 938
309 947
310 418
310 525
310 606
310 738
310 752
310 829
310 836
310 846
310 860
310 998
311 318
311 358
311 361
311 364
311 396
311 480
311 481
311 587
311 599
311 616
311 637
311 638
311 674
311 711
311 725
311 729
311 935
311 969
312 330
312 378
312 383
312 432
312 502
312 504
312 653
312 668
312 694
312 750
312 915
312 981
313 378
313 433
313 482
313 502
313 504
313 540
313 622
313 744
313 790
313 839
313 915
314 407
314 466
314 557
314 568
314 594
314 634
314 646
314 728
314 882
314 896
314 966
315 365
315 583
315 666
315 671
315 692
315 711
315 738
315 860
316 407
316 423
316 440
316 443
316 485
316 568
316 589
316 594
316 617
316 803
316 841
316 848
316 859
316 882
316 971
316 975
317 327
317 351
317 388
317 451
317 642
317 699
317 821
317 834
317 846
317 868
317 892
317 954
318 358
318 364
318 439
318 442
318 467
318 474
318 498
318 506
318 571
318 587
318 598
318 599
318 616
318 638
318 652
318 674
318 695
318 740
318 827
318 862
318 895
318 935
318 947
318 969
319 340
319 415
319 431
319 438
319 455
319 468
319 514
319 536
319 539
319 654
319 669
319 691
319 707
319 779
319 808
319 814
319 845
319 926
319 964
319 977
320 326
320 360
320 368
320 410
320 478
320 586
320 654
320 766
320 906
320 988
321 346
321 417
321 452
321 527
321 609
321 639
321 782
321 871
321 885
321 966
322 367
322 370
322 392
322 427
322 590
322 595
322 634
322 718
322 764
322 850
322 852
322 854
322 856
322 883
322 897
322 911
322 939
323 443
323 535
323 557
323 568
323 594
323 610
323 618
323 623
323 646
323 768
323 770
323 848
323 891
323 896
323 975
324 379
324 409
324 435
324 534
324 560
324 668
324 683
324 818
324 820
324 887
324 978
325 372
325 386
325 429
325 455
325 485
325 552
325 589
325 646
325 686
325 735
325 831
325 844
325 886
325 891
325 896
325 907
325 918
325 927
325 936
325 943
325 960
325 967
325 975
326 332
326 336
326 340
326 360
326 377
326 410
326 478
326 540
326 559
326 579
326 581
326 593
326 604
326 649
326 654
326 712
326 733
326 764
326 766
326 807
326 809
326 813
326 857
326 875
326 877
326 879
326 884
326 900
326 906
326 914
326 986
326 988
327 334
327 351
327 451
327 480
327 483
327 501
327 576
327 585
327 619
327 630
327 642
327 751
327 821
327 834
327 851
327 868
327 873
327 892
327 954
328 357
328 565
328 580
328 583
328 633
328 647
328 681
328 713
328 741
328 800
328 866
328 881
328 903
328 916
328 950
329 333
329 354
329 397
329 404
329 414
329 448
329 484
329 632
329 651
329 659
329 697
329 720
329 723
329 756
329 765
329 788
329 809
329 861
329 874
329 876
329 909
329 947
329 948
329 949
330 378
330 387
330 408
330 432
330 439
330 469
330 502
330 504
330 509
330 545
330 646
330 653
330 694
330 695
330 705
330 717
330 744
330 839
330 863
330 908
330 915
330 973
331 333
331 414
331 632
331 738
331 741
331 765
331 788
331 797
331 806
331 807
331 877
331 944
331 947
332 360
332 373
332 377
332 395
332 410
332 478
332 648
332 712
332 719
332 733
332 764
332 766
332 877
332 914
333 337
333 339
333 352
333 363
333 402
333 404
333 413
333 491
333 632
333 697
333 700
333 704
333 721
333 723
333 756
333 796
333 797
333 861
333 865
333 872
333 948
334 348
334 451
334 612
334 619
334 699
334 821
334 828
334 834
334 843
334 868
334 873
334 885
334 892
334 954
335 399
335 457
335 537
335 651
335 720
335 808
335 861
335 872
336 373
336 377
336 410
336 478
336 567
336 579
336 593
336 604
336 648
336 700
336 712
336 727
336 739
336 744
336 766
336 857
336 879
336 914
336 986
337 355
337 472
337 491
337 631
337 700
337 720
337 756
337 765
337 796
337 804
337 872
337 874
337 876
337 948
338 377
338 481
338 487
338 495
338 503
338 511
338 527
338 541
338 563
338 599
338 601
338 641
338 657
338 661
338 662
338 663
338 676
338 689
338 732
338 754
338 761
338 787
338 799
338 816
338 830
338 898
338 923
338 999
338 1000
339 354
339 355
339 398
339 400
339 402
339 428
339 461
339 484
339 632
339 720
339 721
339 756
339 758
339 765
339 861
339 938
340 377
340 410
340 441
340 478
340 579
340 593
340 648
340 764
340 875
340 877
340 900
340 906
340 986
341 381
341 390
341 437
341 548
341 566
341 585
341 603
341 683
341 689
341 693
341 824
341 831
341 833
341 879
341 930
342 368
342 380
342 554
342 575
342 600
342 655
342 749
342 751
342 758
342 928
343 385
343 399
343 401
343 413
343 453
343 518
343 558
343 569
343 649
343 762
343 774
343 901
343 920
343 989
344 511
344 541
344 641
344 662
344 663
344 786
344 787
344 799
344 898
344 923
345 362
345 365
345 398
345 418
345 450
345 489
345 665
345 737
345 738
345 752
345 760
345 777
345 902
345 962
345 968
345 974
345 998
346 394
346 452
346 505
346 546
346 609
346 639
346 682
346 748
346 782
346 864
346 937
346 966
346 973
347 443
347 480
347 513
347 656
347 660
347 778
347 792
347 917
347 965
348 483
348 501
348 619
348 630
348 635
348 642
348 738
348 821
348 824
348 834
348 843
349 361
349 374
349 375
349 393
349 406
349 426
349 454
349 475
349 476
349 480
349 490
349 494
349 514
349 519
349 542
349 546
349 547
349 570
349 572
349 582
349 647
349 696
349 698
349 742
349 743
349 771
349 812
349 846
349 847
349 849
349 890
349 893
349 963
349 972
349 983
349 987
349 991
350 372
350 485
350 500
350 552
350 557
350 568
350 618
350 646
350 728
350 735
350 765
350 848
350 859
350 882
350 888
350 891
350 908
350 998
351 387
351 388
351 451
351 483
351 485
351 501
351 576
351 612
351 619
351 642
351 812
351 821
351 834
351 851
351 892
352 402
352 521
352 651
352 720
352 723
352 756
352 797
352 872
352 874
352 907
353 427
353 590
353 726
353 755
353 800
353 850
353 852
353 854
353 856
353 883
353 939
353 995
353 997
354 355
354 402
354 404
354 413
354 414
354 448
354 538
354 631
354 721
354 756
354 764
354 796
354 826
354 861
354 865
354 872
354 940
354 947
354 961
355 363
355 414
355 443
355 484
355 651
355 703
355 720
355 721
355 723
355 788
355 804
355 807
355 861
355 872
355 876
355 881
355 907
355 923
355 926
355 947
355 948
356 364
356 410
356 472
356 492
356 549
356 601
356 608
356 613
356 622
356 638
356 679
356 811
356 820
356 889
356 894
356 925
356 932
356 958
356 961
356 990
356 994
356 999
357 741
357 780
357 800
357 804
357 846
357 904
357 916
357 948
358 396
358 468
358 474
358 571
358 587
358 599
358 637
358 669
358 674
358 686
358 725
358 827
358 840
358 877
358 895
358 922
358 935
358 943
359 486
359 554
359 577
359 600
359 615
359 694
359 749
359 758
359 995
360 373
360 377
360 410
360 459
360 478
360 559
360 579
360 586
360 604
360 640
360 654
360 719
360 727
360 766
360 840
360 875
360 877
360 900
360 906
360 986
361 369
361 406
361 426
361 459
361 480
361 490
361 514
361 528
361 542
361 546
361 570
361 572
361 628
361 636
361 696
361 743
361 757
361 893
361 971
361 983
361 987
361 991
362 398
362 418
362 434
362 533
362 606
362 615
362 635
362 671
362 672
362 705
362 711
362 738
362 760
362 785
362 798
362 823
362 860
362 928
362 949
362 951
362 962
362 974
363 402
363 414
363 651
363 659
363 697
363 700
363 721
363 723
363 752
363 807
363 925
363 947
363 948
364 396
364 463
364 498
364 596
364 637
364 652
364 725
364 729
364 740
364 774
364 782
364 783
364 862
364 895
364 899
364 935
364 969
364 985
365 398
365 417
365 418
365 434
365 486
365 489
365 507
365 525
365 606
365 666
365 670
365 671
365 672
365 692
365 705
365 706
365 752
365 760
365 777
365 785
365 846
365 860
365 902
365 913
365 928
365 929
365 951
365 962
365 963
365 968
365 975
365 976
365 984
366 398
366 449
366 456
366 462
366 513
366 586
366 592
366 614
366 656
366 675
366 739
366 778
366 792
366 996
367 369
367 370
367 470
367 590
367 634
367 716
367 718
367 726
367 850
367 856
367 887
367 897
367 911
367 939
367 997
368 380
368 441
368 537
368 554
368 564
368 577
368 600
368 615
368 621
368 655
368 687
368 735
368 749
368 751
368 758
368 832
368 978
369 445
369 470
369 590
369 667
369 718
369 726
369 742
369 755
369 850
369 855
369 939
369 995
370 378
370 590
370 595
370 850
370 856
370 883
370 897
370 911
370 995
371 444
371 449
371 497
371 530
371 567
371 587
371 588
371 620
371 636
371 650
371 664
371 673
371 753
371 773
371 775
371 789
371 825
372 382
372 386
372 412
372 421
372 423
372 429
372 443
372 465
372 485
372 551
372 552
372 557
372 589
372 594
372 646
372 710
372 728
372 743
372 768
372 784
372 786
372 791
372 793
372 828
372 840
372 845
372 848
372 859
372 882
372 896
372 927
372 936
372 943
373 377
373 478
373 559
373 590
373 663
373 719
373 721
373 733
373 906
373 986
374 393
374 406
374 426
374 475
374 476
374 480
374 514
374 519
374 628
374 637
374 696
374 698
374 743
374 747
374 825
374 963
375 426
375 476
375 480
375 490
375 514
375 519
375 542
375 546
375 572
375 577
375 615
375 628
375 647
375 696
375 742
375 743
375 755
375 890
375 897
375 972
375 983
375 987
376 565
376 633
376 667
376 741
376 800
376 869
376 903
376 904
376 916
377 410
377 478
377 482
377 496
377 559
377 579
377 604
377 648
377 654
377 687
377 719
377 733
377 764
377 766
377 824
377 857
377 875
377 877
377 879
377 900
377 906
377 914
377 986
378 387
378 430
378 432
378 439
378 482
378 502
378 504
378 509
378 526
378 540
378 545
378 694
378 701
378 715
378 717
378 731
378 744
378 750
378 763
378 769
378 790
378 806
378 839
378 915
378 929
378 967
378 973
379 409
379 435
379 446
379 534
379 546
379 594
379 668
379 690
379 767
379 887
379 912
379 955
379 978
380 537
380 554
380 564
380 571
380 615
380 687
380 720
381 414
381 437
381 516
381 603
381 683
381 685
381 689
381 721
381 831
382 440
382 556
382 572
382 617
382 646
382 661
382 768
382 841
382 934
382 992
383 387
383 504
383 526
383 540
383 653
383 694
383 744
383 750
383 762
383 769
383 882
383 915
383 974
384 532
384 613
384 625
384 679
384 780
384 835
384 894
384 925
384 958
384 990
385 399
385 401
385 422
385 442
385 453
385 472
385 508
385 514
385 518
385 522
385 538
385 544
385 569
385 607
385 649
385 677
385 722
385 762
385 767
385 774
385 776
385 798
385 809
385 857
385 888
385 901
385 910
385 920
385 957
385 989
386 396
386 429
386 485
386 557
386 710
386 728
386 784
386 786
386 791
386 830
386 863
386 881
386 891
386 945
387 396
387 408
387 433
387 439
387 493
387 526
387 540
387 680
387 715
387 744
387 750
387 763
387 790
387 839
387 915
387 981
388 451
388 501
388 576
388 582
388 619
388 642
388 834
388 843
388 851
388 954
388 955
389 447
389 517
389 563
389 598
389 678
389 704
389 709
389 759
389 772
389 801
389 802
389 819
389 838
389 882
389 906
389 941
390 420
390 437
390 516
390 566
390 585
390 603
390 683
390 685
390 693
390 831
391 405
391 416
391 515
391 531
391 658
391 781
391 810
391 847
391 940
391 949
391 957
391 987
392 427
392 524
392 531
392 590
392 629
392 718
392 850
392 883
392 995
393 426
393 476
393 480
393 514
393 570
393 647
393 696
393 743
393 771
393 849
393 893
393 963
393 991
394 452
394 505
394 527
394 682
394 706
394 782
394 864
394 885
394 966
395 432
395 433
395 502
395 526
395 540
395 694
395 715
395 717
395 744
395 750
395 770
395 915
395 973
396 411
396 463
396 468
396 474
396 498
396 549
396 568
396 571
396 587
396 599
396 616
396 638
396 652
396 656
396 674
396 686
396 695
396 713
396 729
396 740
396 813
396 827
396 840
396 843
396 862
396 899
396 935
396 970
396 977
396 985
397 402
397 671
397 788
397 861
397 872
397 947
397 997
398 401
398 417
398 418
398 434
398 489
398 510
398 525
398 533
398 602
398 672
398 675
398 706
398 711
398 737
398 785
398 812
398 829
398 860
398 902
398 928
398 929
398 951
398 962
398 984
399 442
399 453
399 508
399 522
399 538
399 558
399 573
399 607
399 649
399 677
399 762
399 774
399 809
399 863
399 902
399 910
399 989
400 448
400 457
400 678
400 720
400 756
400 757
400 861
400 872
400 874
400 989
401 473
401 544
401 569
401 649
401 762
401 767
401 798
401 858
402 404
402 413
402 484
402 491
402 521
402 659
402 720
402 721
402 723
402 756
402 765
402 788
402 804
402 807
402 874
402 909
402 948
402 992
403 490
403 504
403 541
403 551
403 552
403 557
403 568
403 618
403 646
403 684
403 752
403 784
403 791
403 882
403 886
403 908
403 918
403 924
403 960
404 437
404 457
404 461
404 659
404 726
404 756
404 765
404 861
405 416
405 485
405 531
405 547
405 658
405 781
405 803
405 949
405 982
406 475
406 480
406 490
406 494
406 542
406 572
406 696
406 698
406 743
406 747
406 757
406 771
406 792
406 963
406 983
407 412
407 443
407 464
407 500
407 526
407 535
407 589
407 617
407 618
407 653
407 684
407 710
407 828
407 841
407 863
407 865
407 910
407 936
407 992
408 576
408 585
408 651
408 680
408 715
408 744
408 747
408 750
408 839
408 915
409 430
409 435
409 446
409 534
409 560
409 690
409 818
409 820
409 867
409 887
409 912
409 937
409 978
409 982
410 431
410 478
410 559
410 579
410 581
410 586
410 593
410 604
410 648
410 712
410 727
410 733
410 764
410 766
410 857
410 875
410 877
410 879
410 884
410 900
410 906
410 914
410 916
410 986
411 463
411 467
411 468
411 478
411 571
411 596
411 674
411 713
411 717
411 725
411 740
411 827
411 862
411 922
412 423
412 443
412 485
412 552
412 557
412 848
412 863
412 891
412 896
412 908
412 936
412 983
413 435
413 457
413 518
413 521
413 651
413 697
413 700
413 720
413 765
413 807
413 826
413 861
413 948
414 477
414 479
414 521
414 651
414 674
414 756
414 765
414 804
414 807
414 865
414 938
415 431
415 438
415 455
415 539
415 626
415 669
415 691
415 707
415 808
415 845
415 926
415 942
415 964
416 515
416 516
416 531
416 547
416 658
416 665
416 781
416 803
417 418
417 533
417 606
417 635
417 670
417 672
417 692
417 705
417 738
417 752
417 785
417 836
417 902
417 908
418 433
418 445
418 450
418 486
418 505
418 507
418 525
418 533
418 583
418 606
418 670
418 671
418 672
418 692
418 705
418 711
418 716
418 723
418 737
418 738
418 752
418 760
418 785
418 795
418 812
418 829
418 836
418 860
418 902
418 913
418 919
418 962
418 974
419 461
419 591
419 640
419 645
419 703
419 734
419 744
419 795
419 853
419 880
419 945
419 993
420 446
420 516
420 544
420 566
420 585
420 603
420 643
420 683
420 685
420 693
420 714
420 824
420 831
420 833
420 930
420 952
421 423
421 443
421 485
421 488
421 525
421 526
421 551
421 556
421 568
421 617
421 618
421 684
421 710
421 728
421 770
421 784
421 859
421 882
421 908
421 936
422 517
422 538
422 607
422 649
422 712
422 762
422 774
422 809
422 901
423 568
423 646
423 770
423 784
423 896
424 624
424 636
424 664
424 753
424 773
424 805
424 817
424 842
425 458
425 523
425 550
425 644
425 700
425 703
425 793
425 837
425 933
426 454
426 475
426 476
426 480
426 494
426 514
426 519
426 542
426 546
426 570
426 572
426 582
426 627
426 628
426 647
426 678
426 696
426 698
426 703
426 726
426 742
426 743
426 747
426 757
426 771
426 890
426 946
426 963
426 983
426 987
426 991
427 590
427 726
427 746
427 748
427 897
427 902
427 911
427 995
427 997
428 494
428 697
428 796
428 806
428 807
428 872
428 907
428 948
429 440
429 553
429 557
429 735
429 784
429 786
429 848
429 859
429 927
430 435
430 455
430 818
430 820
430 867
430 887
430 912
430 955
430 978
431 455
431 536
431 669
431 707
431 779
431 808
431 926
431 997
432 433
432 439
432 502
432 504
432 526
432 578
432 694
432 744
432 750
432 763
432 769
432 790
432 870
432 915
432 959
432 961
433 502
433 504
433 526
433 694
433 741
433 915
433 959
434 651
434 670
434 671
434 705
434 706
434 738
434 752
434 836
434 846
434 860
434 902
434 974
435 446
435 534
435 555
435 560
435 597
435 668
435 690
435 818
435 833
435 867
435 887
435 906
435 912
435 937
435 955
435 978
435 982
436 688
436 730
436 794
436 820
436 858
436 921
436 946
436 950
437 548
437 566
437 585
437 643
437 802
437 824
437 833
438 536
438 539
438 669
438 707
438 733
438 779
438 808
438 942
438 944
439 526
439 540
439 715
439 717
439 750
439 788
439 790
439 959
440 460
440 465
440 485
440 521
440 556
440 557
440 594
440 618
440 768
440 786
440 791
440 879
440 882
440 896
440 908
440 936
440 940
440 960
441 554
441 600
441 615
441 621
441 687
441 749
441 758
441 832
442 473
442 518
442 649
442 762
442 774
442 798
442 888
442 895
442 989
443 464
443 466
443 485
443 500
443 535
443 536
443 551
443 552
443 589
443 594
443 610
443 623
443 765
443 770
443 771
443 784
443 786
443 791
443 841
443 848
443 859
443 882
443 896
443 908
443 927
443 936
443 956
443 967
443 979
444 497
444 530
444 567
444 588
444 620
444 636
444 673
444 753
444 773
444 805
444 914
445 450
445 489
445 507
445 510
445 519
445 533
445 583
445 665
445 671
445 672
445 706
445 711
445 714
445 737
445 738
445 777
445 833
445 836
445 846
445 919
445 929
445 935
445 937
445 951
445 962
445 968
445 984
446 534
446 597
446 668
446 887
446 955
446 978
447 517
447 520
447 598
447 678
447 699
447 784
447 801
447 802
447 819
447 901
447 905
447 941
447 945
447 974
448 457
448 796
448 807
448 874
448 923
448 947
448 948
449 528
449 563
449 592
449 614
449 656
449 660
449 675
449 739
449 775
449 778
449 792
449 869
449 870
449 965
449 972
449 996
450 533
450 583
450 606
450 666
450 671
450 705
450 706
450 711
450 760
450 836
450 860
450 902
450 974
451 501
451 612
451 630
451 699
451 821
451 834
451 851
451 963
452 527
452 639
452 640
452 682
452 748
452 885
453 457
453 473
453 518
453 522
453 538
453 544
453 649
453 762
453 774
453 901
453 911
453 920
454 475
454 542
454 557
454 588
454 628
454 647
454 696
454 709
454 742
454 771
454 791
454 963
455 536
455 669
455 779
455 804
455 850
455 926
455 942
455 948
456 462
456 513
456 516
456 660
456 741
456 746
456 778
456 792
456 917
457 479
457 484
457 491
457 500
457 631
457 651
457 697
457 700
457 705
457 721
457 723
457 756
457 765
457 804
457 806
457 807
457 826
457 861
457 865
457 871
457 872
457 874
457 876
457 907
457 917
457 940
457 944
457 947
457 948
457 987
458 523
458 644
458 703
458 793
458 834
458 837
458 864
458 933
459 619
459 674
459 699
459 756
459 821
459 843
459 851
459 868
459 873
460 568
460 623
460 633
460 646
460 684
460 740
460 783
460 839
460 936
460 945
461 471
461 499
461 503
461 640
461 645
461 684
461 734
461 745
461 795
461 844
461 853
461 880
461 903
461 993
461 998
462 513
462 528
462 540
462 614
462 660
462 792
462 854
462 917
462 965
463 467
463 468
463 490
463 498
463 571
463 587
463 596
463 599
463 616
463 637
463 674
463 695
463 713
463 724
463 729
463 740
463 840
463 895
463 899
463 922
463 927
463 935
463 969
464 551
464 557
464 589
464 684
464 784
464 828
464 848
464 882
464 936
465 568
465 594
465 617
465 728
465 743
465 882
465 896
465 908
465 936
466 485
466 551
466 552
466 557
466 589
466 618
466 646
466 710
466 784
466 882
466 936
467 468
467 571
467 599
467 747
467 778
467 840
467 862
467 895
468 506
468 571
468 589
468 616
468 695
468 862
468 899
468 922
468 935
468 969
469 502
469 504
469 715
469 839
469 884
469 915
470 524
470 590
470 726
470 850
470 855
470 869
470 911
470 939
470 958
470 994
470 995
470 997
471 514
471 591
471 734
471 844
471 853
471 880
471 889
471 934
471 935
471 953
471 998
472 544
472 569
472 573
472 649
472 762
472 901
473 508
473 518
473 538
473 544
473 558
473 573
473 649
473 672
473 677
473 722
473 762
473 770
473 774
473 809
473 901
473 910
474 587
474 641
474 695
474 935
474 977
475 480
475 542
475 647
475 849
475 963
476 480
476 542
476 572
476 638
476 647
476 704
476 742
476 743
476 747
476 963
476 985
477 492
477 500
477 520
477 578
477 625
477 787
477 870
477 925
477 932
477 990
477 994
478 496
478 559
478 579
478 581
478 582
478 586
478 593
478 604
478 640
478 648
478 654
478 712
478 719
478 727
478 764
478 842
478 857
478 875
478 877
478 879
478 884
478 893
478 900
478 906
478 914
478 986
478 988
479 651
479 697
479 797
479 807
479 861
479 874
479 944
479 947
480 490
480 494
480 502
480 519
480 520
480 542
480 546
480 572
480 582
480 628
480 647
480 678
480 696
480 698
480 742
480 743
480 747
480 757
480 849
480 890
480 893
480 963
480 972
480 983
480 987
480 991
481 541
481 663
481 696
481 799
482 502
482 504
482 526
482 540
482 584
482 653
482 717
482 744
482 839
483 501
483 511
483 612
483 619
483 642
483 843
483 851
483 873
483 892
484 503
484 631
484 651
484 796
484 851
484 874
484 907
484 909
485 500
485 551
485 552
485 623
485 669
485 684
485 768
485 770
485 798
485 810
485 828
485 859
485 886
485 891
485 908
485 913
485 943
485 945
485 971
485 975
485 992
486 583
486 606
486 666
486 671
486 706
486 738
486 752
486 760
486 862
486 929
486 974
487 511
487 528
487 541
487 543
487 563
487 661
487 663
487 676
487 732
487 799
487 999
488 546
488 565
488 579
488 580
488 591
488 605
488 633
488 681
488 736
488 741
488 760
488 774
488 780
488 800
488 869
488 881
488 903
488 904
489 525
489 635
489 670
489 683
489 692
489 738
489 752
489 760
489 777
489 793
489 836
490 519
490 542
490 572
490 696
490 742
490 963
490 991
491 521
491 632
491 651
491 720
491 723
491 848
491 872
491 874
491 907
491 948
492 517
492 520
492 549
492 553
492 578
492 604
492 608
492 613
492 622
492 679
492 724
492 811
492 835
492 932
492 958
492 961
492 974
492 990
493 602
493 708
493 794
493 858
493 946
494 519
494 542
494 742
494 747
494 857
494 963
494 991
495 511
495 541
495 657
495 662
495 663
495 664
495 799
495 898
495 1000
496 536
496 593
496 719
496 727
496 743
496 764
496 766
496 834
496 857
496 875
496 879
496 884
496 900
496 906
496 914
496 986
497 530
497 567
497 588
497 620
497 624
497 634
497 636
497 664
497 673
497 753
497 773
497 775
497 789
497 805
497 817
498 571
498 596
498 599
498 637
498 674
498 725
498 840
498 882
498 895
498 916
498 935
498 965
499 591
499 734
499 880
499 953
500 587
500 684
500 698
500 735
500 770
500 828
500 841
500 891
500 908
500 945
500 956
501 619
501 630
501 834
501 851
501 868
501 980
501 994
502 504
502 509
502 526
502 540
502 651
502 653
502 680
502 694
502 701
502 708
502 715
502 717
502 731
502 750
502 763
502 790
502 792
502 839
502 871
502 874
502 959
502 973
502 981
503 511
503 541
503 662
503 663
503 746
503 787
503 799
503 898
504 509
504 526
504 540
504 545
504 653
504 680
504 684
504 694
504 717
504 731
504 736
504 737
504 744
504 750
504 752
504 763
504 790
504 807
504 839
504 915
504 959
504 973
505 527
505 609
505 629
505 639
505 682
505 748
505 782
505 864
505 885
505 904
505 966
505 971
506 587
506 616
506 652
506 674
506 772
506 827
506 862
506 895
506 935
507 666
507 705
507 706
507 738
507 752
507 929
507 984
508 522
508 538
508 544
508 649
508 762
508 776
508 809
508 873
508 914
509 694
509 744
509 750
509 915
509 973
510 665
510 671
510 706
510 711
510 738
510 752
510 846
510 902
510 974
511 540
511 541
511 543
511 562
511 563
511 572
511 657
511 661
511 662
511 663
511 676
511 732
511 741
511 754
511 787
511 795
511 799
511 816
511 830
511 849
511 898
511 923
511 999
511 1000
512 557
512 568
512 594
512 617
512 618
512 746
512 784
512 863
512 874
512 882
512 891
512 943
512 945
513 592
513 660
513 675
513 778
513 792
513 870
513 917
513 965
513 977
513 996
514 542
514 546
514 570
514 572
514 582
514 583
514 628
514 647
514 696
514 747
514 803
514 868
514 869
514 893
514 963
514 972
514 983
514 991
515 531
515 547
515 568
515 598
515 658
515 781
515 810
515 949
516 548
516 550
516 603
516 643
516 689
516 722
516 813
516 824
516 833
516 930
516 952
517 538
517 574
517 598
517 642
517 678
517 704
517 709
517 759
517 772
517 801
517 802
517 819
517 838
517 905
518 522
518 558
518 573
518 603
518 649
518 706
518 762
518 774
518 830
518 901
518 935
518 959
519 542
519 572
519 628
519 647
519 696
519 698
519 742
519 759
519 893
519 963
519 983
519 991
520 549
520 567
520 591
520 613
520 625
520 679
520 724
520 890
520 925
521 632
521 651
521 652
521 765
521 797
521 804
521 807
521 907
521 909
521 913
521 947
522 538
522 544
522 564
522 612
522 620
522 649
522 657
522 762
522 767
522 774
522 776
522 809
522 901
523 602
523 644
523 729
523 793
523 837
524 590
524 595
524 626
524 629
524 667
524 726
524 818
524 855
524 856
524 897
524 963
524 995
524 997
525 583
525 606
525 692
525 705
525 706
525 714
525 737
525 738
525 752
525 812
525 823
525 829
525 902
525 928
525 962
525 974
525 976
525 984
526 540
526 545
526 601
526 653
526 680
526 701
526 744
526 750
526 769
526 914
526 915
526 973
526 981
527 609
527 682
527 748
527 782
527 821
527 864
527 885
527 966
528 614
528 660
528 666
528 675
528 739
528 746
528 778
528 792
528 840
528 870
528 965
529 561
529 591
529 611
529 645
529 734
529 853
529 877
529 880
529 934
529 998
530 567
530 588
530 624
530 636
530 664
530 673
530 687
530 709
530 773
530 775
530 789
530 792
530 817
530 825
530 842
531 547
531 749
531 781
531 803
531 810
531 827
531 831
531 847
531 949
531 957
532 549
532 553
532 578
532 613
532 625
532 679
532 765
532 813
532 900
532 932
532 934
532 958
532 961
533 569
533 665
533 666
533 671
533 706
533 711
533 738
533 823
533 860
533 902
533 962
533 974
534 555
534 560
534 597
534 668
534 690
534 722
534 818
534 887
534 912
534 937
534 955
535 557
535 589
535 594
535 635
535 646
535 786
535 882
535 886
535 896
535 924
535 945
535 960
535 969
535 979
536 539
536 669
536 707
536 729
536 779
536 926
536 942
537 542
537 554
537 564
537 575
537 600
537 615
537 687
537 861
538 544
538 558
538 573
538 633
538 649
538 722
538 762
538 774
538 798
538 876
538 901
538 920
538 989
539 571
539 669
539 691
539 707
539 763
539 808
539 814
539 926
539 964
539 973
540 545
540 571
540 694
540 701
540 715
540 717
540 731
540 750
540 763
540 769
540 790
540 973
540 979
540 981
541 543
541 563
541 569
541 641
541 657
541 661
541 662
541 663
541 676
541 718
541 732
541 761
541 787
541 816
541 830
541 898
541 907
541 913
541 923
541 953
541 999
541 1000
542 546
542 570
542 572
542 582
542 628
542 647
542 649
542 696
542 698
542 699
542 742
542 743
542 747
542 757
542 767
542 771
542 849
542 851
542 893
542 919
542 963
542 972
542 983
542 987
542 991
543 562
543 641
543 657
543 663
543 754
543 761
543 830
543 1000
544 558
544 649
544 677
544 762
544 766
544 767
544 774
544 776
544 798
544 809
544 879
544 910
544 989
545 680
545 688
545 701
545 744
545 750
545 930
545 939
545 959
545 973
546 572
546 594
546 647
546 649
546 696
546 742
546 747
546 771
546 849
546 963
546 991
547 633
547 658
547 803
547 810
547 847
547 874
547 949
547 957
548 550
548 560
548 566
548 585
548 643
548 689
548 693
548 824
548 831
548 879
548 952
549 613
549 622
549 625
549 675
549 679
549 724
549 835
549 894
549 925
549 958
549 961
549 964
549 990
550 603
550 643
550 683
550 693
550 704
550 756
550 788
550 813
550 824
550 833
551 557
551 568
551 596
551 610
551 618
551 646
551 710
551 735
551 761
551 765
551 791
551 797
551 848
551 859
551 886
551 896
551 908
551 943
551 945
551 971
552 557
552 594
552 617
552 647
552 684
552 728
552 784
552 828
552 848
552 891
552 896
552 945
553 608
554 575
554 577
554 600
554 615
554 655
554 687
554 758
554 832
555 557
555 560
555 690
555 818
555 887
555 912
555 937
555 955
555 978
556 557
556 594
556 610
556 728
556 770
556 784
556 786
556 841
556 886
556 945
556 956
557 568
557 594
557 610
557 617
557 646
557 659
557 728
557 735
557 768
557 770
557 783
557 802
557 841
557 859
557 882
557 891
557 896
557 908
557 915
557 918
557 936
557 945
557 955
558 569
558 649
558 677
558 762
558 774
558 798
558 809
559 579
559 581
559 593
559 595
559 671
559 712
559 719
559 770
559 831
559 879
559 884
559 938
559 988
560 818
560 887
560 912
560 955
560 973
560 978
561 591
561 611
561 613
561 627
561 640
561 645
561 734
561 795
561 844
561 853
561 880
561 934
561 953
562 657
562 661
562 663
562 676
562 799
563 641
563 657
563 663
563 799
563 923
563 1000
564 575
564 577
564 600
564 615
564 633
564 687
564 749
564 751
564 758
564 832
565 580
565 584
565 605
565 608
565 633
565 673
565 681
565 736
565 741
565 780
565 800
565 866
565 869
565 881
565 903
565 904
565 916
565 931
566 600
566 603
566 650
566 683
566 693
566 831
566 952
567 588
567 590
567 636
567 650
567 664
567 753
567 757
567 773
567 775
567 805
567 817
567 825
567 842
567 875
568 589
568 610
568 618
568 623
568 684
568 728
568 768
568 783
568 784
568 791
568 828
568 882
568 908
568 918
568 927
568 943
568 945
568 957
568 967
568 973
568 975
568 992
568 993
569 649
569 677
569 706
569 759
569 767
569 809
569 879
569 901
570 599
570 628
570 647
570 696
570 743
570 813
570 963
570 991
571 587
571 616
571 637
571 652
571 674
571 686
571 695
571 702
571 729
571 740
571 805
571 827
571 840
571 862
571 895
571 899
571 970
571 977
571 981
572 582
572 628
572 641
572 647
572 650
572 690
572 696
572 698
572 742
572 743
572 747
572 757
572 771
572 849
572 890
572 891
572 963
572 972
572 987
573 607
573 649
573 762
573 798
573 847
573 893
573 901
574 598
574 678
574 772
574 801
574 802
575 577
575 600
575 615
575 655
575 687
575 749
576 619
576 630
576 642
576 664
576 821
576 834
576 843
576 851
576 868
576 892
576 954
576 980
577 600
577 615
577 621
577 655
577 751
577 758
577 824
577 995
578 613
578 622
578 811
578 961
579 593
579 604
579 654
579 712
579 719
579 727
579 877
579 879
579 900
579 906
579 914
580 605
580 630
580 633
580 681
580 736
580 840
580 881
580 903
580 904
580 916
580 931
581 593
581 648
581 650
581 719
581 733
581 877
581 879
581 906
581 937
581 988
581 993
582 603
582 628
582 647
582 696
582 742
582 743
582 747
582 771
582 849
582 890
582 893
582 963
582 975
582 991
583 635
583 665
583 671
583 711
583 714
583 738
583 760
583 836
583 846
583 860
583 962
584 605
584 633
584 681
584 780
584 869
584 903
584 916
584 931
585 603
585 643
585 683
585 689
585 693
585 697
585 824
585 831
585 833
585 930
586 654
586 697
586 719
586 766
586 857
586 877
586 900
586 906
586 955
587 599
587 637
587 652
587 695
587 788
587 827
587 840
587 850
587 895
587 899
587 922
587 935
588 664
588 673
588 706
588 753
588 773
588 789
588 817
588 825
589 617
589 646
589 695
589 710
589 735
589 768
589 810
589 823
589 841
589 848
589 855
589 886
589 908
589 936
589 945
590 595
590 626
590 629
590 634
590 667
590 718
590 726
590 755
590 850
590 854
590 855
590 856
590 897
590 911
590 939
590 953
590 982
590 995
590 997
591 627
591 645
591 662
591 711
591 734
591 745
591 758
591 844
591 853
591 880
591 953
591 993
592 614
592 629
592 656
592 660
592 675
592 727
592 739
592 778
592 792
592 917
592 958
592 965
593 648
593 654
593 857
593 884
593 906
593 908
594 610
594 617
594 623
594 630
594 646
594 684
594 768
594 783
594 784
594 786
594 791
594 819
594 841
594 848
594 863
594 882
594 891
594 896
594 924
594 927
594 943
594 960
594 967
594 975
594 979
594 992
595 629
595 634
595 667
595 726
595 762
595 850
595 855
595 856
595 897
595 911
595 995
595 997
596 637
596 674
596 686
596 695
596 827
596 840
596 862
596 895
597 808
597 818
597 887
597 912
597 937
597 978
598 678
598 704
598 709
598 759
598 772
598 801
598 802
598 819
598 905
598 915
598 941
598 965
599 635
599 637
599 638
599 674
599 686
599 695
599 702
599 725
599 740
599 840
599 886
599 895
599 902
599 935
599 969
599 985
600 615
600 621
600 655
600 751
600 758
600 832
600 988
601 613
601 679
601 693
601 908
601 975
602 689
602 708
602 730
602 794
602 858
602 921
602 950
602 980
603 643
603 653
603 683
603 685
603 689
603 693
603 813
603 824
603 831
603 930
603 952
604 879
604 900
604 994
605 633
605 675
605 681
605 748
605 765
605 780
605 800
605 866
605 869
605 903
605 916
606 670
606 671
606 674
606 692
606 705
606 738
606 752
606 771
606 777
606 902
606 913
606 919
606 928
606 929
606 935
606 951
606 968
606 976
607 649
607 751
607 762
607 774
607 784
607 810
607 901
607 946
607 989
608 613
608 679
608 724
608 925
608 932
608 961
608 990
609 682
609 782
609 859
609 864
609 885
610 623
610 646
610 715
610 784
610 791
610 792
610 891
610 896
610 947
610 960
611 627
611 640
611 734
611 880
611 931
612 619
612 642
612 663
612 819
612 834
612 843
612 936
612 954
613 625
613 679
613 724
613 894
613 904
613 925
613 932
613 958
614 645
614 656
614 660
614 670
614 778
614 792
614 917
614 965
615 655
615 668
615 687
615 749
615 758
615 832
616 674
616 681
616 686
616 729
616 741
616 827
616 840
616 895
616 935
616 970
616 977
616 985
617 618
617 646
617 687
617 735
617 770
617 783
617 831
617 848
617 936
617 945
617 960
617 971
617 975
618 728
618 791
618 828
618 848
618 886
618 927
618 929
618 936
618 945
618 956
618 967
618 972
618 975
618 992
619 630
619 642
619 699
619 793
619 821
619 834
619 843
619 851
619 873
619 987
620 631
620 636
620 650
620 664
620 673
620 773
621 687
621 758
621 832
621 856
622 625
622 809
622 835
622 894
622 925
622 932
623 678
623 703
623 784
623 786
623 791
623 828
623 882
623 891
623 992
624 673
624 769
624 773
624 825
625 679
625 779
625 811
625 894
625 925
625 932
625 971
625 994
626 718
626 726
626 855
626 995
627 734
627 795
627 853
627 880
627 953
628 647
628 679
628 696
628 698
628 742
628 743
628 747
628 757
628 849
628 890
628 893
628 963
628 972
628 987
629 667
629 717
629 808
629 850
629 855
629 856
629 897
629 995
629 997
630 642
630 699
630 784
630 834
630 892
630 980
631 632
631 720
631 721
631 756
631 765
631 788
631 804
631 861
631 874
631 909
631 944
631 948
631 957
631 963
632 697
632 700
632 721
632 756
632 793
632 876
632 947
632 948
633 681
633 736
633 741
633 772
633 800
633 866
633 869
633 881
633 903
633 904
633 916
633 931
634 792
634 838
634 856
634 911
634 939
634 995
634 997
635 665
635 666
635 671
635 711
635 752
635 760
635 812
635 828
635 902
635 919
636 664
636 673
636 773
636 805
636 817
636 825
637 686
637 695
637 713
637 725
637 729
637 762
637 862
637 899
637 922
637 935
637 985
638 674
638 899
638 935
639 660
639 682
639 748
639 782
639 885
639 918
640 734
640 840
640 844
640 853
640 880
640 953
640 993
640 998
641 657
641 662
641 676
641 754
641 787
642 699
642 821
642 843
642 851
642 855
642 873
642 954
642 980
643 653
643 689
643 693
643 804
643 813
643 831
643 952
644 703
644 724
644 779
644 793
644 837
644 933
645 650
645 734
645 795
645 853
645 880
645 947
645 953
645 993
645 998
646 768
646 770
646 783
646 784
646 791
646 841
646 891
646 905
646 918
646 936
646 943
646 956
646 962
646 967
646 971
647 693
647 696
647 698
647 742
647 747
647 757
647 771
647 849
647 890
647 963
647 983
647 987
648 719
648 727
648 857
648 875
648 877
648 900
648 906
648 914
649 722
649 762
649 764
649 767
649 774
649 781
649 798
649 809
649 888
649 901
649 910
649 989
650 673
650 773
650 775
650 805
650 817
650 842
651 659
651 697
651 720
651 723
651 756
651 765
651 788
651 793
651 861
651 876
651 898
651 903
651 907
651 909
651 947
651 969
652 674
652 686
652 695
652 702
652 709
652 729
652 827
652 840
652 862
652 895
652 899
652 903
652 922
652 935
652 969
653 694
653 731
653 744
653 750
653 769
653 790
653 839
653 973
654 719
654 750
654 766
654 855
654 857
654 884
654 900
654 906
654 986
654 988
655 749
655 751
655 758
655 799
655 832
656 660
656 675
656 746
656 781
656 792
656 870
656 902
656 911
656 917
656 965
656 978
657 663
657 730
657 732
657 754
657 787
657 798
657 799
657 816
657 898
657 923
657 999
657 1000
658 761
658 781
658 803
658 810
658 847
658 957
659 697
659 720
659 721
659 796
659 804
659 807
659 861
659 862
659 947
660 675
660 739
660 740
660 746
660 778
660 792
660 852
660 870
660 888
660 917
660 965
661 662
661 663
661 815
661 923
661 946
661 1000
662 754
662 799
662 999
663 676
663 732
663 754
663 761
663 787
663 799
663 830
663 866
663 923
663 938
663 999
663 1000
664 673
664 753
664 789
664 805
664 825
665 671
665 705
665 752
665 812
665 822
665 836
665 919
666 670
666 671
666 672
666 686
666 705
666 714
666 738
666 746
666 752
666 823
666 860
666 951
666 968
666 974
667 726
667 850
667 855
667 856
667 858
667 883
667 897
667 911
667 939
667 995
667 997
668 690
668 818
668 820
668 867
668 887
668 937
668 955
669 691
669 701
669 707
669 779
669 808
669 814
669 845
669 926
669 942
669 964
670 671
670 706
670 711
670 714
670 738
670 760
670 777
670 829
670 846
670 860
670 887
670 902
670 984
671 672
671 705
671 711
671 714
671 738
671 752
671 760
671 823
671 829
671 842
671 902
671 913
671 924
671 928
671 929
671 951
671 968
671 974
671 984
672 705
672 711
672 716
672 737
672 738
672 777
672 836
672 860
672 902
672 913
672 951
672 962
672 984
673 753
673 805
673 817
673 825
673 836
673 985
674 686
674 695
674 702
674 713
674 729
674 792
674 840
674 862
674 895
674 899
674 922
674 935
674 985
675 720
675 739
675 741
675 746
675 778
675 792
675 870
675 917
675 996
676 724
676 799
676 871
676 999
676 1000
677 682
677 722
677 762
677 798
677 920
677 937
677 989
678 704
678 759
678 772
678 801
678 802
678 806
678 819
678 905
678 941
679 724
679 769
679 811
679 835
679 894
679 932
679 961
679 990
679 994
680 694
680 701
680 744
680 750
680 797
680 809
680 839
681 705
681 903
681 904
681 916
682 748
682 749
682 782
683 693
683 824
683 831
684 728
684 784
684 891
684 945
685 689
685 813
685 824
685 843
685 853
685 930
686 695
686 702
686 827
686 862
686 895
686 935
686 969
686 970
687 749
687 758
687 880
687 940
688 730
688 794
688 858
688 946
689 813
689 824
689 833
689 899
689 937
690 887
690 912
690 955
690 978
691 707
691 779
691 808
692 705
692 706
692 711
692 738
692 752
692 852
692 962
693 824
693 831
693 930
694 731
694 744
694 750
694 773
694 839
694 847
694 915
694 973
694 981
695 785
695 862
695 895
695 977
695 985
696 698
696 742
696 743
696 757
696 771
696 808
696 847
696 849
696 893
696 963
696 983
696 987
696 991
697 700
697 720
697 765
697 807
697 813
697 861
697 865
697 871
697 874
697 907
697 940
697 947
698 742
698 743
698 747
698 890
699 804
699 821
699 834
699 835
699 873
699 892
699 980
700 721
700 806
700 865
700 872
700 948
701 715
701 731
701 744
701 750
701 763
701 957
701 959
702 840
702 862
702 895
703 793
703 933
704 709
704 801
704 802
704 838
704 941
705 706
705 737
705 738
705 752
705 785
705 829
705 836
705 846
705 860
705 902
705 913
705 919
705 962
705 976
706 711
706 737
706 738
706 752
706 777
706 785
706 812
706 836
706 846
706 913
706 962
706 968
706 974
706 984
707 779
707 808
707 814
707 845
707 925
707 942
707 964
708 822
708 878
708 921
708 946
709 801
709 802
709 819
709 888
709 941
710 728
710 768
710 786
710 848
710 882
710 891
711 737
711 738
711 754
711 760
711 823
711 836
711 860
711 902
711 951
711 962
711 968
711 984
712 790
712 884
712 914
713 813
713 827
713 840
713 895
713 915
713 935
714 750
714 765
714 829
714 846
714 902
714 919
714 976
714 984
715 717
715 744
715 750
715 839
715 915
715 973
716 798
716 850
716 897
716 911
716 939
716 995
717 750
717 915
717 973
718 726
718 855
718 856
718 911
718 921
718 939
718 995
719 733
719 877
719 879
720 721
720 723
720 765
720 784
720 788
720 796
720 801
720 804
720 806
720 807
720 815
720 838
720 872
720 874
720 876
720 909
720 940
720 944
720 948
721 756
721 807
721 826
721 874
721 944
721 947
721 948
722 762
722 774
722 776
722 870
723 756
723 788
723 861
723 874
723 938
724 811
724 835
724 894
724 925
724 961
724 990
725 729
725 735
725 840
725 862
725 895
726 755
726 850
726 852
726 855
726 911
726 939
726 995
726 997
727 766
727 875
727 877
728 783
728 848
728 859
728 882
728 886
728 924
728 927
728 941
728 943
728 965
728 967
728 971
728 975
728 979
728 992
729 740
729 832
729 840
729 895
729 922
729 935
729 969
730 794
730 858
730 878
730 879
730 918
730 921
730 946
731 744
731 790
731 848
731 980
732 999
733 762
733 786
733 884
733 949
733 986
734 795
734 844
734 853
734 880
734 889
734 934
734 953
734 993
735 774
735 786
735 817
735 859
735 882
735 896
735 918
735 943
735 992
736 741
736 800
736 857
736 916
737 752
737 801
737 902
738 760
738 777
738 785
738 823
738 829
738 836
738 846
738 860
738 902
738 926
738 951
738 962
738 968
739 746
739 792
739 883
739 917
739 965
740 862
740 895
740 935
741 780
741 800
741 869
741 903
741 904
741 916
741 917
741 931
742 743
742 747
742 757
742 815
742 849
742 890
742 893
742 963
742 990
742 991
743 824
743 893
743 963
743 972
743 983
743 987
743 991
744 750
744 763
744 839
744 937
745 795
745 880
745 932
745 953
746 792
746 870
746 936
746 965
746 996
747 771
747 799
747 893
747 912
747 940
747 963
747 972
747 991
748 864
749 751
749 832
750 790
750 893
750 915
750 959
751 832
751 907
752 754
752 760
752 777
752 785
752 836
752 846
752 860
752 913
752 919
752 928
752 929
752 962
752 968
752 974
752 976
752 996
753 773
753 825
753 827
753 890
754 787
754 799
754 923
755 850
755 856
755 883
755 911
755 995
755 997
756 797
756 804
756 806
756 807
756 812
756 815
756 826
756 947
756 966
757 822
757 834
757 893
757 963
757 991
759 801
759 802
759 819
760 846
760 913
760 916
760 919
760 951
760 968
761 848
761 999
762 767
762 774
762 776
762 798
762 809
762 888
762 899
762 901
762 910
762 920
762 942
762 989
763 839
763 844
763 915
764 879
764 906
764 914
765 804
765 806
765 807
765 826
765 865
765 872
765 896
765 938
765 947
766 877
766 879
766 884
766 900
766 953
766 986
766 988
767 774
767 901
767 989
768 808
768 882
768 891
768 892
768 936
768 975
769 790
769 915
770 784
770 848
770 908
770 936
770 960
770 995
771 822
771 963
771 991
772 801
772 802
772 941
772 990
773 775
773 789
773 805
773 841
773 965
773 984
774 776
774 798
774 809
774 888
774 901
774 910
774 919
774 920
774 989
775 789
775 825
775 885
776 809
776 888
777 902
777 913
778 792
778 870
778 901
778 913
778 965
778 996
779 808
779 814
779 845
779 926
779 942
779 953
779 971
780 869
780 903
780 904
780 916
781 803
781 949
782 864
782 955
783 882
783 886
783 891
783 908
783 924
784 786
784 791
784 801
784 818
784 828
784 859
784 863
784 891
784 896
784 908
784 924
784 967
784 971
784 979
784 992
785 836
785 846
785 902
786 859
786 882
786 945
786 956
786 979
786 992
787 799
787 830
787 923
787 974
787 999
787 1000
788 795
788 807
788 815
788 872
788 874
788 948
789 817
789 825
790 839
790 873
790 915
790 973
790 981
791 848
791 891
791 911
791 936
791 945
792 870
792 917
792 948
792 965
792 996
793 837
794 858
794 878
794 921
794 946
794 950
795 800
795 844
795 853
795 880
795 889
795 953
795 998
796 872
796 947
797 806
797 807
797 865
797 907
798 809
798 901
798 968
799 830
799 898
799 923
800 869
800 903
800 904
800 916
800 931
800 965
801 802
801 809
801 819
801 838
801 872
801 905
802 819
802 838
802 905
802 941
803 810
803 872
803 915
803 949
804 806
804 807
804 815
804 826
804 865
804 872
804 876
804 907
804 909
804 944
805 825
805 842
805 901
806 807
806 861
806 865
806 874
806 948
807 826
807 871
807 876
807 940
807 944
807 947
808 942
809 825
809 901
809 920
809 989
810 846
810 847
810 949
810 962
811 925
811 958
811 994
812 829
812 836
812 962
813 930
814 895
814 964
815 874
816 999
817 825
817 894
818 820
818 882
818 887
818 912
818 941
818 955
818 978
819 905
819 941
820 848
820 886
820 887
820 912
820 978
821 834
821 851
821 892
822 858
822 925
822 946
822 950
823 860
823 902
824 833
824 884
826 861
826 872
826 874
826 947
826 948
827 862
827 895
827 924
827 935
828 848
828 859
828 863
828 882
828 886
828 908
828 945
829 846
829 860
829 929
831 833
832 944
834 843
834 851
834 868
834 873
834 892
834 919
834 954
834 980
835 932
835 958
835 961
835 990
836 860
836 913
836 951
836 976
837 915
838 905
839 843
839 877
839 915
839 981
840 895
840 899
840 935
840 969
840 970
840 985
841 859
841 863
841 882
841 886
841 896
841 936
841 945
841 975
842 917
843 873
843 892
843 954
843 955
844 853
844 880
844 953
845 926
845 964
846 864
846 913
846 996
848 886
848 896
848 908
848 936
848 945
848 960
848 967
849 987
849 991
850 852
850 856
850 883
850 911
850 939
850 995
850 997
851 868
851 892
851 954
852 897
852 911
852 938
852 939
852 995
853 880
853 905
853 934
853 953
853 993
854 856
854 939
854 995
855 856
855 883
855 897
855 911
855 939
855 995
856 859
856 897
856 911
856 939
856 947
856 995
856 997
857 877
857 884
857 900
857 914
857 986
857 988
858 921
859 863
859 895
859 945
859 960
859 984
860 913
860 962
860 974
860 976
860 983
860 984
861 871
861 872
861 874
861 907
861 921
861 938
861 943
861 944
861 947
862 895
862 922
862 935
862 969
862 970
862 985
863 882
863 891
863 936
863 945
863 956
863 986
865 947
866 869
866 881
866 916
866 931
867 887
867 912
867 982
868 955
869 881
869 916
869 926
869 931
870 917
870 996
871 876
871 947
872 876
872 938
872 948
873 916
873 945
874 909
874 940
874 945
874 948
874 996
875 906
876 948
877 879
877 900
877 953
878 921
878 946
878 950
878 954
879 900
879 906
879 986
879 988
880 889
880 934
880 953
880 998
881 903
881 916
882 890
882 891
882 896
882 927
882 943
882 945
883 897
883 911
883 979
883 995
884 896
884 906
884 939
884 961
884 986
885 929
885 966
886 908
886 918
886 924
886 927
886 975
887 937
887 955
887 978
887 982
888 901
889 902
889 953
890 893
890 963
890 972
890 987
890 991
891 908
891 918
891 927
891 936
891 956
891 960
891 967
891 975
891 979
891 992
892 954
893 963
893 972
893 983
894 898
894 925
894 961
894 990
895 922
895 932
895 935
895 951
895 969
895 970
895 977
895 987
896 902
896 927
896 945
896 961
896 979
897 911
897 939
897 995
899 952
900 906
900 986
901 910
901 920
901 989
902 928
902 929
902 951
902 962
902 968
903 904
903 916
903 931
904 931
906 986
906 995
908 936
908 945
908 960
908 967
909 948
909 986
911 939
911 943
911 995
912 949
912 955
912 978
912 982
913 951
913 976
916 931
917 965
917 996
918 936
921 946
921 950
922 935
923 999
924 945
924 967
924 975
925 932
925 990
926 942
926 964
927 978
928 929
928 945
928 984
929 984
930 952
932 936
932 990
934 953
935 969
935 970
935 985
936 943
936 960
936 967
936 975
936 986
936 992
937 955
937 978
938 944
938 947
938 948
940 947
940 948
941 954
943 979
944 986
949 951
950 956
951 962
952 977
953 993
953 998
955 978
955 982
956 991
956 992
958 994
959 981
961 990
962 974
963 972
963 987
963 991
965 996
969 985
970 977
972 983
972 991
976 984
990 994
995 997
