# LFR benchmark graph: regime=B mu=0.2 realization=2
# undirected, unweighted; 1-based node ids; each edge listed once.
1 26
1 44
1 67
1 138
1 228
1 244
1 264
1 274
1 372
1 377
1 429
1 433
1 514
1 652
1 743
1 768
1 805
1 838
1 891
1 902
1 912
1 977
2 21
2 35
2 89
2 98
2 101
2 234
2 354
2 390
2 398
2 443
2 476
2 531
2 610
2 666
2 749
2 753
2 896
2 987
3 4
3 75
3 80
3 83
3 110
3 148
3 169
3 178
3 194
3 276
3 288
3 298
3 333
3 440
3 487
3 534
3 555
3 564
3 575
3 580
3 654
3 707
3 709
3 747
3 751
3 851
3 862
3 917
3 968
3 975
4 47
4 121
4 200
4 273
4 276
4 277
4 292
4 302
4 305
4 307
4 329
4 332
4 356
4 406
4 407
4 463
4 555
4 616
4 623
4 704
4 709
4 726
4 732
4 747
4 752
4 765
4 778
4 786
4 804
4 917
4 975
5 30
5 102
5 187
5 272
5 482
5 501
5 549
5 558
5 663
5 769
5 778
5 779
5 783
5 815
5 890
5 900
5 974
6 23
6 68
6 77
6 99
6 187
6 200
6 215
6 281
6 330
6 349
6 360
6 389
6 406
6 434
6 521
6 538
6 539
6 550
6 598
6 602
6 622
6 642
6 713
6 830
6 855
6 950
6 971
6 984
6 993
7 36
7 48
7 126
7 127
7 214
7 220
7 250
7 269
7 403
7 495
7 534
7 565
7 574
7 582
7 594
7 600
7 699
7 725
7 737
7 766
7 793
7 798
7 812
7 882
7 899
7 905
7 961
7 977
8 19
8 39
8 155
8 257
8 323
8 380
8 392
8 421
8 465
8 545
8 588
8 656
8 805
8 826
8 955
9 32
9 38
9 66
9 75
9 89
9 92
9 115
9 138
9 140
9 205
9 212
9 255
9 259
9 312
9 326
9 357
9 366
9 382
9 386
9 468
9 472
9 481
9 514
9 535
9 607
9 637
9 718
9 724
9 730
9 742
9 755
9 760
9 770
9 793
9 836
9 941
9 967
10 38
10 54
10 92
10 161
10 189
10 195
10 235
10 258
10 268
10 286
10 379
10 492
10 500
10 544
10 647
10 657
10 788
10 863
10 897
10 914
11 13
11 31
11 38
11 78
11 119
11 128
11 144
11 157
11 333
11 339
11 345
11 347
11 459
11 464
11 470
11 471
11 483
11 484
11 518
11 540
11 561
11 578
11 584
11 620
11 655
11 674
11 675
11 713
11 750
11 762
11 842
11 843
11 851
11 893
11 899
11 904
11 989
11 999
12 58
12 139
12 212
12 382
12 391
12 421
12 434
12 465
12 542
12 560
12 588
12 656
12 851
12 955
12 992
12 997
13 31
13 78
13 119
13 128
13 144
13 176
13 267
13 320
13 345
13 347
13 350
13 352
13 459
13 460
13 464
13 471
13 478
13 484
13 518
13 540
13 557
13 561
13 578
13 705
13 707
13 713
13 761
13 762
13 822
13 837
13 842
13 868
13 877
13 893
13 899
13 999
14 34
14 52
14 60
14 124
14 153
14 232
14 237
14 253
14 301
14 305
14 430
14 487
14 492
14 524
14 526
14 546
14 678
14 681
14 690
14 732
14 777
14 885
14 915
15 135
15 176
15 177
15 184
15 328
15 358
15 399
15 485
15 519
15 542
15 615
15 626
15 634
15 695
15 696
15 787
15 850
15 858
15 871
15 880
15 962
16 29
16 36
16 52
16 111
16 160
16 170
16 174
16 178
16 308
16 341
16 388
16 425
16 462
16 485
16 503
16 527
16 557
16 559
16 626
16 629
16 635
16 706
16 744
16 808
16 809
16 815
16 820
16 835
16 864
16 894
16 895
16 932
16 944
16 953
17 41
17 88
17 92
17 95
17 108
17 125
17 252
17 337
17 472
17 480
17 515
17 532
17 550
17 646
17 667
17 680
17 693
17 767
17 799
17 985
17 988
18 254
18 291
18 300
18 307
18 315
18 351
18 354
18 419
18 422
18 571
18 636
18 682
18 696
18 699
18 706
18 716
18 734
18 863
18 873
18 933
18 941
18 947
18 948
18 949
18 952
18 953
18 960
18 979
19 37
19 99
19 123
19 127
19 147
19 168
19 294
19 349
19 404
19 417
19 452
19 521
19 522
19 539
19 571
19 602
19 621
19 654
19 674
19 703
19 754
19 784
19 828
19 830
19 837
19 855
19 866
19 950
19 984
20 29
20 36
20 40
20 47
20 71
20 117
20 150
20 164
20 260
20 303
20 309
20 396
20 402
20 405
20 442
20 505
20 515
20 516
20 535
20 536
20 609
20 705
20 722
20 733
20 822
20 825
20 899
20 920
21 28
21 35
21 62
21 86
21 89
21 145
21 234
21 253
21 291
21 354
21 373
21 435
21 443
21 459
21 531
21 533
21 660
21 700
21 738
21 764
21 831
21 896
21 983
22 30
22 32
22 84
22 102
22 103
22 172
22 183
22 238
22 251
22 272
22 278
22 297
22 354
22 374
22 387
22 392
22 496
22 510
22 511
22 558
22 632
22 634
22 643
22 651
22 683
22 720
22 769
22 779
22 783
22 797
22 821
22 900
22 920
22 974
23 68
23 77
23 281
23 324
23 330
23 333
23 381
23 404
23 417
23 521
23 571
23 596
23 598
23 645
23 671
23 674
23 703
23 766
23 809
23 830
23 857
23 984
23 997
24 96
24 106
24 126
24 173
24 200
24 267
24 340
24 361
24 502
24 596
24 728
24 780
24 844
24 861
24 862
24 867
24 987
25 132
25 203
25 230
25 235
25 250
25 350
25 378
25 410
25 574
25 577
25 625
25 659
25 660
25 676
25 739
25 793
25 812
25 911
25 928
25 961
26 44
26 67
26 138
26 177
26 228
26 274
26 322
26 371
26 372
26 395
26 484
26 494
26 597
26 611
26 650
26 705
26 750
26 774
26 805
26 813
26 912
26 918
27 70
27 77
27 120
27 195
27 209
27 215
27 259
27 290
27 338
27 343
27 368
27 385
27 395
27 432
27 444
27 467
27 506
27 514
27 517
27 532
27 562
27 574
27 579
27 662
27 686
27 740
27 741
27 794
27 804
27 817
27 821
27 863
27 864
27 921
27 934
27 942
27 984
28 45
28 72
28 74
28 84
28 109
28 129
28 143
28 153
28 157
28 158
28 159
28 184
28 195
28 210
28 227
28 242
28 246
28 289
28 291
28 332
28 360
28 400
28 443
28 477
28 488
28 489
28 525
28 612
28 614
28 620
28 651
28 676
28 712
28 759
28 768
28 776
28 782
28 869
28 877
28 888
28 926
28 936
28 945
28 972
29 36
29 40
29 42
29 47
29 54
29 58
29 62
29 64
29 71
29 150
29 154
29 164
29 178
29 198
29 217
29 270
29 275
29 303
29 309
29 311
29 312
29 317
29 321
29 355
29 402
29 405
29 434
29 505
29 515
29 535
29 545
29 564
29 590
29 609
29 629
29 679
29 701
29 705
30 55
30 102
30 155
30 158
30 170
30 183
30 238
30 243
30 251
30 278
30 297
30 374
30 387
30 392
30 422
30 482
30 520
30 558
30 647
30 658
30 753
30 769
30 783
30 797
30 821
30 888
30 900
30 916
30 974
30 1000
31 78
31 86
31 123
31 128
31 144
31 345
31 464
31 471
31 518
31 561
31 612
31 655
31 761
31 822
31 842
31 843
31 899
32 102
32 103
32 170
32 183
32 238
32 243
32 297
32 387
32 408
32 479
32 510
32 643
32 753
32 769
32 783
32 797
32 821
32 974
32 980
33 50
33 51
33 110
33 112
33 137
33 142
33 163
33 186
33 359
33 413
33 536
33 551
33 576
33 665
33 922
33 954
34 78
34 214
34 269
34 344
34 378
34 380
34 495
34 515
34 534
34 582
34 594
34 766
34 793
34 863
34 887
34 911
34 967
35 145
35 198
35 201
35 354
35 367
35 377
35 398
35 528
35 531
35 533
35 660
35 666
35 667
35 700
35 749
35 791
35 888
35 924
35 987
36 40
36 47
36 54
36 62
36 71
36 84
36 95
36 116
36 117
36 150
36 154
36 155
36 164
36 260
36 270
36 275
36 276
36 303
36 309
36 317
36 321
36 343
36 355
36 402
36 405
36 436
36 437
36 450
36 475
36 505
36 515
36 516
36 535
36 609
36 615
36 670
36 679
36 705
36 735
36 840
36 897
37 68
37 77
37 79
37 115
37 146
37 168
37 208
37 250
37 324
37 333
37 404
37 406
37 417
37 430
37 461
37 521
37 522
37 538
37 550
37 567
37 571
37 598
37 621
37 626
37 644
37 671
37 674
37 685
37 703
37 775
37 784
37 865
37 898
37 901
37 924
37 935
37 949
37 950
37 971
37 977
37 984
38 49
38 86
38 116
38 118
38 132
38 156
38 189
38 235
38 258
38 286
38 326
38 348
38 364
38 412
38 414
38 420
38 500
38 509
38 515
38 543
38 556
38 608
38 626
38 768
38 781
38 914
38 970
39 53
39 120
39 181
39 199
39 218
39 323
39 380
39 391
39 421
39 422
39 432
39 448
39 465
39 506
39 527
39 560
39 588
39 623
39 641
39 656
39 663
39 686
39 691
39 724
39 826
39 831
39 904
39 912
39 992
40 42
40 47
40 54
40 65
40 84
40 96
40 108
40 117
40 138
40 154
40 155
40 163
40 164
40 217
40 260
40 270
40 275
40 303
40 309
40 311
40 321
40 355
40 368
40 388
40 402
40 405
40 426
40 448
40 467
40 475
40 485
40 505
40 515
40 516
40 535
40 590
40 609
40 679
40 695
40 705
40 782
40 820
40 835
40 900
41 90
41 95
41 108
41 240
41 247
41 267
41 305
41 338
41 370
41 480
41 520
41 524
41 532
41 537
41 603
41 621
41 667
41 752
41 799
41 985
41 995
42 47
42 84
42 117
42 150
42 164
42 217
42 275
42 309
42 355
42 405
42 427
42 436
42 475
42 487
42 515
42 516
42 535
42 592
42 609
42 845
42 849
42 862
42 932
43 76
43 113
43 181
43 211
43 212
43 419
43 501
43 554
43 568
43 581
43 680
43 699
43 760
43 793
43 846
43 881
43 943
44 112
44 130
44 138
44 160
44 185
44 228
44 274
44 371
44 412
44 461
44 503
44 650
44 725
44 743
44 774
44 805
44 817
45 64
45 72
45 74
45 109
45 129
45 143
45 153
45 157
45 158
45 159
45 184
45 195
45 210
45 222
45 242
45 246
45 289
45 291
45 447
45 489
45 525
45 614
45 620
45 651
45 684
45 711
45 712
45 742
45 755
45 776
45 782
45 856
45 864
45 874
45 877
45 888
45 936
45 945
45 967
46 59
46 195
46 206
46 219
46 228
46 327
46 401
46 442
46 464
46 555
46 571
46 585
46 589
46 605
46 613
46 689
46 690
46 696
46 930
46 972
46 973
47 54
47 62
47 65
47 117
47 150
47 154
47 155
47 159
47 164
47 182
47 186
47 217
47 260
47 270
47 303
47 309
47 311
47 317
47 321
47 355
47 398
47 402
47 405
47 435
47 436
47 475
47 505
47 515
47 516
47 531
47 535
47 564
47 574
47 590
47 598
47 609
47 705
47 823
47 835
47 891
47 911
47 914
47 966
48 94
48 114
48 126
48 217
48 227
48 250
48 339
48 350
48 376
48 378
48 495
48 565
48 574
48 582
48 616
48 714
48 739
48 766
48 793
48 905
48 911
48 944
48 948
49 86
49 116
49 118
49 132
49 142
49 189
49 224
49 235
49 254
49 258
49 268
49 326
49 379
49 389
49 412
49 414
49 415
49 473
49 500
49 544
49 556
49 738
49 788
49 859
49 875
49 905
49 911
49 914
50 163
50 165
50 265
50 409
50 413
50 536
50 576
50 644
50 665
50 722
50 783
50 950
51 69
51 142
51 163
51 165
51 244
51 246
51 313
51 361
51 409
51 434
51 547
51 551
51 556
51 573
51 576
51 595
51 665
51 695
51 729
51 756
51 834
51 875
51 943
51 954
52 89
52 93
52 111
52 160
52 174
52 178
52 192
52 202
52 225
52 252
52 292
52 298
52 308
52 367
52 388
52 416
52 418
52 425
52 437
52 439
52 445
52 447
52 466
52 469
52 503
52 554
52 564
52 672
52 693
52 789
52 803
52 811
52 823
52 835
52 843
52 872
52 883
52 895
52 898
52 925
52 931
52 932
52 958
52 986
53 110
53 139
53 151
53 239
53 323
53 391
53 465
53 471
53 506
53 560
53 588
53 698
53 742
53 785
53 831
53 902
54 117
54 260
54 275
54 470
54 476
54 515
54 516
54 522
54 535
54 784
54 864
54 956
55 81
55 102
55 297
55 494
55 519
55 563
55 638
55 667
55 783
55 797
55 821
55 830
55 900
55 974
56 100
56 110
56 130
56 194
56 200
56 219
56 273
56 276
56 316
56 356
56 365
56 373
56 423
56 450
56 528
56 726
56 728
56 785
56 786
56 840
56 856
57 139
57 249
57 391
57 421
57 455
57 465
57 533
57 622
57 641
57 656
57 796
58 60
58 87
58 183
58 232
58 237
58 376
58 430
58 458
58 481
58 492
58 507
58 526
58 546
58 553
58 558
58 678
58 732
58 798
58 816
58 854
58 885
59 206
59 327
59 335
59 442
59 493
59 585
59 605
59 613
59 690
59 692
59 715
59 726
59 832
59 845
59 854
59 902
59 972
59 973
60 349
60 428
60 430
60 484
60 526
60 546
60 659
60 678
60 777
60 873
60 958
61 162
61 177
61 338
61 358
61 362
61 399
61 485
61 519
61 542
61 557
61 615
61 634
61 670
61 787
61 879
61 980
61 990
62 117
62 257
62 260
62 269
62 270
62 355
62 505
62 515
62 535
62 726
62 869
62 915
62 968
63 124
63 201
63 257
63 280
63 286
63 393
63 422
63 556
63 562
63 686
63 919
64 97
64 98
64 153
64 157
64 184
64 195
64 210
64 242
64 246
64 281
64 291
64 332
64 488
64 489
64 508
64 525
64 614
64 669
64 710
64 712
64 776
64 855
64 877
64 936
65 69
65 112
65 133
65 142
65 163
65 185
65 260
65 265
65 313
65 399
65 409
65 482
65 500
65 536
65 547
65 551
65 570
65 573
65 595
65 600
65 665
65 688
65 729
65 813
65 847
65 922
65 954
65 980
66 92
66 452
66 468
66 481
66 498
66 537
66 649
66 711
66 755
66 770
66 796
66 899
66 967
67 138
67 228
67 244
67 274
67 290
67 372
67 402
67 526
67 576
67 639
67 650
67 652
67 666
67 743
67 750
67 859
67 891
67 977
68 168
68 198
68 481
68 539
68 551
68 622
68 653
68 674
68 685
68 704
68 754
68 809
68 818
68 950
68 984
68 997
69 112
69 117
69 163
69 262
69 313
69 551
69 576
69 665
69 729
69 773
69 847
69 954
69 975
70 98
70 149
70 204
70 254
70 256
70 257
70 280
70 319
70 325
70 394
70 422
70 445
70 448
70 507
70 562
70 583
70 597
70 720
70 722
70 798
70 809
70 833
70 911
70 946
70 949
70 959
71 117
71 254
71 260
71 275
71 309
71 317
71 354
71 516
71 535
71 567
71 740
72 153
72 188
72 249
72 332
72 393
72 449
72 473
72 477
72 525
72 647
72 877
72 888
72 914
73 126
73 206
73 219
73 253
73 304
73 327
73 335
73 386
73 396
73 405
73 442
73 585
73 613
73 689
73 690
73 786
73 787
73 947
73 958
73 972
74 100
74 104
74 107
74 241
74 340
74 444
74 552
74 689
74 702
74 728
74 780
74 857
74 861
74 862
74 867
75 92
75 133
75 134
75 140
75 255
75 357
75 382
75 402
75 452
75 472
75 481
75 587
75 607
75 619
75 637
75 660
75 730
75 733
75 740
75 742
75 755
75 770
75 793
75 796
75 818
75 841
75 913
75 918
76 424
76 443
76 496
76 501
76 559
76 571
76 699
76 740
76 851
76 908
76 940
77 85
77 147
77 168
77 198
77 208
77 236
77 264
77 279
77 281
77 349
77 383
77 427
77 434
77 488
77 522
77 576
77 584
77 602
77 621
77 622
77 632
77 645
77 708
77 771
77 775
77 830
77 855
77 867
77 898
77 903
77 923
77 928
77 983
77 997
78 119
78 128
78 251
78 257
78 339
78 459
78 460
78 464
78 470
78 471
78 484
78 540
78 541
78 543
78 561
78 629
78 661
78 672
78 675
78 679
78 713
78 822
78 842
78 843
78 868
78 899
79 99
79 103
79 123
79 271
79 332
79 404
79 417
79 447
79 550
79 571
79 598
79 607
79 610
79 621
79 645
79 708
79 754
79 784
79 816
79 866
79 984
79 997
80 107
80 148
80 161
80 169
80 218
80 239
80 246
80 260
80 273
80 277
80 285
80 314
80 316
80 340
80 356
80 365
80 487
80 573
80 638
80 645
80 747
80 758
80 783
80 785
80 844
80 851
80 968
81 88
81 95
81 125
81 240
81 247
81 267
81 370
81 411
81 444
81 480
81 603
81 659
81 667
81 721
81 724
81 764
81 799
81 856
81 896
81 914
81 982
81 985
81 999
82 180
82 195
82 341
82 446
82 502
82 577
82 591
82 606
82 662
82 714
82 745
82 818
82 833
83 94
83 100
83 148
83 174
83 180
83 276
83 285
83 302
83 343
83 356
83 529
83 530
83 536
83 569
83 747
83 814
83 822
83 851
83 942
84 117
84 260
84 317
84 405
84 436
84 515
84 535
84 864
84 880
84 995
85 136
85 186
85 228
85 263
85 410
85 499
85 517
85 568
85 639
85 658
85 677
85 767
85 829
85 901
85 974
86 116
86 132
86 189
86 268
86 286
86 341
86 364
86 414
86 420
86 482
86 500
86 509
86 544
86 556
86 638
86 781
86 909
86 914
86 960
86 969
87 151
87 215
87 237
87 253
87 304
87 374
87 384
87 400
87 479
87 524
87 546
87 553
87 650
87 723
87 732
87 777
87 780
87 816
87 915
88 90
88 95
88 125
88 127
88 370
88 387
88 480
88 507
88 532
88 667
88 721
88 799
88 811
88 867
88 988
89 101
89 116
89 443
89 484
89 533
89 673
89 700
89 776
89 896
89 952
90 95
90 328
90 480
90 514
90 532
90 588
90 639
90 667
90 676
90 724
90 984
90 985
91 169
91 196
91 548
91 591
91 606
91 612
91 687
91 730
91 768
91 806
91 807
91 828
91 846
91 951
92 123
92 140
92 357
92 366
92 422
92 452
92 481
92 533
92 537
92 546
92 649
92 700
92 740
92 770
92 890
92 940
92 967
93 126
93 127
93 282
93 306
93 337
93 357
93 363
93 368
93 378
93 403
93 495
93 565
93 574
93 582
93 594
93 680
93 693
93 700
93 793
93 905
93 948
94 161
94 180
94 373
94 526
94 555
94 602
94 604
94 612
94 638
94 726
94 747
94 764
94 788
94 844
94 870
94 897
94 939
95 108
95 110
95 240
95 247
95 267
95 337
95 370
95 404
95 470
95 480
95 528
95 603
95 646
95 667
95 673
95 721
95 724
95 799
95 820
95 868
95 886
95 929
95 985
95 988
96 106
96 224
96 239
96 241
96 340
96 355
96 631
96 641
96 702
96 780
96 862
96 867
97 100
97 185
97 276
97 371
97 372
97 405
97 413
97 510
97 530
97 650
97 743
97 750
97 768
97 774
97 805
97 904
97 912
97 938
97 977
98 153
98 166
98 169
98 356
98 519
98 542
98 694
98 715
98 880
98 969
99 198
99 208
99 314
99 324
99 333
99 349
99 434
99 521
99 539
99 550
99 571
99 575
99 632
99 640
99 645
99 654
99 671
99 685
99 771
99 773
99 774
99 784
99 805
99 865
99 928
99 964
99 984
100 107
100 110
100 113
100 130
100 140
100 273
100 302
100 314
100 425
100 580
100 664
100 666
100 679
100 735
100 747
100 764
100 804
100 844
100 876
100 968
101 145
101 210
101 258
101 390
101 430
101 443
101 531
101 559
101 660
101 732
101 791
102 160
102 170
102 172
102 183
102 210
102 233
102 238
102 243
102 259
102 297
102 392
102 424
102 482
102 510
102 511
102 558
102 563
102 582
102 643
102 683
102 701
102 707
102 753
102 769
102 779
102 783
102 900
102 918
102 927
102 974
103 129
103 297
103 324
103 510
103 701
103 782
103 821
103 900
103 976
104 106
104 193
104 209
104 226
104 239
104 241
104 321
104 340
104 361
104 364
104 411
104 542
104 552
104 651
104 679
104 728
104 733
104 735
104 780
104 808
104 861
104 862
104 867
104 937
104 998
105 111
105 122
105 136
105 161
105 245
105 263
105 370
105 410
105 413
105 456
105 658
105 668
105 669
105 767
105 884
106 193
106 217
106 239
106 241
106 319
106 340
106 402
106 552
106 558
106 612
106 697
106 702
106 708
106 728
106 735
106 758
106 829
106 857
106 861
106 867
107 110
107 161
107 166
107 169
107 180
107 285
107 288
107 300
107 316
107 365
107 373
107 442
107 569
107 579
107 635
107 638
107 664
107 747
107 765
107 784
107 785
107 799
107 835
107 851
107 856
107 897
107 939
108 228
108 267
108 337
108 416
108 445
108 466
108 480
108 489
108 507
108 532
108 603
108 646
108 667
108 677
108 724
108 777
108 799
108 886
108 913
108 931
108 984
108 985
108 988
109 129
109 143
109 153
109 157
109 291
109 292
109 488
109 525
109 651
109 793
109 970
110 130
110 133
110 169
110 180
110 191
110 273
110 277
110 285
110 302
110 310
110 316
110 329
110 363
110 365
110 372
110 423
110 432
110 448
110 528
110 537
110 541
110 554
110 555
110 575
110 604
110 623
110 638
110 664
110 681
110 704
110 709
110 720
110 726
110 731
110 747
110 760
110 844
110 851
110 897
110 924
110 942
110 948
110 975
110 981
111 160
111 175
111 202
111 260
111 294
111 318
111 341
111 392
111 404
111 416
111 435
111 453
111 462
111 503
111 527
111 564
111 617
111 635
111 693
111 717
111 744
111 820
111 821
111 823
111 824
111 931
111 944
112 142
112 163
112 165
112 287
112 377
112 429
112 536
112 547
112 551
112 570
112 573
112 576
112 595
112 665
112 715
112 723
112 729
112 754
112 815
112 834
112 847
112 922
112 954
113 116
113 168
113 328
113 336
113 399
113 485
113 509
113 608
113 661
113 670
113 686
113 787
113 871
113 887
113 911
113 962
113 995
114 122
114 126
114 378
114 455
114 512
114 574
114 582
114 625
114 659
114 793
114 907
114 911
114 948
115 152
115 177
115 190
115 281
115 328
115 336
115 358
115 365
115 399
115 474
115 519
115 530
115 542
115 557
115 572
115 608
115 615
115 634
115 636
115 670
115 695
115 720
115 731
115 732
115 915
115 962
116 118
116 156
116 167
116 189
116 235
116 236
116 258
116 286
116 326
116 379
116 392
116 412
116 414
116 448
116 500
116 509
116 543
116 556
116 647
116 653
116 657
116 684
116 721
116 781
116 788
116 914
117 142
117 150
117 154
117 225
117 260
117 275
117 309
117 311
117 317
117 321
117 355
117 402
117 405
117 436
117 468
117 477
117 500
117 515
117 516
117 535
117 590
117 609
117 640
117 695
117 705
117 730
117 763
117 776
117 802
117 844
117 874
118 156
118 189
118 213
118 235
118 258
118 379
118 500
118 544
118 556
118 642
118 647
118 676
118 781
118 788
118 857
118 895
118 970
119 128
119 176
119 339
119 345
119 438
119 459
119 460
119 470
119 484
119 561
119 615
119 674
119 842
119 934
119 1000
120 131
120 222
120 225
120 282
120 320
120 332
120 389
120 412
120 432
120 444
120 483
120 514
120 517
120 579
120 648
120 677
120 686
120 723
120 727
120 751
120 772
120 792
120 794
120 802
120 824
120 839
120 854
120 906
120 909
120 934
120 937
120 995
121 148
121 161
121 169
121 200
121 266
121 277
121 288
121 302
121 356
121 546
121 604
121 639
121 676
121 747
121 760
121 785
121 830
121 892
121 955
121 963
121 975
122 124
122 186
122 263
122 396
122 495
122 496
122 516
122 582
122 639
122 658
122 668
122 669
122 829
122 913
123 168
123 198
123 208
123 236
123 324
123 434
123 465
123 521
123 538
123 539
123 584
123 598
123 599
123 602
123 607
123 610
123 685
123 703
123 830
123 866
123 889
123 907
123 954
123 984
124 151
124 211
124 237
124 400
124 430
124 466
124 492
124 524
124 526
124 732
124 770
124 777
124 810
124 816
124 842
124 865
124 873
124 885
124 915
125 163
125 267
125 447
125 480
125 507
125 639
125 667
125 721
125 724
125 858
125 868
125 886
125 985
126 127
126 133
126 214
126 220
126 230
126 298
126 303
126 350
126 363
126 368
126 376
126 440
126 495
126 512
126 534
126 574
126 576
126 582
126 590
126 659
126 725
126 739
126 766
126 793
126 812
126 882
126 944
126 961
127 383
127 403
127 470
127 565
127 793
127 961
128 144
128 264
128 293
128 339
128 345
128 347
128 414
128 459
128 460
128 470
128 471
128 484
128 517
128 518
128 540
128 554
128 561
128 578
128 655
128 659
128 675
128 698
128 713
128 761
128 762
128 822
128 842
128 843
128 868
128 879
128 893
128 899
128 907
128 978
128 999
129 143
129 153
129 157
129 162
129 184
129 188
129 192
129 210
129 242
129 246
129 269
129 289
129 291
129 332
129 360
129 395
129 489
129 525
129 651
129 712
129 776
129 782
129 877
129 888
129 936
130 166
130 194
130 209
130 218
130 356
130 529
130 541
130 638
130 704
130 760
130 774
130 785
130 786
130 897
130 905
130 916
131 209
131 215
131 224
131 247
131 306
131 320
131 338
131 343
131 356
131 432
131 452
131 467
131 483
131 498
131 514
131 550
131 567
131 648
131 650
131 686
131 727
131 765
131 790
131 794
131 820
131 874
131 883
131 891
131 908
131 934
131 938
131 942
132 156
132 189
132 235
132 258
132 268
132 286
132 302
132 326
132 364
132 379
132 381
132 383
132 412
132 420
132 430
132 500
132 504
132 543
132 544
132 597
132 647
132 657
132 684
132 781
132 875
132 879
132 900
132 914
132 970
133 185
133 205
133 259
133 334
133 360
133 366
133 382
133 452
133 466
133 472
133 481
133 537
133 581
133 637
133 649
133 711
133 718
133 730
133 733
133 742
133 755
133 770
133 796
133 860
133 998
134 259
134 338
134 357
134 372
134 382
134 466
134 481
134 537
134 607
134 649
134 711
134 730
134 740
134 755
134 841
134 849
134 967
134 977
135 319
135 358
135 399
135 422
135 467
135 485
135 542
135 615
135 627
135 670
135 694
135 695
135 742
135 745
135 834
135 860
135 880
136 186
136 245
136 263
136 286
136 356
136 410
136 430
136 499
136 523
136 528
136 559
136 568
136 618
136 628
136 633
136 639
136 658
136 664
136 668
136 669
136 677
136 748
136 767
136 768
136 829
136 832
136 849
136 913
136 914
136 969
137 163
137 262
137 270
137 287
137 320
137 399
137 409
137 536
137 547
137 570
137 576
137 615
137 654
137 729
137 847
137 954
137 985
138 141
138 185
138 228
138 234
138 244
138 264
138 266
138 274
138 330
138 367
138 372
138 382
138 429
138 433
138 611
138 622
138 650
138 693
138 743
138 750
138 758
138 770
138 774
138 805
138 859
138 864
138 891
138 912
138 965
138 977
139 181
139 265
139 323
139 351
139 374
139 377
139 391
139 421
139 465
139 504
139 506
139 545
139 560
139 563
139 588
139 641
139 656
139 663
139 801
139 826
139 841
139 902
139 904
139 955
140 212
140 259
140 334
140 357
140 365
140 366
140 382
140 383
140 466
140 468
140 481
140 529
140 537
140 649
140 711
140 721
140 733
140 755
140 770
140 796
140 900
140 921
140 986
140 994
141 186
141 263
141 410
141 433
141 499
141 568
141 618
141 639
141 658
141 669
141 741
141 767
141 778
141 832
141 884
141 913
142 157
142 163
142 262
142 287
142 362
142 413
142 536
142 547
142 570
142 573
142 576
142 595
142 646
142 665
142 809
142 834
142 865
142 922
142 954
143 153
143 157
143 159
143 178
143 188
143 195
143 210
143 272
143 291
143 332
143 477
143 681
143 756
143 782
143 821
143 868
143 877
143 936
144 345
144 446
144 459
144 464
144 540
144 561
144 693
144 713
144 818
144 822
144 843
144 844
144 868
144 893
144 999
145 234
145 398
145 443
145 531
145 533
145 600
145 649
145 660
145 700
145 791
145 902
145 933
145 987
146 147
146 187
146 207
146 236
146 281
146 406
146 434
146 478
146 490
146 521
146 571
146 599
146 622
146 644
146 708
146 793
146 809
146 830
146 875
146 898
146 905
146 997
147 208
147 217
147 279
147 333
147 349
147 417
147 490
147 539
147 584
147 610
147 652
147 754
147 767
147 784
147 788
147 790
147 855
147 857
147 865
147 866
147 898
147 903
147 911
147 983
147 984
147 993
147 997
148 153
148 166
148 180
148 192
148 200
148 257
148 261
148 276
148 277
148 302
148 307
148 329
148 333
148 365
148 373
148 375
148 403
148 423
148 529
148 569
148 580
148 638
148 676
148 681
148 687
148 704
148 707
148 731
148 747
148 757
148 765
148 786
148 888
148 916
148 939
149 167
149 257
149 261
149 280
149 284
149 394
149 400
149 405
149 411
149 422
149 448
149 453
149 583
149 640
149 662
149 673
149 720
149 722
149 789
149 798
149 810
149 830
149 919
149 946
149 959
149 968
150 260
150 270
150 303
150 405
150 520
150 535
150 591
150 718
150 802
150 899
151 253
151 400
151 430
151 526
151 546
151 553
151 678
151 732
151 777
151 823
151 885
151 915
151 928
152 203
152 215
152 224
152 287
152 304
152 320
152 343
152 451
152 454
152 514
152 578
152 579
152 601
152 712
152 751
152 802
152 881
152 906
152 983
153 157
153 158
153 170
153 184
153 188
153 198
153 227
153 246
153 255
153 289
153 291
153 332
153 360
153 477
153 488
153 489
153 598
153 614
153 651
153 712
153 776
153 782
153 867
153 882
153 888
153 945
153 998
154 260
154 268
154 309
154 380
154 405
154 515
154 516
154 535
155 164
155 217
155 260
155 284
155 309
155 402
155 436
155 515
155 535
155 895
156 212
156 258
156 286
156 316
156 364
156 412
156 420
156 500
156 509
156 544
156 556
156 684
156 704
156 781
156 890
156 914
157 158
157 159
157 184
157 188
157 195
157 227
157 242
157 246
157 289
157 291
157 329
157 332
157 360
157 467
157 477
157 488
157 525
157 566
157 587
157 611
157 614
157 620
157 651
157 712
157 734
157 776
157 782
157 817
157 877
157 888
157 936
157 992
158 209
158 210
158 291
158 303
158 332
158 477
158 488
158 489
158 573
158 614
158 776
158 856
158 888
158 945
159 207
159 251
159 276
159 332
159 467
159 477
159 614
159 620
159 651
159 776
159 782
159 958
160 162
160 163
160 174
160 192
160 202
160 205
160 207
160 223
160 251
160 293
160 308
160 318
160 388
160 416
160 425
160 439
160 445
160 482
160 503
160 527
160 629
160 635
160 710
160 717
160 723
160 744
160 748
160 752
160 759
160 789
160 803
160 815
160 821
160 844
160 848
160 872
160 925
160 931
160 932
160 986
161 180
161 200
161 204
161 257
161 277
161 288
161 299
161 314
161 356
161 365
161 376
161 463
161 487
161 498
161 503
161 528
161 529
161 531
161 541
161 551
161 604
161 638
161 664
161 704
161 707
161 731
161 785
161 786
161 804
161 916
161 995
162 177
162 251
162 279
162 280
162 358
162 485
162 557
162 608
162 626
162 627
162 634
162 645
162 661
162 663
162 670
162 720
162 756
162 787
162 942
162 969
163 165
163 175
163 262
163 265
163 288
163 313
163 409
163 413
163 417
163 431
163 436
163 536
163 547
163 551
163 576
163 595
163 665
163 729
163 731
163 799
163 834
163 847
163 922
163 954
164 203
164 217
164 225
164 311
164 405
164 418
164 515
164 528
164 539
164 543
165 169
165 287
165 313
165 409
165 523
165 547
165 551
165 576
165 595
165 665
165 695
165 729
165 954
166 180
166 218
166 266
166 271
166 276
166 277
166 278
166 285
166 288
166 302
166 356
166 378
166 407
166 423
166 424
166 463
166 550
166 561
166 612
166 664
166 726
166 734
166 760
166 764
166 765
166 768
166 785
166 786
166 861
166 863
166 890
166 897
166 939
166 968
166 981
167 208
167 261
167 284
167 320
167 325
167 394
167 410
167 411
167 422
167 448
167 453
167 534
167 554
167 583
167 798
167 833
167 971
168 187
168 208
168 270
168 271
168 279
168 324
168 330
168 342
168 381
168 404
168 406
168 499
168 513
168 521
168 539
168 544
168 550
168 560
168 567
168 572
168 598
168 599
168 601
168 602
168 621
168 641
168 642
168 685
168 784
168 809
168 837
168 877
168 903
168 935
168 986
168 993
168 997
169 200
169 218
169 302
169 307
169 316
169 331
169 356
169 375
169 463
169 486
169 528
169 529
169 555
169 583
169 599
169 612
169 623
169 704
169 711
169 725
169 756
169 764
169 786
169 844
169 853
169 856
169 897
170 225
170 247
170 278
170 297
170 392
170 511
170 596
170 643
170 753
170 778
170 783
170 792
170 821
170 900
170 926
170 974
171 173
171 249
171 320
171 334
171 424
171 481
171 496
171 554
171 559
171 581
171 622
171 624
171 680
171 699
171 727
171 846
171 852
171 881
171 908
171 940
172 218
172 278
172 392
172 558
172 640
172 643
172 659
172 769
172 778
172 779
172 783
172 821
172 868
172 900
172 974
173 181
173 242
173 421
173 424
173 473
173 559
173 581
173 624
173 636
173 680
173 699
173 726
173 881
173 908
173 943
173 984
174 178
174 182
174 192
174 199
174 254
174 292
174 293
174 308
174 341
174 408
174 418
174 435
174 444
174 445
174 502
174 503
174 564
174 672
174 693
174 696
174 710
174 717
174 744
174 752
174 798
174 811
174 815
174 848
174 894
174 920
174 931
174 944
175 206
175 372
175 442
175 465
175 513
175 585
175 604
175 605
175 613
175 641
175 643
175 689
175 690
175 692
175 934
175 972
175 973
176 177
176 358
176 485
176 519
176 542
176 557
176 615
176 636
176 670
176 787
176 789
176 850
176 969
177 266
177 293
177 328
177 336
177 358
177 362
177 408
177 468
177 485
177 519
177 530
177 542
177 593
177 615
177 634
177 636
177 661
177 695
177 781
177 787
177 858
177 871
177 878
177 887
178 182
178 192
178 223
178 233
178 252
178 292
178 293
178 341
178 344
178 388
178 400
178 425
178 435
178 437
178 457
178 462
178 503
178 564
178 600
178 617
178 629
178 635
178 672
178 744
178 755
178 759
178 815
178 835
178 854
178 893
178 895
178 986
179 204
179 211
179 216
179 222
179 226
179 249
179 295
179 299
179 312
179 315
179 344
179 371
179 396
179 415
179 419
179 428
179 431
179 438
179 449
179 454
179 487
179 491
179 623
179 688
179 696
179 734
179 738
179 743
179 764
179 795
179 813
179 815
179 836
179 844
179 852
179 869
179 889
179 926
179 933
179 941
179 952
179 953
179 956
179 958
179 962
179 982
179 991
180 194
180 214
180 218
180 245
180 273
180 277
180 329
180 477
180 506
180 529
180 532
180 623
180 638
180 687
180 731
180 747
180 764
180 785
180 786
180 817
180 821
180 834
180 851
180 853
180 876
180 916
180 923
180 939
180 968
181 341
181 343
181 359
181 377
181 417
181 465
181 468
181 560
181 656
181 765
181 783
181 955
182 293
182 319
182 423
182 437
182 445
182 462
182 564
182 709
182 717
182 737
182 759
182 781
182 789
182 815
183 243
183 268
183 392
183 511
183 549
183 558
183 643
183 659
183 680
183 778
183 839
183 900
184 195
184 226
184 242
184 262
184 291
184 322
184 332
184 525
184 616
184 651
184 711
184 776
185 228
185 357
185 426
185 650
185 743
185 750
185 758
185 768
185 805
185 855
185 998
186 204
186 263
186 469
186 523
186 568
186 628
186 633
186 639
186 668
186 677
186 767
186 776
186 829
186 832
186 866
186 874
186 993
187 265
187 283
187 316
187 333
187 349
187 420
187 434
187 468
187 521
187 522
187 539
187 550
187 571
187 584
187 588
187 622
187 654
187 771
187 855
187 984
187 997
188 257
188 276
188 289
188 291
188 328
188 329
188 419
188 482
188 651
188 682
188 945
189 258
189 268
189 326
189 339
189 360
189 364
189 379
189 414
189 443
189 508
189 509
189 657
189 675
189 707
189 781
189 788
189 875
189 914
190 278
190 309
190 358
190 360
190 399
190 485
190 519
190 540
190 542
190 626
190 670
190 756
190 810
190 887
190 888
190 911
190 969
191 207
191 341
191 366
191 448
191 462
191 527
191 564
191 635
191 672
191 693
191 717
191 744
191 815
191 820
191 864
191 895
191 914
191 929
191 931
192 293
192 308
192 309
192 341
192 425
192 431
192 435
192 439
192 445
192 564
192 617
192 737
192 744
192 804
192 811
192 823
192 895
192 912
192 916
193 239
193 273
193 307
193 356
193 685
193 702
193 728
193 735
193 744
193 763
193 780
193 833
193 937
193 950
193 951
194 285
194 302
194 307
194 467
194 487
194 528
194 541
194 555
194 575
194 656
194 785
194 916
194 975
195 227
195 477
195 525
195 945
196 211
196 277
196 296
196 331
196 353
196 369
196 392
196 424
196 446
196 502
196 548
196 577
196 591
196 606
196 692
196 806
196 807
196 818
196 828
196 871
196 951
196 960
196 964
197 211
197 295
197 299
197 305
197 359
197 382
197 426
197 594
197 615
197 696
197 738
197 745
197 926
197 970
198 221
198 271
198 279
198 281
198 330
198 333
198 389
198 401
198 466
198 521
198 522
198 589
198 598
198 599
198 622
198 632
198 653
198 654
198 674
198 708
198 715
198 837
198 857
198 866
198 917
198 997
199 209
199 224
199 225
199 320
199 395
199 419
199 432
199 444
199 450
199 456
199 459
199 464
199 514
199 579
199 723
199 727
199 741
199 743
199 790
199 794
199 806
199 817
199 864
199 938
199 1000
200 263
200 276
200 277
200 302
200 314
200 356
200 375
200 407
200 528
200 539
200 541
200 587
200 594
200 621
200 623
200 664
200 764
200 785
200 786
200 851
200 853
200 900
200 916
200 975
201 280
201 284
201 316
201 319
201 325
201 411
201 573
201 583
201 638
201 798
201 919
202 252
202 308
202 311
202 408
202 410
202 418
202 425
202 427
202 435
202 439
202 444
202 462
202 527
202 554
202 564
202 672
202 706
202 710
202 752
202 759
202 788
202 835
202 854
202 931
202 932
203 224
203 313
203 432
203 467
203 481
203 483
203 488
203 514
203 574
203 587
203 723
203 751
203 794
203 800
203 802
203 840
203 865
203 881
203 887
203 942
203 998
203 1000
204 226
204 236
204 249
204 346
204 359
204 415
204 427
204 447
204 610
204 630
204 706
204 716
204 814
204 830
204 832
204 836
204 838
204 929
204 949
204 953
204 991
205 357
205 452
205 481
205 537
205 542
205 649
205 730
205 755
205 770
205 814
205 837
205 873
205 967
206 208
206 221
206 285
206 299
206 335
206 442
206 463
206 492
206 585
206 589
206 600
206 605
206 613
206 626
206 689
206 692
206 703
206 715
206 754
206 845
206 930
206 957
206 973
207 238
207 292
207 304
207 341
207 376
207 422
207 425
207 436
207 462
207 492
207 527
207 569
207 592
207 624
207 744
207 789
207 791
207 802
207 808
207 820
207 894
207 931
207 944
207 980
207 986
208 279
208 330
208 365
208 389
208 521
208 540
208 645
208 723
208 775
208 784
208 809
208 830
208 857
208 923
208 967
208 973
208 983
209 215
209 224
209 248
209 290
209 424
209 432
209 444
209 451
209 476
209 566
209 579
209 587
209 592
209 642
209 643
209 648
209 682
209 686
209 748
209 794
209 800
209 802
209 822
209 829
209 840
209 864
209 909
209 968
209 995
209 998
210 289
210 291
210 332
210 827
210 852
210 888
211 216
211 222
211 249
211 259
211 305
211 344
211 346
211 359
211 365
211 426
211 447
211 553
211 596
211 630
211 706
211 734
211 795
211 813
211 863
211 926
211 933
211 947
211 953
211 958
211 991
212 259
212 294
212 382
212 386
212 425
212 452
212 466
212 468
212 481
212 531
212 730
212 755
212 841
213 285
213 331
213 353
213 373
213 435
213 446
213 528
213 591
213 631
213 770
213 807
213 960
214 220
214 298
214 328
214 350
214 354
214 363
214 378
214 403
214 495
214 501
214 503
214 542
214 574
214 582
214 594
214 625
214 659
214 724
214 763
214 773
214 830
214 833
214 961
214 989
215 224
215 225
215 230
215 241
215 261
215 282
215 304
215 320
215 343
215 385
215 432
215 454
215 476
215 514
215 565
215 566
215 592
215 593
215 648
215 686
215 705
215 723
215 748
215 751
215 765
215 780
215 792
215 800
215 802
215 817
215 824
215 840
215 889
215 909
215 911
215 920
215 921
215 938
215 942
215 995
215 997
215 998
215 1000
216 249
216 305
216 344
216 415
216 458
216 467
216 474
216 630
216 682
216 736
216 741
216 742
216 792
216 827
216 836
216 929
216 952
216 956
216 958
216 960
217 218
217 253
217 270
217 303
217 309
217 317
217 369
217 372
217 405
217 438
217 459
217 475
217 515
217 535
217 634
217 679
217 705
217 773
217 977
218 273
218 276
218 277
218 302
218 307
218 310
218 352
218 365
218 373
218 463
218 506
218 528
218 541
218 555
218 726
218 731
218 744
218 747
218 765
218 782
218 804
218 844
218 851
218 853
218 856
218 896
218 897
218 916
218 954
218 963
219 327
219 338
219 585
219 605
219 613
219 669
219 690
219 843
219 930
219 972
220 260
220 269
220 495
220 565
220 574
220 639
220 659
220 669
220 793
220 928
220 961
221 223
221 283
221 324
221 333
221 349
221 389
221 434
221 485
221 521
221 522
221 539
221 622
221 632
221 648
221 703
221 705
221 735
221 744
221 771
221 784
221 830
221 898
221 962
221 983
221 984
221 993
221 997
222 249
222 258
222 299
222 344
222 409
222 419
222 438
222 447
222 548
222 573
222 587
222 696
222 698
222 754
222 811
222 827
222 843
222 952
222 956
223 225
223 503
223 508
223 515
223 521
223 527
223 539
223 555
223 584
223 629
223 693
223 771
224 225
224 248
224 249
224 263
224 290
224 304
224 320
224 338
224 401
224 432
224 451
224 476
224 494
224 498
224 516
224 564
224 579
224 581
224 587
224 592
224 646
224 686
224 723
224 748
224 751
224 756
224 783
224 790
224 791
224 794
224 800
224 808
224 840
224 906
224 934
224 942
224 984
224 1000
225 248
225 290
225 304
225 306
225 338
225 343
225 395
225 432
225 450
225 451
225 467
225 498
225 503
225 514
225 566
225 579
225 587
225 593
225 656
225 686
225 723
225 734
225 741
225 748
225 761
225 772
225 785
225 794
225 800
225 817
225 825
225 830
225 853
225 874
225 889
225 920
225 921
225 937
225 938
225 942
225 985
225 995
225 998
226 312
226 343
226 348
226 352
226 396
226 415
226 447
226 481
226 508
226 557
226 688
226 696
226 734
226 813
226 835
226 838
226 863
226 925
226 958
226 973
227 332
227 343
227 477
227 526
227 643
227 744
227 860
227 880
227 888
227 988
228 244
228 264
228 274
228 367
228 371
228 372
228 396
228 429
228 433
228 461
228 611
228 647
228 652
228 659
228 717
228 743
228 750
228 805
228 859
228 891
228 912
228 977
229 278
229 297
229 367
229 462
229 769
229 778
229 783
229 785
229 814
229 887
229 900
229 935
230 338
230 495
230 565
230 574
230 582
230 641
230 676
230 736
230 752
230 766
230 782
230 793
230 911
230 989
231 273
231 312
231 357
231 416
231 421
231 473
231 489
231 559
231 576
231 581
231 699
231 846
231 994
232 293
232 337
232 346
232 430
232 461
232 546
232 669
232 777
232 816
232 843
232 885
232 890
232 915
233 427
233 487
233 549
233 682
233 768
233 769
233 783
233 784
233 809
233 900
233 974
233 977
234 316
234 318
234 371
234 390
234 398
234 533
234 551
234 613
234 649
234 660
234 666
234 749
234 791
234 882
234 896
234 987
234 1000
235 243
235 258
235 268
235 364
235 414
235 420
235 500
235 544
235 601
235 647
235 669
235 721
235 875
235 914
236 329
236 330
236 370
236 381
236 434
236 528
236 567
236 571
236 629
236 688
236 754
236 784
236 923
236 935
236 950
236 967
236 985
236 997
237 253
237 301
237 380
237 382
237 384
237 400
237 430
237 488
237 492
237 502
237 524
237 526
237 546
237 553
237 678
237 693
237 732
237 751
237 777
237 793
237 810
237 816
237 873
237 890
237 915
238 243
238 246
238 349
238 392
238 510
238 520
238 769
238 783
238 841
238 900
239 241
239 340
239 361
239 462
239 515
239 552
239 596
239 697
239 702
239 728
239 735
239 860
239 861
239 862
239 867
239 951
240 289
240 382
240 480
240 526
240 661
240 667
240 780
240 825
240 985
241 285
241 287
241 394
241 487
241 552
241 595
241 596
241 628
241 697
241 702
241 728
241 735
241 763
241 780
241 861
241 862
241 867
241 903
241 937
241 944
242 246
242 289
242 466
242 477
242 481
242 494
242 651
242 888
243 297
243 482
243 558
243 683
243 686
243 720
243 769
243 783
243 797
243 821
243 849
243 927
243 942
244 274
244 314
244 372
244 396
244 456
244 652
244 789
245 263
245 410
245 469
245 523
245 568
245 612
245 628
245 658
245 668
245 669
245 696
245 767
245 823
245 829
245 832
245 884
245 957
245 978
246 525
246 591
246 620
246 692
246 776
246 779
246 782
246 801
246 888
247 267
247 385
247 460
247 480
247 603
247 667
247 886
248 335
248 338
248 349
248 432
248 444
248 454
248 456
248 468
248 482
248 493
248 497
248 498
248 514
248 517
248 566
248 588
248 592
248 601
248 648
248 748
248 784
248 790
248 794
248 817
248 839
248 938
248 942
248 972
248 995
248 1000
249 312
249 331
249 415
249 438
249 447
249 491
249 542
249 630
249 691
249 698
249 706
249 720
249 736
249 814
249 852
249 869
249 926
249 941
249 956
249 965
250 542
250 558
250 565
250 582
250 585
250 650
250 736
250 761
250 812
250 911
250 948
250 961
251 297
251 598
251 783
251 786
251 833
251 974
251 1000
252 308
252 401
252 462
252 629
252 693
252 710
252 717
252 774
252 789
252 820
252 944
253 384
253 430
253 455
253 524
253 526
253 546
253 553
253 676
253 810
253 885
253 915
254 295
254 300
254 305
254 325
254 346
254 359
254 434
254 438
254 447
254 457
254 500
254 508
254 630
254 636
254 696
254 706
254 736
254 808
254 814
254 827
254 952
254 956
255 259
255 357
255 382
255 437
255 452
255 466
255 472
255 481
255 730
255 755
255 770
255 774
255 784
255 841
255 929
255 994
256 284
256 325
256 333
256 338
256 448
256 460
256 583
256 614
256 798
256 919
257 261
257 284
257 344
257 422
257 448
257 464
257 468
257 552
257 665
257 722
257 820
257 833
257 901
257 919
257 921
257 946
258 268
258 275
258 326
258 342
258 364
258 379
258 412
258 414
258 420
258 442
258 465
258 500
258 509
258 543
258 544
258 550
258 556
258 647
258 691
258 751
258 781
258 788
258 875
258 912
258 914
258 970
259 334
259 357
259 426
259 452
259 466
259 468
259 472
259 481
259 562
259 598
259 646
259 704
259 730
259 740
259 755
259 783
259 796
259 860
259 888
259 994
260 303
260 311
260 317
260 335
260 355
260 405
260 436
260 453
260 505
260 515
260 535
260 609
260 679
260 691
260 705
260 736
260 917
260 994
261 284
261 379
261 393
261 394
261 448
261 662
261 673
262 265
262 287
262 357
262 411
262 547
262 551
262 576
262 665
262 729
262 741
262 771
262 802
262 837
262 879
262 922
263 485
263 499
263 508
263 523
263 547
263 568
263 618
263 628
263 639
263 656
263 658
263 668
263 669
263 670
263 677
263 745
263 746
263 767
263 829
263 840
263 913
263 968
264 274
264 310
264 367
264 372
264 454
264 611
264 652
264 708
264 750
264 768
264 774
264 798
264 859
264 891
264 912
264 956
265 313
265 413
265 547
265 570
265 576
265 635
265 729
265 747
265 793
265 827
265 847
265 954
265 966
266 273
266 277
266 302
266 310
266 316
266 365
266 395
266 463
266 528
266 555
266 571
266 583
266 616
266 699
266 760
266 835
266 851
266 897
266 975
267 277
267 297
267 370
267 393
267 480
267 589
267 603
267 646
267 667
267 672
267 721
267 985
267 988
268 286
268 322
268 326
268 412
268 630
268 649
268 735
268 781
268 805
268 914
269 298
269 363
269 368
269 403
269 574
269 582
269 587
269 659
269 676
269 766
269 775
269 793
269 812
269 835
269 989
270 275
270 295
270 303
270 321
270 355
270 402
270 405
270 475
270 515
270 516
270 535
270 603
270 609
270 679
270 705
270 773
270 872
271 275
271 381
271 572
271 610
271 621
271 642
271 653
271 689
271 830
271 855
271 857
271 940
271 948
271 984
272 320
272 358
272 495
272 510
272 514
272 558
272 563
272 759
272 769
272 783
272 821
272 860
272 900
273 288
273 310
273 316
273 329
273 336
273 356
273 423
273 438
273 487
273 528
273 541
273 555
273 563
273 569
273 604
273 623
273 664
273 677
273 687
273 689
273 731
273 756
273 785
273 786
273 804
273 835
273 851
273 916
273 968
273 973
273 975
274 362
274 367
274 371
274 382
274 426
274 435
274 447
274 461
274 587
274 611
274 615
274 650
274 743
274 758
274 768
274 805
274 852
274 891
274 912
274 977
274 993
275 351
275 379
275 399
275 405
275 436
275 466
275 475
275 535
275 590
275 613
275 702
276 285
276 316
276 329
276 342
276 436
276 487
276 528
276 529
276 575
276 612
276 704
276 726
276 731
276 737
276 742
276 757
276 765
276 785
276 800
276 804
276 836
276 844
276 851
276 856
276 939
276 950
276 963
276 981
277 280
277 285
277 288
277 307
277 314
277 316
277 321
277 329
277 365
277 406
277 423
277 461
277 463
277 528
277 529
277 580
277 582
277 624
277 638
277 681
277 704
277 726
277 747
277 764
277 765
277 779
277 785
277 786
277 788
277 795
277 804
277 809
277 853
277 873
277 892
277 895
277 897
277 916
277 917
277 945
277 968
277 975
278 297
278 392
278 437
278 482
278 510
278 511
278 520
278 549
278 558
278 723
278 769
278 778
278 779
278 783
278 797
278 818
278 821
278 829
278 839
278 900
278 927
278 933
278 974
279 406
279 434
279 449
279 521
279 539
279 572
279 576
279 584
279 598
279 599
279 621
279 645
279 754
279 775
279 784
279 795
279 826
279 830
279 855
279 909
279 923
279 950
280 319
280 325
280 411
280 422
280 448
280 562
280 576
280 583
280 590
280 662
280 752
280 798
280 946
280 955
280 959
281 288
281 324
281 342
281 349
281 359
281 389
281 490
281 514
281 521
281 538
281 551
281 562
281 565
281 610
281 632
281 642
281 644
281 645
281 653
281 654
281 674
281 693
281 708
281 754
281 773
281 775
281 784
281 838
281 938
281 971
281 991
282 320
282 338
282 432
282 433
282 444
282 467
282 498
282 542
282 601
282 686
282 751
282 790
282 797
282 840
282 864
282 874
282 934
283 349
283 366
283 434
283 521
283 539
283 571
283 572
283 629
283 654
283 719
283 754
283 771
283 809
283 820
283 830
283 983
283 997
284 296
284 319
284 325
284 393
284 394
284 402
284 411
284 422
284 448
284 453
284 501
284 583
284 597
284 623
284 662
284 673
284 720
284 722
284 785
284 794
284 798
284 864
284 901
284 919
284 946
284 959
284 971
285 307
285 316
285 356
285 379
285 407
285 463
285 485
285 498
285 528
285 529
285 551
285 569
285 575
285 612
285 623
285 638
285 681
285 707
285 726
285 753
285 757
285 804
285 853
285 916
285 939
285 949
286 326
286 364
286 412
286 414
286 500
286 556
286 696
286 713
286 760
286 788
286 832
286 970
287 409
287 413
287 541
287 547
287 551
287 576
287 665
287 825
287 954
288 302
288 528
288 604
288 681
288 704
288 723
288 731
288 765
288 786
289 291
289 299
289 332
289 417
289 477
289 525
289 553
289 614
289 651
289 687
289 776
289 846
289 888
290 343
290 454
290 476
290 498
290 593
290 640
290 648
290 686
290 723
290 751
290 843
290 906
290 934
290 986
291 332
291 358
291 454
291 470
291 471
291 477
291 488
291 489
291 525
291 532
291 556
291 584
291 614
291 776
291 782
291 785
291 832
291 888
291 936
291 945
292 293
292 308
292 424
292 527
292 542
292 564
292 629
292 693
292 854
292 870
292 944
293 294
293 405
293 416
293 445
293 464
293 527
293 564
293 617
293 624
293 629
293 635
293 693
293 694
293 702
293 717
293 718
293 737
293 744
293 759
293 803
293 808
293 811
293 823
293 852
293 854
293 870
293 872
293 883
293 931
293 986
294 308
294 408
294 425
294 499
294 527
294 535
294 564
294 730
294 744
294 870
294 931
294 996
295 336
295 344
295 426
295 431
295 438
295 458
295 550
295 683
295 691
295 741
295 813
295 855
295 869
295 933
295 944
295 952
295 961
295 991
296 344
296 369
296 428
296 462
296 577
296 591
296 606
296 631
296 714
296 807
296 818
296 828
296 951
296 996
297 374
297 387
297 485
297 510
297 520
297 549
297 558
297 564
297 643
297 683
297 753
297 769
297 783
297 796
297 797
297 856
297 899
297 900
297 902
297 974
297 998
298 350
298 376
298 378
298 534
298 565
298 574
298 579
298 582
298 625
298 641
298 656
298 659
298 739
298 766
298 793
298 882
298 905
298 948
298 961
299 305
299 388
299 412
299 426
299 428
299 458
299 630
299 682
299 696
299 698
299 716
299 736
299 836
299 952
299 958
299 965
299 976
300 426
300 430
300 507
300 565
300 691
300 696
300 716
300 736
300 801
300 814
300 822
300 836
300 852
300 863
300 937
300 947
300 960
301 409
301 430
301 521
301 546
301 651
301 678
301 727
301 809
301 810
301 873
301 915
302 307
302 310
302 314
302 316
302 329
302 356
302 365
302 375
302 407
302 443
302 469
302 503
302 541
302 580
302 583
302 606
302 612
302 616
302 638
302 659
302 664
302 704
302 707
302 747
302 755
302 757
302 760
302 785
302 833
302 846
302 853
302 876
302 901
302 939
302 963
302 968
302 977
303 317
303 395
303 405
303 527
303 535
303 614
303 622
303 693
303 820
303 910
303 964
304 338
304 353
304 395
304 415
304 432
304 444
304 467
304 476
304 483
304 579
304 601
304 655
304 686
304 790
304 792
304 825
304 839
304 859
304 985
304 998
305 315
305 348
305 359
305 375
305 396
305 419
305 428
305 431
305 447
305 452
305 491
305 501
305 530
305 682
305 688
305 691
305 696
305 698
305 738
305 813
305 826
305 836
305 838
305 858
305 863
305 869
305 949
305 952
305 960
305 982
305 986
305 991
306 308
306 333
306 343
306 346
306 432
306 454
306 587
306 592
306 593
306 686
306 790
306 794
306 840
306 874
306 904
307 310
307 356
307 381
307 407
307 425
307 476
307 487
307 511
307 513
307 529
307 541
307 553
307 604
307 686
307 698
307 709
307 726
307 731
307 747
307 764
307 785
307 786
307 804
307 853
307 916
307 923
307 939
307 968
307 975
308 318
308 341
308 408
308 425
308 462
308 503
308 513
308 523
308 527
308 532
308 564
308 629
308 703
308 710
308 717
308 737
308 744
308 752
308 759
308 770
308 803
308 808
308 811
308 835
308 848
308 870
308 876
308 883
308 931
308 932
308 945
308 966
308 999
309 355
309 405
309 417
309 515
309 516
309 535
309 551
309 556
309 770
309 931
309 972
310 356
310 515
310 525
310 528
310 582
310 612
310 704
310 709
310 844
310 959
310 975
311 405
311 415
311 436
311 451
311 453
311 505
311 515
311 516
311 535
311 590
311 631
311 757
312 344
312 447
312 474
312 615
312 691
312 696
312 738
312 744
312 745
312 769
312 795
312 814
312 952
312 954
313 536
313 547
313 570
313 573
313 575
313 576
313 665
313 712
313 847
313 900
313 954
313 969
314 316
314 356
314 365
314 375
314 386
314 421
314 423
314 612
314 638
314 757
314 786
314 798
314 820
314 939
314 968
315 322
315 363
315 383
315 410
315 431
315 438
315 510
315 671
315 688
315 706
315 736
315 813
315 814
315 847
315 852
315 863
315 956
315 961
316 329
316 486
316 487
316 555
316 569
316 612
316 616
316 652
316 681
316 704
316 749
316 757
316 764
316 785
316 786
316 844
316 856
316 866
316 876
316 897
316 910
316 939
316 974
316 978
316 981
316 999
317 335
317 350
317 378
317 444
317 515
317 535
317 747
318 457
318 527
318 617
318 635
318 640
318 654
318 656
318 693
318 744
318 789
318 808
318 816
318 854
318 944
318 952
319 326
319 394
319 411
319 425
319 448
319 453
319 497
319 562
319 583
319 720
319 833
319 856
319 891
319 919
320 323
320 338
320 343
320 395
320 432
320 444
320 454
320 456
320 566
320 579
320 593
320 619
320 686
320 748
320 757
320 772
320 790
320 792
320 794
320 825
320 839
320 840
320 864
320 874
320 889
320 920
320 930
320 942
320 943
320 989
320 998
320 1000
321 402
321 405
321 515
321 516
321 535
321 684
321 950
322 352
322 396
322 426
322 431
322 435
322 458
322 498
322 630
322 683
322 691
322 696
322 716
322 795
322 802
322 814
322 822
322 863
322 931
322 933
322 949
322 952
322 976
322 979
322 983
322 991
323 391
323 453
323 454
323 465
323 472
323 506
323 547
323 755
323 801
323 902
323 904
323 955
324 333
324 494
324 522
324 539
324 572
324 611
324 653
324 657
324 685
324 733
324 754
324 847
324 914
324 983
325 339
325 394
325 422
325 425
325 448
325 453
325 497
325 572
325 583
325 597
325 662
325 673
325 689
325 710
325 798
325 833
325 901
325 946
325 959
326 420
326 451
326 500
326 543
326 544
326 556
326 647
326 657
326 767
326 788
326 914
326 941
326 970
327 358
327 442
327 468
327 513
327 585
327 589
327 599
327 600
327 605
327 613
327 689
327 690
327 692
327 715
327 851
327 861
327 973
327 998
328 358
328 362
328 399
328 441
328 485
328 491
328 519
328 540
328 542
328 557
328 608
328 615
328 627
328 636
328 670
328 695
328 701
328 756
328 787
328 822
328 858
328 864
328 871
328 878
328 887
328 898
328 956
328 969
329 365
329 520
329 521
329 528
329 541
329 562
329 569
329 616
329 660
329 747
329 785
329 786
329 897
329 969
330 347
330 420
330 521
330 522
330 539
330 564
330 571
330 674
330 703
330 706
330 738
330 754
330 775
330 785
330 809
330 838
330 856
330 857
330 860
330 866
330 918
330 981
331 353
331 358
331 488
331 577
331 591
331 642
331 660
331 714
331 806
331 850
331 936
332 360
332 477
332 488
332 489
332 588
332 614
332 620
332 651
332 776
332 817
332 848
332 877
332 888
332 936
333 342
333 343
333 354
333 389
333 472
333 490
333 521
333 538
333 539
333 567
333 571
333 584
333 586
333 602
333 621
333 622
333 642
333 671
333 674
333 682
333 708
333 719
333 773
333 784
333 827
333 830
333 837
333 856
333 857
333 866
333 898
333 903
333 918
333 923
333 928
333 935
333 938
333 971
333 983
334 357
334 382
334 452
334 480
334 481
334 649
334 711
334 718
334 755
334 770
334 967
334 980
335 487
335 585
335 600
335 605
335 613
335 689
335 972
336 367
336 441
336 480
336 485
336 542
336 586
336 615
336 626
336 636
336 719
336 772
336 787
336 880
336 924
336 966
337 370
337 495
337 630
337 667
337 669
337 706
337 724
337 813
337 889
337 936
338 343
338 385
338 389
338 395
338 444
338 456
338 467
338 476
338 498
338 505
338 514
338 517
338 579
338 593
338 618
338 669
338 682
338 686
338 718
338 723
338 727
338 741
338 772
338 816
338 817
338 864
338 874
338 889
338 920
338 934
338 942
338 968
338 1000
339 345
339 356
339 459
339 470
339 484
339 518
339 561
339 713
339 761
339 764
339 842
339 879
339 899
339 985
340 394
340 424
340 522
340 527
340 552
340 640
340 668
340 690
340 697
340 702
340 728
340 763
340 861
340 867
340 937
341 364
341 388
341 408
341 411
341 416
341 425
341 435
341 437
341 445
341 457
341 462
341 503
341 581
341 610
341 629
341 699
341 710
341 717
341 721
341 737
341 803
341 808
341 820
341 823
341 835
341 848
341 850
341 854
341 872
341 883
341 895
341 921
341 925
341 931
341 944
341 990
342 348
342 434
342 500
342 703
342 708
342 754
342 773
342 809
342 830
342 836
342 983
342 984
342 997
343 350
343 367
343 395
343 403
343 432
343 444
343 449
343 476
343 483
343 514
343 547
343 566
343 587
343 592
343 593
343 601
343 648
343 686
343 723
343 727
343 753
343 772
343 792
343 794
343 802
343 817
343 839
343 889
343 906
343 920
343 938
343 991
343 1000
344 351
344 353
344 354
344 419
344 427
344 431
344 447
344 474
344 491
344 508
344 514
344 630
344 674
344 682
344 691
344 711
344 716
344 723
344 726
344 736
344 788
344 814
344 827
344 836
344 838
344 869
344 929
344 933
344 949
344 952
344 958
344 960
344 979
345 373
345 375
345 459
345 460
345 470
345 471
345 472
345 484
345 518
345 561
345 576
345 603
345 619
345 655
345 668
345 761
345 822
345 842
345 843
345 868
345 879
345 899
345 907
345 926
345 946
345 999
346 351
346 359
346 447
346 582
346 736
346 836
346 838
346 839
346 952
346 958
346 979
347 457
347 459
347 464
347 471
347 491
347 518
347 561
347 661
347 761
347 796
347 822
347 843
348 352
348 396
348 431
348 438
348 447
348 474
348 639
348 696
348 698
348 706
348 736
348 744
348 813
348 814
348 822
348 863
348 947
348 957
349 449
349 454
349 461
349 567
349 572
349 584
349 636
349 644
349 645
349 653
349 671
349 675
349 685
349 708
349 720
349 754
349 801
349 804
349 830
349 924
349 971
349 997
350 421
350 440
350 447
350 509
350 510
350 512
350 534
350 565
350 574
350 582
350 659
350 761
350 851
350 867
350 884
351 419
351 431
351 458
351 598
351 682
351 688
351 718
351 795
351 813
351 838
351 863
351 936
351 958
352 403
352 426
352 431
352 537
352 610
352 691
352 716
352 795
352 827
352 949
352 952
352 956
352 965
352 979
353 446
353 450
353 470
353 591
353 606
353 678
353 711
353 714
353 744
353 755
353 761
353 790
353 806
353 807
353 818
353 828
353 891
353 939
353 951
353 996
354 398
354 531
354 693
354 806
354 813
354 858
354 896
354 978
354 980
355 364
355 403
355 515
355 799
355 921
356 407
356 481
356 569
356 580
356 589
356 616
356 623
356 664
356 704
356 707
356 709
356 723
356 728
356 756
356 764
356 785
356 794
356 804
356 844
356 876
356 891
356 897
356 917
356 925
356 933
356 936
356 939
356 975
357 382
357 386
357 411
357 452
357 466
357 468
357 472
357 481
357 483
357 548
357 637
357 640
357 649
357 730
357 733
357 740
357 770
357 796
357 841
357 994
358 362
358 399
358 400
358 441
358 485
358 519
358 530
358 542
358 547
358 586
358 608
358 615
358 627
358 629
358 634
358 636
358 670
358 694
358 703
358 719
358 787
358 844
358 850
358 858
358 871
358 880
358 969
358 984
359 377
359 379
359 383
359 396
359 426
359 428
359 431
359 474
359 590
359 706
359 732
359 736
359 738
359 813
359 814
359 863
359 878
359 929
359 947
359 952
359 958
359 991
360 477
360 519
360 623
360 651
360 712
360 756
360 782
360 827
360 856
360 877
360 888
360 936
360 945
361 450
361 552
361 667
361 696
361 728
361 767
361 793
361 807
361 857
361 867
362 388
362 399
362 441
362 463
362 485
362 519
362 551
362 615
362 634
362 670
362 681
362 787
362 824
362 894
362 907
362 972
363 376
363 403
363 544
363 574
363 582
363 659
363 761
363 793
363 859
363 868
363 905
363 948
364 379
364 414
364 500
364 502
364 509
364 668
364 684
364 781
364 788
364 875
364 914
364 955
364 970
365 375
365 407
365 423
365 424
365 459
365 528
365 529
365 537
365 541
365 575
365 580
365 604
365 612
365 623
365 638
365 687
365 731
365 747
365 755
365 765
365 785
365 789
365 844
365 853
365 892
365 905
365 922
365 984
366 387
366 452
366 468
366 546
366 617
366 641
366 649
366 711
366 718
366 730
366 755
366 770
366 820
367 485
367 494
367 650
367 656
367 695
367 750
367 766
367 768
367 774
367 791
367 912
367 921
368 495
368 561
368 574
368 582
368 634
368 686
368 766
368 900
368 911
368 961
368 991
369 434
369 446
369 463
369 711
369 807
369 828
369 873
369 931
370 532
370 638
370 646
370 663
370 721
370 794
370 829
370 886
370 908
371 650
371 652
371 743
371 805
371 912
372 573
372 758
372 805
372 891
373 405
373 423
373 528
373 535
373 616
373 623
373 638
373 843
373 942
374 392
374 444
374 456
374 510
374 520
374 643
374 769
374 775
374 783
374 894
374 900
374 910
375 541
375 612
375 638
375 785
375 795
376 378
376 403
376 574
376 582
376 648
376 715
376 725
376 757
376 764
376 766
376 786
376 798
376 911
376 923
376 948
376 961
377 380
377 421
377 465
377 504
377 506
377 524
377 535
377 545
377 588
377 641
377 656
377 663
377 758
377 788
377 801
377 904
377 907
377 910
378 411
378 495
378 534
378 574
378 582
378 594
378 654
378 689
378 812
378 878
378 945
378 961
378 984
379 412
379 414
379 466
379 530
379 543
379 684
379 781
379 914
379 979
380 391
380 393
380 504
380 506
380 641
380 656
380 699
380 730
380 801
380 815
380 819
380 826
380 868
380 902
380 910
380 911
380 982
381 454
381 567
381 571
381 584
381 671
381 754
381 794
381 809
381 857
381 943
381 984
382 386
382 452
382 466
382 468
382 472
382 478
382 481
382 519
382 537
382 558
382 563
382 583
382 607
382 619
382 640
382 711
382 718
382 733
382 740
382 755
382 770
382 796
382 841
382 860
382 967
382 994
383 396
383 402
383 419
383 428
383 447
383 458
383 508
383 597
383 668
383 682
383 691
383 783
383 814
383 852
383 947
383 949
383 952
383 956
383 960
383 976
384 400
384 463
384 492
384 516
384 526
384 546
384 561
384 654
384 678
384 732
384 873
384 909
384 915
384 978
385 419
385 454
385 455
385 467
385 514
385 587
385 783
385 824
385 825
385 864
385 906
385 964
386 452
386 466
386 468
386 472
386 619
386 622
386 640
386 711
386 730
386 743
386 755
386 770
386 830
386 849
386 860
386 875
387 396
387 430
387 520
387 772
387 900
388 390
388 425
388 622
388 649
388 693
388 737
388 752
388 835
388 894
389 518
389 622
389 645
389 671
389 674
389 765
389 774
389 784
389 785
389 803
389 809
389 952
389 984
390 398
390 660
390 666
390 700
390 727
390 749
390 874
390 896
391 397
391 421
391 425
391 465
391 469
391 504
391 588
391 607
391 676
391 786
391 801
391 831
391 904
391 907
391 910
391 955
392 511
392 520
392 549
392 558
392 563
392 615
392 661
392 670
392 683
392 753
392 754
392 769
392 778
392 783
392 787
392 821
392 849
392 927
393 422
393 448
393 453
393 519
393 583
393 597
393 652
393 702
393 722
393 798
393 836
393 946
394 448
394 460
394 478
394 505
394 562
394 583
394 597
394 673
394 710
394 722
394 919
395 432
395 444
395 451
395 454
395 456
395 467
395 498
395 514
395 566
395 587
395 629
395 741
395 748
395 802
395 859
395 874
395 889
395 969
395 1000
396 447
396 491
396 574
396 734
396 738
396 795
396 814
396 838
396 863
396 960
396 965
397 421
397 465
397 504
397 545
397 577
397 651
397 747
397 801
397 831
397 904
397 948
397 955
398 443
398 488
398 496
398 531
398 533
398 604
398 638
398 652
398 660
398 666
398 700
398 733
398 749
398 791
398 889
398 972
398 987
399 410
399 441
399 479
399 485
399 494
399 519
399 530
399 542
399 569
399 583
399 586
399 608
399 612
399 615
399 626
399 627
399 634
399 636
399 657
399 661
399 670
399 684
399 694
399 701
399 719
399 723
399 756
399 787
399 858
399 880
399 887
399 897
399 962
399 966
399 969
400 445
400 509
400 524
400 546
400 553
400 601
400 678
400 732
400 760
400 777
400 816
400 862
400 873
401 434
401 571
401 622
401 674
401 746
401 784
401 809
401 857
401 865
401 903
401 923
401 928
401 950
402 405
402 413
402 484
402 515
402 516
402 535
402 705
402 740
402 772
402 785
402 843
402 867
403 434
403 495
403 512
403 565
403 582
403 659
403 712
403 725
403 743
403 766
403 776
403 793
404 477
404 539
404 621
404 622
404 775
404 784
404 984
405 461
405 472
405 475
405 505
405 515
405 516
405 517
405 535
405 565
405 590
405 632
405 679
405 705
405 760
406 469
406 503
406 521
406 539
406 550
406 571
406 598
406 599
406 622
406 685
406 696
406 718
406 754
406 903
406 923
406 950
406 983
406 984
406 993
407 528
407 555
407 560
407 618
407 626
407 730
407 766
407 784
407 804
407 846
408 503
408 564
408 876
408 894
408 985
409 413
409 547
409 551
409 570
409 573
409 649
409 834
409 847
409 922
409 954
409 961
410 454
410 469
410 523
410 633
410 658
410 668
410 669
410 677
410 761
410 828
410 829
410 888
410 913
410 952
411 422
411 448
411 453
411 461
411 583
411 662
411 673
411 775
411 798
411 937
411 946
412 414
412 500
412 544
412 556
412 604
412 657
412 723
412 781
412 869
412 875
412 914
412 970
413 433
413 547
413 551
413 567
413 573
413 665
413 771
413 954
414 509
414 556
414 564
414 644
414 707
414 781
414 788
414 846
414 875
414 914
415 454
415 635
415 688
415 696
415 736
415 814
415 869
415 929
415 960
415 965
415 982
416 435
416 445
416 456
416 457
416 538
416 564
416 629
416 714
416 742
416 744
416 755
416 789
416 811
416 820
416 872
416 894
416 916
416 931
417 432
417 434
417 491
417 571
417 572
417 632
417 754
417 771
417 830
417 905
417 989
418 473
418 564
418 635
418 681
418 693
418 737
418 744
418 752
418 789
418 808
418 811
418 944
419 447
419 790
419 814
419 827
419 836
420 500
420 626
420 647
420 801
420 870
420 914
421 465
421 588
421 634
421 656
421 663
421 753
421 801
421 819
421 831
421 868
421 904
421 955
421 984
422 443
422 448
422 453
422 497
422 562
422 597
422 720
422 722
422 726
422 798
422 833
422 901
422 919
422 946
422 997
423 436
423 555
423 612
423 629
423 638
423 655
423 704
423 741
423 876
423 939
423 975
424 455
424 473
424 478
424 479
424 496
424 501
424 559
424 624
424 680
424 724
424 874
424 881
424 914
424 940
424 991
424 994
425 435
425 457
425 462
425 564
425 575
425 629
425 635
425 672
425 693
425 717
425 789
425 803
425 815
425 848
425 849
425 870
425 882
425 894
425 937
426 431
426 512
426 519
426 582
426 630
426 696
426 734
426 736
426 929
426 933
426 952
426 953
426 958
426 960
427 431
427 447
427 499
427 716
427 734
427 829
427 929
427 942
427 947
427 979
428 458
428 499
428 691
428 696
428 732
428 738
428 814
428 862
428 952
428 953
428 969
428 972
428 991
429 433
429 461
429 465
429 650
429 750
429 774
429 852
429 859
429 891
429 967
429 991
430 498
430 502
430 520
430 546
430 571
430 579
430 611
430 688
430 732
430 810
430 816
431 447
431 488
431 491
431 545
431 649
431 659
431 722
431 738
431 795
431 814
431 863
431 867
432 444
432 451
432 452
432 456
432 474
432 476
432 566
432 579
432 581
432 589
432 665
432 686
432 772
432 774
432 794
432 800
432 802
432 817
432 824
432 825
432 839
432 840
432 864
432 874
432 920
432 938
432 942
432 955
432 998
433 628
433 774
433 912
434 514
434 521
434 522
434 538
434 539
434 572
434 575
434 598
434 602
434 610
434 621
434 622
434 644
434 653
434 668
434 708
434 775
434 809
434 830
434 837
434 857
434 903
434 918
434 950
434 971
434 980
434 982
434 984
435 445
435 457
435 462
435 474
435 555
435 564
435 629
435 635
435 677
435 693
435 716
435 717
435 744
435 752
435 759
435 820
435 823
435 835
435 870
435 872
435 883
435 894
435 931
435 932
435 944
435 975
435 990
436 475
436 515
436 535
436 544
436 609
436 679
436 690
436 705
437 602
437 626
437 789
437 820
437 894
438 447
438 458
438 472
438 663
438 691
438 698
438 706
438 712
438 717
438 718
438 736
438 745
438 760
438 795
438 813
438 814
438 835
438 852
438 907
438 949
438 952
438 956
438 960
438 982
438 993
439 462
439 466
439 503
439 527
439 564
439 617
439 744
439 803
439 811
439 820
440 495
440 504
440 534
440 565
440 574
440 582
440 594
440 612
440 676
440 679
440 695
440 793
440 944
440 961
441 519
441 615
441 627
441 634
441 636
441 661
441 695
441 871
441 905
441 969
442 477
442 513
442 518
442 585
442 605
442 613
442 690
442 809
442 902
442 930
442 957
443 531
443 567
443 660
443 791
443 820
443 892
443 896
443 913
444 451
444 454
444 467
444 476
444 492
444 498
444 514
444 555
444 558
444 564
444 675
444 686
444 723
444 748
444 769
444 772
444 802
444 817
444 833
444 889
444 909
444 921
444 924
444 935
444 980
445 481
445 503
445 672
445 744
445 915
445 944
446 467
446 548
446 576
446 591
446 606
446 806
446 818
446 925
446 951
446 964
446 966
447 458
447 603
447 641
447 699
447 734
447 736
447 738
447 759
447 814
447 838
447 863
447 926
447 947
447 952
447 953
447 977
447 979
448 453
448 478
448 497
448 662
448 698
448 720
448 722
448 731
448 772
448 798
448 901
448 919
448 946
448 959
449 567
449 584
449 621
449 622
449 631
449 775
449 809
449 840
449 879
449 950
450 516
450 566
450 686
450 741
450 748
450 759
450 772
450 802
450 942
450 997
451 454
451 485
451 493
451 495
451 579
451 601
451 673
451 802
451 934
451 961
451 974
452 466
452 472
452 481
452 527
452 607
452 619
452 637
452 649
452 711
452 718
452 733
452 740
452 742
452 746
452 755
452 758
452 770
452 786
452 887
452 956
452 994
453 522
453 583
453 712
453 722
453 919
454 467
454 476
454 498
454 500
454 514
454 517
454 544
454 579
454 592
454 686
454 723
454 724
454 727
454 748
454 751
454 790
454 794
454 802
454 817
454 824
454 874
454 900
454 906
454 909
454 934
454 938
454 942
454 998
455 459
455 473
455 501
455 554
455 559
455 581
455 680
455 699
455 794
455 881
455 908
455 939
455 978
456 579
456 686
456 723
456 748
456 769
456 942
456 980
457 493
457 503
457 668
457 693
457 717
457 815
457 820
457 835
457 951
457 971
458 605
458 651
458 673
458 720
458 726
458 736
458 814
458 838
458 852
458 933
458 941
458 958
458 960
458 982
459 460
459 464
459 466
459 470
459 471
459 558
459 561
459 592
459 675
459 713
459 761
459 762
459 822
459 842
459 843
459 868
459 899
459 976
459 999
460 464
460 470
460 504
460 621
460 627
460 667
460 713
460 761
460 899
460 908
460 975
460 999
461 480
461 599
461 650
461 652
461 750
461 784
461 859
461 891
461 931
461 954
462 503
462 527
462 593
462 594
462 617
462 635
462 672
462 678
462 693
462 717
462 737
462 808
462 820
462 823
462 836
462 870
462 931
462 941
462 986
463 528
463 529
463 551
463 555
463 612
463 731
463 742
463 765
463 801
463 804
463 844
463 853
463 866
463 892
463 906
463 939
463 968
463 978
463 981
464 484
464 561
464 761
464 762
464 822
464 843
464 892
464 893
464 903
465 504
465 506
465 532
465 545
465 558
465 588
465 638
465 641
465 656
465 734
465 779
465 795
465 819
465 831
465 902
465 904
465 907
465 910
465 947
465 992
466 472
466 481
466 537
466 580
466 607
466 649
466 718
466 730
466 746
466 755
466 770
466 788
466 841
466 849
466 860
466 866
466 994
467 517
467 523
467 576
467 587
467 592
467 593
467 686
467 723
467 751
467 772
467 792
467 794
467 796
467 802
467 817
467 824
467 839
467 874
467 889
467 906
467 910
467 942
467 976
467 987
467 994
468 521
468 582
468 607
468 619
468 637
468 670
468 711
468 716
468 726
468 730
468 746
468 755
468 766
468 967
468 994
469 523
469 561
469 568
469 596
469 633
469 639
469 658
469 669
469 767
469 840
470 484
470 518
470 578
470 675
470 761
470 762
470 789
470 822
470 842
470 843
470 868
470 899
470 991
471 518
471 561
471 578
471 588
471 761
471 762
471 815
471 822
471 842
471 843
471 999
472 481
472 537
472 637
472 641
472 718
472 742
472 755
472 760
472 841
472 994
473 479
473 496
473 518
473 553
473 554
473 559
473 581
473 634
473 680
473 699
473 789
473 846
473 881
473 908
473 940
473 976
473 978
474 517
474 630
474 709
474 734
474 738
474 796
474 813
474 933
474 952
474 960
475 515
475 516
475 535
475 746
475 785
476 514
476 579
476 693
476 711
476 723
476 840
476 853
476 942
476 1000
477 489
477 508
477 525
477 651
477 776
477 782
477 814
477 861
477 862
477 888
477 901
477 936
477 945
478 514
478 535
478 583
478 804
478 833
478 919
479 501
479 554
479 559
479 568
479 582
479 680
479 699
479 835
479 846
479 881
479 952
480 532
480 570
480 603
480 646
480 721
480 724
480 783
480 799
480 886
480 904
480 968
480 985
481 501
481 537
481 607
481 619
481 634
481 637
481 640
481 649
481 711
481 718
481 730
481 731
481 733
481 740
481 742
481 755
481 770
481 796
481 841
481 860
481 967
481 994
482 536
482 563
482 579
482 769
482 783
482 876
482 900
482 930
482 947
483 498
483 517
483 566
483 587
483 686
483 790
483 942
484 493
484 518
484 540
484 561
484 578
484 596
484 675
484 677
484 761
484 762
484 822
484 843
484 868
484 893
485 507
485 519
485 521
485 530
485 542
485 557
485 608
485 615
485 617
485 627
485 634
485 661
485 670
485 695
485 701
485 719
485 756
485 787
485 850
485 858
485 876
485 880
485 887
485 939
485 956
485 962
485 969
486 569
486 579
486 649
486 697
486 704
486 757
486 785
486 804
486 812
486 851
487 521
487 528
487 541
487 555
487 580
487 612
487 638
487 664
487 785
487 786
487 844
487 856
487 880
487 897
487 951
488 640
488 651
488 660
488 712
488 782
488 804
488 841
488 888
489 552
489 555
489 620
489 651
489 659
489 776
489 888
489 919
489 962
490 521
490 621
490 622
490 653
490 708
490 754
490 775
490 857
491 621
491 632
491 750
491 869
491 926
491 952
492 526
492 546
492 689
492 890
492 915
492 953
492 997
493 583
493 585
493 605
493 613
493 690
493 715
493 745
493 784
493 881
493 930
494 590
494 743
494 750
494 758
494 774
494 857
494 941
495 534
495 574
495 582
495 596
495 625
495 659
495 663
495 766
495 905
495 911
495 948
495 961
495 989
496 501
496 559
496 581
496 625
496 649
496 699
496 700
496 743
496 846
496 908
496 937
496 940
496 943
496 978
496 984
497 535
497 562
497 583
497 597
497 615
497 634
497 812
497 821
497 831
497 919
498 514
498 517
498 592
498 686
498 723
498 727
498 741
498 772
498 775
498 777
498 802
498 817
498 824
498 825
498 835
498 839
498 901
498 904
498 920
498 938
498 942
498 980
499 583
499 639
499 658
499 668
499 737
499 744
499 829
500 543
500 555
500 556
500 647
500 657
500 788
500 879
500 914
500 953
500 970
501 529
501 559
501 577
501 581
501 624
501 656
501 699
501 881
501 912
501 978
502 631
502 785
502 806
502 807
502 918
503 504
503 527
503 564
503 578
503 617
503 629
503 632
503 635
503 710
503 737
503 744
503 820
503 986
503 990
503 996
504 547
504 630
504 656
504 663
504 836
504 904
504 907
504 955
504 972
505 515
505 535
505 931
505 987
506 540
506 545
506 588
506 641
506 656
506 753
506 801
506 902
506 907
506 910
506 955
506 992
507 603
507 667
507 668
507 724
507 799
507 836
507 954
507 985
508 691
508 734
508 754
508 812
508 852
508 869
508 870
508 896
508 952
508 956
508 965
508 982
509 543
509 556
509 565
509 647
509 682
509 688
509 781
509 970
510 558
510 563
510 568
510 583
510 638
510 769
510 783
510 797
510 821
510 900
510 927
511 558
511 617
511 670
511 723
511 753
511 774
511 783
511 836
511 841
511 850
511 900
511 993
512 534
512 565
512 582
512 911
512 961
513 600
513 605
513 613
513 690
513 845
513 957
513 973
514 517
514 564
514 566
514 579
514 587
514 592
514 648
514 723
514 727
514 741
514 748
514 751
514 794
514 800
514 807
514 822
514 825
514 839
514 840
514 853
514 874
514 906
514 920
514 921
514 927
514 938
514 942
514 978
514 980
514 994
514 998
514 1000
515 516
515 535
515 568
515 574
515 590
515 609
515 659
515 679
515 705
515 743
515 818
515 873
515 983
516 535
516 555
516 590
516 661
516 679
516 705
516 708
516 769
516 771
516 843
516 924
517 526
517 566
517 593
517 686
517 723
517 800
517 802
517 816
517 825
517 906
517 921
517 934
517 995
517 1000
518 540
518 578
518 761
518 868
518 991
518 1000
519 557
519 578
519 608
519 615
519 626
519 627
519 634
519 636
519 661
519 670
519 690
519 694
519 695
519 787
519 850
519 854
519 858
519 878
519 880
519 887
519 898
519 942
519 962
519 966
519 969
520 559
520 560
520 769
520 779
520 783
520 810
520 900
521 538
521 547
521 550
521 571
521 572
521 584
521 599
521 610
521 642
521 653
521 671
521 768
521 775
521 784
521 837
521 857
521 866
521 923
521 953
521 983
522 571
522 572
522 599
522 610
522 621
522 644
522 653
522 671
522 703
522 809
522 830
522 855
522 861
522 888
522 903
522 971
522 983
523 567
523 568
523 579
523 628
523 633
523 635
523 639
523 658
523 819
523 829
523 867
523 884
524 526
524 546
524 624
524 717
524 732
524 778
524 810
524 816
524 873
524 903
524 998
525 620
525 630
525 717
525 750
525 776
525 888
525 936
525 945
526 546
526 634
526 638
526 678
526 732
526 777
526 810
526 873
526 885
526 890
526 915
527 544
527 571
527 617
527 646
527 693
527 717
527 737
527 752
527 767
527 777
527 793
527 803
527 808
527 811
527 820
527 854
527 931
527 932
527 959
528 580
528 590
528 604
528 615
528 623
528 661
528 747
528 760
528 786
528 844
528 851
528 916
528 939
528 954
529 541
529 575
529 638
529 664
529 691
529 747
529 750
529 804
529 859
529 897
529 917
529 968
530 557
530 615
530 626
530 634
530 636
530 661
530 787
530 850
530 857
530 858
530 928
530 969
531 533
531 562
531 656
531 660
531 700
531 749
531 791
531 987
532 562
532 661
532 733
532 939
532 985
533 660
533 700
533 737
533 749
533 791
533 877
533 887
533 962
533 992
534 574
534 582
534 594
534 625
534 698
534 706
534 793
534 882
534 905
534 911
534 989
535 587
535 590
535 609
535 661
535 679
535 687
535 705
535 735
535 830
535 873
535 933
535 972
536 547
536 570
536 573
536 576
536 595
536 612
536 665
536 729
536 830
536 954
537 547
537 607
537 628
537 696
537 718
537 730
537 733
537 742
537 755
537 770
537 860
537 861
537 967
538 567
538 599
538 632
538 645
538 664
538 784
538 809
538 866
538 898
538 915
538 926
538 983
538 984
538 997
539 548
539 559
539 567
539 571
539 580
539 598
539 621
539 632
539 645
539 653
539 773
539 784
539 808
539 830
539 837
539 857
539 865
539 898
539 903
539 918
539 923
539 935
539 950
539 983
539 997
540 561
540 761
540 822
540 842
540 843
540 868
540 893
541 555
541 569
541 623
541 697
541 726
541 757
541 786
541 804
541 851
541 862
541 892
541 922
542 580
542 586
542 608
542 615
542 626
542 634
542 636
542 670
542 687
542 694
542 695
542 701
542 719
542 787
542 850
542 871
542 878
542 885
542 887
542 962
542 966
542 991
542 996
543 599
543 647
543 684
543 788
543 863
543 900
543 914
543 945
543 970
544 630
544 684
544 781
544 914
544 970
545 558
545 588
545 627
545 641
545 663
545 685
545 764
545 801
545 819
545 831
545 885
545 904
545 914
545 933
545 955
546 590
546 615
546 678
546 732
546 775
546 777
546 783
546 810
546 816
546 855
546 873
546 890
546 915
547 551
547 573
547 576
547 577
547 595
547 729
547 753
547 759
547 922
547 954
548 575
548 577
548 635
548 685
548 806
548 828
548 951
548 964
549 593
549 643
549 778
549 798
549 821
549 900
549 974
550 567
550 584
550 598
550 642
550 644
550 645
550 685
550 827
550 830
550 903
550 918
550 971
550 997
551 573
551 576
551 619
551 651
551 665
551 834
551 922
551 954
552 666
552 697
552 728
552 763
552 841
552 862
552 865
552 937
553 678
553 693
553 732
553 777
553 810
553 906
553 915
553 923
553 941
554 680
554 699
554 894
554 908
554 909
554 943
555 567
555 580
555 612
555 616
555 706
555 731
555 747
555 764
555 786
555 844
555 851
555 916
555 963
556 657
556 755
556 773
556 842
556 875
556 970
557 585
557 608
557 615
557 626
557 661
557 694
557 698
557 719
557 733
557 787
557 858
557 871
557 878
557 892
557 982
558 631
558 745
558 753
558 779
558 783
558 797
558 821
558 900
558 927
559 581
559 666
559 680
559 699
559 750
559 803
559 846
559 908
559 940
560 561
560 572
560 655
560 656
560 748
560 801
560 818
560 893
560 902
560 910
560 955
560 992
561 615
561 655
561 713
561 726
561 761
561 762
561 773
561 800
561 817
561 822
561 829
561 842
561 843
561 868
561 879
561 893
561 899
562 583
562 595
562 798
562 815
563 592
563 596
563 638
563 665
563 683
563 753
563 783
563 900
563 974
564 672
564 695
564 744
564 752
564 815
564 820
564 848
564 870
564 883
564 889
564 894
564 925
564 931
564 990
565 574
565 582
565 637
565 659
565 717
565 739
565 766
565 793
565 812
565 882
565 905
565 911
565 929
565 948
566 593
566 648
566 686
566 723
566 731
566 760
566 794
566 800
566 802
566 864
566 942
566 957
566 980
566 995
567 571
567 584
567 599
567 622
567 653
567 671
567 674
567 771
567 809
567 821
567 898
567 928
567 950
567 984
567 997
568 572
568 618
568 628
568 633
568 639
568 646
568 658
568 668
568 669
568 767
568 829
568 884
568 913
568 965
568 981
569 604
569 612
569 623
569 628
569 733
569 785
569 786
569 851
569 897
569 975
570 576
570 662
570 665
570 729
570 733
570 847
570 918
570 954
570 980
571 599
571 610
571 621
571 654
571 689
571 705
571 708
571 771
571 775
571 790
571 809
571 830
571 837
571 865
571 866
571 898
571 923
571 933
571 984
571 993
572 579
572 599
572 615
572 622
572 632
572 676
572 784
572 857
572 873
572 952
572 983
572 997
573 576
573 595
573 665
573 847
573 870
573 954
574 582
574 592
574 594
574 625
574 641
574 659
574 676
574 725
574 739
574 754
574 756
574 766
574 793
574 812
574 882
574 905
574 911
574 919
574 948
574 961
575 604
575 616
575 623
575 638
575 639
575 656
575 687
575 691
575 851
575 856
575 876
575 897
575 908
575 939
575 940
576 595
576 603
576 660
576 665
576 700
576 729
576 834
576 835
576 954
577 631
577 714
577 828
577 831
578 650
578 655
578 664
578 843
578 893
578 897
578 899
578 962
579 587
579 601
579 648
579 686
579 723
579 794
579 864
579 902
579 976
579 995
579 1000
580 747
580 760
580 786
580 844
580 857
580 971
581 624
581 680
581 699
581 849
581 857
581 940
581 943
581 978
581 995
582 625
582 646
582 659
582 663
582 676
582 725
582 731
582 739
582 766
582 793
582 874
582 882
582 911
582 946
582 961
582 989
583 597
583 662
583 673
583 720
583 722
583 798
583 833
583 843
583 901
583 959
584 642
584 644
584 647
584 652
584 708
584 857
584 923
584 977
584 997
585 600
585 605
585 613
585 689
585 690
585 692
585 715
585 734
585 746
585 788
585 845
585 930
585 957
585 972
585 973
586 627
586 670
586 750
586 850
586 858
586 871
586 880
586 912
587 593
587 608
587 686
587 727
587 741
587 751
587 772
587 790
587 794
587 800
587 802
587 874
587 886
587 938
587 980
587 998
587 1000
588 605
588 656
588 663
588 705
588 801
588 819
588 826
588 831
588 904
588 907
588 910
588 955
589 605
589 689
589 690
589 692
589 715
589 930
589 954
590 642
590 713
590 994
591 620
591 621
591 631
591 717
591 806
591 807
591 814
591 818
591 828
591 918
591 976
591 996
592 601
592 686
592 748
592 794
592 800
592 802
592 825
592 839
592 906
592 934
592 942
593 599
593 696
593 741
593 794
593 802
593 817
593 847
593 864
593 889
593 942
593 998
594 681
594 790
594 793
594 905
594 911
594 948
594 961
595 613
595 670
595 954
596 648
596 670
596 735
596 867
597 946
597 959
598 602
598 607
598 610
598 645
598 653
598 654
598 674
598 728
598 748
598 757
598 771
598 775
598 784
598 809
598 830
598 865
598 898
598 923
598 935
598 942
598 950
598 983
598 984
599 613
599 642
599 703
599 809
599 857
599 898
599 918
599 935
599 997
600 605
600 667
600 689
600 690
600 692
600 721
600 747
600 899
600 957
600 972
600 973
601 686
601 727
601 817
601 854
601 864
601 870
601 874
601 938
601 942
602 773
602 804
602 809
602 837
602 898
602 903
602 939
602 983
602 984
603 613
603 665
603 667
603 724
603 770
604 612
604 623
604 679
604 709
604 822
604 844
604 856
605 613
605 642
605 689
605 690
605 693
605 715
605 749
605 789
605 845
605 957
605 958
605 972
605 973
606 733
606 744
606 807
606 818
606 964
606 996
607 619
607 755
607 770
607 841
607 849
607 860
608 615
608 634
608 670
608 687
608 695
608 744
608 756
609 707
609 789
610 621
610 622
610 642
610 644
610 704
610 771
610 784
610 792
610 857
611 750
611 758
611 774
611 805
611 859
611 912
611 991
612 757
612 786
612 804
612 851
612 897
613 689
613 690
613 878
613 972
613 988
614 651
614 761
614 782
614 888
615 625
615 626
615 634
615 636
615 670
615 701
615 719
615 756
615 760
615 787
615 812
615 850
615 869
615 887
615 890
615 937
615 953
615 966
615 969
616 709
616 785
616 798
616 851
616 876
616 917
616 922
617 631
617 632
617 686
617 693
617 723
617 744
617 796
617 811
617 823
617 847
617 854
617 931
617 990
618 633
618 639
618 658
618 669
618 686
618 913
618 915
619 635
619 640
619 669
619 688
619 711
619 755
619 796
619 805
619 841
620 802
620 809
620 936
621 622
621 645
621 830
621 882
621 923
621 935
621 950
621 993
622 628
622 632
622 654
622 674
622 754
622 771
622 773
622 855
622 865
622 866
622 903
622 950
622 983
622 993
623 687
623 704
623 786
623 835
623 884
623 897
623 898
623 963
624 699
624 846
624 881
624 908
624 909
624 940
624 943
624 978
624 986
625 631
625 659
625 793
625 845
625 856
625 869
625 923
625 948
626 634
626 695
626 787
626 834
626 858
626 871
626 969
627 636
627 645
627 672
627 787
627 847
627 850
627 962
628 635
628 639
628 649
628 658
628 677
628 767
628 896
629 737
629 744
629 752
629 759
629 795
629 820
629 823
629 854
629 855
629 870
629 872
629 883
629 895
629 932
629 944
629 990
629 997
630 696
630 714
630 725
630 736
630 745
630 814
630 836
630 908
630 929
630 947
630 952
630 958
631 638
631 659
631 714
631 730
631 763
631 807
631 828
631 949
631 951
631 964
631 996
632 653
632 752
632 771
632 784
632 857
632 923
632 981
632 984
632 993
633 639
633 668
633 686
633 703
633 737
633 884
633 913
633 960
634 661
634 670
634 695
634 701
634 780
634 787
634 850
634 871
634 880
634 882
634 915
634 962
634 969
634 977
635 657
635 672
635 693
635 699
635 717
635 744
635 752
635 823
635 848
635 883
635 894
635 931
636 661
636 670
636 701
636 781
636 813
636 850
636 858
636 927
636 962
636 964
636 969
636 994
637 730
637 733
637 755
637 791
637 841
637 898
637 994
638 664
638 687
638 707
638 726
638 731
638 757
638 760
638 765
638 785
638 844
638 856
638 973
638 981
639 658
639 668
639 669
639 677
639 767
639 829
639 884
639 913
639 922
639 951
639 965
640 711
640 730
640 733
640 742
640 755
640 770
640 849
640 934
641 656
641 663
641 826
641 831
641 846
641 874
641 904
641 910
641 915
641 955
641 992
642 830
642 857
642 895
642 903
642 935
642 984
643 683
643 778
643 797
643 821
643 886
643 986
644 784
644 809
644 830
644 855
644 857
644 916
644 918
644 984
644 997
645 773
645 821
645 830
645 898
645 903
645 976
645 988
646 667
646 724
646 819
646 886
646 929
647 657
647 684
647 823
647 914
648 654
648 686
648 751
648 824
648 994
649 718
649 730
649 733
649 742
649 746
649 755
649 796
649 841
650 652
650 743
650 750
650 758
650 774
650 912
651 782
651 783
651 854
651 877
651 888
651 936
651 945
651 952
652 701
652 743
652 750
652 758
652 774
652 859
652 891
652 912
653 731
653 784
653 807
653 809
653 830
653 857
653 870
653 883
653 918
653 922
653 984
653 993
654 748
654 754
654 761
654 786
654 865
654 903
654 950
654 984
655 730
655 761
655 822
655 842
655 843
655 850
655 868
655 879
655 899
655 919
655 946
656 663
656 682
656 725
656 819
656 902
656 904
656 907
656 910
656 955
656 992
657 684
657 793
657 849
657 875
657 914
657 970
658 668
658 669
658 677
658 755
658 829
658 832
658 841
658 884
658 902
658 911
658 913
658 989
659 676
659 739
659 793
659 882
659 905
659 989
660 700
660 749
660 896
661 787
661 871
661 878
661 966
661 969
662 789
662 798
662 901
662 946
662 959
663 720
663 801
663 831
663 904
663 907
663 910
663 987
663 992
664 687
664 760
664 804
664 851
664 922
665 729
665 783
665 847
665 880
665 910
665 919
665 922
665 923
665 954
666 700
666 749
666 791
666 976
667 677
667 699
667 724
667 755
667 830
667 853
667 886
667 985
667 988
668 669
668 829
668 830
668 884
668 943
669 767
669 806
669 829
669 884
669 913
670 697
670 738
670 756
670 761
670 850
670 868
670 878
670 913
670 944
670 962
671 703
671 709
671 790
671 811
671 830
671 928
671 983
672 693
672 737
672 744
672 820
672 872
673 711
673 806
674 685
674 744
674 951
675 761
675 762
675 784
675 822
675 843
675 893
676 793
676 911
677 767
677 832
678 732
678 777
678 816
678 868
678 885
678 890
679 763
679 873
679 944
680 940
681 807
681 844
681 851
681 876
681 892
682 688
682 716
682 736
682 745
682 827
682 836
682 863
682 867
682 869
682 902
682 929
682 953
682 965
682 975
683 736
683 769
683 783
683 897
684 781
684 788
684 914
685 761
685 809
685 830
685 984
686 723
686 751
686 772
686 790
686 797
686 798
686 802
686 817
686 824
686 825
686 839
686 851
686 864
686 889
686 909
686 921
686 922
686 938
686 942
686 995
686 998
687 726
687 765
687 828
687 916
688 696
688 711
688 782
688 876
688 903
689 690
689 692
689 710
689 715
689 845
689 870
689 900
689 904
689 930
689 972
689 973
690 692
690 714
690 715
690 729
690 788
690 882
690 926
690 957
690 972
690 1000
691 696
691 734
691 738
691 748
691 813
691 827
691 846
691 863
691 952
691 958
691 965
691 982
691 991
692 701
692 722
692 845
692 893
692 906
692 930
692 957
692 982
693 737
693 744
693 759
693 808
693 820
693 823
693 848
693 854
693 890
693 894
693 895
693 931
693 932
693 944
693 946
693 990
693 997
694 719
694 749
694 756
694 787
694 811
694 871
694 967
694 969
695 719
695 756
695 850
695 885
695 933
695 962
696 698
696 716
696 738
696 750
696 755
696 813
696 814
696 829
696 836
696 838
696 869
696 926
696 933
696 941
696 956
696 958
696 979
696 982
696 991
697 699
697 702
697 735
697 763
697 862
697 867
697 937
697 983
698 736
698 738
698 752
698 795
698 811
698 813
698 820
698 869
698 882
698 897
698 958
699 881
699 908
699 943
699 978
700 791
700 944
701 834
701 871
701 894
701 962
702 735
702 766
702 803
702 862
702 867
703 708
703 754
703 773
703 784
703 898
703 906
703 923
703 924
703 984
703 997
703 999
704 736
704 747
704 760
704 808
704 844
704 851
704 892
704 897
704 939
705 749
705 782
705 819
705 941
706 734
706 736
706 863
706 947
706 953
706 960
706 976
706 982
706 991
707 747
707 785
707 851
707 917
707 939
708 754
708 784
708 790
708 809
708 997
709 719
709 724
709 747
709 760
709 785
709 854
709 876
709 939
709 968
709 974
710 737
710 754
710 789
710 803
710 894
710 932
710 974
710 986
711 718
711 733
711 740
711 742
711 758
711 765
711 770
711 849
711 956
711 967
712 750
712 776
712 872
712 888
712 936
712 958
713 761
714 806
714 818
714 925
714 951
714 964
715 783
716 736
716 813
716 820
716 827
716 841
716 884
716 919
716 929
716 947
716 949
716 956
716 960
716 964
716 976
716 979
717 789
717 820
717 835
717 989
717 996
718 730
718 746
718 755
718 770
718 796
718 841
718 912
718 964
718 967
719 805
719 962
720 776
720 901
720 904
720 974
721 724
721 761
721 831
721 853
721 952
721 985
721 988
722 760
722 833
722 959
722 961
723 727
723 748
723 751
723 772
723 790
723 791
723 802
723 817
723 839
723 850
723 864
723 874
723 889
723 906
723 920
723 934
723 938
723 984
723 995
723 1000
724 950
724 972
724 992
725 793
725 886
725 911
725 961
725 984
725 989
726 785
726 952
727 800
727 840
727 875
727 934
728 735
728 763
728 777
728 854
728 867
728 962
729 755
729 826
729 916
729 922
729 954
730 740
730 742
730 746
730 755
730 777
730 778
730 796
730 841
730 860
730 863
730 967
730 994
731 785
731 804
731 851
731 858
731 897
731 983
732 777
732 805
732 810
732 873
732 946
733 742
733 755
733 770
733 841
734 736
734 745
734 760
734 812
734 813
734 814
734 863
735 780
735 861
735 862
735 867
735 870
735 926
736 814
736 818
736 852
736 941
736 949
736 1000
737 744
737 894
737 944
738 852
738 863
738 941
738 958
738 965
738 991
739 743
739 766
739 793
739 911
739 948
740 742
740 752
740 755
740 796
740 799
740 994
741 748
741 759
741 767
741 772
741 802
741 934
741 980
741 997
742 770
742 785
742 967
743 750
743 758
743 774
743 798
743 804
743 805
743 891
743 977
743 978
744 752
744 759
744 789
744 808
744 811
744 820
744 823
744 848
744 854
744 870
744 872
744 931
744 944
744 986
744 990
745 781
745 815
745 836
745 852
745 917
745 952
745 991
746 755
746 757
746 796
746 841
746 967
747 785
747 794
747 799
747 804
747 833
747 843
747 870
747 884
747 892
747 942
748 772
748 794
748 825
748 829
748 906
748 1000
749 791
749 889
749 896
749 987
750 774
750 859
750 891
750 912
751 780
751 802
751 934
752 789
752 820
752 875
752 895
752 948
752 990
753 769
753 778
753 783
753 824
753 873
753 889
753 900
753 955
754 771
754 773
754 775
754 784
754 809
754 837
754 857
754 866
754 882
754 918
754 923
754 983
754 990
755 770
755 796
755 812
755 822
755 841
755 849
755 872
755 967
755 993
755 994
756 788
756 836
756 858
756 878
756 887
756 888
756 966
757 785
757 856
757 875
757 950
757 951
758 774
758 805
758 859
758 860
759 786
759 811
759 820
759 835
759 872
759 897
760 785
760 851
760 931
761 789
761 842
761 843
761 868
761 875
761 879
761 893
761 899
761 999
762 822
762 843
763 780
763 796
764 786
764 802
764 897
764 928
764 934
765 780
765 786
765 810
765 851
765 897
765 963
766 793
766 970
767 829
767 832
768 774
768 809
768 891
768 977
769 779
769 783
769 797
769 821
769 850
769 881
769 927
769 958
770 796
770 841
770 849
770 994
771 775
771 830
771 866
772 802
772 824
772 829
772 873
772 909
772 921
772 934
772 980
772 1000
773 809
773 830
773 866
773 888
773 903
773 950
774 798
774 805
774 806
774 859
774 865
774 885
774 891
774 961
775 830
775 844
775 898
775 997
776 854
776 873
776 877
776 888
777 810
777 844
777 873
777 885
777 890
778 821
778 900
779 783
779 797
779 808
779 821
779 900
780 829
780 861
780 867
780 901
781 788
782 807
782 866
782 888
782 936
783 821
783 829
783 900
783 927
783 974
783 989
784 837
784 846
784 855
784 898
784 924
784 950
784 951
784 955
784 984
784 997
785 786
785 808
785 816
785 824
785 851
785 939
785 963
785 968
786 804
786 829
786 842
786 856
786 897
786 920
786 943
786 963
787 817
787 835
787 839
787 850
787 871
787 878
787 887
787 925
787 938
787 962
787 966
787 967
787 969
788 970
789 803
789 808
789 811
789 823
789 825
789 848
789 870
789 872
789 919
789 925
789 932
789 965
789 986
789 990
790 802
790 864
791 802
792 800
792 889
792 920
792 939
792 942
793 812
793 856
793 882
793 911
793 961
793 989
794 802
794 825
794 906
794 934
795 878
795 890
795 933
795 952
795 953
795 965
795 968
795 976
796 994
797 837
797 900
798 833
798 901
798 946
798 959
799 884
799 940
799 964
799 985
799 997
800 811
800 909
800 921
801 814
801 826
801 831
801 851
801 857
801 904
801 910
801 917
801 992
802 824
802 874
802 894
802 896
802 906
802 909
802 934
802 942
802 980
802 995
802 1000
803 810
803 811
803 864
803 931
803 986
804 844
804 856
804 867
804 917
804 939
804 963
804 975
805 816
805 940
805 984
806 807
806 828
806 865
806 917
806 942
806 944
806 951
806 964
806 996
807 828
807 951
807 996
808 835
808 854
808 990
809 827
809 830
809 838
809 857
809 898
809 918
809 928
809 935
809 950
809 971
809 993
810 816
810 873
810 915
811 925
812 841
812 911
813 814
813 838
813 922
813 947
813 976
814 869
814 878
814 926
814 958
814 976
814 979
814 984
814 991
815 883
815 931
815 947
815 981
816 953
817 830
817 840
817 899
817 934
817 1000
818 951
818 964
819 902
819 907
819 955
820 835
820 883
820 925
820 931
820 932
820 986
820 990
820 999
821 927
822 843
822 850
822 868
822 879
822 893
822 915
822 931
822 999
823 882
823 986
824 906
824 986
825 874
825 929
825 942
825 993
826 858
826 902
826 904
826 955
826 958
827 836
827 863
827 952
827 960
827 991
828 957
829 884
829 888
829 903
830 851
830 855
830 857
830 866
830 935
831 834
831 882
831 904
831 910
831 955
832 932
832 992
833 840
833 895
833 946
833 959
833 964
834 929
834 946
834 954
835 845
835 895
835 911
835 931
835 932
835 986
836 852
836 860
836 930
836 947
836 952
836 979
837 857
837 928
837 984
837 997
838 931
838 952
838 958
839 864
839 874
839 906
839 942
839 1000
840 842
840 864
840 874
840 893
840 894
840 914
840 938
840 942
840 1000
841 849
841 860
841 891
841 994
842 843
842 893
843 868
843 879
843 893
843 938
843 951
844 851
844 871
844 892
844 915
845 871
845 950
845 957
846 898
846 940
846 943
846 978
847 954
848 894
848 904
849 915
849 983
849 994
850 959
850 969
851 866
851 892
851 916
851 963
851 968
851 981
852 926
852 960
852 976
853 897
854 870
854 872
854 944
855 903
855 924
855 955
855 968
856 917
856 981
857 865
857 867
857 918
857 924
857 950
857 979
857 984
857 993
858 878
858 962
858 969
861 867
861 937
862 867
863 869
863 949
863 952
863 956
863 965
863 987
864 889
864 934
864 985
865 871
865 898
865 995
866 983
866 984
866 997
867 992
868 879
869 910
869 926
869 956
870 883
870 885
870 886
870 931
870 944
871 887
871 924
872 931
873 885
873 915
873 955
873 985
874 980
874 1000
876 897
876 945
877 888
877 936
878 891
880 900
880 969
882 911
882 961
883 885
883 894
883 925
883 944
884 913
885 941
886 972
887 962
887 966
887 975
888 894
888 936
888 937
888 945
891 912
891 987
891 998
892 897
892 982
893 999
894 895
894 940
894 990
894 991
896 947
896 987
897 916
897 917
897 929
897 963
897 981
898 906
898 918
898 923
898 924
898 971
898 984
898 993
898 997
899 916
899 974
900 929
900 974
902 904
902 955
902 989
903 984
904 910
904 955
904 961
904 992
905 948
905 961
906 912
906 934
906 970
907 979
908 943
911 939
911 948
911 954
911 961
913 991
914 970
915 994
916 969
918 927
918 983
918 997
919 946
919 959
920 942
920 988
921 1000
922 952
922 954
923 952
923 997
924 984
925 984
925 990
926 933
926 947
928 984
928 997
929 952
929 958
929 982
930 934
930 957
931 932
931 941
931 986
932 983
933 952
933 958
933 965
934 938
934 995
935 951
935 965
935 983
939 963
939 975
939 981
939 996
940 1000
942 1000
943 973
943 978
944 990
947 952
947 958
947 960
949 952
949 958
950 984
950 993
952 956
952 958
952 960
952 965
952 991
953 958
954 996
955 990
956 958
956 959
956 960
956 991
957 972
958 970
958 979
958 982
962 966
964 996
965 991
966 969
967 979
972 973
972 975
974 1000
985 988
