# LFR benchmark graph: regime=B mu=0.2 realization=1
# undirected, unweighted; 1-based node ids; each edge listed once.
1 8
1 43
1 51
1 70
1 80
1 85
1 110
1 202
1 263
1 340
1 341
1 358
1 383
1 404
1 458
1 459
1 545
1 551
1 557
1 588
1 620
1 728
1 836
1 934
1 941
1 962
1 963
2 56
2 62
2 86
2 130
2 150
2 158
2 210
2 239
2 318
2 343
2 359
2 361
2 382
2 466
2 476
2 538
2 566
2 593
2 611
2 703
2 724
2 743
2 874
2 879
2 918
3 37
3 49
3 65
3 74
3 79
3 99
3 132
3 255
3 287
3 317
3 357
3 361
3 522
3 539
3 549
3 559
3 585
3 605
3 626
3 692
3 719
3 723
3 740
3 750
3 766
3 792
3 814
3 830
3 833
3 840
3 867
3 908
3 957
3 968
3 971
3 990
4 10
4 28
4 35
4 118
4 243
4 296
4 426
4 443
4 518
4 598
4 646
4 701
4 725
4 739
4 750
4 774
4 809
4 835
4 856
4 933
4 961
5 15
5 31
5 55
5 81
5 213
5 216
5 337
5 372
5 410
5 446
5 468
5 537
5 589
5 603
5 631
5 662
5 683
5 833
5 839
5 844
5 845
5 847
5 891
5 913
5 928
6 15
6 17
6 32
6 77
6 114
6 159
6 171
6 185
6 190
6 197
6 231
6 273
6 274
6 306
6 317
6 333
6 362
6 368
6 375
6 377
6 414
6 424
6 431
6 435
6 465
6 479
6 505
6 627
6 648
6 678
6 805
6 821
6 886
6 887
6 898
6 926
6 991
7 44
7 91
7 117
7 147
7 179
7 191
7 209
7 232
7 240
7 250
7 270
7 329
7 413
7 470
7 491
7 564
7 571
7 870
7 973
7 979
7 984
8 43
8 51
8 70
8 80
8 85
8 105
8 202
8 340
8 341
8 346
8 383
8 502
8 551
8 595
8 626
8 638
8 647
8 676
8 757
8 817
8 844
8 857
8 911
8 962
8 963
9 95
9 128
9 132
9 172
9 181
9 222
9 273
9 318
9 332
9 348
9 418
9 419
9 422
9 429
9 436
9 449
9 550
9 633
9 638
9 686
9 739
9 808
9 858
9 887
9 892
9 946
9 977
10 35
10 84
10 118
10 273
10 291
10 426
10 428
10 487
10 518
10 555
10 598
10 764
10 774
10 794
10 808
10 835
10 933
10 940
11 23
11 87
11 89
11 138
11 447
11 488
11 495
11 643
11 653
11 749
11 773
11 785
11 786
11 793
11 803
11 815
11 917
11 921
11 943
11 945
12 19
12 66
12 96
12 152
12 199
12 201
12 228
12 233
12 242
12 245
12 371
12 431
12 482
12 600
12 630
12 709
12 730
12 823
12 860
12 983
13 22
13 66
13 149
13 175
13 177
13 243
13 278
13 300
13 387
13 399
13 412
13 495
13 531
13 534
13 539
13 558
13 594
13 617
13 645
13 648
13 654
13 663
13 681
13 688
13 710
13 741
13 755
13 772
13 781
13 784
13 802
13 806
13 829
13 830
13 871
13 880
13 952
13 966
13 986
14 37
14 49
14 54
14 65
14 78
14 255
14 263
14 287
14 301
14 314
14 382
14 510
14 539
14 543
14 565
14 585
14 605
14 608
14 749
14 756
14 787
14 800
14 813
14 833
14 867
14 939
14 957
14 971
15 93
15 172
15 311
15 372
15 449
15 537
15 589
15 632
15 633
15 847
15 892
15 913
16 118
16 145
16 178
16 348
16 371
16 389
16 496
16 517
16 530
16 568
16 653
16 668
16 764
16 831
16 914
16 971
17 86
17 119
17 135
17 149
17 158
17 169
17 197
17 203
17 246
17 248
17 283
17 317
17 318
17 340
17 368
17 377
17 414
17 431
17 435
17 438
17 443
17 446
17 462
17 465
17 499
17 501
17 530
17 554
17 557
17 624
17 634
17 642
17 649
17 651
17 682
17 685
17 687
17 693
17 821
17 850
17 882
17 887
17 893
17 898
17 941
17 948
17 980
17 995
17 997
18 39
18 220
18 234
18 250
18 310
18 319
18 386
18 408
18 415
18 497
18 530
18 540
18 585
18 664
18 670
18 675
18 685
18 725
18 837
18 846
18 848
18 905
18 989
19 230
19 266
19 268
19 353
19 408
19 415
19 438
19 508
19 530
19 540
19 543
19 553
19 581
19 664
19 725
19 862
19 958
19 975
19 994
20 44
20 45
20 78
20 91
20 147
20 169
20 177
20 204
20 209
20 224
20 241
20 250
20 270
20 409
20 413
20 454
20 491
20 520
20 523
20 571
20 594
20 595
20 619
20 688
20 726
20 734
20 751
20 753
20 816
20 848
20 903
20 979
21 140
21 172
21 173
21 197
21 225
21 264
21 290
21 320
21 324
21 357
21 486
21 510
21 607
21 768
21 789
21 792
21 794
21 838
21 853
21 857
21 872
21 886
22 56
22 104
22 169
22 180
22 243
22 259
22 280
22 286
22 337
22 374
22 439
22 442
22 457
22 498
22 584
22 594
22 660
22 663
22 711
22 732
22 801
22 806
22 868
22 898
22 923
22 988
23 138
23 272
23 371
23 394
23 466
23 573
23 574
23 631
23 653
23 708
23 716
23 760
23 793
23 803
23 837
23 851
23 861
23 978
24 61
24 72
24 73
24 77
24 98
24 99
24 134
24 144
24 249
24 320
24 338
24 423
24 469
24 527
24 598
24 601
24 632
24 694
24 730
24 741
24 760
24 870
24 909
24 996
25 76
25 82
25 151
25 161
25 193
25 215
25 218
25 223
25 264
25 269
25 297
25 299
25 331
25 379
25 380
25 409
25 457
25 479
25 487
25 488
25 560
25 567
25 579
25 584
25 609
25 643
25 714
25 737
25 739
25 759
25 764
25 826
25 842
25 863
25 868
25 873
25 939
25 955
25 964
25 975
26 51
26 95
26 156
26 162
26 172
26 222
26 234
26 242
26 256
26 286
26 332
26 418
26 443
26 629
26 637
26 686
26 701
26 706
26 749
26 834
26 858
26 919
26 930
26 951
26 959
27 73
27 94
27 140
27 272
27 281
27 310
27 326
27 346
27 358
27 377
27 437
27 460
27 466
27 496
27 582
27 587
27 590
27 612
27 704
27 709
27 715
27 738
27 791
27 828
27 871
27 921
27 992
27 993
28 118
28 196
28 263
28 293
28 518
28 521
28 545
28 555
28 598
28 643
28 680
28 719
28 774
28 780
28 826
28 835
29 120
29 223
29 336
29 389
29 409
29 509
29 568
29 614
29 645
29 668
29 702
29 718
29 771
29 797
30 57
30 111
30 131
30 136
30 143
30 148
30 176
30 223
30 378
30 453
30 472
30 497
30 544
30 573
30 592
30 606
30 646
30 692
30 729
30 908
30 944
30 963
31 35
31 93
31 197
31 213
31 216
31 372
31 410
31 418
31 476
31 537
31 656
31 710
31 828
31 845
31 898
31 913
32 159
32 169
32 185
32 231
32 248
32 431
32 445
32 446
32 465
32 595
32 663
32 678
32 682
32 734
32 757
32 775
32 822
32 886
32 926
32 995
33 36
33 39
33 45
33 52
33 137
33 141
33 146
33 186
33 236
33 393
33 555
33 647
33 881
33 911
34 65
34 75
34 123
34 148
34 182
34 229
34 263
34 296
34 304
34 354
34 420
34 448
34 477
34 513
34 680
34 742
34 763
35 68
35 83
35 114
35 116
35 117
35 118
35 274
35 283
35 291
35 361
35 403
35 404
35 416
35 429
35 433
35 484
35 518
35 521
35 545
35 555
35 576
35 642
35 665
35 675
35 683
35 717
35 774
35 780
35 794
35 808
35 810
35 826
35 835
35 850
35 860
35 863
35 866
35 873
35 927
35 933
35 940
35 954
35 961
36 45
36 108
36 137
36 236
36 294
36 311
36 500
36 645
36 670
36 713
36 739
36 780
36 862
36 881
36 900
36 938
37 49
37 54
37 65
37 74
37 118
37 121
37 145
37 207
37 236
37 250
37 287
37 314
37 330
37 446
37 522
37 535
37 539
37 556
37 559
37 565
37 585
37 605
37 611
37 698
37 716
37 719
37 723
37 726
37 740
37 748
37 750
37 752
37 756
37 766
37 778
37 787
37 800
37 833
37 840
37 867
37 902
37 934
37 957
37 968
37 971
37 990
37 992
38 90
38 131
38 136
38 160
38 166
38 208
38 265
38 268
38 296
38 318
38 354
38 424
38 463
38 472
38 562
38 573
38 583
38 592
38 606
38 610
38 658
38 667
38 674
38 677
38 789
38 825
38 866
38 888
38 944
39 41
39 57
39 119
39 122
39 230
39 266
39 386
39 408
39 438
39 456
39 467
39 483
39 508
39 530
39 574
39 690
39 702
39 725
39 843
39 862
39 899
39 920
39 971
39 991
40 109
40 132
40 532
40 533
40 546
40 557
40 604
40 605
40 669
40 684
40 745
40 757
40 849
40 893
40 936
41 57
41 63
41 77
41 83
41 115
41 157
41 254
41 388
41 398
41 415
41 438
41 491
41 503
41 530
41 581
41 635
41 655
41 662
41 671
41 702
41 725
41 768
41 804
41 828
41 835
41 848
41 862
41 897
41 899
41 905
41 987
41 991
42 84
42 184
42 221
42 345
42 349
42 352
42 458
42 524
42 553
42 569
42 659
42 819
42 869
42 895
43 47
43 51
43 70
43 80
43 84
43 85
43 110
43 153
43 188
43 202
43 335
43 340
43 341
43 342
43 346
43 349
43 368
43 383
43 417
43 419
43 441
43 458
43 459
43 463
43 551
43 554
43 557
43 588
43 595
43 626
43 644
43 690
43 693
43 720
43 788
43 817
43 823
43 844
43 849
43 878
43 884
43 890
43 899
43 900
43 920
43 934
43 962
43 963
44 117
44 124
44 131
44 147
44 149
44 179
44 204
44 211
44 244
44 250
44 270
44 277
44 353
44 359
44 373
44 411
44 413
44 431
44 514
44 520
44 564
44 571
44 619
44 636
44 640
44 692
44 699
44 700
44 726
44 751
44 775
44 816
44 840
44 884
44 925
44 946
44 979
44 981
44 984
44 986
45 52
45 108
45 114
45 137
45 143
45 236
45 240
45 244
45 245
45 264
45 289
45 393
45 408
45 430
45 483
45 572
45 579
45 591
45 595
45 639
45 670
45 768
45 780
45 849
45 900
45 938
45 990
46 59
46 72
46 79
46 98
46 99
46 144
46 227
46 249
46 275
46 281
46 284
46 423
46 439
46 450
46 469
46 527
46 577
46 601
46 611
46 614
46 709
46 747
46 749
46 779
46 786
46 885
46 909
46 912
46 998
47 51
47 70
47 85
47 202
47 260
47 340
47 392
47 441
47 551
47 557
47 588
47 693
47 725
47 764
47 823
47 844
47 924
47 934
47 962
47 980
48 138
48 270
48 272
48 358
48 371
48 529
48 593
48 708
48 760
48 764
48 773
48 778
48 785
48 786
48 793
48 803
48 858
48 923
48 943
48 944
48 978
49 79
49 255
49 287
49 314
49 326
49 378
49 522
49 535
49 539
49 556
49 605
49 612
49 624
49 716
49 719
49 740
49 752
49 763
49 766
49 778
49 787
49 800
49 814
49 833
49 867
49 916
49 934
49 957
49 968
50 63
50 69
50 98
50 138
50 139
50 167
50 237
50 279
50 327
50 345
50 407
50 451
50 461
50 493
50 507
50 548
50 566
50 580
50 596
50 609
50 611
50 613
50 615
50 619
50 622
50 642
50 680
50 704
50 733
50 796
50 811
50 863
50 883
50 906
50 931
50 932
50 985
51 70
51 80
51 84
51 85
51 91
51 115
51 197
51 200
51 202
51 242
51 340
51 342
51 383
51 441
51 458
51 551
51 554
51 557
51 627
51 653
51 690
51 693
51 732
51 817
51 844
51 848
51 962
51 984
52 108
52 137
52 141
52 165
52 236
52 237
52 238
52 240
52 256
52 291
52 294
52 381
52 388
52 427
52 430
52 500
52 572
52 591
52 603
52 700
52 713
52 722
52 768
52 881
52 893
52 900
52 911
52 938
52 972
52 994
53 104
53 105
53 244
53 282
53 283
53 297
53 316
53 387
53 412
53 461
53 534
53 541
53 615
53 638
53 692
53 735
53 741
53 777
53 788
53 795
53 802
53 806
53 836
53 856
53 871
53 878
53 937
54 112
54 186
54 270
54 287
54 312
54 314
54 539
54 579
54 588
54 605
54 716
54 740
54 749
54 752
54 778
54 813
54 814
54 833
55 81
55 211
55 213
55 269
55 428
55 437
55 459
55 539
55 603
55 668
55 782
55 839
55 847
55 891
55 913
56 104
56 165
56 180
56 183
56 186
56 195
56 229
56 259
56 260
56 280
56 282
56 307
56 365
56 412
56 437
56 440
56 448
56 461
56 517
56 542
56 587
56 594
56 597
56 629
56 648
56 663
56 735
56 741
56 752
56 757
56 788
56 806
56 829
56 851
56 853
56 856
56 878
56 937
56 966
56 973
56 988
56 989
57 89
57 144
57 211
57 237
57 261
57 268
57 322
57 443
57 456
57 467
57 508
57 530
57 635
57 671
57 694
57 712
57 897
57 899
57 913
57 914
57 924
57 991
58 98
58 199
58 251
58 301
58 318
58 356
58 366
58 514
58 652
58 655
58 695
58 708
58 769
58 775
58 785
58 786
58 793
58 837
58 861
58 917
58 943
59 88
59 111
59 113
59 123
59 178
59 348
59 389
59 405
59 491
59 496
59 509
59 518
59 602
59 626
59 655
59 668
59 756
59 771
59 776
59 783
59 789
59 797
59 831
59 896
60 76
60 269
60 342
60 379
60 444
60 452
60 488
60 533
60 560
60 584
60 597
60 643
60 676
60 764
60 810
60 873
60 964
60 975
61 77
61 98
61 99
61 134
61 262
61 275
61 402
61 423
61 476
61 486
61 572
61 581
61 601
61 694
61 909
61 912
61 927
61 998
62 64
62 86
62 112
62 129
62 133
62 150
62 158
62 253
62 359
62 361
62 382
62 397
62 406
62 419
62 436
62 485
62 486
62 490
62 543
62 593
62 616
62 625
62 635
62 650
62 673
62 724
62 743
62 748
62 767
62 782
62 787
62 807
62 864
62 873
62 874
62 875
62 879
62 904
62 918
62 947
62 976
63 106
63 154
63 167
63 171
63 198
63 237
63 327
63 407
63 507
63 517
63 572
63 611
63 622
63 642
63 728
63 733
63 740
63 796
63 932
64 86
64 129
64 130
64 133
64 150
64 158
64 210
64 253
64 342
64 359
64 373
64 382
64 411
64 466
64 476
64 485
64 520
64 566
64 568
64 578
64 623
64 675
64 683
64 703
64 712
64 724
64 743
64 782
64 812
64 837
64 867
64 875
64 879
64 904
64 918
64 963
64 976
65 79
65 182
65 287
65 330
65 363
65 384
65 535
65 539
65 559
65 564
65 565
65 605
65 719
65 723
65 749
65 787
65 800
65 833
65 867
65 886
65 957
65 960
65 968
65 990
66 96
66 152
66 199
66 228
66 233
66 242
66 245
66 428
66 482
66 645
66 711
66 778
66 819
66 841
66 844
66 860
66 965
66 967
66 983
67 70
67 110
67 125
67 235
67 269
67 319
67 352
67 427
67 444
67 446
67 474
67 561
67 597
67 645
67 657
67 818
67 822
67 954
68 114
68 158
68 386
68 400
68 519
68 521
68 555
68 780
68 810
68 835
68 940
68 941
68 961
69 100
69 106
69 167
69 237
69 385
69 433
69 478
69 493
69 533
69 596
69 609
69 611
69 615
69 622
69 636
69 642
69 661
69 761
69 811
69 883
69 931
69 932
69 946
69 951
70 85
70 110
70 148
70 187
70 202
70 262
70 263
70 340
70 341
70 346
70 417
70 441
70 458
70 459
70 551
70 554
70 557
70 595
70 635
70 669
70 679
70 690
70 693
70 696
70 697
70 720
70 772
70 817
70 823
70 844
70 854
70 866
70 879
70 902
70 934
70 962
70 963
70 976
71 95
71 114
71 118
71 326
71 366
71 403
71 426
71 545
71 641
71 680
71 774
71 780
71 798
71 826
71 835
71 961
71 978
72 77
72 98
72 99
72 134
72 220
72 235
72 249
72 262
72 298
72 340
72 355
72 402
72 423
72 439
72 453
72 475
72 506
72 527
72 577
72 586
72 589
72 601
72 632
72 640
72 694
72 754
72 870
72 909
72 996
73 97
73 110
73 177
73 204
73 321
73 326
73 358
73 392
73 801
73 921
73 993
74 243
74 287
74 314
74 402
74 408
74 539
74 559
74 563
74 565
74 605
74 619
74 645
74 665
74 690
74 716
74 719
74 740
74 749
74 752
74 756
74 778
74 787
74 800
74 813
74 819
74 906
74 908
74 957
75 122
75 148
75 160
75 176
75 182
75 206
75 225
75 247
75 462
75 472
75 511
75 533
75 573
75 583
75 592
75 606
75 610
75 658
75 667
75 676
75 798
75 914
75 935
75 938
76 297
76 331
76 437
76 457
76 487
76 490
76 502
76 505
76 532
76 646
76 697
76 714
76 750
76 757
76 764
76 777
76 842
76 873
76 939
76 964
77 84
77 98
77 99
77 134
77 144
77 227
77 397
77 423
77 666
77 694
77 730
77 779
77 792
77 870
77 909
78 95
78 310
78 326
78 358
78 370
78 582
78 612
78 618
78 629
78 642
78 654
78 709
78 790
78 791
78 811
79 87
79 105
79 247
79 255
79 287
79 411
79 539
79 556
79 559
79 565
79 716
79 719
79 723
79 740
79 749
79 750
79 766
79 787
79 796
79 806
79 813
79 814
79 833
79 840
79 867
79 929
79 957
79 968
79 971
80 110
80 153
80 202
80 263
80 335
80 340
80 341
80 342
80 345
80 346
80 383
80 417
80 441
80 458
80 480
80 518
80 557
80 593
80 693
80 709
80 753
80 757
80 823
80 844
80 847
80 934
80 962
80 963
80 995
81 213
81 311
81 346
81 372
81 430
81 537
81 572
81 738
81 847
81 891
81 937
82 218
82 269
82 315
82 487
82 516
82 566
82 757
82 764
82 783
82 835
82 842
82 873
82 936
83 104
83 135
83 163
83 194
83 225
83 238
83 257
83 260
83 278
83 375
83 387
83 400
83 412
83 448
83 495
83 541
83 645
83 729
83 732
83 737
83 777
83 781
83 788
83 795
83 806
83 851
83 856
83 878
83 911
83 949
84 85
84 169
84 184
84 342
84 383
84 458
84 537
84 551
84 554
84 557
84 844
84 905
84 962
85 148
85 153
85 190
85 216
85 219
85 263
85 265
85 287
85 299
85 335
85 340
85 341
85 342
85 346
85 383
85 417
85 441
85 458
85 551
85 554
85 557
85 588
85 594
85 595
85 693
85 738
85 817
85 823
85 844
85 932
85 934
85 962
85 963
86 112
86 150
86 158
86 246
86 382
86 406
86 448
86 466
86 476
86 485
86 492
86 505
86 566
86 592
86 593
86 602
86 612
86 616
86 623
86 683
86 724
86 812
86 875
86 904
86 908
86 918
86 976
86 987
87 138
87 143
87 164
87 243
87 265
87 272
87 301
87 356
87 371
87 394
87 407
87 447
87 495
87 510
87 529
87 562
87 570
87 653
87 768
87 769
87 773
87 785
87 786
87 787
87 803
87 815
87 837
87 861
87 917
87 945
87 966
87 975
87 978
87 979
88 145
88 290
88 295
88 302
88 320
88 324
88 385
88 409
88 534
88 741
88 770
88 809
88 820
88 915
89 272
89 281
89 301
89 356
89 533
89 636
89 652
89 708
89 760
89 766
89 773
89 785
89 786
89 815
89 854
89 917
89 943
89 945
89 978
90 126
90 131
90 135
90 136
90 142
90 148
90 160
90 182
90 185
90 214
90 226
90 267
90 298
90 299
90 303
90 351
90 365
90 366
90 391
90 407
90 420
90 434
90 463
90 482
90 533
90 562
90 587
90 667
90 742
90 781
90 822
90 868
90 884
90 928
90 944
90 952
90 989
91 111
91 117
91 124
91 149
91 179
91 209
91 224
91 244
91 250
91 277
91 307
91 353
91 413
91 444
91 454
91 457
91 459
91 489
91 514
91 520
91 530
91 537
91 564
91 571
91 619
91 620
91 630
91 692
91 775
91 816
91 836
91 903
91 979
91 981
91 984
92 101
92 157
92 223
92 264
92 295
92 298
92 320
92 357
92 396
92 437
92 571
92 644
92 651
92 853
92 894
92 949
92 992
93 213
93 311
93 410
93 450
93 490
93 589
93 620
93 621
93 631
93 743
93 839
93 847
93 891
94 131
94 252
94 310
94 320
94 326
94 544
94 587
94 718
94 754
94 791
94 832
94 892
94 970
95 128
95 143
95 156
95 164
95 168
95 196
95 197
95 222
95 256
95 273
95 275
95 309
95 318
95 332
95 347
95 405
95 411
95 418
95 422
95 429
95 439
95 443
95 452
95 489
95 503
95 525
95 536
95 571
95 605
95 633
95 634
95 637
95 638
95 686
95 689
95 691
95 701
95 706
95 707
95 721
95 742
95 758
95 785
95 834
95 858
95 919
95 930
95 945
95 946
95 950
95 951
95 977
95 999
96 199
96 228
96 242
96 245
96 600
96 672
96 841
96 946
96 965
96 967
96 974
97 173
97 191
97 206
97 235
97 260
97 319
97 325
97 331
97 363
97 367
97 474
97 515
97 638
97 657
98 99
98 134
98 144
98 154
98 192
98 220
98 222
98 227
98 241
98 262
98 275
98 284
98 338
98 347
98 355
98 397
98 401
98 402
98 423
98 439
98 450
98 469
98 475
98 480
98 506
98 527
98 577
98 581
98 627
98 647
98 694
98 701
98 730
98 754
98 779
98 870
98 909
98 912
98 940
98 977
98 996
98 998
99 112
99 123
99 134
99 220
99 249
99 262
99 275
99 277
99 284
99 291
99 337
99 338
99 355
99 363
99 397
99 401
99 402
99 428
99 439
99 449
99 453
99 466
99 469
99 475
99 506
99 527
99 571
99 577
99 584
99 601
99 632
99 647
99 694
99 730
99 747
99 754
99 779
99 792
99 847
99 870
99 878
99 912
99 968
99 996
99 998
100 173
100 271
100 329
100 357
100 378
100 391
100 412
100 420
100 445
100 477
100 502
100 528
100 610
100 799
100 866
100 889
100 935
100 944
100 948
100 989
101 345
101 383
101 481
101 512
101 544
101 553
101 569
101 572
101 575
101 673
101 721
101 746
101 816
101 819
101 871
101 895
101 908
101 909
101 939
102 140
102 157
102 173
102 212
102 315
102 353
102 376
102 385
102 398
102 412
102 461
102 573
102 672
102 678
102 685
102 758
102 786
102 818
102 820
102 838
102 850
102 852
102 879
102 902
102 907
102 910
102 915
102 922
102 958
102 991
102 992
102 994
103 148
103 212
103 225
103 295
103 354
103 357
103 568
103 581
103 644
103 651
103 724
103 758
103 838
103 894
103 902
103 918
103 949
104 150
104 173
104 174
104 186
104 217
104 229
104 243
104 260
104 278
104 280
104 293
104 303
104 316
104 342
104 495
104 519
104 574
104 597
104 602
104 645
104 663
104 688
104 732
104 741
104 762
104 784
104 801
104 856
104 871
104 949
104 991
105 112
105 129
105 130
105 156
105 158
105 361
105 372
105 373
105 382
105 466
105 476
105 485
105 553
105 652
105 782
105 918
105 944
105 976
106 139
106 180
106 312
106 327
106 361
106 451
106 493
106 507
106 542
106 574
106 580
106 596
106 608
106 609
106 611
106 613
106 615
106 636
106 642
106 661
106 863
106 932
106 985
107 109
107 159
107 219
107 300
107 339
107 532
107 546
107 630
107 669
107 849
107 917
107 1000
108 137
108 236
108 289
108 361
108 369
108 393
108 405
108 430
108 500
108 572
108 670
108 700
108 768
108 843
108 872
108 882
108 900
108 990
108 997
109 132
109 137
109 219
109 258
109 343
109 359
109 382
109 546
109 569
109 683
109 684
109 745
109 849
109 854
109 906
109 956
109 982
110 195
110 340
110 341
110 383
110 417
110 441
110 471
110 551
110 554
110 557
110 619
110 720
110 861
110 924
110 962
110 979
111 117
111 147
111 172
111 179
111 204
111 224
111 270
111 325
111 353
111 368
111 413
111 424
111 525
111 564
111 571
111 656
111 979
112 129
112 158
112 165
112 476
112 566
112 623
112 640
112 767
112 782
112 785
112 874
112 875
112 918
112 949
112 961
112 976
113 114
113 251
113 257
113 389
113 392
113 405
113 439
113 622
113 668
113 692
113 762
113 831
113 897
114 118
114 172
114 337
114 404
114 416
114 432
114 460
114 518
114 521
114 545
114 559
114 598
114 774
114 780
114 808
114 826
114 835
114 940
114 961
114 980
115 163
115 394
115 412
115 474
115 513
115 520
115 561
115 617
115 657
115 725
115 855
116 117
116 118
116 293
116 489
116 518
116 555
116 774
116 835
116 904
116 962
116 967
116 996
117 124
117 147
117 165
117 179
117 204
117 224
117 232
117 244
117 250
117 270
117 301
117 353
117 400
117 413
117 439
117 470
117 491
117 520
117 523
117 564
117 566
117 571
117 591
117 596
117 619
117 640
117 686
117 692
117 726
117 736
117 751
117 753
117 775
117 884
117 903
117 925
117 978
117 979
118 245
118 291
118 293
118 304
118 416
118 426
118 433
118 478
118 484
118 490
118 521
118 526
118 528
118 555
118 598
118 665
118 717
118 774
118 794
118 822
118 835
118 906
118 927
118 933
118 939
118 962
119 135
119 144
119 145
119 159
119 171
119 181
119 197
119 207
119 231
119 274
119 306
119 360
119 362
119 375
119 376
119 377
119 414
119 425
119 431
119 446
119 465
119 479
119 501
119 505
119 535
119 551
119 624
119 627
119 642
119 678
119 679
119 685
119 692
119 695
119 696
119 700
119 744
119 751
119 757
119 792
119 805
119 882
119 886
119 887
119 898
119 924
119 926
119 955
119 995
119 997
119 1000
120 160
120 326
120 389
120 390
120 445
120 496
120 509
120 517
120 831
121 192
121 312
121 371
121 468
121 493
121 608
121 609
121 611
121 615
121 622
121 761
121 796
121 811
121 855
121 863
121 883
122 184
122 352
122 444
122 512
122 553
122 569
122 575
122 615
122 622
122 664
122 673
122 905
123 239
123 336
123 348
123 392
123 440
123 496
123 509
123 517
123 568
123 602
123 629
123 718
123 771
123 783
123 944
124 179
124 246
124 250
124 270
124 272
124 275
124 404
124 413
124 470
124 491
124 513
124 520
124 523
124 564
124 571
124 596
124 667
124 668
124 692
124 716
124 775
124 979
125 191
125 198
125 235
125 328
125 341
125 367
125 404
125 427
125 474
125 515
125 518
125 561
125 617
125 657
125 721
125 745
125 755
125 822
125 855
125 929
125 972
126 241
126 247
126 304
126 365
126 430
126 463
126 477
126 533
126 710
126 742
126 797
126 798
126 876
126 908
126 922
126 935
126 953
127 163
127 195
127 243
127 257
127 260
127 434
127 531
127 542
127 550
127 574
127 601
127 623
127 781
127 784
127 788
127 843
127 882
127 895
127 937
127 940
127 953
128 162
128 172
128 253
128 256
128 272
128 273
128 356
128 365
128 422
128 443
128 449
128 520
128 536
128 550
128 581
128 638
128 686
128 698
128 834
128 946
128 951
129 130
129 133
129 158
129 210
129 239
129 270
129 283
129 351
129 359
129 361
129 382
129 406
129 465
129 466
129 476
129 566
129 593
129 616
129 703
129 711
129 727
129 731
129 748
129 759
129 767
129 782
129 812
129 828
129 874
129 879
129 918
129 944
129 976
130 158
130 298
130 382
130 461
130 476
130 485
130 508
130 610
130 630
130 650
130 724
130 745
130 771
130 874
130 976
131 136
131 147
131 170
131 208
131 213
131 223
131 304
131 354
131 380
131 434
131 472
131 497
131 520
131 544
131 573
131 599
131 610
131 642
131 646
131 667
131 773
131 811
131 844
131 864
131 898
132 154
132 219
132 237
132 292
132 300
132 343
132 504
132 546
132 571
132 604
132 638
132 639
132 669
132 745
132 764
132 849
132 854
132 858
132 906
132 936
132 956
132 982
133 158
133 361
133 382
133 406
133 466
133 476
133 566
133 622
133 623
133 724
133 743
133 782
133 874
133 904
133 976
134 144
134 155
134 196
134 227
134 241
134 275
134 278
134 318
134 338
134 348
134 355
134 383
134 401
134 423
134 439
134 450
134 453
134 461
134 466
134 469
134 475
134 500
134 586
134 632
134 647
134 694
134 779
134 888
134 891
134 909
134 912
134 937
134 998
135 181
135 185
135 197
135 243
135 375
135 377
135 379
135 413
135 425
135 465
135 634
135 695
135 737
135 753
135 821
135 886
135 887
135 898
135 924
135 926
135 941
135 1000
136 176
136 266
136 296
136 351
136 354
136 395
136 420
136 425
136 472
136 542
136 562
136 606
136 646
136 665
136 680
136 691
136 738
136 742
136 743
136 798
136 809
136 864
136 872
136 883
136 901
136 935
136 942
136 944
136 989
137 165
137 236
137 238
137 240
137 274
137 289
137 294
137 456
137 500
137 591
137 670
137 700
137 713
137 722
137 768
137 835
137 881
137 893
137 900
137 911
137 915
137 920
137 929
138 143
138 201
138 265
138 272
138 279
138 301
138 350
138 356
138 368
138 371
138 394
138 447
138 498
138 522
138 525
138 529
138 552
138 555
138 570
138 652
138 666
138 681
138 696
138 708
138 720
138 722
138 724
138 744
138 760
138 769
138 773
138 785
138 786
138 793
138 803
138 815
138 837
138 857
138 861
138 914
138 917
138 923
138 943
138 945
138 951
138 978
139 154
139 209
139 237
139 238
139 269
139 305
139 347
139 451
139 493
139 507
139 580
139 609
139 611
139 615
139 622
139 625
139 642
139 677
139 724
139 783
139 791
139 813
139 861
139 868
139 883
139 912
139 931
139 932
140 157
140 160
140 173
140 185
140 190
140 194
140 195
140 252
140 279
140 285
140 295
140 307
140 320
140 324
140 340
140 396
140 428
140 437
140 570
140 571
140 667
140 745
140 755
140 776
140 820
140 832
140 838
140 852
140 865
140 869
140 885
140 902
141 240
141 260
141 269
141 289
141 294
141 329
141 388
141 393
141 430
141 574
141 651
141 670
141 700
141 712
141 881
141 900
141 911
141 991
142 160
142 166
142 176
142 260
142 288
142 463
142 562
142 573
142 610
142 658
142 664
142 677
142 705
142 913
142 926
143 190
143 222
143 251
143 265
143 272
143 301
143 356
143 450
143 525
143 687
143 752
143 769
143 798
143 803
143 857
143 943
144 249
144 275
144 280
144 338
144 423
144 475
144 527
144 577
144 601
144 644
144 727
144 730
144 779
144 901
144 996
145 187
145 226
145 261
145 266
145 349
145 386
145 408
145 415
145 429
145 456
145 467
145 471
145 483
145 508
145 525
145 530
145 540
145 543
145 581
145 607
145 643
145 662
145 712
145 725
145 823
145 848
145 897
145 920
145 942
146 281
146 380
146 449
146 487
146 488
146 547
146 549
146 550
146 567
146 584
146 623
146 643
146 737
146 764
146 806
146 835
146 842
146 846
146 873
146 892
146 939
146 954
146 972
146 975
147 179
147 204
147 209
147 244
147 250
147 270
147 277
147 346
147 413
147 455
147 458
147 474
147 491
147 514
147 520
147 523
147 549
147 571
147 619
147 620
147 692
147 701
147 766
147 816
147 847
147 852
147 884
147 903
147 925
147 966
147 979
147 981
147 984
148 166
148 170
148 175
148 204
148 206
148 208
148 242
148 288
148 299
148 354
148 391
148 395
148 420
148 424
148 472
148 477
148 505
148 533
148 537
148 548
148 567
148 573
148 578
148 583
148 592
148 606
148 637
148 667
148 675
148 676
148 677
148 680
148 699
148 705
148 714
148 724
148 738
148 755
148 764
148 783
148 798
148 809
148 908
148 935
148 942
148 952
148 960
149 179
149 390
149 413
149 520
149 523
149 530
149 692
149 825
149 961
149 979
150 378
150 485
150 527
150 553
150 558
150 566
150 570
150 616
150 642
150 724
150 731
150 735
150 812
150 918
150 932
150 976
151 198
151 281
151 306
151 487
151 552
151 584
151 737
151 739
151 762
151 764
151 820
151 842
151 846
151 873
151 892
151 947
151 975
152 201
152 228
152 242
152 356
152 482
152 513
152 514
152 630
152 738
152 841
152 944
152 967
152 974
153 202
153 269
153 277
153 318
153 335
153 340
153 383
153 508
153 554
153 557
153 618
153 690
153 778
153 823
153 841
154 178
154 183
154 237
154 481
154 493
154 507
154 580
154 611
154 613
154 615
154 636
154 641
154 642
154 728
154 761
154 796
154 863
154 883
154 889
154 932
155 163
155 212
155 220
155 225
155 276
155 295
155 307
155 315
155 384
155 390
155 412
155 644
155 651
155 653
155 672
155 792
155 795
155 832
155 872
155 885
155 907
155 922
156 168
156 197
156 207
156 234
156 295
156 347
156 395
156 418
156 443
156 449
156 536
156 543
156 549
156 629
156 659
156 686
156 701
156 706
156 707
156 729
156 811
156 858
156 877
156 930
156 932
156 946
156 951
156 959
157 203
157 212
157 251
157 252
157 258
157 264
157 295
157 305
157 306
157 324
157 384
157 409
157 440
157 486
157 571
157 644
157 651
157 654
157 672
157 710
157 734
157 792
157 806
157 820
157 826
157 853
157 865
157 907
157 910
158 196
158 210
158 239
158 245
158 253
158 295
158 359
158 361
158 373
158 382
158 402
158 464
158 476
158 485
158 566
158 616
158 623
158 650
158 683
158 724
158 727
158 731
158 748
158 767
158 852
158 866
158 874
158 875
158 879
158 904
158 918
158 995
159 169
159 171
159 181
159 185
159 190
159 246
159 274
159 362
159 375
159 444
159 465
159 479
159 488
159 501
159 582
159 604
159 624
159 678
159 679
159 685
159 696
159 736
159 757
159 882
159 898
159 926
159 941
159 943
159 964
160 176
160 208
160 486
160 493
160 529
160 533
160 667
160 688
160 781
160 789
160 825
160 920
160 928
161 181
161 189
161 269
161 340
161 413
161 446
161 487
161 488
161 490
161 567
161 584
161 641
161 764
161 810
161 873
161 975
161 987
162 234
162 260
162 309
162 332
162 489
162 503
162 536
162 610
162 659
162 674
162 741
162 816
162 828
162 834
162 844
162 858
162 930
162 946
163 180
163 182
163 243
163 260
163 316
163 461
163 528
163 558
163 574
163 631
163 686
163 741
163 757
163 801
163 856
164 332
164 411
164 415
164 421
164 432
164 449
164 489
164 530
164 536
164 563
164 629
164 633
164 637
164 659
164 671
164 686
164 858
164 951
165 168
165 236
165 240
165 258
165 289
165 388
165 430
165 659
165 670
165 700
165 767
165 768
165 799
165 801
166 303
166 354
166 456
166 511
166 562
166 567
166 583
166 667
166 676
166 732
166 769
166 798
166 809
166 905
166 989
167 222
167 293
167 330
167 451
167 493
167 596
167 609
167 611
167 622
167 642
167 728
167 932
168 172
168 196
168 227
168 234
168 382
168 421
168 422
168 443
168 449
168 489
168 576
168 629
168 637
168 638
168 674
168 756
168 858
168 930
168 983
169 197
169 248
169 346
169 377
169 386
169 435
169 462
169 465
169 634
169 757
169 865
169 873
169 941
170 182
170 223
170 311
170 354
170 433
170 463
170 540
170 592
170 676
170 705
170 755
170 757
170 789
170 818
170 823
170 825
170 866
170 948
171 181
171 197
171 231
171 248
171 317
171 431
171 501
171 571
171 644
171 678
171 887
171 898
171 926
171 985
172 222
172 234
172 256
172 313
172 327
172 332
172 347
172 394
172 411
172 418
172 419
172 421
172 422
172 436
172 443
172 449
172 482
172 494
172 503
172 536
172 547
172 563
172 565
172 633
172 659
172 674
172 686
172 691
172 701
172 729
172 858
172 919
172 930
172 931
172 950
172 951
173 260
173 276
173 290
173 302
173 445
173 486
173 644
173 651
173 710
173 734
173 801
173 838
173 852
173 862
173 901
173 902
173 915
173 922
173 946
174 200
174 257
174 259
174 280
174 329
174 361
174 400
174 412
174 422
174 461
174 531
174 541
174 558
174 616
174 688
174 710
174 760
174 788
175 223
175 264
175 354
175 398
175 458
175 552
175 578
175 583
175 601
175 606
175 646
175 667
175 789
175 944
175 963
175 989
176 194
176 273
176 395
176 420
176 434
176 496
176 562
176 592
176 610
176 675
176 738
176 789
176 798
176 864
176 866
177 180
177 259
177 260
177 282
177 286
177 333
177 337
177 387
177 412
177 430
177 461
177 542
177 576
177 580
177 583
177 609
177 663
177 688
177 737
177 762
177 781
177 784
177 788
177 829
177 830
177 856
177 871
177 880
177 892
177 918
177 973
178 336
178 372
178 389
178 390
178 392
178 440
178 509
178 517
178 520
178 602
178 637
178 718
178 771
178 783
178 831
178 841
178 931
178 932
179 204
179 209
179 223
179 224
179 232
179 250
179 270
179 277
179 353
179 413
179 454
179 455
179 469
179 512
179 513
179 514
179 523
179 564
179 571
179 619
179 641
179 692
179 810
179 816
179 859
179 864
179 883
179 925
179 981
179 984
180 183
180 191
180 195
180 200
180 205
180 243
180 259
180 280
180 333
180 337
180 442
180 495
180 542
180 570
180 635
180 645
180 660
180 688
180 741
180 781
180 784
180 795
180 797
180 829
180 843
180 856
180 864
180 878
180 880
180 985
180 986
181 184
181 190
181 197
181 248
181 356
181 360
181 425
181 431
181 435
181 462
181 465
181 479
181 505
181 623
181 678
181 757
181 819
181 851
181 882
181 887
181 924
181 939
181 980
181 988
181 996
181 997
182 208
182 215
182 223
182 226
182 241
182 271
182 303
182 304
182 319
182 346
182 354
182 365
182 395
182 420
182 425
182 477
182 497
182 533
182 544
182 548
182 583
182 592
182 606
182 610
182 667
182 675
182 677
182 690
182 755
182 774
182 789
182 796
182 798
182 825
182 868
182 909
182 928
182 937
182 944
182 975
182 992
183 195
183 219
183 260
183 263
183 400
183 412
183 423
183 455
183 465
183 541
183 542
183 574
183 612
183 663
183 878
183 925
184 221
184 237
184 345
184 349
184 369
184 477
184 512
184 553
184 575
184 576
184 712
184 895
185 316
185 360
185 376
185 427
185 435
185 446
185 465
185 492
185 505
185 685
185 757
185 760
185 778
185 784
185 805
185 882
185 886
185 887
185 898
185 980
185 997
186 195
186 211
186 243
186 257
186 418
186 502
186 519
186 629
186 648
186 688
186 706
186 728
186 732
186 740
186 781
186 788
186 801
186 806
186 827
186 830
186 953
186 957
186 973
186 988
187 270
187 311
187 386
187 415
187 581
187 678
187 686
187 712
187 725
187 804
187 881
187 920
188 202
188 297
188 335
188 340
188 341
188 383
188 554
188 557
188 702
188 792
188 794
188 811
188 823
188 866
188 934
188 962
189 218
189 224
189 269
189 291
189 379
189 380
189 457
189 487
189 502
189 560
189 584
189 641
189 726
189 737
189 739
189 764
189 805
189 841
189 842
189 848
189 873
189 890
189 939
189 955
189 964
190 197
190 218
190 269
190 306
190 366
190 368
190 376
190 414
190 435
190 648
190 882
190 887
190 898
190 995
191 198
191 235
191 319
191 325
191 363
191 411
191 515
191 523
191 531
191 586
191 617
191 657
191 753
191 855
191 929
191 935
191 954
192 195
192 269
192 406
192 412
192 413
192 502
192 528
192 534
192 575
192 597
192 645
192 710
192 711
192 781
192 784
193 202
193 218
193 269
193 329
193 331
193 379
193 390
193 451
193 487
193 531
193 584
193 718
193 764
193 806
193 890
193 964
193 974
194 195
194 197
194 243
194 267
194 337
194 400
194 419
194 442
194 597
194 649
194 654
194 688
194 708
194 732
194 735
194 741
194 777
194 827
194 830
194 856
194 871
194 872
194 988
195 229
195 243
195 280
195 282
195 283
195 286
195 290
195 339
195 412
195 415
195 440
195 461
195 492
195 494
195 498
195 531
195 541
195 645
195 649
195 654
195 735
195 772
195 781
195 784
195 788
195 802
195 848
195 871
195 875
195 880
195 937
195 952
195 973
196 234
196 256
196 273
196 318
196 347
196 392
196 421
196 422
196 443
196 489
196 550
196 636
196 659
196 680
196 685
196 689
196 701
196 707
196 721
196 751
196 858
196 899
196 950
196 951
196 959
196 964
197 231
197 277
197 306
197 313
197 317
197 360
197 375
197 431
197 446
197 479
197 492
197 499
197 501
197 624
197 627
197 628
197 632
197 634
197 678
197 682
197 685
197 687
197 792
197 805
197 821
197 866
197 882
197 886
197 932
197 941
197 944
197 995
198 319
198 367
198 444
198 474
198 484
198 515
198 584
198 852
198 858
198 898
198 954
199 201
199 213
199 228
199 234
199 238
199 264
199 346
199 350
199 451
199 517
199 583
199 630
199 646
199 841
199 860
199 965
199 967
199 974
200 221
200 260
200 542
200 620
200 645
200 663
200 699
200 711
200 781
200 801
200 804
200 854
200 888
201 228
201 233
201 242
201 245
201 350
201 379
201 399
201 469
201 482
201 563
201 780
201 803
201 841
201 860
201 974
201 983
202 263
202 335
202 340
202 341
202 342
202 383
202 417
202 458
202 459
202 551
202 554
202 557
202 588
202 595
202 598
202 604
202 662
202 690
202 720
202 755
202 808
202 823
202 835
202 844
202 932
202 956
202 962
203 252
203 264
203 279
203 286
203 295
203 305
203 307
203 357
203 379
203 409
203 582
203 688
203 758
203 764
203 792
203 838
203 864
203 865
203 907
203 915
203 922
204 209
204 244
204 250
204 413
204 475
204 514
204 520
204 571
204 775
205 213
205 225
205 258
205 275
205 285
205 324
205 354
205 385
205 409
205 473
205 615
205 672
205 776
205 838
205 869
205 874
205 915
205 922
205 944
205 958
205 994
206 354
206 544
206 562
206 586
206 610
206 667
206 676
206 677
206 738
206 790
206 809
206 825
206 983
207 243
207 491
207 584
207 632
207 641
207 708
207 764
207 806
208 234
208 241
208 400
208 420
208 562
208 610
208 789
208 803
208 809
208 825
208 866
208 908
208 914
208 989
209 244
209 250
209 413
209 454
209 470
209 491
209 520
209 523
209 535
209 571
209 726
209 751
209 753
209 813
209 871
209 962
209 979
210 361
210 382
210 466
210 566
210 661
210 724
210 938
210 976
211 328
211 386
211 415
211 467
211 508
211 530
211 581
211 635
211 671
211 715
211 725
211 804
211 862
211 991
212 295
212 324
212 357
212 466
212 481
212 491
212 497
212 570
212 632
212 770
212 776
212 792
212 838
212 844
212 915
213 216
213 278
213 311
213 323
213 359
213 372
213 454
213 468
213 603
213 621
213 631
213 781
213 839
213 845
213 847
213 891
213 903
213 913
214 231
214 322
214 354
214 457
214 562
214 573
214 583
214 599
214 646
214 675
214 676
214 825
214 895
214 913
214 924
215 379
215 464
215 481
215 487
215 488
215 516
215 560
215 584
215 618
215 666
215 764
215 842
215 873
215 890
215 939
215 964
216 306
216 311
216 371
216 440
216 537
216 589
216 603
216 621
216 669
216 763
216 822
216 839
216 845
216 847
216 891
216 913
216 919
217 260
217 337
217 460
217 461
217 519
217 520
217 531
217 541
217 542
217 593
217 597
217 648
217 688
217 710
217 732
217 801
217 877
217 966
218 269
218 281
218 288
218 297
218 329
218 331
218 337
218 379
218 380
218 464
218 487
218 490
218 500
218 510
218 516
218 526
218 560
218 567
218 584
218 643
218 687
218 694
218 697
218 737
218 764
218 824
218 842
218 846
218 892
218 906
218 934
218 939
218 940
218 964
218 972
218 975
219 292
219 300
219 324
219 339
219 343
219 364
219 412
219 494
219 504
219 505
219 532
219 590
219 604
219 639
219 669
219 670
219 745
219 849
219 854
219 900
219 936
219 956
219 982
220 249
220 355
220 370
220 577
220 601
220 909
220 912
221 252
221 345
221 382
221 536
221 553
221 560
221 660
221 673
221 737
221 746
221 791
221 962
222 273
222 309
222 318
222 327
222 332
222 347
222 355
222 411
222 429
222 441
222 443
222 449
222 452
222 482
222 489
222 536
222 563
222 592
222 659
222 674
222 686
222 689
222 696
222 707
222 721
222 729
222 858
222 894
222 914
222 919
222 925
222 951
222 961
222 977
222 999
223 271
223 281
223 282
223 291
223 299
223 304
223 354
223 424
223 477
223 483
223 497
223 583
223 602
223 612
223 667
223 674
223 742
223 748
223 763
223 825
223 866
223 893
223 935
223 944
223 948
223 949
224 270
224 413
224 677
224 789
224 804
224 898
224 925
224 932
224 979
225 258
225 281
225 295
225 302
225 307
225 315
225 320
225 324
225 357
225 551
225 587
225 607
225 644
225 792
225 832
225 865
225 922
225 954
225 992
226 267
226 304
226 308
226 365
226 403
226 472
226 523
226 539
226 599
226 676
226 763
226 798
226 809
226 868
226 955
227 249
227 262
227 275
227 338
227 423
227 448
227 450
227 453
227 469
227 475
227 527
227 601
227 694
227 730
227 777
227 789
227 834
227 870
227 883
227 909
227 942
227 965
227 996
228 242
228 541
228 600
228 601
228 876
228 936
228 950
228 965
229 243
229 259
229 286
229 387
229 412
229 470
229 502
229 519
229 528
229 542
229 558
229 576
229 597
229 689
229 713
229 781
229 789
229 801
229 843
229 878
229 937
229 966
229 988
230 256
230 261
230 401
230 408
230 415
230 424
230 455
230 530
230 581
230 635
230 712
230 725
230 821
230 925
230 991
231 249
231 306
231 376
231 414
231 435
231 692
231 882
231 887
232 270
232 277
232 413
232 520
232 523
232 571
232 610
232 657
232 766
232 775
232 782
232 816
232 918
233 242
233 245
233 269
233 482
233 556
233 732
233 806
233 841
233 870
233 965
234 256
234 411
234 419
234 422
234 429
234 436
234 449
234 452
234 489
234 503
234 536
234 629
234 641
234 672
234 674
234 686
234 701
234 706
234 721
234 834
234 840
234 858
234 891
234 930
234 931
234 947
234 951
234 977
234 999
235 236
235 325
235 481
235 515
235 585
235 643
235 657
235 667
235 988
236 277
236 294
236 352
236 369
236 381
236 388
236 393
236 430
236 470
236 517
236 663
236 670
236 690
236 700
236 768
236 938
237 238
237 312
237 327
237 451
237 493
237 530
237 543
237 580
237 609
237 611
237 615
237 622
237 625
237 636
237 642
237 661
237 728
237 754
237 761
237 796
237 863
237 883
237 889
237 932
237 985
238 298
238 320
238 493
238 570
238 611
238 615
238 625
238 642
238 796
238 811
238 874
238 883
238 887
238 971
239 382
239 476
239 480
239 485
239 616
239 623
239 684
239 724
239 771
239 875
239 918
239 976
240 250
240 388
240 524
240 572
240 670
240 938
240 957
240 969
241 267
241 304
241 314
241 400
241 403
241 491
241 493
241 533
241 567
241 606
241 650
241 677
241 698
241 699
241 742
241 789
241 799
241 825
241 868
241 876
241 915
241 944
241 949
242 250
242 350
242 527
242 600
242 630
242 841
242 965
242 974
242 983
243 282
243 283
243 316
243 333
243 367
243 387
243 400
243 446
243 495
243 498
243 502
243 528
243 542
243 574
243 594
243 597
243 634
243 649
243 663
243 710
243 727
243 732
243 772
243 777
243 788
243 801
243 830
243 838
243 863
243 937
243 949
243 953
243 973
244 270
244 344
244 356
244 413
244 491
244 513
244 520
244 567
244 611
244 619
244 683
244 734
244 736
244 801
244 816
244 903
244 925
244 979
244 984
245 259
245 350
245 395
245 412
245 482
245 630
245 744
245 788
245 841
245 860
245 912
245 965
245 967
245 974
245 983
245 996
246 248
246 306
246 362
246 368
246 446
246 462
246 465
246 492
246 505
246 559
246 586
246 627
246 696
246 805
246 821
246 876
246 882
246 921
246 924
246 941
246 985
247 267
247 322
247 472
247 562
247 565
247 573
247 599
247 607
247 610
247 612
247 667
247 676
247 809
247 866
247 914
247 926
247 944
248 251
248 305
248 306
248 362
248 410
248 423
248 682
248 886
248 887
248 996
248 1000
249 269
249 275
249 284
249 340
249 355
249 402
249 423
249 469
249 499
249 506
249 577
249 598
249 601
249 632
249 688
249 718
249 730
249 747
249 779
249 904
249 909
249 912
249 998
250 252
250 270
250 277
250 353
250 454
250 470
250 514
250 520
250 523
250 564
250 571
250 619
250 620
250 640
250 685
250 726
250 742
250 753
250 774
250 849
250 884
250 915
250 925
250 930
250 979
250 984
251 287
251 301
251 371
251 407
251 446
251 451
251 652
251 708
251 785
251 803
251 815
251 851
251 857
251 943
251 964
251 983
252 264
252 276
252 284
252 295
252 307
252 310
252 324
252 357
252 384
252 437
252 445
252 644
252 650
252 651
252 672
252 728
252 734
252 758
252 775
252 787
252 792
252 818
252 869
252 872
252 888
252 894
252 901
252 902
252 910
252 912
252 969
252 992
253 361
253 406
253 476
253 485
253 536
253 538
253 566
253 623
253 727
253 782
253 801
253 835
253 918
253 972
253 976
254 279
254 286
254 308
254 324
254 415
254 456
254 539
254 550
254 610
254 702
254 712
254 725
254 767
254 804
255 287
255 314
255 605
255 719
255 740
255 749
255 778
255 814
255 957
256 273
256 318
256 330
256 332
256 342
256 347
256 411
256 422
256 436
256 449
256 452
256 489
256 516
256 525
256 550
256 629
256 638
256 674
256 686
256 689
256 696
256 698
256 700
256 706
256 707
256 729
256 762
256 834
256 858
256 919
256 930
256 991
256 999
257 282
257 286
257 287
257 337
257 400
257 421
257 502
257 534
257 541
257 558
257 576
257 663
257 692
257 711
257 717
257 721
257 732
257 777
257 801
257 827
257 944
257 945
257 988
258 264
258 305
258 320
258 324
258 357
258 376
258 379
258 607
258 644
258 651
258 734
258 776
258 792
258 850
258 883
258 885
258 888
258 922
258 969
258 992
259 282
259 283
259 333
259 412
259 426
259 461
259 495
259 519
259 531
259 558
259 593
259 645
259 660
259 688
259 732
259 781
259 784
259 794
259 816
259 834
259 851
259 855
259 878
259 880
259 920
259 988
260 278
260 286
260 316
260 333
260 337
260 349
260 387
260 412
260 442
260 531
260 539
260 544
260 576
260 594
260 597
260 609
260 638
260 644
260 704
260 707
260 710
260 711
260 732
260 741
260 762
260 772
260 781
260 795
260 806
260 827
260 916
260 957
260 988
261 268
261 323
261 340
261 386
261 398
261 408
261 438
261 467
261 530
261 539
261 543
261 635
261 712
261 725
261 766
261 804
261 897
261 905
261 918
261 987
262 275
262 355
262 397
262 401
262 402
262 469
262 475
262 478
262 601
262 669
262 694
262 730
262 738
262 909
263 340
263 350
263 358
263 383
263 417
263 554
263 557
263 690
263 720
263 823
263 844
263 962
263 963
264 285
264 320
264 323
264 373
264 384
264 546
264 607
264 643
264 865
264 877
264 894
264 902
264 916
264 958
264 992
265 356
265 371
265 394
265 525
265 529
265 627
265 681
265 708
265 769
265 786
265 803
265 861
265 917
265 943
265 945
265 977
266 375
266 386
266 398
266 415
266 467
266 471
266 508
266 530
266 561
266 602
266 635
266 687
266 804
266 899
267 354
267 378
267 497
267 534
267 578
267 663
267 676
267 729
267 809
267 825
267 866
267 922
267 944
268 415
268 438
268 458
268 467
268 530
268 540
268 543
268 556
268 581
268 613
268 662
268 684
268 725
268 804
268 805
268 899
268 920
268 991
268 992
269 281
269 329
269 331
269 379
269 464
269 487
269 488
269 490
269 514
269 549
269 558
269 560
269 567
269 579
269 584
269 641
269 643
269 697
269 737
269 739
269 824
269 846
269 873
269 892
269 939
269 964
269 989
270 277
270 304
270 353
270 413
270 454
270 455
270 470
270 491
270 523
270 564
270 571
270 573
270 606
270 620
270 640
270 689
270 692
270 714
270 730
270 736
270 751
270 816
270 832
270 838
270 979
270 981
271 308
271 322
271 501
271 573
271 578
271 642
271 667
271 676
271 705
271 742
272 301
272 317
272 371
272 394
272 440
272 447
272 508
272 525
272 529
272 552
272 566
272 570
272 653
272 666
272 681
272 769
272 773
272 786
272 793
272 803
272 808
272 815
272 837
272 857
272 861
272 882
272 943
272 945
272 978
272 979
273 309
273 318
273 347
273 443
273 449
273 460
273 563
273 638
273 674
273 686
273 698
273 701
273 721
273 760
273 798
273 810
273 946
273 982
274 317
274 376
274 433
274 446
274 492
274 496
274 499
274 659
274 682
274 696
274 744
274 757
274 839
274 887
274 898
275 284
275 328
275 338
275 355
275 366
275 397
275 402
275 439
275 450
275 469
275 480
275 518
275 527
275 543
275 585
275 601
275 632
275 634
275 675
275 694
275 730
275 737
275 747
275 754
275 775
275 779
275 870
275 909
275 996
276 295
276 357
276 399
276 423
276 437
276 502
276 712
276 716
276 902
276 945
277 413
277 463
277 491
277 520
277 523
277 557
277 610
277 620
277 784
277 816
277 884
277 903
277 979
277 984
278 400
278 442
278 459
278 502
278 519
278 534
278 576
278 590
278 671
278 688
278 705
278 735
278 766
278 781
278 801
278 855
278 878
278 957
278 988
279 298
279 399
279 445
279 457
279 510
279 614
279 734
279 751
279 820
279 853
279 901
279 922
279 926
280 471
280 502
280 648
280 741
280 762
281 297
281 331
281 344
281 356
281 374
281 379
281 432
281 464
281 487
281 488
281 490
281 560
281 567
281 610
281 641
281 685
281 824
281 842
281 846
281 873
281 939
281 972
281 997
282 286
282 316
282 337
282 350
282 360
282 405
282 414
282 436
282 461
282 490
282 519
282 522
282 574
282 576
282 594
282 597
282 654
282 663
282 693
282 705
282 743
282 777
282 806
282 851
282 858
282 878
282 929
282 943
283 300
283 371
283 400
283 493
283 542
283 576
283 597
283 645
283 732
283 889
283 939
284 391
284 423
284 506
284 527
284 577
284 601
284 694
284 776
284 909
284 917
284 996
284 998
285 357
285 404
285 437
285 644
285 651
285 660
285 758
285 770
285 792
285 852
285 869
285 885
285 894
285 910
285 915
285 932
285 958
285 994
286 293
286 337
286 368
286 374
286 390
286 412
286 448
286 519
286 523
286 541
286 542
286 594
286 648
286 649
286 654
286 663
286 681
286 781
286 784
286 801
286 843
286 851
286 878
286 949
286 966
286 994
287 292
287 330
287 362
287 369
287 373
287 457
287 522
287 556
287 559
287 585
287 589
287 605
287 719
287 740
287 749
287 750
287 756
287 766
287 778
287 800
287 813
287 814
287 833
287 867
287 934
287 971
287 990
288 290
288 351
288 540
288 556
288 562
288 610
288 677
288 705
288 798
288 809
288 900
288 944
288 989
289 294
289 500
289 544
289 572
289 713
289 768
289 798
289 986
290 320
290 436
290 504
290 730
290 734
290 787
290 838
290 852
290 872
290 910
290 915
290 922
290 958
290 992
291 324
291 404
291 518
291 521
291 545
291 555
291 591
291 598
291 614
291 662
291 826
291 835
291 961
291 998
292 300
292 339
292 343
292 349
292 364
292 494
292 504
292 532
292 546
292 669
292 684
292 745
292 762
292 798
292 849
292 854
292 906
292 931
292 936
292 956
292 979
293 404
293 426
293 484
293 518
293 521
293 531
293 545
293 555
293 594
293 598
293 605
293 688
293 774
293 780
293 810
293 857
293 910
293 956
293 961
293 972
294 381
294 388
294 547
294 660
294 670
294 700
294 893
294 911
294 926
295 315
295 320
295 361
295 392
295 396
295 442
295 510
295 570
295 573
295 607
295 644
295 651
295 656
295 710
295 734
295 770
295 792
295 820
295 831
295 832
295 838
295 864
295 888
295 901
295 958
295 969
295 976
295 994
296 337
296 378
296 391
296 523
296 533
296 548
296 583
296 705
296 763
296 809
296 908
296 914
296 933
297 422
297 487
297 567
297 579
297 584
297 824
297 846
297 873
297 890
297 892
297 895
297 939
297 952
297 955
298 307
298 315
298 324
298 399
298 420
298 428
298 465
298 486
298 488
298 493
298 538
298 543
298 642
298 647
298 830
298 865
298 877
298 915
299 388
299 420
299 562
299 599
299 610
299 613
299 675
299 677
299 694
299 914
300 343
300 494
300 499
300 532
300 546
300 669
300 745
300 849
300 887
300 906
300 936
300 965
301 356
301 695
301 823
301 837
301 839
301 861
301 917
301 943
301 963
301 978
302 320
302 324
302 409
302 516
302 538
302 565
302 600
302 672
302 701
302 776
302 792
302 877
302 885
302 915
302 958
303 322
303 441
303 497
303 573
303 610
303 667
303 677
303 782
303 798
303 908
303 978
304 354
304 420
304 497
304 533
304 599
304 610
304 675
304 676
304 677
304 928
304 935
305 324
305 422
305 428
305 450
305 467
305 607
305 644
305 651
305 770
305 792
305 872
305 885
305 915
306 317
306 360
306 362
306 375
306 431
306 462
306 492
306 501
306 544
306 624
306 627
306 648
306 668
306 677
306 678
306 679
306 682
306 687
306 695
306 744
306 757
306 781
306 802
306 812
306 821
306 882
306 887
306 898
306 924
306 941
306 1000
307 308
307 315
307 320
307 324
307 357
307 455
307 510
307 651
307 672
307 716
307 734
307 743
307 818
307 838
307 850
307 857
307 872
307 894
307 901
307 902
307 915
308 334
308 338
308 365
308 503
308 573
308 578
308 675
308 676
308 705
308 762
308 790
308 908
309 449
309 452
309 489
309 503
309 504
309 591
309 609
309 629
309 652
309 668
309 686
309 721
309 722
309 729
309 951
309 999
310 321
310 326
310 334
310 358
310 389
310 406
310 460
310 490
310 509
310 578
310 582
310 587
310 590
310 704
310 709
310 791
310 828
310 836
310 915
310 921
311 393
311 468
311 537
311 540
311 603
311 631
311 646
311 818
311 839
311 845
311 847
311 891
311 913
312 327
312 493
312 541
312 580
312 608
312 609
312 610
312 611
312 625
312 636
312 642
312 661
312 719
312 811
312 931
312 932
312 989
313 389
313 405
313 568
313 610
313 628
313 668
313 719
313 771
313 844
314 321
314 329
314 330
314 481
314 522
314 539
314 556
314 565
314 585
314 716
314 741
314 749
314 750
314 752
314 777
314 814
314 833
314 867
314 877
314 957
314 971
314 999
315 323
315 405
315 486
315 541
315 562
315 651
315 663
315 759
315 776
315 792
315 872
315 877
315 885
315 915
315 916
315 969
316 485
316 489
316 519
316 558
316 574
316 645
316 688
316 777
316 782
316 801
316 806
316 871
316 966
317 362
317 376
317 377
317 425
317 465
317 479
317 483
317 558
317 630
317 634
317 682
317 685
317 687
317 695
317 778
317 805
317 816
317 821
317 850
317 898
317 908
317 980
317 997
318 332
318 374
318 489
318 536
318 550
318 563
318 582
318 659
318 686
318 689
318 729
318 858
318 875
318 904
318 919
318 946
318 977
319 373
319 477
319 515
319 554
319 581
319 788
319 797
319 938
320 323
320 357
320 383
320 384
320 385
320 392
320 396
320 399
320 409
320 428
320 445
320 473
320 532
320 607
320 644
320 645
320 651
320 660
320 682
320 751
320 758
320 770
320 776
320 831
320 832
320 850
320 853
320 872
320 877
320 888
320 902
320 907
320 915
320 930
320 940
320 958
321 326
321 347
321 358
321 369
321 422
321 460
321 582
321 590
321 612
321 647
321 667
321 791
322 395
322 472
322 530
322 599
322 667
322 677
322 738
322 799
322 834
322 935
322 944
322 952
322 956
323 409
323 600
323 607
323 734
323 776
323 888
323 915
323 980
323 989
324 384
324 396
324 428
324 441
324 458
324 503
324 510
324 565
324 644
324 672
324 734
324 758
324 770
324 792
324 818
324 832
324 852
324 853
324 865
324 894
324 911
324 915
324 916
324 924
324 957
324 992
325 390
325 400
325 474
325 489
325 657
325 855
325 934
325 943
325 957
325 988
326 358
326 582
326 587
326 590
326 612
326 618
326 704
326 709
326 773
326 791
326 805
326 921
326 937
326 970
327 357
327 478
327 493
327 580
327 609
327 611
327 622
327 634
327 642
327 809
327 904
327 931
327 932
328 350
328 354
328 427
328 474
328 486
328 496
328 503
328 511
328 581
328 657
328 855
328 867
328 955
328 981
328 982
329 379
329 464
329 481
329 488
329 491
329 545
329 567
329 643
329 714
329 793
329 818
329 873
329 892
329 939
329 972
329 975
330 424
330 552
330 556
330 559
330 571
330 572
330 605
330 642
330 716
330 719
330 740
330 752
330 778
330 780
330 787
330 814
330 906
330 914
330 957
330 968
330 971
331 487
331 488
331 516
331 526
331 535
331 584
331 641
331 677
331 718
331 764
331 882
331 939
332 358
332 418
332 419
332 429
332 469
332 489
332 629
332 638
332 707
332 830
332 874
332 946
332 950
332 959
332 977
333 337
333 423
333 502
333 531
333 542
333 602
333 654
333 784
334 358
334 424
334 587
334 612
334 709
334 776
334 791
334 806
334 836
334 845
334 918
334 920
334 921
334 991
335 340
335 342
335 467
335 517
335 551
335 554
335 557
335 566
335 595
335 749
335 804
335 823
335 848
335 962
336 389
336 390
336 496
336 517
336 668
336 718
336 730
336 735
336 783
336 940
336 975
337 409
337 440
337 448
337 495
337 501
337 520
337 531
337 541
337 594
337 645
337 654
337 689
337 710
337 732
337 735
337 741
337 772
337 780
337 784
337 806
337 808
337 829
337 871
337 880
337 932
337 937
337 938
337 970
337 988
338 355
338 397
338 423
338 439
338 469
338 506
338 577
338 586
338 599
338 601
338 647
338 779
338 864
338 870
338 888
338 909
338 943
338 998
339 343
339 494
339 639
339 669
339 684
339 849
339 905
339 936
340 341
340 342
340 346
340 383
340 414
340 458
340 459
340 480
340 551
340 554
340 557
340 588
340 595
340 690
340 693
340 704
340 720
340 771
340 774
340 817
340 844
340 934
340 962
340 963
340 965
341 383
341 408
341 441
341 459
341 554
341 557
341 595
341 622
341 812
341 850
341 867
342 417
342 459
342 554
342 557
342 802
342 843
342 844
342 912
343 364
343 494
343 504
343 532
343 546
343 684
343 708
343 745
343 751
343 849
343 854
343 936
343 956
343 982
343 989
343 1000
344 390
344 496
344 614
344 626
344 668
344 771
344 778
344 783
344 797
345 349
345 352
345 512
345 524
345 569
345 571
345 673
345 746
345 859
346 383
346 557
346 588
346 646
346 690
346 774
346 817
346 823
346 844
346 943
347 411
347 421
347 422
347 424
347 449
347 536
347 629
347 659
347 674
347 792
347 950
348 389
348 390
348 496
348 655
348 668
348 797
348 972
349 374
349 569
349 575
349 588
349 673
349 685
349 746
349 807
349 819
349 859
349 943
349 947
350 482
350 965
350 974
350 983
351 354
351 383
351 519
351 578
351 676
351 680
351 733
351 746
351 757
351 825
351 944
351 989
352 370
352 436
352 512
352 663
352 673
352 819
352 861
352 895
352 947
353 427
353 454
353 470
353 491
353 513
353 514
353 520
353 523
353 533
353 619
353 620
353 656
353 659
353 663
353 884
353 925
354 420
354 421
354 424
354 463
354 466
354 469
354 472
354 477
354 511
354 548
354 562
354 648
354 667
354 675
354 676
354 677
354 680
354 720
354 742
354 763
354 770
354 789
354 825
354 848
354 864
354 928
354 935
354 942
354 944
354 948
354 952
354 989
354 993
355 397
355 401
355 423
355 439
355 445
355 450
355 453
355 506
355 527
355 540
355 586
355 631
355 632
355 647
355 684
355 730
355 747
355 754
355 792
355 844
355 909
355 989
355 996
355 998
356 363
356 394
356 447
356 552
356 570
356 708
356 760
356 769
356 773
356 786
356 793
356 803
356 901
356 917
356 923
356 943
356 978
357 359
357 384
357 385
357 399
357 445
357 506
357 510
357 615
357 651
357 710
357 721
357 757
357 758
357 818
357 832
357 838
357 852
357 869
357 887
357 902
357 907
357 915
357 958
357 977
357 987
357 992
358 369
358 460
358 536
358 573
358 587
358 590
358 612
358 618
358 704
358 709
358 790
358 791
358 807
358 921
358 970
358 988
358 993
359 382
359 406
359 410
359 466
359 476
359 485
359 538
359 566
359 623
359 638
359 675
359 724
359 727
359 740
359 782
359 791
359 918
360 362
360 368
360 376
360 377
360 414
360 435
360 446
360 463
360 477
360 492
360 499
360 585
360 757
360 819
360 821
360 886
360 894
360 898
360 903
360 926
360 997
361 373
361 382
361 406
361 466
361 476
361 528
361 560
361 566
361 593
361 608
361 623
361 683
361 723
361 724
361 731
361 782
361 874
361 875
361 879
361 959
361 976
361 994
362 375
362 414
362 431
362 435
362 465
362 557
362 596
362 678
362 695
362 702
362 731
362 757
362 882
362 886
362 892
362 924
362 969
362 980
362 983
362 995
362 1000
363 607
363 617
363 657
363 686
363 864
363 908
363 916
364 494
364 546
364 669
364 740
364 745
364 849
364 906
364 936
364 982
365 420
365 461
365 507
365 606
365 673
365 788
365 809
365 866
366 400
366 428
366 465
366 515
366 657
366 822
366 885
366 933
366 940
366 960
366 967
367 377
367 427
367 561
367 591
367 657
367 788
367 887
367 929
368 384
368 414
368 435
368 500
368 566
368 624
368 634
368 679
368 685
368 696
368 741
368 747
368 757
368 777
368 805
368 887
368 898
368 941
368 992
369 618
369 684
369 709
369 790
369 792
369 803
369 836
369 921
370 450
370 569
370 575
370 592
370 673
370 746
370 774
370 791
370 819
370 859
370 886
370 895
370 947
371 508
371 528
371 529
371 570
371 649
371 760
371 773
371 785
371 786
371 803
371 808
371 815
371 857
371 917
371 923
371 943
371 978
372 410
372 457
372 477
372 537
372 760
372 845
372 847
372 860
372 891
372 913
373 382
373 420
373 476
373 485
373 538
373 566
373 724
373 784
373 812
373 867
373 874
373 914
373 918
373 976
374 379
374 456
374 487
374 488
374 516
374 547
374 549
374 560
374 584
374 635
374 730
374 764
375 383
375 389
375 465
375 685
375 696
375 773
375 887
375 941
375 997
376 414
376 435
376 448
376 499
376 505
376 605
376 624
376 696
376 744
376 805
376 819
376 886
376 898
376 926
376 943
376 966
376 980
377 414
377 446
377 624
377 744
377 757
377 805
377 844
377 887
377 898
377 1000
378 565
378 592
378 599
378 715
378 719
378 935
378 940
379 380
379 431
379 464
379 472
379 481
379 487
379 490
379 526
379 547
379 567
379 579
379 582
379 584
379 643
379 733
379 737
379 739
379 802
379 822
379 824
379 846
379 873
379 890
379 937
379 939
379 955
380 389
380 464
380 488
380 516
380 549
380 567
380 641
380 690
380 697
380 735
380 739
380 749
380 764
380 892
380 939
380 995
381 388
381 412
381 430
381 464
381 585
381 670
381 712
381 881
381 894
381 895
381 911
382 428
382 440
382 466
382 476
382 482
382 485
382 538
382 566
382 616
382 623
382 644
382 650
382 683
382 703
382 724
382 743
382 782
382 812
382 904
382 915
382 918
382 931
382 976
382 982
383 417
383 425
383 441
383 458
383 459
383 554
383 557
383 595
383 637
383 690
383 693
383 720
383 756
383 817
383 823
383 844
383 933
383 962
383 977
384 409
384 419
384 426
384 644
384 763
384 838
385 445
385 475
385 651
385 729
385 838
385 885
385 992
386 391
386 398
386 408
386 415
386 432
386 438
386 467
386 471
386 530
386 543
386 581
386 592
386 666
386 702
386 712
386 725
386 742
386 744
386 848
386 897
386 899
386 920
386 925
386 979
387 516
387 529
387 558
387 594
387 597
387 660
387 663
387 781
387 937
388 393
388 430
388 475
388 478
388 670
388 768
388 881
388 900
388 911
388 935
388 938
389 390
389 392
389 405
389 496
389 509
389 517
389 541
389 568
389 573
389 602
389 614
389 626
389 628
389 668
389 672
389 711
389 718
389 771
389 797
389 831
389 896
389 897
389 998
390 405
390 534
390 568
390 668
390 771
390 831
390 896
390 986
390 988
391 472
391 497
391 548
391 583
391 677
391 866
391 932
391 957
392 568
392 602
392 628
392 668
392 682
392 771
393 472
393 492
393 629
393 722
393 768
393 788
393 789
393 901
394 492
394 503
394 552
394 571
394 594
394 614
394 653
394 674
394 676
394 681
394 803
394 815
394 857
394 929
394 943
395 397
395 472
395 562
395 610
395 667
395 677
395 742
395 765
395 855
395 908
395 944
396 445
396 479
396 747
396 776
396 838
396 885
397 401
397 423
397 527
397 530
397 586
397 606
397 625
397 628
397 779
397 898
397 909
397 996
398 415
398 454
398 515
398 530
398 581
398 601
398 712
398 725
398 754
398 804
398 897
398 920
398 954
398 991
398 993
399 607
399 644
399 668
399 792
399 814
399 907
399 912
399 946
400 412
400 448
400 461
400 465
400 489
400 498
400 502
400 503
400 525
400 534
400 541
400 558
400 594
400 597
400 654
400 663
400 688
400 762
400 772
400 781
400 784
400 801
400 804
400 809
400 819
400 829
400 830
401 437
401 500
401 506
401 580
401 601
401 626
401 632
401 642
401 769
401 779
401 841
401 909
401 912
402 423
402 586
402 601
402 647
402 667
402 694
402 909
402 996
403 518
403 545
403 574
403 774
403 794
403 835
403 933
404 489
404 494
404 531
404 555
404 582
404 598
404 774
404 810
404 835
405 418
405 496
405 517
405 568
405 602
405 614
405 626
405 628
405 696
405 760
405 771
405 783
405 811
405 831
405 976
406 415
406 466
406 476
406 566
406 571
406 618
406 683
406 703
406 767
406 782
406 812
406 875
406 904
407 476
407 493
407 611
407 613
407 615
407 707
407 811
407 863
407 931
407 932
408 471
408 530
408 540
408 558
408 601
408 635
408 725
408 835
408 918
408 920
408 991
409 428
409 437
409 444
409 473
409 496
409 632
409 644
409 734
409 770
409 776
409 807
409 818
409 838
409 865
409 869
409 872
409 894
409 907
409 915
409 916
409 922
409 969
409 987
409 994
410 468
410 537
410 724
410 738
410 861
410 913
410 941
411 418
411 436
411 443
411 452
411 489
411 659
411 674
411 691
411 721
411 834
411 858
411 946
412 435
412 498
412 519
412 531
412 542
412 558
412 576
412 660
412 663
412 671
412 688
412 711
412 732
412 758
412 781
412 784
412 788
412 801
412 802
412 806
412 828
412 830
412 856
412 871
412 937
412 999
413 454
413 455
413 491
413 513
413 514
413 520
413 523
413 559
413 562
413 564
413 571
413 583
413 605
413 619
413 640
413 656
413 665
413 692
413 722
413 751
413 753
413 775
413 874
413 884
413 903
413 925
413 975
413 979
414 441
414 499
414 586
414 609
414 634
414 679
414 687
414 695
414 704
414 757
414 761
414 805
414 882
414 887
414 898
414 926
414 941
414 980
415 418
415 438
415 464
415 471
415 508
415 530
415 540
415 543
415 577
415 581
415 635
415 671
415 705
415 725
415 799
415 804
415 897
415 899
415 905
415 920
415 925
415 991
416 446
416 521
416 545
416 555
416 598
416 706
416 835
416 879
416 944
417 422
417 437
417 441
417 458
417 476
417 554
417 557
417 584
417 792
417 844
417 934
418 422
418 449
418 485
418 550
418 551
418 633
418 701
418 733
418 734
418 858
418 919
418 999
419 421
419 443
419 449
419 452
419 536
419 550
419 638
419 707
419 886
419 919
419 928
420 455
420 463
420 472
420 473
420 548
420 583
420 646
420 675
420 715
420 732
420 752
420 760
420 876
420 907
420 942
420 976
421 438
421 449
421 503
421 536
421 633
421 638
421 659
421 674
421 686
421 706
421 813
421 834
421 858
421 910
421 950
421 999
422 429
422 443
422 452
422 489
422 536
422 563
422 573
422 659
422 686
422 698
422 701
422 729
422 834
422 858
422 951
423 431
423 450
423 469
423 480
423 506
423 527
423 601
423 647
423 711
423 747
423 762
423 779
423 838
423 909
424 463
424 477
424 646
424 676
424 716
424 742
424 755
424 789
424 799
424 809
424 866
424 928
424 935
424 944
424 948
424 989
425 435
425 446
425 465
425 578
425 624
425 678
425 682
425 695
425 886
425 887
425 992
426 518
426 544
426 555
426 689
426 700
426 808
426 826
426 835
426 940
426 953
427 503
427 515
427 550
427 561
427 929
428 436
428 437
428 445
428 486
428 662
428 734
428 776
428 825
428 832
428 838
428 872
428 877
428 910
428 984
429 443
429 489
429 533
429 550
429 563
429 629
429 633
429 638
429 659
429 858
429 951
430 467
430 470
430 572
430 591
430 670
430 713
430 722
430 768
430 803
430 881
430 911
430 973
431 440
431 478
431 501
431 519
431 523
431 639
431 684
431 685
431 695
431 696
431 757
431 882
431 886
431 887
431 941
431 997
432 474
432 518
432 521
432 555
432 598
432 645
432 685
432 752
432 810
432 835
433 435
433 493
433 550
433 619
433 810
433 827
433 835
433 940
433 961
433 982
434 482
434 562
434 610
434 667
434 935
434 942
434 944
435 440
435 505
435 538
435 539
435 568
435 624
435 685
435 687
435 731
435 743
435 757
435 821
435 861
435 871
435 886
435 887
435 898
435 980
435 995
435 997
436 441
436 443
436 449
436 516
436 536
436 563
436 584
436 686
436 701
436 707
436 773
436 823
436 834
436 895
436 946
436 959
437 451
437 531
437 607
437 672
437 792
437 793
437 818
437 872
437 885
437 891
437 915
438 483
438 487
438 530
438 543
438 581
438 664
438 712
438 725
438 804
438 859
438 862
438 901
438 920
438 987
438 991
439 586
439 694
439 806
439 855
439 909
439 952
439 996
439 998
440 502
440 531
440 534
440 542
440 594
440 611
440 688
440 784
440 788
440 871
441 458
441 459
441 481
441 551
441 554
441 557
441 563
441 588
441 595
441 677
441 690
441 693
441 754
441 816
441 817
441 823
442 443
442 502
442 541
442 573
442 645
442 704
442 710
442 719
442 732
442 760
442 781
442 784
442 830
442 851
442 867
443 489
443 503
443 550
443 563
443 587
443 600
443 629
443 633
443 635
443 637
443 659
443 674
443 686
443 691
443 698
443 699
443 701
443 721
443 855
443 930
443 946
443 950
443 999
444 474
444 561
444 617
444 657
444 765
444 855
444 861
444 896
444 929
444 954
445 538
445 607
445 644
445 713
445 734
445 776
445 838
445 853
445 869
445 871
445 992
445 994
446 492
446 634
446 682
446 685
446 687
446 693
446 696
446 771
446 858
446 882
446 886
446 887
446 898
446 927
446 952
446 980
446 1000
447 529
447 576
447 662
447 708
447 760
447 793
447 803
447 859
447 861
447 943
447 978
448 461
448 502
448 541
448 542
448 688
448 716
448 740
448 741
448 801
448 904
449 452
449 563
449 629
449 633
449 638
449 640
449 643
449 686
449 691
449 707
449 829
449 858
449 873
449 900
449 919
449 930
449 951
449 959
449 977
449 978
449 993
450 467
450 497
450 506
450 577
450 601
450 641
450 909
450 998
451 463
451 493
451 507
451 596
451 615
451 622
451 642
451 731
451 733
451 772
451 863
451 931
452 489
452 511
452 530
452 554
452 611
452 628
452 629
452 707
452 721
452 915
452 959
453 480
453 533
453 577
453 586
453 601
453 632
453 686
453 696
453 779
453 781
453 912
454 491
454 514
454 520
454 549
454 571
454 804
454 816
454 868
454 884
454 925
454 979
455 491
455 514
455 520
455 571
455 681
455 692
455 775
455 803
455 816
455 876
455 979
456 471
456 508
456 530
456 582
456 664
456 672
456 676
456 712
456 804
456 920
457 461
457 481
457 560
457 567
457 584
457 641
457 842
457 873
457 897
457 939
457 955
458 459
458 551
458 557
458 738
458 745
458 760
458 806
458 844
458 869
459 554
459 557
459 595
459 690
459 823
459 844
459 882
459 928
459 934
459 939
459 992
460 520
460 612
460 642
460 709
460 784
460 790
460 791
460 836
460 921
460 970
461 519
461 558
461 574
461 597
461 645
461 654
461 660
461 703
461 741
461 774
461 777
461 781
461 784
461 788
461 806
461 843
461 878
461 930
461 949
461 953
462 466
462 687
462 697
462 821
462 882
462 887
462 897
462 926
463 497
463 562
463 578
463 667
463 677
463 692
463 705
463 798
463 825
463 944
463 974
464 468
464 488
464 516
464 549
464 560
464 584
464 692
464 708
464 842
464 873
464 892
464 908
464 939
464 964
464 972
465 586
465 629
465 634
465 662
465 678
465 685
465 757
465 805
465 821
465 858
465 861
465 882
465 887
465 898
465 980
465 997
465 1000
466 476
466 479
466 566
466 593
466 623
466 635
466 683
466 724
466 731
466 748
466 806
466 812
466 875
466 904
466 918
467 483
467 508
467 530
467 540
467 635
467 706
467 798
467 804
467 831
467 897
467 899
467 919
467 991
468 537
468 611
468 616
468 621
468 631
468 668
468 799
468 891
468 913
468 970
469 912
469 920
469 935
470 491
470 514
470 523
470 562
470 701
470 833
470 844
470 874
470 898
470 899
470 925
470 979
470 989
471 540
471 543
471 571
471 635
471 637
471 645
471 693
471 709
471 822
471 831
471 884
471 897
471 899
471 970
472 495
472 502
472 533
472 573
472 578
472 608
472 610
472 627
472 646
472 676
472 690
472 699
472 705
472 727
472 738
472 786
472 798
472 804
472 823
472 866
472 876
472 905
472 928
472 960
473 590
473 644
473 667
473 734
473 759
473 767
473 776
473 781
473 853
473 872
473 888
473 915
474 515
474 561
474 617
474 618
474 657
474 715
474 820
474 904
474 905
474 929
474 954
474 956
475 487
475 527
475 541
475 566
475 601
475 610
475 647
475 727
475 909
475 996
475 998
476 485
476 509
476 538
476 548
476 566
476 616
476 623
476 650
476 683
476 703
476 711
476 713
476 724
476 727
476 731
476 743
476 746
476 748
476 767
476 782
476 812
476 852
476 864
476 874
476 875
476 904
476 911
476 918
477 533
477 562
477 592
477 677
477 788
477 798
477 864
477 885
477 952
477 989
478 493
478 507
478 609
478 611
478 622
478 656
478 901
478 917
478 937
479 712
479 757
479 817
479 882
479 886
479 887
479 898
479 926
479 941
479 972
480 506
480 527
480 601
480 730
480 885
480 909
480 930
480 996
481 516
481 521
481 539
481 549
481 560
481 584
481 643
481 941
481 949
482 562
482 630
482 678
482 738
482 858
482 860
482 896
482 946
482 965
482 967
482 974
483 530
483 725
483 804
483 835
484 518
484 521
484 555
484 598
484 762
484 780
484 810
484 835
484 933
484 940
485 499
485 505
485 538
485 566
485 590
485 661
485 724
485 743
485 748
485 749
485 782
485 812
485 894
485 918
485 976
486 497
486 641
486 734
486 838
486 885
487 490
487 516
487 543
487 550
487 556
487 579
487 584
487 643
487 667
487 697
487 714
487 764
487 842
487 873
487 890
487 892
487 899
487 909
487 939
488 506
488 516
488 526
488 547
488 579
488 643
488 675
488 714
488 757
488 764
488 774
488 873
488 892
488 905
489 501
489 503
489 536
489 563
489 629
489 633
489 638
489 651
489 659
489 674
489 701
489 707
489 795
489 819
489 838
489 858
489 872
489 873
489 919
489 930
489 946
489 959
489 971
490 513
490 516
490 584
490 641
490 643
490 697
490 794
490 873
490 936
490 952
490 975
491 520
491 523
491 564
491 594
491 619
491 620
491 692
491 726
491 816
491 837
492 634
492 696
492 898
492 924
492 941
492 958
493 580
493 588
493 589
493 596
493 608
493 609
493 611
493 613
493 615
493 621
493 625
493 636
493 642
493 661
493 673
493 714
493 727
493 728
493 733
493 743
493 761
493 765
493 796
493 811
493 863
493 883
493 931
493 932
493 960
493 983
493 985
494 532
494 546
494 639
494 669
494 684
494 849
494 855
494 862
494 906
494 982
495 566
495 645
495 654
495 663
495 781
495 800
495 827
495 875
496 509
496 517
496 628
496 655
496 668
496 673
496 679
496 699
496 718
496 771
496 831
496 856
497 511
497 517
497 582
497 583
497 599
497 667
497 675
497 755
497 799
497 809
497 866
497 908
497 928
497 960
498 528
498 557
498 558
498 594
498 709
498 732
498 791
498 806
498 878
499 565
499 609
499 687
499 695
499 696
499 783
499 882
499 883
499 886
499 898
499 926
499 941
500 572
500 670
500 700
500 722
500 790
501 580
501 757
501 805
501 821
501 887
501 898
501 941
502 531
502 534
502 558
502 592
502 597
502 645
502 663
502 688
502 732
502 741
502 752
502 760
502 777
502 781
502 796
502 801
502 822
502 829
502 830
502 851
502 856
502 871
502 973
502 988
503 579
503 629
503 638
503 659
503 686
503 858
503 919
504 532
504 596
504 604
504 661
504 684
504 745
504 849
504 982
505 627
505 634
505 685
505 695
505 801
505 882
505 886
505 887
505 898
505 910
506 545
506 576
506 601
506 619
506 632
506 694
506 726
506 730
506 754
506 779
506 857
506 870
506 998
507 580
507 596
507 608
507 613
507 622
507 642
507 661
507 703
507 728
507 780
507 932
507 958
508 530
508 540
508 562
508 578
508 581
508 664
508 671
508 712
508 725
508 771
508 788
508 821
508 862
508 899
508 920
508 956
508 991
509 517
509 519
509 602
509 614
509 628
509 668
509 670
509 714
509 729
509 781
509 803
510 589
510 672
510 888
510 894
510 915
511 517
511 533
511 573
511 623
511 784
511 828
512 524
512 553
512 569
512 587
512 673
512 746
512 808
512 863
512 880
512 895
512 920
512 947
513 564
513 571
513 669
513 692
513 784
513 908
513 934
513 979
514 520
514 523
514 571
514 640
514 692
514 736
514 775
514 858
514 979
514 981
515 520
515 631
515 657
515 751
515 855
515 929
515 954
516 547
516 549
516 560
516 584
516 697
516 739
516 764
516 774
516 824
516 842
516 873
516 939
517 540
517 601
517 626
517 655
517 668
517 752
517 771
517 783
517 797
517 831
517 896
518 545
518 555
518 590
518 598
518 623
518 665
518 710
518 717
518 774
518 810
518 835
518 929
519 542
519 551
519 574
519 576
519 654
519 660
519 684
519 741
519 801
519 949
519 988
520 524
520 536
520 549
520 564
520 571
520 620
520 626
520 656
520 668
520 692
520 736
520 753
520 799
520 822
520 884
520 971
520 979
521 545
521 555
521 564
521 598
521 610
521 717
521 780
521 794
521 800
521 808
521 826
521 835
521 856
521 922
521 961
522 603
522 605
522 719
522 740
522 749
522 752
522 756
522 787
522 814
522 971
522 992
523 555
523 571
523 640
523 656
523 736
523 816
523 837
523 871
523 884
523 898
523 941
523 979
523 981
523 984
523 985
524 746
524 809
524 819
524 859
524 880
524 947
525 571
525 638
525 666
525 708
525 773
525 785
525 786
525 793
525 803
525 857
525 870
525 923
525 943
525 978
526 567
526 579
526 584
526 599
526 641
526 643
526 686
526 746
526 764
526 824
526 991
527 542
527 647
527 747
527 798
527 870
527 880
527 927
527 996
528 542
528 575
528 583
528 594
528 660
528 688
528 735
528 738
528 784
528 789
528 801
528 806
528 843
528 851
528 856
528 880
529 551
529 652
529 681
529 684
529 760
529 785
529 786
529 793
529 803
529 837
529 861
529 928
530 540
530 543
530 581
530 662
530 664
530 671
530 702
530 725
530 759
530 848
530 862
530 897
530 899
530 905
530 912
530 920
530 987
530 991
531 534
531 542
531 558
531 594
531 654
531 660
531 710
531 735
531 741
531 772
531 777
531 781
531 784
531 801
531 806
531 829
531 830
531 843
531 856
531 871
531 878
531 884
531 929
531 935
531 937
531 988
532 546
532 602
532 604
532 669
532 674
532 684
532 707
532 745
532 781
532 849
532 854
532 894
532 906
532 956
532 982
533 610
533 622
533 667
533 705
533 742
533 809
533 837
533 908
533 928
533 952
533 989
534 545
534 594
534 604
534 688
534 700
534 735
534 781
534 806
534 828
534 830
534 871
534 937
535 539
535 605
535 688
535 719
535 752
535 800
535 813
535 867
535 884
535 957
535 968
536 629
536 638
536 643
536 659
536 674
536 686
536 691
536 698
536 715
536 741
536 848
536 858
536 995
537 603
537 620
537 631
537 656
537 777
537 847
537 863
537 891
537 913
537 990
538 566
538 593
538 616
538 650
538 724
538 782
538 875
538 918
538 985
538 994
539 605
539 676
539 714
539 723
539 740
539 749
539 752
539 766
539 771
539 778
539 800
539 814
539 833
539 867
539 937
539 957
539 967
539 968
539 990
540 574
540 581
540 635
540 664
540 725
540 814
540 862
540 898
540 905
540 987
540 991
541 558
541 594
541 618
541 648
541 649
541 732
541 741
541 772
541 781
541 806
541 871
541 966
541 988
542 558
542 572
542 579
542 597
542 649
542 652
542 663
542 724
542 732
542 735
542 777
542 781
542 827
542 843
542 856
542 866
542 870
542 880
542 917
542 937
543 635
543 645
543 664
543 862
543 887
543 920
543 991
544 573
544 583
544 599
544 677
544 868
544 876
544 908
544 989
545 555
545 598
545 665
545 717
545 774
545 780
545 794
545 797
545 810
545 835
545 915
545 927
545 933
545 940
545 960
545 993
546 598
546 745
546 849
546 906
546 936
546 956
546 986
547 579
547 669
547 714
547 739
547 786
547 846
547 873
547 890
547 892
548 562
548 592
548 606
548 610
548 658
548 675
548 677
548 680
548 726
548 727
548 788
548 789
548 809
548 908
548 941
548 979
549 584
549 602
549 641
549 643
549 824
549 842
549 873
549 885
549 898
549 939
549 964
549 975
550 629
550 637
550 638
550 659
550 686
550 689
550 706
550 717
550 919
550 946
551 588
551 595
551 693
551 823
551 934
552 570
552 582
552 652
552 666
552 769
552 803
552 816
552 860
552 861
552 917
552 943
552 978
553 575
553 658
553 673
553 819
553 828
553 859
553 895
553 947
554 557
554 582
554 588
554 595
554 685
554 690
554 693
554 720
554 817
554 823
554 844
554 934
554 963
555 598
555 665
555 679
555 692
555 774
555 780
555 794
555 808
555 810
555 830
555 835
555 883
555 927
555 940
555 987
556 585
556 593
556 605
556 625
556 756
556 778
556 787
556 813
556 814
556 856
556 867
556 947
556 957
556 971
557 573
557 588
557 595
557 620
557 638
557 668
557 690
557 693
557 720
557 817
557 823
557 844
557 881
557 934
557 962
557 963
557 976
558 574
558 594
558 645
558 648
558 711
558 721
558 732
558 741
558 764
558 772
558 802
558 829
558 879
558 931
558 973
559 585
559 590
559 605
559 723
559 740
559 749
559 778
559 787
559 806
559 813
559 840
559 957
560 567
560 571
560 641
560 643
560 673
560 697
560 750
560 764
560 890
560 892
560 932
560 939
561 622
561 657
561 796
561 855
561 929
561 954
562 573
562 583
562 605
562 610
562 613
562 646
562 675
562 680
562 681
562 705
562 738
562 775
562 819
562 825
562 828
562 842
562 864
562 868
562 876
562 935
562 944
562 989
563 633
563 638
563 680
563 686
563 698
563 706
563 721
563 725
564 571
564 640
564 656
564 659
564 692
564 751
564 753
564 825
564 844
564 979
564 981
564 985
564 989
565 719
565 740
565 749
565 766
565 787
565 802
565 867
565 904
565 957
565 990
566 616
566 623
566 650
566 667
566 683
566 703
566 724
566 727
566 731
566 743
566 748
566 767
566 874
566 875
566 879
566 899
566 904
566 918
566 938
566 976
566 991
567 573
567 579
567 606
567 641
567 698
567 846
567 873
567 890
567 939
567 972
567 975
568 655
568 668
568 718
568 741
568 754
568 771
568 815
568 832
569 587
569 746
569 895
569 908
569 947
570 708
570 769
570 793
570 803
570 815
570 918
570 923
570 943
570 945
571 619
571 640
571 643
571 726
571 736
571 766
571 775
571 815
571 816
571 903
571 925
571 979
571 981
571 984
572 584
572 591
572 670
572 700
572 713
572 722
572 768
572 881
572 893
572 900
572 911
573 676
573 705
573 799
573 809
573 864
574 594
574 648
574 660
574 663
574 735
574 741
574 777
574 795
574 806
574 809
574 856
574 872
574 937
574 966
575 736
575 805
575 819
575 859
576 597
576 645
576 649
576 764
576 772
576 784
576 788
576 806
576 824
576 830
576 845
576 871
576 880
576 937
576 949
577 601
577 735
577 822
577 909
577 912
577 915
577 996
577 998
578 583
578 592
578 610
578 646
578 658
578 667
578 697
578 738
578 789
578 935
579 584
579 641
579 714
579 764
579 801
579 842
579 846
579 955
580 609
580 612
580 613
580 622
580 642
580 733
580 793
580 931
580 932
581 662
581 664
581 725
581 862
581 897
581 899
581 905
581 956
581 991
582 587
582 612
582 621
582 709
582 781
582 791
582 812
582 840
582 921
583 610
583 626
583 646
583 699
583 799
583 817
583 909
584 641
584 697
584 714
584 727
584 755
584 764
584 781
584 820
584 841
584 846
584 890
584 904
584 939
584 964
584 972
584 975
585 597
585 605
585 716
585 752
585 756
585 758
585 787
585 800
585 833
585 867
585 957
585 971
586 754
586 921
586 996
586 998
587 590
587 618
587 680
587 694
587 704
587 709
587 747
587 790
587 791
587 804
587 814
587 828
587 836
587 921
587 993
588 668
588 690
588 720
588 747
588 817
588 823
588 844
588 934
588 962
588 963
589 598
589 640
589 666
589 839
589 847
589 913
590 612
590 618
590 709
590 790
590 791
590 921
591 642
591 670
591 722
591 768
591 881
591 938
592 610
592 646
592 656
592 675
592 742
592 799
592 809
592 845
592 914
592 944
592 948
593 709
593 725
593 782
593 825
593 857
593 904
593 951
593 976
594 597
594 639
594 710
594 732
594 735
594 781
594 788
594 806
594 816
594 827
594 851
594 878
594 880
594 937
594 949
594 966
595 713
595 723
595 775
595 823
595 844
595 962
596 608
596 609
596 611
596 613
596 622
596 636
596 728
596 740
596 777
596 829
596 878
596 884
596 889
596 931
596 932
597 611
597 612
597 645
597 753
597 762
597 795
597 829
597 878
597 880
597 947
597 949
597 953
598 662
598 665
598 717
598 759
598 774
598 780
598 810
598 819
598 826
598 835
598 933
598 940
598 961
599 667
599 677
599 680
599 798
599 809
599 825
599 895
599 944
599 960
600 630
600 738
600 860
600 887
600 965
600 967
600 974
600 983
601 647
601 697
601 747
601 759
601 779
601 870
601 885
601 891
601 909
601 912
601 996
602 718
602 731
602 771
602 831
603 621
603 750
603 839
603 847
603 881
603 887
603 895
603 913
604 745
604 833
604 849
604 936
604 982
605 658
605 666
605 680
605 696
605 716
605 719
605 723
605 740
605 749
605 750
605 752
605 756
605 766
605 778
605 787
605 790
605 800
605 813
605 814
605 831
605 833
605 867
605 957
605 968
605 990
606 646
606 675
606 677
606 763
606 789
606 809
606 864
606 960
606 961
606 995
607 818
607 869
607 885
607 901
607 907
607 958
607 969
607 983
607 994
608 642
608 661
608 707
608 728
608 761
608 796
608 863
608 931
608 932
609 611
609 622
609 625
609 642
609 733
609 796
609 811
609 863
609 883
609 889
609 931
609 975
609 980
609 985
610 646
610 658
610 667
610 670
610 676
610 705
610 715
610 737
610 755
610 763
610 789
610 799
610 868
610 908
610 935
610 942
610 943
610 948
610 989
611 613
611 615
611 622
611 625
611 642
611 661
611 667
611 733
611 761
611 765
611 796
611 807
611 811
611 863
611 866
611 881
611 931
611 932
611 968
611 985
612 618
612 704
612 709
612 719
612 791
612 809
612 824
612 828
612 836
612 921
612 970
612 993
613 625
613 642
613 710
613 765
613 811
613 931
613 932
613 985
614 668
614 672
614 679
614 771
614 831
614 890
614 917
615 622
615 625
615 642
615 666
615 715
615 728
615 733
615 761
615 796
615 811
615 863
615 909
615 931
615 932
616 623
616 650
616 724
616 735
616 825
616 834
616 918
616 944
616 976
617 657
617 865
617 882
617 929
617 965
618 625
618 657
618 791
618 828
618 836
618 899
618 921
618 993
619 692
619 775
619 871
619 925
619 979
620 864
620 925
621 623
621 634
621 733
621 839
621 847
621 913
622 625
622 636
622 642
622 661
622 695
622 722
622 728
622 761
622 765
622 811
622 863
622 883
622 889
622 931
622 932
622 964
622 978
622 985
623 660
623 724
623 731
623 743
623 782
623 879
623 884
623 889
623 932
624 634
624 637
624 696
624 727
624 744
624 791
624 821
624 840
624 882
624 886
624 926
624 941
625 642
625 796
625 811
625 826
625 931
625 932
625 985
626 828
626 846
626 867
627 655
627 682
627 685
627 757
627 882
627 886
627 917
627 926
627 1000
628 668
628 831
629 637
629 649
629 686
629 691
629 698
629 706
629 707
629 839
629 884
629 930
629 937
629 946
629 950
629 951
630 755
630 790
630 803
630 860
630 965
630 967
631 731
631 839
631 891
631 913
632 647
632 657
632 688
632 694
632 730
632 779
632 909
632 912
632 979
633 638
633 686
633 689
633 701
633 729
633 779
633 858
633 891
633 919
633 938
633 946
633 951
633 995
634 678
634 682
634 805
634 887
634 903
634 924
634 931
634 941
635 658
635 664
635 671
635 712
635 725
635 897
635 905
635 920
635 946
635 974
635 976
635 987
635 991
636 642
636 796
636 811
636 932
636 943
637 659
637 698
637 701
637 707
637 721
637 729
637 796
637 946
637 977
638 659
638 686
638 698
638 732
638 919
638 950
638 951
638 989
639 669
639 745
639 783
639 825
639 915
639 986
640 656
640 855
640 925
640 979
640 984
641 643
641 739
641 762
641 824
641 846
641 873
641 964
641 1000
642 728
642 733
642 757
642 761
642 765
642 789
642 796
642 811
642 837
642 863
642 883
642 889
642 931
642 932
642 996
643 708
643 764
643 823
643 842
643 873
643 939
644 651
644 734
644 758
644 770
644 838
644 844
644 868
644 872
644 878
644 898
644 910
644 986
645 648
645 649
645 663
645 688
645 710
645 711
645 735
645 762
645 772
645 777
645 788
645 801
645 805
645 847
645 851
645 856
645 880
645 887
645 937
645 949
645 998
646 676
646 677
646 763
646 809
646 812
646 825
646 868
646 889
646 935
646 936
646 960
647 909
647 996
648 657
648 663
648 787
648 949
649 771
649 785
649 909
649 996
650 679
650 724
650 782
650 829
650 850
650 904
650 918
650 941
650 976
651 734
651 758
651 782
651 792
651 818
651 838
651 852
651 872
651 885
651 894
651 901
651 915
651 916
651 958
652 708
652 803
652 853
652 854
652 857
652 922
652 923
653 793
653 803
653 815
653 857
653 926
653 943
654 688
654 710
654 732
654 741
654 749
654 750
654 801
654 802
654 806
655 668
655 718
655 743
655 831
655 833
655 847
655 865
655 921
656 749
656 773
656 816
656 856
656 884
656 979
657 710
657 822
657 855
657 856
657 954
657 962
658 664
658 825
658 876
659 674
659 694
659 728
659 729
659 736
659 834
659 838
659 844
659 930
659 938
659 946
659 977
660 710
660 711
660 741
660 780
660 781
660 790
660 801
660 827
660 851
660 861
660 878
660 912
660 970
661 728
661 740
661 811
661 883
661 910
661 931
661 932
661 950
662 746
662 804
662 815
662 920
662 948
662 991
663 688
663 777
663 784
663 801
663 806
663 851
663 856
663 858
663 871
663 933
663 942
664 725
664 987
665 774
665 808
665 835
665 875
665 961
666 786
666 815
666 856
666 861
666 917
666 943
666 957
666 978
666 996
667 676
667 677
667 699
667 715
667 738
667 755
667 789
667 798
667 807
667 866
667 935
667 944
667 948
668 708
668 718
668 735
668 771
668 783
668 831
668 896
668 943
668 968
669 690
669 849
669 854
669 906
669 936
669 982
670 671
670 700
670 713
670 722
670 727
670 768
670 772
670 793
670 911
670 938
671 678
671 859
671 916
672 759
672 792
672 823
672 838
672 862
672 869
672 931
673 746
673 819
673 947
674 691
674 707
674 857
674 919
675 677
675 738
675 742
675 820
675 876
675 911
675 944
676 677
676 705
676 755
676 799
676 876
676 960
676 965
676 968
676 989
676 993
677 699
677 703
677 724
677 825
677 826
677 866
677 868
677 956
677 961
677 989
678 682
678 757
678 809
678 886
678 887
678 941
678 981
679 746
679 757
679 764
679 878
679 882
679 886
679 887
679 898
679 941
680 738
680 745
680 759
680 906
680 908
680 960
681 760
681 773
681 786
681 803
681 825
681 861
681 917
681 943
682 723
682 887
682 898
682 899
682 924
682 926
682 941
683 685
683 740
683 743
683 782
683 875
684 745
684 786
684 849
684 854
684 906
684 936
684 951
684 956
684 982
685 695
685 744
685 757
685 805
685 882
685 886
685 898
685 924
685 980
686 689
686 691
686 698
686 701
686 707
686 729
686 741
686 747
686 753
686 767
686 787
686 803
686 805
686 834
686 858
686 889
686 919
686 930
686 946
686 950
686 959
686 977
686 985
686 999
687 692
687 696
687 757
687 852
687 886
687 898
687 941
687 990
688 732
688 741
688 762
688 781
688 788
688 806
688 829
688 843
688 856
688 880
688 899
688 926
688 940
688 974
688 986
688 988
689 721
689 776
689 834
689 858
689 946
689 958
689 959
690 757
690 823
690 963
690 990
691 701
691 797
691 858
691 921
691 955
692 753
692 838
692 925
692 979
692 981
693 823
693 962
694 763
694 909
694 996
694 998
695 757
695 793
695 821
695 882
695 886
695 887
695 926
695 932
695 940
695 941
696 744
696 763
696 821
696 882
696 886
696 926
696 956
696 995
697 842
697 873
697 892
697 939
698 706
698 803
698 858
698 946
698 971
699 742
699 768
699 784
699 809
699 811
699 814
699 935
699 944
700 779
700 893
700 900
700 911
700 938
700 962
701 706
701 729
701 796
701 803
701 858
701 951
701 971
701 977
702 712
702 720
702 725
702 849
702 853
702 863
702 907
702 918
702 920
703 782
703 855
703 873
703 896
703 911
703 918
704 709
704 791
704 866
704 921
704 950
705 715
705 767
705 825
705 859
705 914
705 944
706 844
706 921
706 941
706 951
707 721
707 729
707 829
707 858
707 896
707 946
707 951
708 760
708 793
708 803
708 815
708 824
708 861
708 866
708 917
708 943
708 945
708 978
709 791
709 828
709 836
709 921
709 970
710 735
710 760
710 788
710 802
710 851
710 937
710 951
710 986
711 786
711 871
711 889
711 924
711 937
712 725
712 842
712 862
712 897
712 899
712 920
712 991
713 735
713 893
713 911
714 764
714 808
714 845
714 939
715 738
715 809
715 935
715 944
715 948
715 954
715 960
715 980
716 749
716 770
716 806
716 872
716 968
717 808
717 927
718 771
718 783
718 795
718 949
718 991
719 727
719 740
719 742
719 756
719 766
719 778
719 787
719 789
719 805
719 814
719 840
719 971
720 823
720 844
720 934
721 729
721 750
721 801
721 858
721 915
721 930
721 950
721 959
721 977
722 862
722 881
722 905
722 911
723 740
723 749
723 787
723 813
723 867
723 918
724 727
724 741
724 743
724 773
724 794
724 802
724 830
724 874
724 875
724 904
724 918
724 939
724 976
724 999
725 776
725 804
725 818
725 833
725 848
725 897
725 899
725 920
725 991
726 738
726 816
726 979
727 749
727 798
727 874
728 811
728 854
728 883
728 889
728 931
728 932
729 834
729 858
729 937
729 949
730 906
730 979
730 998
731 767
731 976
732 735
732 772
732 788
732 795
732 851
732 856
732 887
732 948
732 949
732 989
733 796
733 811
733 817
733 863
734 758
734 770
734 792
734 852
734 853
734 872
734 910
734 915
734 916
734 956
735 781
735 784
735 801
735 816
735 851
735 871
735 880
735 915
735 917
736 768
736 775
736 816
736 979
736 982
737 791
737 873
738 825
738 944
739 764
739 842
739 858
739 873
739 955
740 749
740 750
740 752
740 766
740 778
740 781
740 787
740 794
740 800
740 808
740 813
740 814
740 833
740 840
740 848
740 867
740 957
740 968
740 971
740 999
741 851
741 858
741 937
741 949
741 953
741 988
741 997
742 783
742 789
742 798
742 876
742 914
743 767
743 782
743 796
743 847
743 872
743 918
743 976
744 757
744 887
744 941
745 751
745 790
745 849
745 854
745 906
745 936
745 941
745 982
746 807
746 819
746 859
746 877
746 895
746 947
747 807
747 870
747 909
747 921
747 996
748 918
748 976
749 750
749 778
749 787
749 813
749 833
749 938
749 957
749 983
749 990
750 752
750 787
750 801
750 814
750 833
750 840
751 775
751 979
752 776
752 813
752 814
752 833
752 867
752 918
752 971
753 816
753 925
753 937
753 968
753 979
754 779
754 892
754 909
754 996
755 809
755 866
755 869
755 914
755 933
755 944
756 833
756 866
756 957
757 768
757 805
757 821
757 882
757 886
757 887
757 898
757 913
757 941
757 997
758 792
758 833
758 869
758 901
758 915
758 936
759 821
759 832
759 833
759 909
759 922
759 968
760 785
760 786
760 793
760 803
760 815
760 837
760 861
760 886
760 917
760 931
760 943
760 978
761 931
761 932
762 801
762 861
762 871
763 799
763 908
763 944
763 958
763 978
764 824
764 842
764 846
764 870
764 873
764 882
764 892
764 939
764 956
764 964
764 972
764 975
765 883
765 931
765 932
766 800
766 833
766 867
766 957
766 968
767 874
767 904
767 932
767 976
768 871
768 881
768 900
768 911
768 944
769 785
769 786
769 857
769 917
769 919
769 923
769 943
769 978
770 771
770 792
770 820
770 832
770 850
771 797
771 825
772 794
772 849
773 785
773 803
773 837
773 861
773 917
773 923
773 943
773 978
774 779
774 780
774 781
774 794
774 808
774 810
774 835
774 886
774 933
774 940
774 961
774 998
775 816
775 834
775 878
775 886
775 903
775 925
776 820
776 853
776 894
776 907
776 915
776 916
776 995
777 781
777 801
777 878
777 935
778 840
778 968
778 990
779 909
779 996
780 794
780 799
780 808
780 810
780 826
780 835
780 885
780 940
781 788
781 795
781 802
781 806
781 827
781 828
781 856
781 871
781 937
781 939
781 966
781 986
781 988
782 812
782 918
782 945
782 976
783 831
784 788
784 801
784 802
784 803
784 806
784 827
784 829
784 843
784 856
784 879
784 933
784 949
784 999
785 793
785 801
785 803
785 849
785 858
785 922
785 943
785 946
786 857
786 907
786 923
786 943
787 800
787 833
787 867
787 897
787 939
787 957
787 968
788 830
788 851
788 856
788 880
788 911
789 798
789 866
789 903
789 908
789 914
789 935
789 944
789 952
789 960
790 791
790 886
790 921
790 970
790 993
791 828
791 836
791 921
791 928
791 970
791 980
791 993
792 802
792 820
792 838
792 852
792 872
792 885
792 902
792 922
792 969
792 992
793 803
793 862
793 917
793 945
793 962
793 978
794 808
794 810
794 835
794 886
794 927
795 801
795 806
795 856
796 811
796 883
796 931
797 979
798 826
798 864
798 914
798 935
798 942
798 989
799 908
799 914
799 935
799 944
799 953
800 817
800 833
800 840
800 896
800 976
801 830
801 850
801 937
801 953
801 976
801 986
801 988
803 815
803 837
803 847
803 857
803 861
803 917
803 943
803 945
803 959
803 978
804 862
804 874
804 897
804 905
804 915
804 917
804 987
805 867
805 886
805 890
805 898
805 941
806 829
806 856
806 871
806 878
806 973
807 816
807 819
807 895
807 902
807 947
808 810
808 835
808 925
808 933
809 908
809 914
809 935
809 942
809 944
810 835
810 927
811 883
811 932
811 985
812 879
812 904
813 867
813 890
813 904
813 951
813 957
813 971
814 867
814 957
814 968
814 990
815 819
815 857
815 861
815 943
815 945
815 975
816 925
816 979
816 984
817 887
817 962
818 865
818 869
818 915
819 895
819 947
820 827
820 832
820 871
822 849
822 906
823 844
823 881
823 962
823 963
823 998
824 838
824 873
824 877
824 892
824 924
825 850
825 866
825 908
825 978
826 833
826 835
826 930
827 878
827 907
828 873
828 921
828 931
830 851
830 871
830 878
830 953
831 851
831 893
832 885
832 910
833 867
833 957
833 968
833 971
834 858
834 946
834 949
834 951
835 842
835 927
835 933
835 940
835 961
835 998
836 921
837 842
837 857
837 861
837 875
837 917
837 945
837 978
838 851
838 852
838 853
838 865
838 877
838 894
838 910
838 915
838 931
838 958
838 989
839 847
839 891
840 867
840 911
840 968
841 872
841 967
841 974
842 861
842 873
842 972
842 975
842 989
843 851
843 878
843 937
844 934
844 962
844 963
845 847
845 891
845 909
845 913
846 943
846 955
846 975
847 891
847 913
847 947
848 869
848 920
848 989
848 991
849 854
849 906
849 936
849 937
849 956
849 982
851 856
851 858
851 871
851 925
851 937
851 938
851 973
851 988
852 885
853 892
853 958
853 969
854 906
854 956
854 982
855 890
855 954
856 920
856 929
856 937
856 973
856 988
857 894
857 917
857 934
857 943
857 978
858 919
858 950
858 951
859 874
859 895
859 947
860 965
860 967
860 977
861 887
861 917
861 923
861 943
861 978
862 897
862 899
862 991
863 883
863 932
864 958
864 982
864 989
866 914
866 935
866 948
866 971
866 989
867 868
867 928
867 968
868 935
868 976
868 989
869 882
869 930
869 958
869 992
870 909
870 913
870 995
870 998
871 878
871 953
871 973
871 986
872 877
872 888
872 901
872 907
872 915
872 975
872 994
873 890
873 892
873 933
873 939
873 972
873 975
873 997
874 875
874 904
874 918
875 904
875 918
875 946
875 963
875 976
876 892
876 989
877 949
878 909
878 937
878 982
878 999
879 915
879 918
879 976
880 937
880 956
881 891
882 886
882 887
882 898
882 926
882 941
882 980
883 889
883 899
883 931
883 932
883 968
883 999
884 925
884 979
885 915
885 922
885 936
885 958
885 969
886 898
886 924
886 980
886 1000
887 898
887 924
887 941
887 980
887 995
887 997
889 931
890 892
890 899
890 939
890 955
891 910
891 913
892 939
892 958
893 900
893 938
894 899
894 969
895 947
895 961
897 909
897 966
898 905
898 965
898 980
898 986
899 991
899 999
900 909
900 911
901 958
902 915
903 950
903 979
904 976
905 920
905 961
906 936
906 956
906 982
907 915
907 921
908 944
908 960
909 912
909 996
910 922
912 996
912 998
914 944
914 989
915 958
917 920
917 943
917 971
918 962
918 976
919 946
920 991
921 970
921 993
922 961
922 969
923 943
923 947
925 970
925 984
926 941
927 940
927 998
928 944
928 989
930 950
930 951
930 999
931 932
931 978
933 961
934 935
934 952
935 944
936 956
936 982
937 943
937 966
939 972
939 975
939 979
939 1000
940 961
941 980
942 944
943 945
943 978
944 989
944 998
945 955
946 950
946 999
948 989
950 976
951 959
951 982
952 989
954 976
957 968
957 971
958 969
958 973
962 978
965 967
965 983
967 974
967 983
968 971
968 988
968 994
969 992
979 980
979 981
979 984
979 997
986 988
987 991
991 999
992 994
992 996
995 998
