# LFR benchmark graph: regime=B mu=0.2 realization=3
# undirected, unweighted; 1-based node ids; each edge listed once.
1 4
1 86
1 136
1 142
1 151
1 176
1 222
1 256
1 489
1 497
1 502
1 565
1 613
1 656
1 665
1 681
1 856
1 863
1 878
1 892
1 909
1 978
1 979
2 11
2 75
2 126
2 139
2 182
2 210
2 251
2 277
2 317
2 344
2 400
2 463
2 475
2 547
2 562
2 563
2 591
2 596
2 650
2 682
2 693
2 735
2 770
2 782
2 784
2 817
2 844
2 848
2 875
2 900
2 926
2 927
2 932
2 975
3 149
3 151
3 197
3 248
3 431
3 432
3 440
3 467
3 591
3 629
3 777
3 791
3 813
3 829
3 919
3 923
3 965
3 969
4 46
4 76
4 86
4 136
4 142
4 176
4 497
4 502
4 610
4 639
4 656
4 665
4 909
4 928
4 978
5 20
5 39
5 72
5 115
5 209
5 299
5 313
5 383
5 524
5 580
5 623
5 666
5 679
5 688
5 733
5 826
6 57
6 64
6 65
6 77
6 136
6 194
6 294
6 311
6 322
6 323
6 331
6 395
6 409
6 423
6 444
6 446
6 452
6 533
6 570
6 574
6 641
6 658
6 661
6 715
6 820
6 876
6 886
6 961
7 68
7 83
7 195
7 316
7 377
7 461
7 462
7 466
7 488
7 508
7 573
7 621
7 632
7 657
7 832
7 897
7 915
7 996
8 143
8 226
8 289
8 358
8 380
8 425
8 490
8 518
8 571
8 573
8 578
8 582
8 587
8 659
8 702
8 744
8 775
8 848
8 906
8 936
9 31
9 40
9 66
9 85
9 110
9 155
9 172
9 205
9 224
9 234
9 260
9 346
9 398
9 476
9 495
9 514
9 548
9 552
9 652
9 663
9 722
9 783
9 821
9 845
9 933
9 967
9 973
10 46
10 148
10 191
10 199
10 213
10 235
10 272
10 361
10 430
10 531
10 549
10 567
10 601
10 647
10 788
10 809
10 836
10 847
10 907
10 925
11 28
11 31
11 77
11 95
11 108
11 112
11 126
11 160
11 182
11 218
11 243
11 257
11 258
11 285
11 288
11 341
11 344
11 352
11 402
11 420
11 439
11 448
11 460
11 475
11 515
11 516
11 544
11 547
11 556
11 572
11 601
11 624
11 643
11 650
11 662
11 668
11 693
11 738
11 760
11 782
11 853
11 896
11 961
11 991
12 18
12 42
12 48
12 76
12 116
12 129
12 151
12 189
12 190
12 248
12 257
12 361
12 364
12 367
12 394
12 397
12 430
12 496
12 557
12 601
12 636
12 667
12 707
12 752
12 861
12 882
12 886
12 962
13 41
13 54
13 74
13 81
13 134
13 151
13 210
13 211
13 214
13 221
13 239
13 243
13 263
13 280
13 290
13 392
13 471
13 480
13 590
13 593
13 653
13 778
14 16
14 65
14 70
14 96
14 111
14 130
14 159
14 206
14 208
14 283
14 338
14 340
14 381
14 409
14 411
14 455
14 479
14 503
14 513
14 516
14 536
14 589
14 620
14 625
14 660
14 664
14 720
14 732
14 828
14 837
14 838
15 31
15 105
15 111
15 115
15 198
15 232
15 234
15 241
15 269
15 366
15 445
15 447
15 476
15 546
15 565
15 663
15 740
15 781
15 807
15 845
15 870
15 933
16 70
16 111
16 159
16 252
16 253
16 294
16 338
16 340
16 455
16 479
16 513
16 516
16 589
16 620
16 664
16 772
16 838
17 94
17 116
17 118
17 129
17 211
17 240
17 340
17 397
17 430
17 438
17 524
17 601
17 605
17 634
17 636
17 668
17 688
17 689
17 695
17 732
17 800
17 871
17 899
17 962
17 999
18 58
18 117
18 129
18 183
18 227
18 233
18 240
18 248
18 361
18 362
18 418
18 420
18 430
18 435
18 583
18 601
18 612
18 634
18 667
18 703
18 722
18 752
18 819
18 861
18 957
18 962
19 91
19 138
19 153
19 167
19 175
19 177
19 186
19 248
19 302
19 327
19 397
19 456
19 458
19 589
19 630
19 692
19 719
19 742
19 749
19 837
19 889
19 916
19 935
19 941
19 959
20 29
20 66
20 72
20 85
20 150
20 209
20 299
20 349
20 383
20 403
20 524
20 545
20 595
20 623
20 645
20 688
20 713
20 905
20 918
20 951
20 990
21 92
21 184
21 196
21 197
21 207
21 216
21 218
21 231
21 259
21 275
21 307
21 316
21 319
21 325
21 391
21 429
21 534
21 541
21 583
21 649
21 696
21 707
21 709
21 717
21 718
21 721
21 739
21 745
21 750
21 764
21 782
21 786
21 867
21 874
21 913
21 969
21 972
22 27
22 32
22 76
22 262
22 265
22 283
22 284
22 293
22 296
22 338
22 353
22 424
22 446
22 449
22 557
22 568
22 598
22 602
22 765
22 790
22 791
22 793
22 827
22 876
22 985
23 51
23 67
23 75
23 79
23 87
23 121
23 131
23 147
23 154
23 189
23 190
23 250
23 276
23 332
23 365
23 483
23 538
23 553
23 569
23 576
23 579
23 654
23 754
23 781
23 883
23 894
24 41
24 184
24 203
24 225
24 274
24 326
24 364
24 384
24 413
24 428
24 443
24 487
24 702
24 731
24 745
24 767
24 806
24 824
24 874
24 914
24 934
24 965
24 984
24 986
25 33
25 48
25 128
25 204
25 277
25 296
25 343
25 370
25 374
25 389
25 394
25 403
25 427
25 431
25 522
25 567
25 592
25 632
25 637
25 649
25 703
25 748
25 751
25 795
25 813
25 911
25 934
25 957
25 974
26 61
26 84
26 109
26 129
26 164
26 173
26 174
26 247
26 252
26 578
26 599
26 605
26 608
26 609
26 674
26 777
26 796
26 863
26 913
26 937
26 942
26 983
27 32
27 44
27 62
27 76
27 158
27 203
27 254
27 262
27 265
27 283
27 290
27 337
27 350
27 363
27 412
27 420
27 434
27 446
27 447
27 550
27 557
27 598
27 619
27 682
27 790
27 827
27 861
27 985
28 192
28 200
28 202
28 232
28 242
28 245
28 289
28 295
28 299
28 336
28 337
28 401
28 411
28 441
28 443
28 492
28 504
28 505
28 521
28 683
28 691
28 706
28 716
28 748
28 752
28 760
28 774
28 785
28 796
28 798
28 805
28 828
28 855
28 856
28 888
28 947
28 950
28 967
28 970
28 982
29 55
29 72
29 115
29 198
29 349
29 350
29 383
29 524
29 545
29 610
29 623
29 688
29 707
29 713
29 800
29 918
30 42
30 48
30 128
30 228
30 296
30 301
30 367
30 370
30 380
30 403
30 427
30 467
30 522
30 567
30 595
30 632
30 637
30 649
30 681
30 698
30 703
30 787
30 860
30 974
31 40
31 45
31 79
31 85
31 87
31 105
31 110
31 135
31 140
31 157
31 205
31 211
31 224
31 232
31 233
31 234
31 255
31 269
31 273
31 366
31 413
31 424
31 463
31 495
31 519
31 546
31 565
31 592
31 653
31 672
31 722
31 763
31 781
31 807
31 881
31 898
31 933
31 934
31 973
32 62
32 76
32 160
32 193
32 283
32 317
32 353
32 394
32 434
32 446
32 449
32 550
32 551
32 602
32 738
32 757
32 790
32 827
33 70
33 124
33 226
33 235
33 294
33 304
33 309
33 327
33 453
33 539
33 545
33 617
33 627
33 747
33 772
33 778
33 833
33 846
33 889
33 924
33 950
33 964
34 82
34 171
34 251
34 371
34 376
34 452
34 488
34 526
34 543
34 562
34 580
34 616
34 629
34 678
34 777
34 779
34 914
34 916
34 924
35 167
35 242
35 254
35 304
35 348
35 379
35 390
35 411
35 426
35 478
35 521
35 639
35 658
35 683
35 688
35 699
35 706
35 711
35 716
35 720
35 797
35 853
35 946
35 953
35 970
35 979
36 42
36 218
36 228
36 296
36 329
36 369
36 374
36 380
36 389
36 403
36 567
36 595
36 632
36 681
36 703
36 709
36 751
36 866
36 900
36 943
36 980
37 52
37 106
37 126
37 161
37 190
37 217
37 365
37 366
37 416
37 443
37 558
37 651
37 756
37 788
37 802
37 819
37 822
37 823
37 928
38 81
38 87
38 121
38 131
38 133
38 138
38 150
38 321
38 524
38 576
38 594
38 648
38 874
38 877
38 904
38 912
39 97
39 268
39 328
39 364
39 384
39 617
39 646
39 767
39 782
39 795
39 824
39 841
39 858
39 902
39 939
39 960
39 965
40 80
40 85
40 91
40 110
40 157
40 162
40 172
40 241
40 247
40 255
40 264
40 269
40 281
40 441
40 476
40 495
40 653
40 688
40 707
40 807
40 845
40 881
40 933
40 973
41 55
41 73
41 225
41 274
41 281
41 372
41 384
41 406
41 408
41 410
41 425
41 428
41 498
41 523
41 731
41 736
41 801
41 824
41 846
41 858
41 874
41 884
41 902
41 919
41 956
41 974
41 986
42 45
42 128
42 129
42 204
42 228
42 380
42 389
42 403
42 504
42 567
42 595
42 632
42 634
42 637
42 649
42 694
42 703
42 725
42 813
42 896
42 911
42 974
42 980
42 995
43 54
43 58
43 132
43 134
43 144
43 210
43 214
43 239
43 243
43 244
43 290
43 400
43 473
43 477
43 516
43 549
43 590
43 715
43 741
43 763
43 816
43 831
43 991
44 62
44 76
44 78
44 159
44 196
44 262
44 283
44 446
44 449
44 568
44 619
44 669
44 699
44 730
44 735
44 765
44 793
44 985
45 98
45 203
45 274
45 277
45 292
45 364
45 384
45 406
45 408
45 429
45 542
45 594
45 805
45 858
45 902
45 939
45 965
46 47
46 67
46 112
46 148
46 152
46 183
46 205
46 213
46 358
46 421
46 531
46 540
46 575
46 680
46 700
46 703
46 788
46 836
46 847
46 860
46 865
46 907
46 925
46 958
47 62
47 148
47 152
47 164
47 174
47 188
47 213
47 272
47 304
47 322
47 368
47 516
47 531
47 549
47 575
47 647
47 796
47 819
47 836
47 847
47 925
48 120
48 128
48 188
48 228
48 296
48 370
48 374
48 380
48 389
48 399
48 403
48 419
48 427
48 467
48 487
48 489
48 500
48 528
48 585
48 595
48 605
48 632
48 649
48 694
48 698
48 703
48 733
48 746
48 751
48 761
48 763
48 813
48 911
48 954
49 84
49 184
49 218
49 259
49 299
49 325
49 391
49 446
49 458
49 459
49 499
49 519
49 541
49 564
49 696
49 734
49 750
49 787
49 966
49 969
50 57
50 62
50 65
50 77
50 194
50 240
50 331
50 409
50 419
50 479
50 493
50 570
50 574
50 692
50 715
50 747
50 860
50 876
50 910
50 989
51 66
51 67
51 75
51 81
51 83
51 87
51 121
51 131
51 245
51 305
51 307
51 312
51 332
51 365
51 546
51 553
51 569
51 576
51 579
51 635
51 648
51 654
51 782
51 841
51 883
51 904
51 912
51 959
51 978
52 87
52 100
52 106
52 161
52 217
52 302
52 306
52 332
52 364
52 416
52 443
52 478
52 485
52 558
52 559
52 568
52 651
52 701
52 756
52 802
52 819
52 822
52 833
52 880
52 928
52 963
53 65
53 148
53 185
53 213
53 227
53 294
53 363
53 512
53 531
53 608
53 639
53 788
53 836
53 847
53 860
53 907
53 925
54 74
54 114
54 126
54 134
54 144
54 152
54 210
54 214
54 239
54 253
54 290
54 315
54 460
54 471
54 473
54 538
54 704
54 723
54 741
54 800
54 857
54 859
54 991
55 69
55 80
55 83
55 89
55 121
55 149
55 151
55 202
55 431
55 440
55 708
55 769
55 812
55 826
55 829
55 921
55 923
55 948
56 68
56 88
56 120
56 169
56 282
56 452
56 526
56 543
56 562
56 580
56 616
56 773
56 777
56 779
56 799
56 966
57 64
57 184
57 194
57 248
57 268
57 311
57 319
57 323
57 409
57 715
57 776
57 850
58 74
58 114
58 132
58 134
58 144
58 210
58 214
58 221
58 243
58 246
58 253
58 263
58 280
58 290
58 315
58 321
58 432
58 464
58 471
58 477
58 491
58 501
58 514
58 558
58 577
58 586
58 596
58 612
58 636
58 704
58 723
58 741
58 800
58 831
58 886
58 902
58 991
59 80
59 84
59 90
59 162
59 197
59 260
59 270
59 272
59 279
59 287
59 298
59 300
59 328
59 334
59 389
59 392
59 490
59 520
59 525
59 551
59 594
59 598
59 676
59 737
59 764
59 840
59 890
59 940
60 155
60 194
60 311
60 323
60 354
60 375
60 395
60 409
60 444
60 601
60 661
60 686
60 715
60 776
60 820
60 844
60 886
60 909
61 88
61 101
61 111
61 127
61 156
61 173
61 174
61 266
61 460
61 599
61 604
61 605
61 609
61 666
61 671
61 757
61 765
61 891
61 907
61 923
61 942
62 76
62 78
62 99
62 106
62 182
62 200
62 222
62 262
62 265
62 283
62 312
62 317
62 446
62 447
62 449
62 454
62 493
62 550
62 568
62 593
62 602
62 731
62 766
62 790
62 793
62 827
62 837
62 952
63 127
63 137
63 170
63 368
63 370
63 482
63 508
63 621
63 657
63 681
63 753
63 832
63 850
64 65
64 77
64 119
64 173
64 295
64 311
64 323
64 331
64 395
64 409
64 447
64 539
64 566
64 574
64 661
64 820
64 876
64 886
64 993
65 194
65 220
65 323
65 368
65 409
65 656
65 658
65 820
65 879
65 985
66 75
66 81
66 87
66 121
66 133
66 236
66 257
66 305
66 312
66 415
66 500
66 553
66 576
66 579
66 671
66 846
66 883
67 75
67 81
67 87
67 121
67 131
67 154
67 200
67 240
67 250
67 257
67 276
67 305
67 312
67 332
67 351
67 470
67 526
67 528
67 538
67 553
67 569
67 576
67 579
67 609
67 628
67 654
67 670
67 776
67 787
67 799
67 805
67 883
67 904
67 912
67 932
68 83
68 137
68 286
68 292
68 339
68 398
68 432
68 573
68 621
68 640
68 832
68 852
68 897
69 123
69 149
69 158
69 168
69 241
69 291
69 330
69 431
69 440
69 684
69 695
69 708
69 710
69 780
69 834
69 895
69 921
69 923
69 992
70 111
70 125
70 145
70 159
70 206
70 210
70 296
70 317
70 338
70 340
70 381
70 455
70 479
70 503
70 513
70 516
70 589
70 620
70 625
70 660
70 671
70 713
70 838
70 913
71 93
71 117
71 186
71 235
71 301
71 335
71 404
71 440
71 450
71 452
71 474
71 528
71 539
71 554
71 560
71 571
71 606
71 617
71 633
71 639
71 676
71 686
71 692
71 721
71 729
71 747
71 772
71 774
71 865
71 889
71 938
71 950
71 962
71 971
71 1000
72 82
72 102
72 150
72 209
72 349
72 383
72 409
72 452
72 524
72 545
72 610
72 623
72 710
72 797
72 820
72 864
72 889
72 905
72 951
73 160
73 288
73 293
73 355
73 405
73 426
73 439
73 532
73 624
73 626
73 643
73 650
73 725
73 754
73 774
73 782
73 792
73 830
73 854
73 870
73 893
73 908
73 926
73 943
74 134
74 144
74 148
74 158
74 210
74 214
74 221
74 239
74 243
74 253
74 290
74 315
74 361
74 421
74 464
74 473
74 491
74 501
74 577
74 590
74 621
74 704
74 734
74 741
74 747
74 763
74 780
74 800
74 819
74 831
74 985
74 987
74 991
75 81
75 87
75 121
75 131
75 133
75 154
75 197
75 271
75 276
75 312
75 317
75 332
75 416
75 576
75 605
75 635
75 654
75 670
75 930
76 99
76 353
76 419
76 446
76 493
76 550
76 557
76 593
76 602
76 669
76 741
76 766
76 790
76 793
76 827
76 877
76 909
76 952
76 968
76 985
77 126
77 194
77 289
77 319
77 323
77 352
77 395
77 409
77 444
77 565
77 690
77 729
77 771
77 879
77 886
77 916
77 961
78 265
78 278
78 284
78 590
78 593
78 619
78 765
78 766
78 812
78 827
78 895
78 985
79 233
79 248
79 255
79 346
79 441
79 478
79 495
79 548
79 565
79 663
79 781
79 793
79 855
79 934
80 149
80 202
80 291
80 348
80 561
80 679
80 695
80 708
80 723
80 811
80 826
80 834
80 840
80 890
80 921
80 923
80 987
81 87
81 121
81 131
81 133
81 254
81 257
81 261
81 276
81 307
81 312
81 365
81 553
81 569
81 576
81 648
81 654
81 842
81 883
81 904
81 912
81 941
81 950
81 988
82 290
82 321
82 543
82 580
82 629
82 678
82 714
82 768
82 777
82 783
82 791
82 799
83 137
83 195
83 291
83 316
83 339
83 368
83 460
83 461
83 494
83 523
83 527
83 573
83 587
83 609
83 611
83 621
83 657
83 661
83 743
83 753
83 767
83 832
83 915
83 996
84 88
84 103
84 127
84 137
84 164
84 172
84 173
84 174
84 247
84 249
84 266
84 295
84 314
84 332
84 343
84 376
84 377
84 382
84 432
84 502
84 538
84 604
84 605
84 609
84 614
84 671
84 682
84 757
84 777
84 796
84 849
84 866
84 890
84 891
84 910
84 913
84 942
84 983
85 105
85 110
85 172
85 198
85 243
85 259
85 366
85 413
85 432
85 466
85 476
85 495
85 546
85 565
85 603
85 663
85 730
85 818
85 845
85 872
85 881
85 933
85 973
86 176
86 179
86 237
86 256
86 371
86 502
86 613
86 656
86 665
86 728
86 856
86 861
86 909
86 978
86 979
87 121
87 131
87 133
87 154
87 276
87 286
87 305
87 307
87 312
87 320
87 332
87 365
87 487
87 553
87 558
87 569
87 576
87 579
87 600
87 628
87 634
87 635
87 654
87 667
87 670
87 807
87 813
87 883
87 904
87 912
87 933
88 103
88 109
88 127
88 173
88 174
88 195
88 247
88 266
88 273
88 343
88 376
88 382
88 411
88 599
88 605
88 608
88 609
88 614
88 777
88 780
88 826
88 869
88 883
88 975
89 123
89 151
89 168
89 216
89 291
89 414
89 440
89 527
89 561
89 622
89 629
89 695
89 708
89 811
89 826
89 829
89 921
89 923
90 117
90 162
90 199
90 279
90 298
90 300
90 376
90 512
90 517
90 520
90 524
90 525
90 555
90 594
90 598
90 653
90 705
90 768
90 804
90 806
90 809
90 810
90 840
90 850
91 112
91 118
91 135
91 163
91 182
91 203
91 237
91 426
91 453
91 460
91 463
91 477
91 556
91 572
91 618
91 643
91 754
91 770
91 782
91 854
91 875
91 888
91 908
91 949
92 133
92 176
92 184
92 197
92 218
92 261
92 275
92 309
92 391
92 429
92 459
92 538
92 541
92 627
92 680
92 709
92 734
92 787
92 893
92 969
92 977
92 990
93 138
93 335
93 394
93 488
93 532
93 547
93 554
93 560
93 617
93 621
93 633
93 639
93 669
93 687
93 729
93 742
93 808
93 860
93 889
93 1000
94 113
94 116
94 129
94 141
94 181
94 183
94 187
94 189
94 211
94 240
94 248
94 304
94 319
94 324
94 361
94 442
94 445
94 452
94 470
94 525
94 581
94 601
94 612
94 634
94 636
94 667
94 690
94 752
94 796
94 843
94 861
94 865
94 922
94 930
94 962
94 997
94 998
95 108
95 112
95 118
95 160
95 243
95 344
95 363
95 460
95 463
95 514
95 532
95 537
95 539
95 547
95 563
95 596
95 618
95 650
95 682
95 782
95 817
95 835
95 926
96 130
96 159
96 216
96 427
96 428
96 442
96 513
96 519
96 838
96 987
97 165
97 244
97 266
97 274
97 277
97 281
97 303
97 306
97 364
97 378
97 384
97 385
97 410
97 412
97 542
97 722
97 767
97 803
97 858
97 874
97 910
97 917
97 927
97 986
98 252
98 277
98 292
98 329
98 346
98 359
98 386
98 398
98 412
98 428
98 481
98 542
98 687
98 731
98 736
98 939
98 956
99 262
99 283
99 284
99 353
99 358
99 446
99 447
99 493
99 494
99 557
99 568
99 575
99 593
99 609
99 636
99 669
99 691
99 759
99 765
99 766
99 790
99 793
99 826
99 827
99 952
99 968
100 106
100 129
100 161
100 322
100 410
100 559
100 651
100 701
100 711
100 733
100 756
100 802
100 928
100 963
101 109
101 127
101 156
101 173
101 174
101 247
101 266
101 268
101 376
101 382
101 386
101 599
101 605
101 609
101 644
101 666
101 686
101 708
101 757
101 796
101 891
101 942
101 975
101 983
102 115
102 150
102 253
102 267
102 349
102 463
102 524
102 545
102 688
102 713
102 905
103 109
103 127
103 376
103 377
103 531
103 586
103 608
103 666
103 719
103 796
103 866
103 942
103 994
104 173
104 174
104 333
104 345
104 377
104 382
104 394
104 419
104 609
104 666
104 796
104 846
104 890
104 913
104 942
105 110
105 167
105 255
105 346
105 348
105 394
105 534
105 548
105 576
105 653
105 836
105 845
105 881
105 910
105 946
105 982
106 161
106 217
106 322
106 434
106 451
106 485
106 537
106 544
106 559
106 642
106 675
106 676
106 701
106 756
106 802
106 822
106 823
106 833
106 928
106 942
106 949
107 108
107 112
107 139
107 182
107 220
107 258
107 286
107 288
107 317
107 352
107 354
107 414
107 439
107 457
107 538
107 556
107 563
107 597
107 626
107 632
107 662
107 682
107 725
107 754
107 784
107 854
107 929
107 949
107 974
107 982
108 182
108 196
108 285
108 306
108 344
108 414
108 420
108 457
108 491
108 535
108 537
108 563
108 591
108 655
108 657
108 682
108 760
108 789
108 835
108 857
108 931
109 127
109 156
109 164
109 173
109 174
109 266
109 333
109 377
109 382
109 388
109 423
109 466
109 482
109 599
109 604
109 605
109 609
109 622
109 645
109 648
109 665
109 666
109 676
109 757
109 796
109 849
109 866
109 890
109 891
109 913
109 942
110 140
110 192
110 262
110 346
110 366
110 403
110 413
110 495
110 592
110 652
110 781
110 807
110 810
110 933
110 934
110 973
111 119
111 206
111 282
111 338
111 368
111 449
111 513
111 516
111 589
111 720
111 811
111 838
111 864
112 118
112 182
112 278
112 352
112 402
112 510
112 513
112 535
112 556
112 563
112 572
112 591
112 636
112 643
112 662
112 668
112 725
112 728
112 771
112 796
112 799
112 854
112 896
112 898
112 907
112 935
112 943
112 963
113 116
113 129
113 183
113 187
113 189
113 229
113 248
113 348
113 361
113 403
113 405
113 445
113 496
113 521
113 583
113 601
113 612
113 634
113 636
113 685
113 692
113 693
113 697
113 731
113 748
113 843
113 861
113 865
113 871
113 899
113 962
113 997
113 998
114 134
114 144
114 158
114 189
114 213
114 214
114 239
114 243
114 244
114 246
114 290
114 315
114 321
114 464
114 518
114 586
114 749
114 763
114 771
114 800
114 806
114 831
114 894
114 940
114 991
115 150
115 183
115 217
115 349
115 350
115 371
115 383
115 464
115 524
115 545
115 623
115 688
115 713
115 864
115 879
115 905
115 918
115 951
115 989
116 158
116 189
116 190
116 206
116 211
116 229
116 235
116 275
116 319
116 324
116 348
116 351
116 361
116 375
116 418
116 430
116 435
116 442
116 462
116 470
116 581
116 601
116 612
116 623
116 634
116 636
116 655
116 658
116 667
116 688
116 690
116 697
116 712
116 843
116 861
116 865
116 867
116 871
116 944
116 957
116 962
116 997
117 133
117 151
117 162
117 199
117 270
117 279
117 287
117 293
117 298
117 300
117 328
117 334
117 520
117 594
117 611
117 673
117 705
117 726
117 764
117 768
117 800
117 804
117 840
117 892
117 940
118 135
118 139
118 212
118 243
118 253
118 405
118 437
118 448
118 457
118 460
118 532
118 556
118 563
118 569
118 572
118 591
118 596
118 597
118 619
118 651
118 668
118 682
118 735
118 754
118 782
118 784
118 816
118 836
118 839
118 896
118 938
119 121
119 131
119 250
119 257
119 276
119 297
119 305
119 308
119 332
119 365
119 405
119 498
119 553
119 566
119 572
119 576
119 579
119 628
119 635
119 648
119 654
119 831
119 883
119 904
119 991
120 182
120 204
120 228
120 282
120 303
120 314
120 370
120 374
120 380
120 399
120 500
120 567
120 595
120 632
120 641
120 681
120 694
120 703
120 727
120 746
120 751
120 813
120 885
120 902
120 939
120 974
120 980
120 995
121 131
121 133
121 154
121 200
121 250
121 252
121 257
121 276
121 305
121 307
121 312
121 332
121 333
121 365
121 538
121 553
121 576
121 579
121 627
121 628
121 635
121 648
121 654
121 670
121 681
121 745
121 792
121 883
121 904
121 912
121 916
122 143
122 144
122 166
122 188
122 226
122 296
122 374
122 513
122 530
122 563
122 582
122 599
122 659
122 848
122 891
123 151
123 249
123 298
123 417
123 431
123 440
123 572
123 684
123 708
123 811
123 826
123 829
123 834
123 904
123 923
123 993
123 996
124 145
124 193
124 261
124 286
124 392
124 615
124 638
124 664
124 679
124 681
124 719
124 737
124 855
124 982
125 130
125 218
125 259
125 323
125 340
125 345
125 406
125 494
125 513
125 516
125 630
125 813
125 838
126 258
126 271
126 278
126 402
126 426
126 482
126 515
126 535
126 571
126 585
126 643
126 655
126 688
126 754
126 771
126 782
126 784
126 817
126 835
126 854
126 898
126 929
126 931
127 156
127 164
127 173
127 174
127 226
127 247
127 249
127 266
127 303
127 333
127 343
127 363
127 376
127 377
127 414
127 537
127 557
127 566
127 599
127 604
127 605
127 609
127 614
127 645
127 658
127 666
127 699
127 705
127 796
127 840
127 849
127 866
127 890
127 891
127 898
127 913
127 942
127 975
128 138
128 189
128 228
128 296
128 371
128 374
128 380
128 389
128 403
128 522
128 530
128 538
128 567
128 595
128 632
128 637
128 649
128 681
128 694
128 697
128 703
128 727
128 733
128 750
128 797
128 813
128 911
128 952
129 183
129 189
129 240
129 309
129 324
129 351
129 361
129 385
129 418
129 430
129 438
129 462
129 480
129 516
129 581
129 593
129 601
129 634
129 636
129 667
129 689
129 697
129 712
129 861
129 865
129 889
129 957
129 962
130 159
130 274
130 279
130 340
130 362
130 381
130 455
130 516
130 589
130 620
130 838
131 133
131 154
131 177
131 250
131 257
131 276
131 291
131 307
131 312
131 332
131 365
131 563
131 569
131 576
131 579
131 595
131 607
131 648
131 654
131 670
131 726
131 831
131 842
131 883
131 912
131 953
131 975
131 977
131 996
132 134
132 210
132 239
132 290
132 315
132 471
132 495
132 514
132 590
132 723
132 800
132 949
132 991
133 174
133 216
133 247
133 257
133 293
133 307
133 332
133 354
133 365
133 538
133 553
133 569
133 576
133 579
133 628
133 635
133 648
133 654
133 670
133 743
133 762
133 802
133 842
133 912
134 144
134 158
134 210
134 221
134 239
134 243
134 244
134 246
134 253
134 263
134 280
134 290
134 315
134 321
134 405
134 429
134 453
134 464
134 471
134 477
134 491
134 501
134 514
134 561
134 577
134 586
134 590
134 653
134 723
134 727
134 741
134 763
134 800
134 828
134 831
134 970
134 987
134 991
134 999
135 144
135 155
135 234
135 271
135 294
135 310
135 426
135 460
135 532
135 597
135 626
135 661
135 662
135 719
135 725
135 777
135 835
135 870
135 931
135 932
135 943
135 949
136 142
136 222
136 254
136 256
136 453
136 502
136 656
136 665
136 878
136 909
136 953
136 978
136 979
137 170
137 190
137 195
137 339
137 343
137 368
137 461
137 494
137 508
137 523
137 573
137 587
137 611
137 621
137 842
137 915
137 932
137 985
137 996
138 144
138 153
138 181
138 186
138 201
138 213
138 283
138 301
138 302
138 310
138 320
138 335
138 357
138 397
138 407
138 422
138 488
138 506
138 517
138 571
138 574
138 587
138 588
138 627
138 630
138 633
138 639
138 675
138 704
138 747
138 772
138 774
138 794
138 808
138 821
138 825
138 836
138 837
138 846
138 863
138 869
138 889
138 898
138 927
138 950
138 955
138 959
138 964
138 971
139 186
139 227
139 253
139 297
139 317
139 367
139 387
139 395
139 448
139 453
139 457
139 460
139 547
139 591
139 624
139 682
139 770
139 782
139 839
139 852
139 857
139 898
140 214
140 224
140 232
140 255
140 283
140 418
140 520
140 546
140 653
140 663
140 664
140 837
140 845
140 898
140 933
141 200
141 201
141 211
141 223
141 248
141 333
141 347
141 362
141 418
141 445
141 601
141 634
141 667
141 674
141 697
141 832
141 843
141 929
141 962
142 154
142 176
142 277
142 497
142 567
142 613
142 656
142 728
142 863
142 878
142 895
142 909
143 166
143 226
143 358
143 425
143 433
143 527
143 530
143 532
143 756
143 840
143 994
144 153
144 210
144 214
144 235
144 239
144 243
144 244
144 246
144 253
144 263
144 280
144 290
144 429
144 464
144 473
144 474
144 491
144 498
144 501
144 590
144 812
144 866
144 971
145 146
145 165
145 261
145 278
145 352
145 373
145 507
145 574
145 615
145 628
145 640
145 642
145 644
145 679
145 790
145 855
145 873
146 165
146 219
146 261
146 278
146 286
146 351
146 356
146 392
146 449
146 507
146 515
146 595
146 602
146 615
146 629
146 640
146 642
146 644
146 730
146 758
146 792
146 855
146 859
146 873
146 885
147 263
147 267
147 279
147 298
147 300
147 328
147 520
147 525
147 594
147 607
147 705
147 882
147 969
148 152
148 185
148 188
148 233
148 272
148 306
148 358
148 363
148 421
148 423
148 451
148 507
148 512
148 531
148 540
148 575
148 647
148 657
148 680
148 700
148 764
148 788
148 828
148 836
148 846
148 860
148 861
148 907
148 925
148 936
148 958
149 151
149 360
149 431
149 440
149 622
149 670
149 695
149 710
149 815
149 826
149 829
149 923
149 956
150 209
150 299
150 320
150 350
150 383
150 507
150 524
150 623
150 652
150 682
150 688
150 713
150 805
150 918
150 951
150 989
151 168
151 180
151 195
151 202
151 291
151 323
151 360
151 403
151 417
151 431
151 440
151 442
151 528
151 540
151 557
151 561
151 564
151 622
151 684
151 695
151 710
151 751
151 811
151 812
151 826
151 829
151 834
151 921
151 923
151 992
152 185
152 188
152 213
152 272
152 284
152 421
152 483
152 512
152 531
152 534
152 549
152 562
152 575
152 647
152 680
152 700
152 788
152 836
152 907
152 925
152 940
153 161
153 173
153 186
153 201
153 289
153 302
153 304
153 327
153 335
153 397
153 488
153 527
153 554
153 560
153 566
153 571
153 591
153 606
153 617
153 627
153 675
153 676
153 719
153 747
153 818
153 821
153 837
153 868
153 889
153 903
153 938
153 959
153 964
153 976
153 999
154 250
154 257
154 305
154 379
154 472
154 510
154 538
154 576
154 619
154 750
154 812
154 868
154 927
154 982
155 157
155 387
155 413
155 448
155 453
155 476
155 545
155 546
155 548
155 565
155 603
155 606
155 608
155 618
155 653
155 672
155 781
155 807
155 864
155 872
155 933
155 934
156 173
156 215
156 249
156 333
156 376
156 407
156 547
156 605
156 608
156 609
156 645
156 666
156 671
156 769
156 796
156 869
156 942
157 160
157 172
157 174
157 194
157 198
157 224
157 303
157 346
157 366
157 455
157 660
157 663
157 845
157 933
158 210
158 246
158 280
158 514
158 590
158 658
158 767
158 772
159 206
159 338
159 340
159 400
159 410
159 503
159 513
159 516
159 581
159 653
159 660
159 664
159 772
159 890
160 182
160 444
160 460
160 482
160 505
160 516
160 532
160 535
160 572
160 617
160 655
160 784
160 883
160 889
161 217
161 322
161 337
161 347
161 416
161 485
161 558
161 611
161 666
161 701
161 756
161 802
161 819
161 821
161 822
161 823
161 833
161 855
161 870
161 928
161 963
161 998
162 267
162 300
162 328
162 369
162 520
162 583
162 594
162 604
162 804
162 851
163 165
163 193
163 219
163 233
163 261
163 278
163 286
163 392
163 509
163 546
163 615
163 638
163 642
163 644
163 679
163 737
163 758
163 843
163 873
163 885
164 169
164 173
164 174
164 204
164 266
164 343
164 347
164 376
164 382
164 605
164 608
164 609
164 645
164 793
164 891
164 908
164 942
164 953
164 975
164 983
165 193
165 261
165 278
165 286
165 380
165 392
165 417
165 421
165 507
165 509
165 615
165 642
165 665
165 679
165 737
165 758
165 855
165 859
166 226
166 366
166 393
166 433
166 464
166 490
166 527
166 530
166 552
166 666
166 702
166 730
166 775
166 837
166 848
166 906
166 954
166 994
167 180
167 192
167 230
167 242
167 254
167 336
167 337
167 361
167 390
167 401
167 411
167 424
167 436
167 478
167 486
167 492
167 503
167 504
167 521
167 546
167 597
167 641
167 657
167 691
167 699
167 711
167 716
167 720
167 726
167 747
167 748
167 760
167 789
167 805
167 811
167 828
167 852
167 884
167 887
167 895
167 922
167 946
167 947
167 953
167 970
167 982
168 291
168 440
168 637
168 695
168 708
168 710
168 811
168 812
168 829
168 835
168 855
168 921
168 923
168 951
169 234
169 282
169 322
169 342
169 371
169 446
169 543
169 544
169 580
169 629
169 669
169 678
169 687
169 714
169 777
169 783
169 799
169 887
169 942
169 964
170 195
170 233
170 523
170 564
170 573
170 587
170 621
170 657
170 679
170 690
170 743
170 832
170 897
170 931
170 996
171 251
171 402
171 452
171 460
171 526
171 564
171 580
171 629
171 631
171 687
171 714
171 732
171 791
171 944
171 988
172 227
172 346
172 366
172 373
172 639
172 643
172 933
173 174
173 247
173 266
173 277
173 343
173 376
173 382
173 388
173 452
173 454
173 457
173 524
173 527
173 599
173 604
173 605
173 608
173 609
173 645
173 666
173 671
173 673
173 691
173 796
173 869
173 890
173 903
173 942
173 983
174 189
174 263
174 266
174 300
174 333
174 343
174 377
174 382
174 388
174 404
174 542
174 599
174 604
174 605
174 609
174 614
174 666
174 671
174 739
174 766
174 796
174 849
174 866
174 869
174 891
174 942
174 975
175 219
175 294
175 313
175 320
175 327
175 354
175 357
175 367
175 506
175 513
175 528
175 560
175 566
175 588
175 617
175 639
175 674
175 676
175 684
175 729
175 738
175 747
175 794
175 903
175 904
175 938
176 222
176 256
176 444
176 464
176 487
176 497
176 502
176 533
176 585
176 613
176 656
176 665
176 728
176 878
176 909
176 920
176 978
176 979
177 220
177 235
177 294
177 302
177 310
177 354
177 366
177 397
177 468
177 539
177 554
177 558
177 566
177 571
177 633
177 638
177 747
177 772
177 812
177 815
177 818
177 846
177 848
177 914
177 927
177 938
177 971
177 999
177 1000
178 267
178 279
178 287
178 298
178 300
178 328
178 525
178 529
178 594
178 619
178 673
178 717
178 756
178 778
178 810
178 889
178 940
178 944
178 965
179 203
179 216
179 225
179 268
179 273
179 303
179 326
179 332
179 342
179 349
179 359
179 398
179 403
179 406
179 428
179 678
179 755
179 858
179 956
179 986
180 199
180 200
180 254
180 347
180 387
180 390
180 401
180 415
180 436
180 478
180 495
180 716
180 762
180 789
180 805
180 880
180 887
180 940
180 947
180 960
181 287
181 320
181 430
181 506
181 588
181 606
181 617
181 623
181 677
181 692
181 719
181 748
181 772
181 796
181 837
181 845
181 901
181 914
181 986
182 317
182 341
182 358
182 426
182 448
182 460
182 475
182 518
182 547
182 563
182 591
182 597
182 727
182 731
182 771
182 792
182 817
182 835
182 876
182 931
182 943
183 187
183 189
183 190
183 229
183 246
183 332
183 348
183 373
183 418
183 430
183 435
183 438
183 445
183 454
183 470
183 482
183 496
183 599
183 634
183 667
183 682
183 696
183 697
183 712
183 732
183 752
183 839
183 865
183 871
183 899
183 953
183 998
184 186
184 197
184 207
184 216
184 218
184 220
184 231
184 238
184 239
184 248
184 259
184 275
184 289
184 308
184 309
184 429
184 430
184 519
184 534
184 551
184 703
184 709
184 717
184 724
184 734
184 735
184 739
184 745
184 769
184 786
184 787
184 809
184 862
184 867
184 893
184 927
184 966
184 969
184 991
185 188
185 213
185 272
185 363
185 451
185 531
185 536
185 540
185 549
185 647
185 700
185 788
185 836
185 847
185 849
185 925
185 984
186 243
186 302
186 384
186 488
186 547
186 588
186 617
186 704
186 729
186 796
186 873
187 189
187 249
187 348
187 430
187 601
187 634
187 636
187 706
187 798
187 861
187 962
188 213
188 219
188 272
188 357
188 363
188 461
188 527
188 531
188 543
188 602
188 680
188 788
188 892
188 907
188 926
188 936
189 190
189 211
189 223
189 240
189 351
189 361
189 375
189 418
189 430
189 435
189 438
189 443
189 462
189 470
189 510
189 515
189 556
189 571
189 583
189 601
189 612
189 634
189 685
189 697
189 712
189 822
189 861
189 865
189 888
189 899
189 957
189 962
189 997
189 998
190 199
190 214
190 240
190 248
190 348
190 375
190 430
190 495
190 505
190 583
190 601
190 843
190 861
190 865
190 877
190 962
191 288
191 304
191 312
191 320
191 354
191 367
191 484
191 588
191 627
191 633
191 639
191 675
191 676
191 729
191 772
191 778
191 816
191 818
191 821
191 837
191 938
191 950
191 999
192 200
192 237
192 327
192 392
192 505
192 523
192 535
192 711
192 726
192 889
192 899
193 219
193 251
193 261
193 286
193 392
193 642
193 679
193 737
193 817
193 981
194 247
194 295
194 311
194 317
194 319
194 323
194 366
194 395
194 409
194 444
194 532
194 541
194 570
194 574
194 647
194 658
194 661
194 708
194 715
194 820
194 850
194 876
194 879
194 886
194 899
194 961
195 196
195 258
195 260
195 316
195 339
195 368
195 461
195 508
195 521
195 523
195 573
195 587
195 611
195 621
195 650
195 657
195 663
195 753
195 785
195 832
195 931
195 986
195 996
196 207
196 391
196 404
196 429
196 459
196 476
196 519
196 541
196 696
196 721
196 724
196 734
196 739
196 769
196 771
196 876
196 943
196 966
196 977
197 216
197 218
197 238
197 274
197 275
197 391
197 499
197 519
197 534
197 547
197 717
197 734
197 786
197 787
197 867
197 884
197 893
197 945
197 977
197 993
198 205
198 241
198 260
198 366
198 418
198 432
198 441
198 483
198 587
198 592
198 653
198 681
198 740
198 807
198 834
198 973
199 260
199 267
199 287
199 293
199 298
199 300
199 328
199 448
199 466
199 517
199 520
199 525
199 551
199 594
199 598
199 607
199 610
199 638
199 674
199 705
199 727
199 753
199 764
199 768
199 780
199 804
199 810
199 840
199 869
199 882
199 896
199 940
200 242
200 245
200 289
200 291
200 295
200 336
200 337
200 347
200 374
200 387
200 390
200 401
200 411
200 418
200 422
200 450
200 465
200 492
200 505
200 521
200 570
200 683
200 699
200 711
200 716
200 719
200 814
200 828
200 842
200 852
200 856
200 877
200 887
200 888
200 946
200 947
200 960
200 968
200 970
201 301
201 495
201 571
201 606
201 617
201 639
201 676
201 677
201 774
201 794
201 873
201 876
202 287
202 339
202 431
202 440
202 538
202 561
202 563
202 684
202 695
202 749
202 763
202 811
202 826
202 847
202 872
202 923
203 268
203 277
203 406
203 428
203 458
203 484
203 542
203 641
203 678
203 731
203 850
203 886
203 919
203 939
203 965
204 228
204 522
204 567
204 595
204 632
204 637
204 703
204 799
204 828
204 962
204 995
205 348
205 366
205 485
205 546
205 693
205 721
205 807
205 933
206 238
206 266
206 312
206 340
206 381
206 455
206 470
206 479
206 489
206 513
206 516
206 664
206 684
206 738
206 835
206 838
206 940
207 249
207 308
207 519
207 534
207 541
207 569
207 696
207 750
207 773
207 787
207 809
207 828
207 893
207 966
207 972
207 990
208 270
208 338
208 416
208 516
208 532
208 582
208 589
208 678
208 696
208 838
208 928
208 966
208 982
209 299
209 335
209 349
209 350
209 408
209 524
209 538
209 545
209 571
209 677
209 681
209 864
209 967
209 989
210 214
210 239
210 243
210 244
210 246
210 253
210 263
210 276
210 280
210 290
210 315
210 321
210 464
210 471
210 473
210 477
210 491
210 498
210 501
210 514
210 521
210 522
210 551
210 586
210 590
210 647
210 723
210 741
210 800
210 831
210 835
210 845
210 941
210 944
210 987
210 991
211 229
211 240
211 348
211 418
211 419
211 581
211 634
211 636
211 674
211 697
211 732
211 780
211 843
211 861
211 881
211 962
211 996
211 997
212 340
212 345
212 420
212 453
212 463
212 474
212 491
212 498
212 532
212 536
212 537
212 547
212 624
212 626
212 650
212 662
212 682
212 733
212 738
212 743
212 817
212 854
212 908
212 926
212 929
213 216
213 296
213 327
213 363
213 365
213 421
213 475
213 531
213 540
213 549
213 559
213 663
213 680
213 700
213 777
213 788
213 836
213 958
214 221
214 239
214 243
214 244
214 246
214 253
214 263
214 280
214 290
214 321
214 342
214 417
214 471
214 477
214 484
214 498
214 514
214 577
214 590
214 613
214 800
214 840
214 931
214 987
215 472
215 526
215 562
215 605
215 609
215 649
215 666
215 796
215 866
215 913
215 933
215 946
215 964
215 996
216 220
216 231
216 238
216 259
216 275
216 287
216 308
216 309
216 368
216 391
216 445
216 459
216 474
216 499
216 519
216 541
216 555
216 597
216 621
216 709
216 717
216 721
216 724
216 734
216 739
216 750
216 779
216 787
216 801
216 809
216 867
216 893
216 937
216 953
216 966
216 969
216 972
216 990
216 993
217 322
217 382
217 407
217 416
217 430
217 526
217 558
217 559
217 576
217 701
217 797
217 802
217 819
217 822
217 963
217 984
217 987
218 238
218 255
218 391
218 519
218 541
218 620
218 666
218 696
218 717
218 718
218 724
218 787
218 829
218 867
218 893
218 966
218 977
218 990
218 993
219 261
219 278
219 286
219 582
219 638
219 640
219 642
219 694
219 855
219 859
219 991
220 309
220 459
220 519
220 576
220 641
220 643
220 696
220 893
220 966
221 239
221 244
221 246
221 263
221 280
221 290
221 355
221 434
221 501
221 574
221 577
221 763
221 787
221 800
221 870
221 991
222 307
222 386
222 501
222 533
222 630
222 656
222 728
222 878
222 909
222 979
223 254
223 353
223 362
223 380
223 390
223 406
223 418
223 430
223 451
223 470
223 510
223 601
223 612
223 636
223 690
223 732
223 785
223 861
223 871
223 997
224 233
224 234
224 241
224 255
224 269
224 279
224 389
224 413
224 495
224 546
224 592
224 652
224 663
224 684
224 781
224 807
224 835
224 933
224 973
225 252
225 268
225 373
225 384
225 446
225 472
225 755
225 803
225 830
225 853
225 902
225 910
225 965
226 236
226 374
226 433
226 483
226 490
226 518
226 527
226 530
226 532
226 546
226 552
226 582
226 609
226 659
226 671
226 698
226 702
226 744
226 775
226 848
226 865
226 906
227 237
227 288
227 341
227 401
227 402
227 448
227 539
227 632
227 662
227 668
227 682
227 725
227 835
227 839
227 995
228 296
228 319
228 332
228 380
228 389
228 399
228 403
228 420
228 427
228 430
228 443
228 460
228 467
228 476
228 487
228 489
228 500
228 508
228 522
228 595
228 632
228 649
228 681
228 694
228 703
228 727
228 733
228 746
228 751
228 813
228 866
228 884
228 911
228 980
228 987
228 995
229 348
229 361
229 362
229 403
229 415
229 442
229 496
229 583
229 601
229 622
229 645
229 668
229 674
229 705
229 712
229 715
229 777
229 865
229 871
229 998
230 304
230 347
230 352
230 399
230 401
230 409
230 547
230 692
230 699
230 711
230 747
230 760
230 789
230 805
230 819
230 860
230 982
231 238
231 259
231 330
231 361
231 418
231 429
231 459
231 495
231 499
231 566
231 696
231 787
231 915
231 969
231 977
232 233
232 271
232 341
232 346
232 366
232 413
232 476
232 546
232 662
232 781
232 798
232 845
232 869
232 911
232 933
232 934
232 964
232 998
233 320
233 346
233 391
233 468
233 495
233 593
233 698
233 771
233 845
233 861
233 933
233 939
234 366
234 459
234 546
234 663
234 807
234 845
234 904
234 933
235 304
235 356
235 397
235 617
235 639
235 653
235 676
235 772
235 807
235 816
235 818
235 868
235 878
235 914
235 935
236 308
236 378
236 384
236 425
236 521
236 530
236 552
236 582
236 659
236 697
236 775
236 826
236 848
236 994
237 271
237 493
237 585
237 606
237 655
237 808
237 857
237 870
237 926
237 932
237 955
238 258
238 259
238 275
238 306
238 309
238 325
238 363
238 383
238 391
238 429
238 459
238 499
238 555
238 666
238 717
238 745
238 787
238 831
238 867
238 893
238 945
238 966
238 972
239 243
239 244
239 246
239 263
239 265
239 280
239 290
239 315
239 464
239 471
239 473
239 477
239 491
239 498
239 501
239 514
239 590
239 616
239 637
239 723
239 733
239 749
239 763
239 781
239 782
239 800
239 831
239 838
239 922
239 991
240 248
240 305
240 348
240 375
240 407
240 430
240 440
240 442
240 496
240 565
240 594
240 601
240 685
240 692
240 697
240 704
240 712
240 752
240 814
240 861
240 899
240 948
240 997
241 294
241 297
241 366
241 557
241 781
241 933
241 999
242 278
242 289
242 345
242 347
242 379
242 401
242 411
242 415
242 501
242 504
242 505
242 520
242 629
242 699
242 711
242 716
242 760
242 785
242 789
242 797
242 836
242 917
242 960
243 244
243 290
243 315
243 321
243 501
243 514
243 520
243 522
243 528
243 577
243 590
243 708
243 741
243 804
243 831
243 891
243 991
244 253
244 290
244 351
244 384
244 491
244 501
244 542
244 623
244 644
244 666
244 690
244 831
244 833
245 254
245 259
245 274
245 285
245 387
245 401
245 411
245 511
245 521
245 528
245 602
245 606
245 641
245 691
245 706
245 716
245 735
245 760
245 762
245 797
245 856
245 922
245 946
245 960
245 967
246 253
246 263
246 280
246 282
246 290
246 315
246 397
246 473
246 477
246 491
246 501
246 524
246 626
246 630
246 716
246 723
246 763
246 954
247 249
247 298
247 333
247 609
247 624
247 666
247 704
247 796
248 281
248 324
248 346
248 348
248 361
248 430
248 431
248 435
248 438
248 442
248 445
248 462
248 466
248 581
248 582
248 583
248 601
248 612
248 634
248 636
248 674
248 689
248 691
248 699
248 712
248 732
248 861
248 871
248 899
248 962
249 288
249 356
249 609
249 614
249 666
249 682
249 786
249 796
249 834
249 849
249 866
249 942
250 257
250 282
250 399
250 409
250 431
250 549
250 576
250 579
250 849
250 883
250 903
250 904
251 282
251 304
251 340
251 371
251 379
251 430
251 543
251 544
251 562
251 564
251 584
251 779
251 791
251 857
251 946
251 977
251 988
252 274
252 277
252 292
252 326
252 329
252 359
252 384
252 740
252 795
252 853
252 965
252 984
253 266
253 290
253 321
253 380
253 444
253 464
253 473
253 491
253 498
253 501
253 569
253 586
253 590
253 694
253 695
253 714
253 763
253 844
253 903
253 958
254 264
254 295
254 337
254 345
254 387
254 390
254 401
254 466
254 468
254 492
254 505
254 521
254 546
254 561
254 683
254 691
254 720
254 732
254 748
254 760
254 762
254 797
254 810
254 828
254 839
254 847
254 856
254 946
254 953
254 970
254 982
254 990
255 388
255 390
255 413
255 476
255 495
255 546
255 634
255 663
255 923
255 933
255 938
255 973
256 404
256 552
256 656
256 665
256 728
256 734
256 815
256 909
256 978
257 276
257 305
257 307
257 312
257 380
257 437
257 520
257 533
257 538
257 576
257 628
257 648
257 670
257 842
257 883
257 904
257 912
257 964
257 993
258 271
258 277
258 352
258 496
258 530
258 655
258 668
258 682
258 730
258 875
258 896
258 917
259 269
259 300
259 308
259 309
259 378
259 391
259 459
259 499
259 519
259 523
259 534
259 541
259 555
259 663
259 664
259 679
259 691
259 696
259 699
259 709
259 717
259 718
259 739
259 882
259 886
259 945
259 966
259 969
259 977
259 990
259 993
260 266
260 267
260 279
260 287
260 293
260 298
260 300
260 328
260 334
260 443
260 473
260 485
260 520
260 525
260 536
260 594
260 607
260 780
260 804
260 810
260 854
260 882
260 918
260 940
261 278
261 286
261 392
261 507
261 509
261 517
261 615
261 638
261 642
261 644
261 646
261 658
261 679
261 705
261 729
261 737
261 758
261 763
261 765
261 859
261 873
261 885
261 989
262 284
262 434
262 446
262 449
262 460
262 540
262 557
262 568
262 602
262 606
262 643
262 669
262 765
262 793
262 827
262 985
263 290
263 321
263 390
263 459
263 471
263 514
263 590
263 723
263 788
263 800
263 930
263 950
264 295
264 411
264 521
264 545
264 546
264 598
264 699
264 716
264 762
264 774
264 888
264 977
265 284
265 345
265 420
265 434
265 446
265 447
265 493
265 568
265 593
265 602
265 765
265 793
265 800
265 802
265 827
266 276
266 319
266 333
266 343
266 354
266 376
266 377
266 382
266 581
266 584
266 599
266 605
266 609
266 645
266 671
266 757
266 776
266 792
266 796
266 849
266 866
266 869
266 891
266 896
266 913
266 942
267 298
267 300
267 316
267 328
267 517
267 520
267 525
267 529
267 594
267 597
267 617
267 673
267 676
267 705
267 882
267 888
267 940
267 986
268 274
268 277
268 281
268 303
268 372
268 384
268 398
268 410
268 419
268 428
268 469
268 481
268 501
268 547
268 552
268 596
268 658
268 729
268 756
268 772
268 795
268 801
268 830
268 853
268 910
268 919
268 956
268 986
269 302
269 346
269 366
269 432
269 453
269 476
269 546
269 603
269 744
269 881
269 893
269 933
269 934
269 990
270 279
270 298
270 300
270 328
270 334
270 455
270 525
270 594
270 607
270 635
270 675
270 810
270 835
270 962
271 317
271 352
271 448
271 457
271 463
271 475
271 510
271 511
271 532
271 643
271 730
271 811
271 820
271 854
271 875
271 943
272 421
272 451
272 495
272 512
272 531
272 549
272 591
272 763
272 836
272 847
272 907
272 925
272 936
272 958
273 277
273 292
273 329
273 337
273 342
273 384
273 419
273 428
273 480
273 484
273 542
273 646
273 815
273 824
273 858
273 860
273 902
273 919
273 920
273 939
273 987
274 277
274 303
274 326
274 339
274 359
274 364
274 407
274 419
274 479
274 480
274 503
274 504
274 522
274 542
274 646
274 736
274 767
274 801
274 815
274 819
274 858
274 894
274 965
274 986
275 309
275 325
275 489
275 519
275 696
275 717
275 721
275 724
275 739
275 750
275 808
275 893
275 990
276 305
276 384
276 407
276 542
276 547
276 576
276 578
276 642
276 966
277 296
277 303
277 306
277 324
277 359
277 373
277 378
277 384
277 393
277 397
277 407
277 410
277 428
277 469
277 471
277 472
277 481
277 518
277 531
277 604
277 619
277 646
277 650
277 693
277 747
277 795
277 801
277 806
277 830
277 850
277 853
277 884
277 894
277 910
277 920
277 939
277 965
277 984
278 286
278 392
278 507
278 509
278 599
278 615
278 638
278 640
278 642
278 644
278 679
278 737
278 738
278 758
278 855
278 859
278 873
278 885
278 976
278 996
279 300
279 326
279 328
279 333
279 352
279 428
279 517
279 529
279 551
279 583
279 632
279 649
279 728
279 780
279 804
279 810
279 840
279 882
279 940
280 290
280 471
280 590
280 614
280 658
280 667
280 782
280 790
280 831
280 877
280 988
280 991
281 303
281 326
281 362
281 469
281 542
281 640
281 646
281 787
281 853
281 858
281 883
281 986
282 371
282 406
282 450
282 526
282 543
282 544
282 564
282 580
282 597
282 616
282 624
282 626
282 631
282 632
282 678
282 687
282 714
282 719
282 723
282 773
282 777
282 783
282 791
282 799
282 856
282 923
282 980
282 988
283 284
283 344
283 346
283 353
283 446
283 454
283 493
283 549
283 550
283 557
283 568
283 587
283 602
283 619
283 669
283 756
283 765
283 766
283 790
283 793
283 827
283 856
283 877
283 910
283 985
284 321
284 353
284 370
284 446
284 447
284 449
284 450
284 454
284 557
284 568
284 593
284 602
284 619
284 669
284 735
284 777
284 827
284 870
285 288
285 316
285 344
285 352
285 402
285 453
285 488
285 572
285 672
285 680
285 682
285 702
285 725
285 771
285 819
285 839
286 379
286 392
286 410
286 507
286 509
286 595
286 638
286 640
286 642
286 644
286 661
286 679
286 737
286 758
286 797
286 855
286 859
286 873
287 293
287 298
287 300
287 317
287 328
287 418
287 428
287 515
287 517
287 525
287 529
287 551
287 594
287 607
287 626
287 652
287 705
287 764
287 768
287 774
287 780
287 810
287 882
287 892
287 894
287 910
287 940
287 959
287 1000
288 317
288 330
288 437
288 448
288 532
288 547
288 563
288 597
288 618
288 624
288 650
288 662
288 697
288 725
288 730
288 817
288 851
288 854
288 873
288 923
288 939
288 949
289 290
289 422
289 486
289 504
289 512
289 521
289 683
289 684
289 691
289 699
289 982
290 315
290 321
290 363
290 384
290 400
290 412
290 464
290 471
290 477
290 479
290 488
290 491
290 498
290 501
290 539
290 547
290 577
290 586
290 590
290 723
290 741
290 763
290 772
290 796
290 831
290 912
290 925
290 987
290 991
291 306
291 330
291 360
291 376
291 431
291 440
291 472
291 561
291 590
291 695
291 710
291 821
291 830
291 906
291 923
291 946
291 971
292 303
292 310
292 326
292 345
292 372
292 384
292 385
292 419
292 517
292 731
292 736
292 803
292 806
292 824
292 858
292 874
292 902
292 919
292 939
292 962
293 328
293 432
293 520
293 525
293 529
293 551
293 568
293 594
293 748
293 804
293 810
293 840
294 297
294 327
294 571
294 588
294 617
294 630
294 639
294 663
294 677
294 686
294 704
294 729
294 816
294 818
294 868
294 889
294 903
294 924
294 927
294 986
295 401
295 411
295 436
295 501
295 505
295 641
295 699
295 711
295 716
295 922
296 339
296 344
296 380
296 389
296 403
296 427
296 467
296 487
296 522
296 595
296 632
296 637
296 649
296 681
296 694
296 733
296 746
296 808
296 954
296 955
296 974
296 980
296 995
297 318
297 335
297 354
297 356
297 367
297 397
297 435
297 440
297 456
297 461
297 488
297 531
297 551
297 560
297 627
297 633
297 677
297 755
297 816
297 818
297 825
297 861
297 889
297 933
297 935
297 955
297 977
298 300
298 317
298 334
298 355
298 441
298 493
298 517
298 520
298 525
298 551
298 594
298 598
298 607
298 673
298 705
298 764
298 780
298 810
298 846
298 882
298 940
298 996
299 323
299 349
299 350
299 370
299 401
299 502
299 524
299 545
299 610
299 688
299 864
299 905
299 951
299 961
299 989
300 328
300 334
300 376
300 517
300 520
300 523
300 525
300 532
300 585
300 594
300 598
300 645
300 673
300 705
300 737
300 780
300 783
300 804
300 810
300 892
300 926
300 940
301 310
301 320
301 354
301 367
301 395
301 397
301 445
301 482
301 528
301 566
301 590
301 606
301 617
301 633
301 675
301 676
301 704
301 778
301 805
301 821
301 825
301 865
301 903
301 924
301 927
301 941
301 950
302 310
302 335
302 342
302 357
302 400
302 406
302 474
302 488
302 506
302 524
302 532
302 560
302 566
302 588
302 617
302 639
302 708
302 719
302 759
302 778
302 818
302 845
302 889
302 914
302 1000
303 326
303 342
303 372
303 373
303 384
303 393
303 395
303 398
303 407
303 408
303 419
303 472
303 480
303 483
303 542
303 600
303 647
303 684
303 706
303 736
303 767
303 778
303 795
303 803
303 806
303 824
303 841
303 872
303 902
303 910
303 917
303 919
303 965
304 357
304 404
304 474
304 566
304 630
304 692
304 794
304 837
304 889
304 901
304 919
304 971
305 312
305 454
305 553
305 576
305 579
305 635
305 637
305 648
305 659
305 670
305 753
305 904
306 326
306 342
306 361
306 372
306 373
306 419
306 428
306 609
306 801
306 806
306 830
306 853
306 884
306 919
307 361
307 483
307 538
307 576
307 579
307 603
307 611
307 779
307 883
307 968
308 309
308 325
308 372
308 391
308 429
308 459
308 534
308 634
308 666
308 696
308 709
308 717
308 718
308 721
308 745
308 750
308 787
308 990
309 325
309 517
309 555
309 629
309 696
309 709
309 717
309 724
309 745
309 750
309 758
309 762
309 769
309 787
309 893
309 966
309 972
309 978
310 335
310 355
310 356
310 397
310 409
310 492
310 511
310 520
310 554
310 560
310 588
310 639
310 676
310 692
310 718
310 719
310 731
310 749
310 760
310 794
310 914
310 938
310 945
310 964
310 999
311 323
311 331
311 395
311 409
311 456
311 570
311 578
311 620
311 681
311 776
311 820
311 876
311 879
311 913
311 925
312 332
312 365
312 507
312 518
312 551
312 576
312 670
312 708
313 397
313 541
313 571
313 611
313 621
313 630
313 633
313 639
313 818
313 837
313 924
313 927
313 950
313 964
313 999
314 389
314 403
314 595
314 632
314 637
314 649
314 703
314 761
314 769
314 900
314 932
314 935
314 973
314 995
315 347
315 393
315 741
315 751
315 763
315 800
315 826
315 987
316 494
316 508
316 523
316 587
316 611
316 736
316 753
316 996
317 344
317 400
317 406
317 420
317 426
317 460
317 532
317 547
317 552
317 559
317 563
317 650
317 662
317 730
317 735
317 738
317 771
317 782
317 792
317 807
317 844
317 898
317 929
317 930
317 937
318 474
318 482
318 528
318 566
318 571
318 588
318 633
318 677
318 686
318 692
318 697
318 793
318 828
318 950
319 335
319 395
319 409
319 529
319 568
319 658
319 750
319 792
319 886
320 335
320 354
320 355
320 356
320 397
320 401
320 423
320 430
320 465
320 509
320 533
320 539
320 554
320 560
320 588
320 590
320 630
320 633
320 651
320 676
320 692
320 704
320 719
320 747
320 772
320 778
320 781
320 786
320 794
320 818
320 821
320 846
320 903
320 924
320 927
320 935
320 968
320 1000
321 471
321 501
321 514
321 577
321 590
321 723
321 867
322 416
322 524
322 573
322 588
322 651
322 662
322 682
322 701
322 802
322 819
322 822
322 912
322 963
323 331
323 395
323 409
323 423
323 424
323 444
323 546
323 570
323 574
323 661
323 715
323 792
323 821
323 961
324 370
324 371
324 496
324 513
324 514
324 526
324 590
324 601
324 636
324 667
324 690
324 697
324 809
324 861
324 871
324 947
324 962
325 460
325 485
325 519
325 600
325 696
325 769
325 787
325 832
325 966
325 972
325 990
325 993
326 344
326 346
326 372
326 396
326 406
326 428
326 501
326 503
326 571
326 611
326 623
326 649
326 705
326 795
326 801
326 815
326 830
326 841
326 850
326 874
326 884
326 894
326 917
326 919
326 939
327 336
327 506
327 560
327 588
327 595
327 627
327 639
327 648
327 714
327 719
327 732
327 828
327 999
328 333
328 334
328 396
328 517
328 551
328 583
328 594
328 598
328 604
328 607
328 609
328 619
328 673
328 705
328 764
328 768
328 780
328 790
328 810
328 882
328 940
329 384
329 385
329 406
329 407
329 428
329 449
329 542
329 600
329 646
329 659
329 770
329 803
329 806
329 836
329 850
329 874
329 920
329 939
329 973
330 440
330 561
330 695
330 754
330 826
330 901
330 906
330 923
330 937
331 420
331 574
331 576
331 596
331 658
331 716
331 818
331 876
331 961
332 343
332 365
332 448
332 576
332 579
332 904
332 914
333 343
333 387
333 605
333 608
333 681
333 796
333 812
333 890
333 911
333 939
333 942
334 393
334 525
334 529
334 594
334 598
334 780
334 801
334 810
334 940
335 348
335 358
335 394
335 411
335 539
335 547
335 580
335 600
335 686
335 692
335 747
335 774
335 778
335 802
335 818
335 829
335 837
335 840
335 901
335 950
335 955
335 999
336 407
336 421
336 521
336 532
336 535
336 641
336 716
336 723
336 737
336 760
336 797
336 802
336 943
336 946
337 345
337 347
337 371
337 390
337 411
337 436
337 465
337 468
337 478
337 505
337 521
337 544
337 641
337 698
337 699
337 711
337 720
337 726
337 785
337 798
337 852
337 856
337 880
337 900
337 931
337 960
337 967
337 970
337 982
337 989
338 340
338 377
338 660
338 750
338 838
339 461
339 573
339 587
339 621
339 657
339 737
339 743
339 765
339 780
339 819
340 455
340 479
340 503
340 513
340 516
340 568
340 589
340 660
340 664
340 724
340 728
340 838
340 909
341 384
341 400
341 420
341 439
341 537
341 591
341 612
341 616
341 632
341 771
341 839
341 863
341 898
341 930
341 932
342 410
342 454
342 484
342 521
342 622
342 755
342 782
342 806
342 939
343 388
343 543
343 592
343 599
343 604
343 605
343 608
343 609
343 614
343 666
343 688
343 757
343 789
343 796
343 805
343 849
343 861
343 884
343 890
343 942
343 975
343 989
344 376
344 414
344 453
344 463
344 482
344 514
344 532
344 537
344 563
344 608
344 618
344 624
344 626
344 654
344 662
344 716
344 717
344 725
344 730
344 740
344 771
344 835
344 851
344 870
344 898
344 908
344 936
344 943
345 347
345 401
345 436
345 505
345 521
345 641
345 706
345 805
345 821
345 826
345 914
345 970
346 366
346 441
346 476
346 546
346 563
346 592
346 605
346 630
346 722
346 744
346 845
346 881
346 889
346 924
346 933
346 934
346 973
347 379
347 387
347 401
347 415
347 436
347 478
347 483
347 521
347 532
347 570
347 683
347 699
347 762
347 798
347 845
347 856
347 880
347 941
347 946
347 970
348 361
348 362
348 372
348 373
348 375
348 430
348 435
348 438
348 445
348 462
348 470
348 471
348 496
348 581
348 583
348 601
348 605
348 612
348 618
348 636
348 667
348 685
348 707
348 732
348 752
348 808
348 843
348 861
348 872
348 947
348 948
348 997
348 998
349 350
349 429
349 524
349 545
349 614
349 623
349 643
349 653
349 717
349 732
349 877
349 903
349 905
349 989
350 383
350 456
350 545
350 576
350 610
350 623
350 626
350 688
350 740
350 864
350 951
350 989
351 361
351 406
351 583
351 601
351 683
351 697
351 728
351 760
351 800
351 843
351 850
351 861
351 865
351 871
351 997
352 460
352 483
352 532
352 547
352 643
352 730
352 771
352 884
352 942
353 429
353 446
353 447
353 536
353 539
353 568
353 619
353 649
353 765
353 785
353 827
353 985
353 997
354 528
354 539
354 554
354 560
354 588
354 639
354 676
354 719
354 749
354 821
354 871
354 889
355 401
355 571
355 676
355 692
355 703
355 704
355 772
355 821
355 897
355 924
355 999
356 528
356 571
356 588
356 632
356 676
356 729
356 806
356 875
356 889
356 903
356 914
356 933
356 950
356 952
356 955
356 1000
357 430
357 571
357 627
357 676
357 692
357 862
357 883
357 889
358 362
358 425
358 433
358 490
358 518
358 527
358 530
358 536
358 552
358 659
358 699
358 744
358 827
358 848
358 906
358 978
359 386
359 394
359 406
359 419
359 428
359 532
359 571
359 578
359 682
359 684
359 755
359 767
359 853
359 869
359 939
359 965
360 417
360 440
360 460
360 475
360 528
360 561
360 622
360 684
360 695
360 811
360 812
360 825
360 826
360 834
360 872
360 921
360 923
360 992
361 362
361 418
361 424
361 435
361 438
361 462
361 470
361 475
361 496
361 497
361 581
361 601
361 634
361 674
361 689
361 690
361 697
361 715
361 732
361 843
361 871
361 948
361 957
361 962
361 997
362 430
362 470
362 581
362 587
362 599
362 601
362 624
362 634
362 636
362 667
362 768
362 770
362 998
363 460
363 531
363 549
363 637
363 774
363 788
363 836
363 876
363 907
363 925
364 384
364 386
364 408
364 419
364 469
364 484
364 500
364 504
364 653
364 731
364 795
364 801
364 812
364 815
364 824
364 853
364 883
364 894
364 917
364 919
364 965
364 986
365 576
365 579
365 883
366 413
366 421
366 424
366 432
366 466
366 495
366 506
366 546
366 548
366 592
366 603
366 643
366 652
366 653
366 663
366 676
366 706
366 740
366 771
366 807
366 845
366 848
366 911
366 914
366 933
366 934
367 449
367 452
367 458
367 554
367 572
367 639
367 692
367 704
367 729
367 764
367 889
368 410
368 461
368 523
368 573
368 587
368 611
368 621
368 657
368 743
368 780
368 915
368 927
368 951
368 956
368 996
369 371
369 452
369 526
369 564
369 580
369 611
369 614
369 629
369 678
369 714
369 777
369 791
370 389
370 399
370 403
370 472
370 487
370 489
370 567
370 595
370 632
370 649
370 694
370 697
370 698
370 733
370 813
370 995
371 452
371 526
371 580
371 629
371 676
371 678
371 777
371 779
371 799
371 878
371 986
372 373
372 386
372 396
372 410
372 472
372 480
372 542
372 605
372 767
372 803
372 817
372 841
372 907
372 910
372 939
372 988
373 378
373 384
373 410
373 616
373 646
373 660
373 683
373 795
373 841
373 874
373 884
373 919
374 380
374 399
374 403
374 500
374 567
374 595
374 610
374 649
374 678
374 694
374 727
374 746
374 750
374 751
374 807
374 813
374 831
374 911
374 954
374 974
375 412
375 418
375 470
375 583
375 613
375 667
375 697
375 736
375 822
375 826
375 861
375 899
375 962
376 377
376 406
376 479
376 599
376 605
376 609
376 614
376 666
376 757
376 796
376 849
376 866
376 869
376 974
376 975
377 460
377 484
377 563
377 599
377 605
377 609
377 796
377 810
377 866
377 900
377 942
378 410
378 542
378 600
378 625
378 726
378 736
378 815
378 858
378 920
378 939
379 387
379 401
379 466
379 614
379 690
379 691
379 748
379 787
379 789
379 895
379 946
379 964
380 399
380 403
380 460
380 595
380 632
380 637
380 649
380 664
380 681
380 703
380 727
380 746
380 751
380 761
380 813
380 822
380 879
380 900
380 911
380 917
380 921
380 954
380 974
380 980
381 455
381 473
381 516
381 589
381 611
381 620
382 388
382 658
382 694
382 765
382 796
382 849
382 866
382 869
382 908
382 942
382 980
383 430
383 524
383 604
383 610
383 623
383 702
383 713
383 804
383 864
383 892
383 905
383 915
383 918
383 951
384 385
384 386
384 393
384 398
384 406
384 410
384 412
384 419
384 428
384 469
384 522
384 523
384 577
384 628
384 646
384 731
384 803
384 815
384 830
384 841
384 850
384 853
384 874
384 884
384 894
384 939
385 389
385 415
385 542
385 548
385 590
385 665
385 671
385 793
385 810
385 884
385 894
385 910
385 972
386 393
386 395
386 472
386 480
386 579
386 690
386 795
386 801
386 815
386 919
387 401
387 422
387 436
387 465
387 505
387 511
387 541
387 641
387 706
387 716
387 724
387 760
387 762
387 785
387 797
387 805
387 852
387 856
387 885
387 888
387 895
387 914
387 940
387 947
387 974
388 446
388 499
388 605
388 609
388 666
388 913
388 943
388 962
389 403
389 427
389 431
389 444
389 500
389 567
389 595
389 632
389 637
389 665
389 680
389 694
389 698
389 703
389 727
389 746
389 751
389 761
389 782
389 813
389 826
389 842
389 843
389 893
389 911
389 928
389 980
390 411
390 436
390 453
390 465
390 521
390 597
390 631
390 641
390 683
390 691
390 699
390 711
390 716
390 726
390 728
390 762
390 805
390 828
390 856
390 946
390 960
390 967
390 975
390 982
391 481
391 519
391 555
391 630
391 696
391 724
391 745
391 750
391 787
391 854
391 893
391 910
391 966
391 990
391 993
392 441
392 444
392 446
392 507
392 509
392 615
392 638
392 644
392 679
392 692
392 719
392 758
392 830
392 855
392 859
392 885
393 401
393 406
393 416
393 419
393 556
393 644
393 795
393 850
393 859
393 919
394 397
394 404
394 539
394 588
394 639
394 692
394 719
394 747
394 772
394 882
394 889
394 950
395 444
395 558
395 654
395 658
395 661
395 788
395 877
395 886
395 961
396 406
396 428
396 480
396 483
396 484
396 505
396 542
396 629
396 697
396 755
396 824
396 884
396 919
396 920
396 966
397 404
397 456
397 528
397 566
397 571
397 599
397 627
397 662
397 676
397 686
397 692
397 742
397 749
397 754
397 774
397 778
397 810
397 837
397 868
397 892
397 924
397 927
397 941
397 942
397 964
397 976
397 999
397 1000
398 406
398 410
398 731
398 736
398 786
398 801
398 861
398 873
398 874
398 887
398 939
398 986
399 403
399 522
399 567
399 595
399 632
399 649
399 694
399 700
399 703
399 719
399 806
399 813
399 900
400 426
400 437
400 463
400 510
400 532
400 547
400 548
400 591
400 624
400 643
400 650
400 678
400 682
400 734
400 782
400 817
400 839
400 926
400 930
400 939
401 422
401 436
401 468
401 486
401 505
401 521
401 640
401 695
401 699
401 716
401 726
401 762
401 782
401 789
401 798
401 805
401 856
401 887
401 922
401 946
401 960
401 995
402 460
402 510
402 532
402 597
402 624
402 626
402 662
402 725
402 801
402 854
402 926
403 427
403 487
403 489
403 522
403 567
403 595
403 632
403 635
403 637
403 649
403 662
403 674
403 694
403 699
403 727
403 733
403 813
403 855
403 860
403 900
403 911
403 945
403 954
403 974
403 980
403 987
403 995
404 417
404 528
404 617
404 692
404 719
404 818
404 821
404 868
404 999
405 409
405 414
405 425
405 509
405 512
405 525
405 532
405 572
405 612
405 668
405 771
405 782
405 896
405 931
405 932
405 937
406 407
406 450
406 488
406 566
406 570
406 600
406 646
406 736
406 801
406 824
406 830
406 853
406 858
406 884
406 894
406 902
406 917
406 956
406 986
407 410
407 542
407 795
407 858
407 883
407 920
407 956
407 986
407 1000
408 428
408 526
408 632
408 715
408 755
408 767
408 790
408 939
408 965
408 1000
409 423
409 444
409 570
409 574
409 576
409 578
409 647
409 658
409 661
409 700
409 715
409 717
409 776
409 783
409 820
409 879
409 886
409 961
410 419
410 428
410 518
410 524
410 594
410 616
410 650
410 678
410 711
410 736
410 767
410 792
410 795
410 801
410 803
410 824
410 830
410 835
410 850
410 884
410 894
410 902
410 910
410 939
410 946
410 965
410 984
410 986
411 436
411 691
411 716
411 765
411 809
411 818
411 880
411 924
411 970
412 484
412 646
412 711
412 730
412 736
412 817
412 884
412 917
412 939
413 424
413 478
413 603
413 663
413 735
413 771
413 781
413 807
413 933
413 973
414 437
414 457
414 460
414 492
414 591
414 655
414 662
414 665
414 693
414 782
414 784
414 817
414 834
414 929
414 984
415 467
415 468
415 486
415 492
415 521
415 564
415 699
415 711
415 748
415 762
415 789
415 797
415 922
415 946
415 982
416 443
416 485
416 488
416 559
416 651
416 659
416 694
416 725
416 802
416 822
416 823
416 833
416 856
416 928
417 440
417 695
417 812
417 826
417 829
417 872
417 923
418 430
418 438
418 453
418 601
418 616
418 636
418 697
418 707
418 742
418 752
418 773
418 802
418 861
418 903
418 959
418 990
418 991
418 997
419 428
419 472
419 484
419 534
419 600
419 646
419 801
419 815
419 850
419 858
419 866
419 902
419 904
419 915
419 939
419 984
419 986
420 460
420 463
420 532
420 571
420 591
420 624
420 626
420 643
420 655
420 682
420 730
420 756
420 854
420 894
420 896
420 943
421 531
421 632
421 647
421 752
421 788
421 836
421 901
421 907
421 925
421 936
421 939
421 958
422 478
422 521
422 605
422 656
422 716
422 805
423 567
423 607
423 639
423 658
423 660
423 715
423 776
423 791
423 795
424 525
424 597
424 807
424 922
424 933
424 976
424 998
425 490
425 527
425 530
425 552
425 659
425 906
425 976
426 460
426 591
426 596
426 624
426 641
426 782
426 802
426 926
426 993
427 428
427 489
427 567
427 595
427 605
427 632
427 681
427 703
427 813
427 897
427 971
428 439
428 480
428 481
428 484
428 614
428 731
428 758
428 782
428 806
428 824
428 850
428 853
428 904
428 919
428 924
428 974
429 459
429 533
429 555
429 696
429 709
429 718
429 745
429 787
429 827
429 867
429 893
429 961
429 969
429 977
429 990
429 993
430 435
430 438
430 442
430 445
430 470
430 496
430 581
430 583
430 601
430 605
430 612
430 636
430 667
430 689
430 702
430 707
430 712
430 732
430 829
430 861
430 865
430 871
430 938
430 948
430 959
430 962
430 968
430 997
430 998
431 440
431 443
431 528
431 561
431 622
431 684
431 697
431 708
431 710
431 811
431 829
431 834
431 921
431 923
431 965
431 992
432 466
432 495
432 546
432 838
432 889
432 933
433 518
433 527
433 530
433 552
433 702
433 848
433 883
433 956
433 977
433 994
434 446
434 550
434 557
434 602
434 617
434 622
434 827
434 849
434 877
434 935
434 952
434 979
435 470
435 504
435 590
435 612
435 634
435 685
435 697
435 732
435 871
435 879
435 923
436 478
436 492
436 504
436 505
436 506
436 511
436 513
436 521
436 567
436 785
436 789
436 828
436 866
436 888
436 922
436 927
436 946
436 960
437 547
437 597
437 624
437 650
437 655
437 725
437 755
437 926
437 932
438 636
438 667
438 685
438 724
438 874
438 957
438 998
439 463
439 480
439 596
439 597
439 643
439 742
439 771
439 845
439 859
439 981
440 572
440 622
440 684
440 695
440 708
440 710
440 799
440 808
440 811
440 812
440 834
440 838
440 849
440 880
440 921
440 923
440 930
440 992
441 565
441 567
441 629
441 653
441 672
441 706
441 933
442 470
442 581
442 583
442 636
442 697
442 813
442 861
442 883
442 902
442 962
443 559
443 563
443 651
443 756
443 802
443 819
443 823
443 893
443 928
444 578
444 613
444 715
444 879
445 509
445 549
445 591
445 612
445 634
445 636
445 697
445 750
445 752
445 861
445 899
445 902
445 974
446 449
446 530
446 550
446 557
446 562
446 593
446 600
446 602
446 619
446 623
446 669
446 765
446 766
446 790
446 827
446 829
446 877
446 952
446 968
447 619
447 669
447 793
447 877
447 884
448 460
448 465
448 510
448 532
448 535
448 536
448 547
448 596
448 648
448 650
448 660
448 682
448 725
448 735
448 771
448 811
448 817
448 867
448 875
448 876
448 898
448 926
448 931
448 949
449 475
449 557
449 568
449 593
449 619
449 724
449 765
449 790
449 827
450 452
450 513
450 526
450 544
450 564
450 580
450 611
450 616
450 629
450 631
450 714
450 777
451 512
451 531
451 540
451 549
451 575
451 619
451 680
451 685
451 700
451 727
451 769
451 836
451 860
451 907
451 925
451 958
452 526
452 543
452 544
452 562
452 564
452 580
452 582
452 583
452 584
452 616
452 629
452 631
452 678
452 714
452 773
452 779
452 791
452 799
452 862
452 916
452 917
452 988
453 463
453 532
453 597
453 604
453 682
453 724
453 782
453 792
453 844
453 857
453 898
453 924
453 926
453 933
454 557
454 568
454 602
454 619
454 790
454 944
454 985
455 516
455 589
455 664
455 838
455 958
456 571
456 686
456 692
456 704
456 709
456 744
456 772
456 924
456 935
456 964
456 999
457 463
457 475
457 545
457 548
457 624
457 662
457 672
457 708
457 730
457 754
457 782
457 792
457 875
457 999
458 488
458 539
458 565
458 598
458 692
458 742
458 772
458 837
458 843
458 884
458 889
458 950
459 519
459 541
459 674
459 696
459 716
459 717
459 747
459 769
459 786
459 787
459 861
459 867
459 893
459 917
459 969
459 977
459 990
459 993
460 463
460 469
460 471
460 532
460 536
460 537
460 556
460 597
460 624
460 643
460 650
460 682
460 731
460 770
460 784
460 839
460 844
460 851
460 857
460 875
460 929
460 932
460 943
460 950
460 981
461 573
461 587
461 621
461 657
461 753
461 832
461 974
462 689
462 841
462 861
462 899
462 962
463 464
463 532
463 535
463 547
463 548
463 556
463 575
463 578
463 591
463 618
463 624
463 650
463 668
463 693
463 696
463 735
463 738
463 792
463 799
463 817
463 835
463 875
463 913
464 473
464 590
464 601
464 772
464 943
465 505
465 521
465 596
465 690
465 760
465 785
465 828
465 922
465 947
465 982
466 663
466 845
467 500
467 582
467 632
467 637
467 649
467 692
467 694
467 761
467 810
467 813
467 984
468 505
468 521
468 699
468 716
468 732
468 762
468 782
468 947
469 501
469 529
469 549
469 736
469 767
469 795
469 815
469 850
469 884
469 919
469 920
469 936
469 939
469 956
470 473
470 495
470 577
470 581
470 612
470 636
470 674
470 685
470 697
470 707
470 712
470 862
470 865
470 871
470 982
470 983
471 491
471 498
471 521
471 577
471 583
471 586
471 590
471 665
471 763
471 800
471 835
471 843
471 862
471 923
471 965
471 991
472 481
472 600
472 806
472 858
472 896
472 902
472 956
473 577
473 723
473 922
473 939
473 953
474 481
474 539
474 571
474 617
474 627
474 630
474 636
474 675
474 676
474 692
474 719
474 772
474 774
474 792
474 808
474 820
474 924
474 927
474 956
474 964
474 999
475 580
475 597
475 627
475 643
475 676
475 682
475 743
475 988
476 523
476 532
476 543
476 546
476 617
476 653
476 715
476 845
476 915
476 933
476 993
477 558
477 590
477 655
477 664
477 724
477 741
477 853
478 556
478 590
478 641
478 706
478 716
478 801
478 888
479 513
479 531
479 589
479 619
479 768
479 799
479 838
479 874
480 505
480 565
480 580
480 600
480 695
480 731
480 850
480 853
480 884
480 919
480 920
481 521
481 725
481 736
481 801
481 869
481 884
482 532
482 547
482 580
482 583
482 662
482 667
482 696
482 835
482 849
482 851
482 918
482 929
482 943
482 981
483 484
483 524
483 542
483 731
483 755
483 762
483 795
483 801
483 884
483 902
483 917
483 920
483 935
483 936
483 939
483 986
484 639
484 642
484 806
484 811
484 874
484 917
484 944
484 965
485 496
485 558
485 559
485 651
485 664
485 733
485 802
485 822
485 833
485 928
486 492
486 505
486 521
486 691
486 726
486 738
486 791
486 946
487 567
487 595
487 632
487 649
487 696
487 813
487 900
487 974
488 554
488 560
488 566
488 588
488 617
488 627
488 630
488 639
488 675
488 704
488 718
488 772
488 808
488 818
488 881
488 914
488 927
488 935
488 941
488 964
488 976
488 999
489 513
489 567
489 595
489 632
489 649
489 658
489 681
489 746
489 813
489 931
489 954
490 530
490 552
490 571
490 659
490 702
490 721
490 744
490 775
490 848
490 972
490 987
491 590
491 771
491 789
491 986
492 521
492 622
492 634
492 760
492 789
492 835
492 934
493 568
493 765
493 790
493 873
493 965
493 968
493 985
494 573
494 587
494 611
494 621
494 655
494 657
494 768
494 832
495 546
495 548
495 592
495 603
495 633
495 653
495 663
495 742
495 743
495 781
495 845
495 881
495 933
495 934
496 601
496 634
496 636
496 697
497 656
497 817
497 863
497 884
497 909
497 978
497 979
498 587
498 763
498 771
498 800
498 831
498 935
499 601
499 769
499 803
499 867
499 966
499 972
499 977
500 567
500 621
500 632
500 661
500 681
500 690
500 696
500 703
500 746
500 801
500 811
500 813
500 818
500 940
500 974
501 516
501 537
501 577
501 586
501 590
501 695
501 725
501 763
501 800
501 831
501 894
501 991
501 999
502 759
502 859
502 895
502 909
502 914
502 978
503 516
503 589
503 625
503 635
503 662
503 694
504 521
504 699
504 716
504 727
504 929
504 953
505 523
505 667
505 683
505 711
505 720
505 785
505 805
505 828
505 878
505 880
505 888
505 895
505 946
505 947
505 949
505 992
506 528
506 539
506 571
506 588
506 630
506 639
506 704
506 719
506 771
506 772
506 950
507 646
507 873
507 891
507 940
508 573
508 587
508 588
508 621
508 636
508 657
508 658
508 743
508 832
509 522
509 531
509 615
509 638
509 639
509 642
509 644
509 777
509 783
509 873
509 876
509 979
510 596
510 618
510 682
510 730
510 754
510 800
510 854
510 879
510 908
510 931
510 943
511 521
511 632
511 665
511 706
511 716
511 817
511 946
512 531
512 549
512 632
512 647
512 701
512 702
512 766
512 782
512 788
512 825
512 851
512 860
512 925
512 942
513 516
513 589
513 681
513 838
514 586
514 726
514 762
514 769
514 774
514 817
514 831
514 991
515 572
515 597
515 624
515 640
515 693
515 725
515 770
515 792
515 870
515 945
515 949
515 981
516 544
516 589
516 620
516 660
516 664
516 806
516 821
516 838
517 519
517 525
517 529
517 594
517 598
517 780
517 813
517 882
517 930
517 933
517 940
518 530
518 552
518 582
518 702
518 848
518 906
518 910
518 994
519 521
519 534
519 541
519 616
519 696
519 709
519 717
519 718
519 724
519 734
519 745
519 750
519 755
519 787
519 816
519 825
519 839
519 867
519 893
519 911
519 969
519 972
519 990
519 993
520 525
520 526
520 529
520 598
520 780
520 804
520 810
520 840
520 940
520 990
521 534
521 691
521 701
521 706
521 716
521 720
521 740
521 760
521 762
521 789
521 795
521 805
521 814
521 828
521 852
521 880
521 887
521 906
521 922
521 946
521 953
521 967
521 970
522 567
522 588
522 591
522 632
522 649
522 681
522 698
522 703
522 813
522 900
522 911
522 954
522 974
522 980
523 573
523 580
523 587
523 631
523 652
523 657
523 717
523 719
523 743
523 753
523 915
523 996
524 610
524 623
524 688
524 713
524 864
524 896
524 905
524 918
524 926
524 951
524 989
525 529
525 551
525 594
525 598
525 607
525 666
525 673
525 705
525 726
525 764
525 768
525 780
525 800
525 810
525 814
525 882
525 892
525 893
525 940
525 990
526 544
526 546
526 562
526 564
526 580
526 616
526 629
526 678
526 687
526 714
526 773
526 777
526 779
526 791
526 799
526 862
526 944
526 971
526 978
526 988
527 530
527 552
527 562
527 582
527 659
527 670
527 702
527 737
527 775
527 848
527 875
527 898
527 906
527 953
528 554
528 566
528 589
528 604
528 606
528 742
528 753
528 772
528 774
528 821
528 896
528 914
528 935
528 950
528 964
529 531
529 542
529 594
529 596
529 607
529 673
529 705
529 768
529 780
529 810
529 840
529 862
529 892
529 935
529 940
529 951
529 988
530 582
530 659
530 666
530 744
530 775
530 848
530 906
530 930
530 940
530 994
531 540
531 547
531 549
531 575
531 576
531 619
531 647
531 680
531 700
531 788
531 836
531 847
531 860
531 907
531 925
531 936
532 563
532 585
532 597
532 626
532 643
532 650
532 662
532 668
532 725
532 735
532 743
532 770
532 771
532 782
532 787
532 817
532 835
532 851
532 854
532 896
532 926
532 929
532 932
532 949
533 567
533 656
533 665
533 728
533 774
533 863
533 878
533 909
533 978
533 979
534 602
534 696
534 721
534 724
534 734
534 745
534 786
534 787
534 798
534 809
534 893
534 901
534 966
534 969
534 990
534 991
535 536
535 618
535 626
535 650
535 682
535 735
535 771
535 782
535 870
535 896
535 932
536 556
536 563
536 643
536 682
536 771
536 784
536 792
536 898
536 926
536 929
536 943
536 946
536 981
537 557
537 693
537 725
537 771
537 782
537 799
537 835
537 854
537 908
537 929
538 543
538 579
538 628
538 629
538 670
538 828
538 883
538 912
539 587
539 617
539 627
539 677
539 686
539 719
539 746
539 749
539 808
539 811
539 818
539 821
539 837
539 846
539 914
539 942
539 950
539 955
540 549
540 647
540 680
540 700
540 774
540 788
540 836
540 847
540 897
540 907
540 936
540 988
541 693
541 696
541 717
541 721
541 724
541 769
541 787
541 809
541 843
541 945
541 966
541 993
542 586
542 600
542 637
542 755
542 767
542 795
542 830
542 841
542 850
542 858
542 884
542 894
542 917
542 919
542 986
543 562
543 564
543 577
543 580
543 584
543 587
543 597
543 631
543 662
543 773
543 777
543 779
543 799
543 800
543 845
543 854
544 562
544 580
544 584
544 629
544 678
544 682
544 777
544 791
544 862
544 987
545 713
545 847
545 918
545 989
545 996
546 548
546 565
546 585
546 603
546 654
546 663
546 672
546 722
546 740
546 807
546 879
546 893
546 895
546 898
546 933
546 934
546 949
546 973
547 572
547 591
547 597
547 624
547 645
547 655
547 725
547 730
547 735
547 770
547 810
547 817
547 855
547 867
547 926
547 929
547 932
547 937
548 565
548 651
548 672
548 698
548 902
548 933
549 575
549 580
549 592
549 599
549 672
549 680
549 700
549 788
549 812
549 836
549 847
549 860
549 904
549 907
550 557
550 568
550 584
550 593
550 595
550 602
550 619
550 722
550 793
550 868
550 952
551 594
551 673
551 705
551 719
551 768
551 783
551 810
551 820
551 940
552 582
552 659
552 702
552 734
552 775
552 848
552 858
552 906
553 576
553 601
553 628
553 648
553 654
553 731
553 883
553 912
553 947
554 560
554 571
554 677
554 747
554 772
554 774
554 794
554 818
554 834
554 919
554 924
554 976
554 999
555 696
555 702
555 737
555 745
555 753
555 782
555 787
555 888
555 893
555 993
556 599
556 636
556 662
556 668
556 682
556 745
556 792
556 844
556 845
556 981
557 619
557 630
557 742
557 765
557 790
557 827
557 838
557 850
557 877
557 952
557 985
558 559
558 651
558 701
558 739
558 802
558 819
558 822
558 833
558 838
558 847
558 928
558 963
559 577
559 593
559 651
559 736
559 802
559 822
559 833
559 884
559 923
560 588
560 630
560 635
560 639
560 692
560 729
560 775
560 815
560 821
560 837
560 841
560 901
560 935
560 939
560 950
560 959
560 976
560 999
560 1000
561 601
561 622
561 646
561 683
561 684
561 695
561 708
561 710
561 714
561 826
561 829
561 834
561 923
561 966
562 564
562 580
562 629
562 678
562 755
562 770
562 773
562 777
562 791
562 862
562 916
562 944
563 572
563 650
563 661
563 682
563 716
563 725
563 735
563 771
563 782
563 817
563 926
563 930
563 942
564 580
564 584
564 626
564 678
564 687
564 695
564 773
564 777
564 791
564 799
564 916
565 603
565 610
565 672
565 680
565 807
565 845
565 899
565 913
565 933
565 973
566 571
566 606
566 639
566 676
566 749
566 808
566 821
566 846
566 901
566 992
567 582
567 595
567 632
567 647
567 692
567 694
567 698
567 703
567 720
567 727
567 733
567 734
567 746
567 751
567 761
567 813
567 900
567 911
567 942
567 949
567 954
567 995
568 582
568 619
568 624
568 645
568 765
568 782
568 790
568 793
568 877
568 897
568 952
568 985
569 576
569 692
569 758
569 842
569 883
569 969
570 591
570 658
570 913
571 576
571 630
571 633
571 676
571 686
571 719
571 747
571 778
571 808
571 868
571 901
571 935
571 941
571 950
571 955
571 959
571 964
571 976
572 596
572 668
572 673
572 784
572 844
572 864
572 930
573 587
573 611
573 621
573 657
573 713
573 743
573 753
573 915
573 926
573 944
573 975
573 996
574 658
574 669
574 715
574 776
575 647
575 788
575 836
575 847
575 894
575 907
575 925
575 936
576 579
576 628
576 635
576 648
576 654
576 655
576 670
576 842
576 883
576 904
576 912
577 583
577 586
577 590
577 869
578 619
578 650
578 658
578 715
578 732
578 886
578 887
579 654
579 670
579 691
579 707
579 904
579 912
579 913
579 945
579 955
579 956
580 584
580 621
580 629
580 631
580 678
580 687
580 714
580 723
580 760
580 773
580 777
580 779
580 783
580 791
580 916
580 927
580 988
581 583
581 634
581 667
581 689
581 697
581 871
581 918
581 948
581 998
582 659
582 707
582 744
582 775
582 813
582 848
582 906
582 923
582 994
583 599
583 612
583 636
583 662
583 674
583 689
583 690
583 697
583 716
583 752
583 843
583 861
583 899
583 953
583 957
584 605
584 616
584 629
584 678
584 714
584 773
584 777
584 799
584 845
584 862
584 966
585 604
585 626
585 662
585 735
585 738
585 770
585 854
585 875
585 896
585 924
585 931
585 962
586 608
586 667
586 722
586 800
586 987
587 611
587 621
587 657
587 743
587 753
587 826
587 843
587 897
587 915
587 996
588 630
588 639
588 682
588 704
588 719
588 725
588 742
588 744
588 774
588 778
588 808
588 818
588 837
588 868
588 871
588 901
588 903
588 938
588 950
589 620
589 625
589 678
589 750
589 838
589 952
590 696
590 741
590 763
590 991
591 596
591 618
591 682
591 725
591 835
591 946
592 656
592 678
592 680
592 703
592 730
592 822
592 842
592 914
592 933
592 990
593 602
593 672
593 765
593 893
593 985
594 598
594 673
594 689
594 705
594 720
594 750
594 764
594 768
594 780
594 804
594 810
594 852
594 882
594 892
594 940
594 971
595 611
595 632
595 637
595 649
595 694
595 703
595 707
595 714
595 727
595 730
595 733
595 746
595 751
595 788
595 813
595 911
595 946
595 974
595 995
596 624
596 641
596 650
596 730
596 754
596 784
596 835
596 854
596 924
596 937
597 607
597 618
597 624
597 650
597 668
597 682
597 721
597 725
597 735
597 738
597 792
597 854
597 875
597 937
598 609
598 764
598 780
598 810
598 940
599 614
599 645
599 666
599 671
599 787
599 796
599 849
599 866
599 869
599 942
599 983
600 737
600 853
600 858
600 889
600 910
600 956
600 984
601 623
601 636
601 667
601 697
601 712
601 771
601 799
601 801
601 861
601 899
601 962
601 965
601 997
601 998
602 619
602 665
602 669
602 765
602 827
602 877
602 932
602 950
602 952
602 985
603 695
603 781
603 845
603 933
603 973
604 605
604 609
604 647
604 750
604 796
604 890
604 908
605 608
605 609
605 614
605 645
605 657
605 666
605 671
605 702
605 796
605 849
605 864
605 866
605 869
605 890
605 913
605 942
605 975
605 983
606 627
606 630
606 632
606 633
606 676
606 686
606 708
606 729
606 808
606 924
606 950
607 673
607 752
607 852
607 882
607 940
608 609
608 614
608 664
608 666
608 749
608 759
608 796
608 942
609 614
609 645
609 666
609 783
609 817
609 866
609 891
609 913
609 942
609 962
609 983
610 768
610 801
610 836
610 905
610 918
610 951
610 970
611 621
611 753
611 832
611 996
612 690
612 712
612 751
612 861
612 899
612 907
612 975
612 997
613 614
613 656
613 665
613 674
613 694
613 759
613 878
613 932
613 979
614 618
614 666
614 696
614 913
614 919
614 942
615 679
615 737
615 855
615 873
615 957
616 629
616 761
616 773
616 777
616 799
617 630
617 659
617 675
617 676
617 686
617 692
617 747
617 772
617 774
617 815
617 818
617 872
617 901
617 914
617 924
617 964
617 977
618 650
618 682
618 735
618 782
618 792
618 844
618 896
618 908
618 930
618 943
618 968
619 669
619 765
619 827
619 837
619 952
619 968
619 985
619 993
620 625
620 664
620 838
621 652
621 743
621 783
621 787
621 832
621 897
621 946
621 996
622 671
622 684
622 710
622 767
622 826
622 829
622 921
623 713
623 848
623 900
623 951
624 643
624 718
624 754
624 770
624 772
624 782
624 851
624 896
624 943
624 949
625 626
625 660
625 664
625 832
626 643
626 682
626 753
626 782
626 839
626 845
626 887
626 896
626 898
626 926
626 932
627 633
627 714
627 719
627 729
627 772
627 796
627 818
627 901
627 935
627 938
627 948
627 955
627 970
627 976
628 649
628 723
628 729
628 871
628 883
629 631
629 678
629 687
629 773
629 777
629 779
629 783
629 791
629 799
629 944
629 988
630 675
630 676
630 677
630 692
630 778
630 858
630 889
630 924
630 951
630 954
630 999
631 678
631 719
631 777
631 779
631 799
631 812
631 821
631 862
632 637
632 649
632 681
632 694
632 703
632 727
632 746
632 751
632 755
632 761
632 795
632 825
632 900
632 911
632 945
632 954
632 974
632 980
632 995
633 635
633 677
633 692
633 704
633 794
633 845
633 889
633 1000
634 636
634 646
634 667
634 685
634 690
634 697
634 725
634 861
634 948
634 962
635 732
635 883
635 909
636 674
636 685
636 689
636 697
636 711
636 732
636 800
636 871
636 948
637 649
637 651
637 746
637 813
637 858
637 932
637 995
638 642
638 679
638 873
638 885
638 971
639 643
639 686
639 692
639 710
639 719
639 729
639 742
639 746
639 747
639 749
639 772
639 788
639 818
639 820
639 825
639 831
639 837
639 846
639 901
639 903
639 938
639 950
639 955
639 959
639 964
639 976
639 1000
640 679
640 714
640 737
640 855
640 861
640 873
640 950
640 966
641 683
641 699
641 726
641 960
642 737
642 758
642 771
642 855
642 859
642 873
642 885
642 904
643 650
643 661
643 668
643 738
643 754
643 796
643 817
643 844
643 857
643 898
643 901
643 943
643 947
644 679
644 740
644 765
644 855
644 873
644 913
644 924
645 671
645 788
645 844
645 866
645 882
646 755
646 853
646 939
646 956
646 965
647 836
647 860
647 907
647 909
647 930
647 936
647 958
647 967
647 990
648 666
648 710
648 837
648 885
648 985
649 681
649 703
649 727
649 733
649 751
649 761
649 776
649 804
649 813
649 900
649 954
649 974
649 980
650 655
650 725
650 817
650 834
650 839
650 898
650 977
651 701
651 802
651 819
651 822
651 942
651 988
652 858
653 667
653 672
653 827
653 881
653 933
653 934
653 985
654 842
654 883
654 904
654 933
655 682
655 718
655 730
655 835
655 844
655 851
655 898
655 932
655 949
655 979
656 665
656 728
656 759
656 818
656 846
656 863
656 878
656 884
656 909
656 978
656 979
657 708
657 709
657 743
657 749
657 889
657 897
657 939
657 966
657 996
658 661
658 685
658 715
658 820
658 876
658 879
658 883
658 961
659 683
659 702
659 744
659 775
659 823
659 848
659 853
659 906
659 953
659 958
659 994
660 745
660 821
660 838
660 881
661 776
661 794
661 820
661 905
662 725
662 754
662 817
662 824
662 898
662 913
663 672
663 691
663 716
663 807
663 814
663 845
663 933
664 675
664 838
665 680
665 759
665 780
665 909
665 979
666 669
666 671
666 676
666 821
666 880
666 890
666 891
666 913
666 942
666 976
667 690
667 697
667 706
667 707
667 712
667 732
667 749
667 861
667 865
667 899
667 903
667 948
667 962
668 682
668 693
668 725
668 735
668 759
668 784
668 853
668 866
668 875
668 939
668 943
668 981
669 827
669 830
669 933
669 942
669 985
670 805
670 883
671 757
671 813
671 869
671 891
671 942
671 963
672 677
672 744
673 705
673 729
673 804
673 810
673 829
673 882
673 892
673 907
673 940
673 971
674 694
674 732
674 733
674 814
674 843
674 861
675 676
675 686
675 719
675 747
675 801
675 868
675 879
675 903
675 965
676 678
676 682
676 742
676 772
676 773
676 778
676 837
676 889
676 901
676 919
676 924
676 938
676 941
676 949
676 959
676 964
676 966
676 1000
677 707
677 771
677 772
677 837
677 889
678 714
678 773
678 777
678 779
678 783
678 791
678 872
678 916
678 944
678 988
679 696
679 737
679 758
679 857
679 859
679 873
679 885
680 700
680 788
680 836
680 907
681 694
681 698
681 703
681 878
681 954
681 974
681 980
682 725
682 735
682 754
682 771
682 780
682 784
682 792
682 835
682 839
682 844
682 851
682 854
682 857
682 889
682 926
682 929
682 931
682 976
682 990
683 711
683 716
683 738
683 748
683 814
683 852
683 880
683 960
683 970
683 982
684 695
684 806
684 811
684 829
684 873
684 884
684 899
684 903
684 923
684 928
684 962
685 697
685 781
685 804
685 861
685 871
686 708
686 728
686 772
686 920
686 927
686 935
686 964
686 980
687 752
687 760
687 777
687 783
687 799
687 916
688 713
688 864
688 905
688 978
689 783
689 915
690 693
690 697
690 754
690 827
690 843
690 888
690 902
690 978
690 998
691 762
691 797
691 800
691 856
691 880
691 946
691 947
691 953
691 967
691 982
692 719
692 729
692 765
692 778
692 818
692 821
692 825
692 837
692 846
692 858
692 889
692 901
692 914
692 924
692 935
692 941
692 955
692 959
692 969
692 976
692 1000
693 730
693 782
693 783
693 875
693 943
694 703
694 719
694 733
694 751
694 813
694 913
694 922
695 826
695 829
695 856
695 872
695 873
695 921
695 947
695 992
696 709
696 717
696 724
696 750
696 769
696 786
696 787
696 809
696 813
696 875
696 889
696 893
696 945
696 966
696 969
696 972
696 977
696 990
696 993
697 707
697 717
697 770
697 787
697 865
697 871
697 899
697 962
698 716
698 813
698 937
699 711
699 713
699 716
699 762
699 774
699 785
699 789
699 814
699 867
699 887
699 889
699 946
699 982
700 788
700 925
701 756
701 802
701 812
701 819
701 822
701 823
701 826
701 832
701 928
701 963
702 716
702 744
702 769
702 775
702 848
702 906
702 964
702 994
703 718
703 727
703 751
703 813
703 826
703 896
703 911
703 954
704 719
704 747
704 764
704 818
704 820
704 933
704 941
704 950
704 955
705 733
705 748
705 780
706 716
706 738
706 748
706 758
706 762
706 780
706 880
707 732
707 861
708 811
708 826
708 923
709 716
709 745
709 746
709 769
709 787
709 893
709 966
709 977
709 993
710 773
710 826
710 872
710 923
710 963
710 992
711 716
711 789
711 805
711 814
711 820
711 888
711 916
711 953
711 967
711 970
711 981
712 746
712 843
713 857
713 918
713 989
714 773
714 777
714 779
714 785
714 859
714 861
714 916
714 988
715 754
715 776
715 988
716 720
716 722
716 726
716 748
716 762
716 798
716 824
716 849
716 887
716 888
716 922
716 946
716 953
716 967
716 970
716 982
717 734
717 785
717 809
717 867
717 924
717 966
717 981
718 771
718 867
718 868
718 966
718 969
718 972
719 729
719 755
719 772
719 774
719 794
719 818
719 821
719 868
719 889
719 903
719 914
719 933
719 935
719 955
719 964
719 971
720 748
720 760
720 762
720 789
720 798
720 880
720 887
720 895
720 946
720 979
720 982
721 745
721 769
721 787
721 867
721 893
721 966
721 993
722 807
722 845
722 933
722 934
723 773
723 800
723 987
724 745
724 750
724 787
724 966
725 730
725 738
725 741
725 753
725 771
725 782
725 784
725 817
725 821
725 835
725 839
725 854
725 861
725 870
725 875
725 878
725 893
725 896
725 897
725 908
725 931
725 932
725 947
725 949
725 981
726 834
726 852
726 891
727 746
727 768
727 779
727 813
727 847
727 955
728 779
728 863
728 878
728 909
728 926
728 978
728 979
729 774
729 808
729 816
729 889
729 924
729 927
729 938
729 1000
730 738
730 745
730 839
730 875
730 937
731 768
731 830
731 841
731 884
731 894
731 984
731 986
731 987
732 777
732 899
732 910
732 997
732 998
733 783
733 900
733 954
734 787
734 836
734 893
734 945
734 955
734 966
735 770
735 851
735 896
735 941
735 944
735 969
736 820
736 884
736 907
736 919
737 855
738 792
738 832
739 769
739 787
739 809
739 867
739 893
739 916
739 978
740 781
740 878
740 933
740 944
741 748
741 800
742 747
742 777
742 816
742 863
742 935
742 982
743 753
743 897
743 932
743 968
744 848
744 867
744 923
744 983
745 746
745 750
745 761
745 787
745 796
745 860
745 867
745 893
745 966
745 990
746 813
747 749
747 837
747 868
747 889
747 895
747 906
747 941
747 950
748 762
748 856
748 887
749 825
749 889
750 769
750 787
750 885
750 893
750 966
750 969
750 972
750 977
750 990
751 813
751 954
751 959
752 822
752 854
752 861
752 865
752 871
752 927
753 915
754 782
754 972
755 803
755 823
755 884
756 802
756 809
756 819
756 833
756 928
757 796
757 823
757 849
757 891
757 913
757 942
757 954
758 771
759 878
759 906
759 909
759 914
759 978
760 762
760 789
760 856
760 883
760 922
760 946
760 982
761 778
761 784
761 813
761 877
761 900
761 977
762 785
762 797
762 814
762 852
762 922
763 800
763 831
763 991
764 882
764 940
764 968
764 981
765 766
765 788
765 813
765 821
765 827
765 872
765 924
765 952
765 956
765 985
766 827
766 944
767 801
767 874
767 939
767 961
767 965
767 986
768 804
768 882
768 901
768 940
768 966
769 787
770 791
770 926
770 930
771 775
771 782
771 792
771 835
771 839
771 896
772 817
772 821
772 837
772 883
772 901
772 914
772 924
772 941
772 950
772 952
772 964
773 777
773 799
773 856
773 862
773 916
773 944
775 848
775 906
775 943
776 884
776 928
777 779
777 783
777 791
777 799
777 862
777 916
777 944
777 962
777 988
778 999
779 866
779 981
779 988
779 989
780 794
780 804
780 810
780 882
780 940
781 933
782 784
782 792
782 796
782 817
782 835
782 839
782 857
782 875
782 884
782 898
782 918
782 925
782 926
782 931
782 932
782 943
783 789
784 925
785 787
785 897
785 932
785 970
786 787
786 809
786 867
786 892
786 941
786 969
786 977
786 990
786 992
787 809
787 893
787 945
787 961
787 966
787 969
787 972
787 990
788 818
788 847
788 848
788 907
788 925
788 936
788 980
789 798
789 880
789 887
789 905
789 960
789 970
790 877
790 904
790 913
791 804
791 916
791 988
792 875
792 957
792 959
793 905
793 985
794 818
794 843
794 889
794 903
794 914
794 963
795 839
795 858
795 884
795 919
795 939
796 849
796 866
796 890
796 891
796 913
796 924
796 942
796 948
796 975
796 983
797 824
797 889
797 947
798 875
798 982
799 862
800 927
801 803
801 822
801 902
801 920
801 986
802 819
802 822
802 823
802 833
802 918
802 928
802 958
803 815
803 850
803 880
803 952
803 986
804 882
805 922
805 982
805 991
806 824
806 841
806 850
806 874
806 894
806 898
806 939
807 845
807 863
807 866
807 933
807 973
808 818
808 889
808 901
808 913
808 950
809 836
809 893
809 940
809 966
809 969
809 972
809 977
809 993
810 840
810 882
810 892
810 940
810 951
810 960
811 826
811 829
811 834
811 923
812 826
812 834
812 872
812 923
812 992
813 893
813 900
813 911
813 954
813 974
813 979
813 995
814 982
816 821
816 825
816 918
816 920
816 924
817 835
817 854
817 919
817 943
818 843
818 924
818 950
818 959
819 822
819 823
819 833
819 928
819 963
821 825
821 833
821 837
821 903
821 935
821 950
821 1000
822 823
822 909
822 928
822 940
822 963
823 963
824 850
824 858
824 910
824 911
824 917
824 931
825 889
825 894
825 939
826 829
826 872
826 921
826 923
826 992
827 852
827 877
827 946
827 952
827 968
827 985
827 988
828 895
828 958
828 960
829 834
829 923
830 853
830 858
831 848
831 855
832 915
835 857
835 898
836 860
836 907
836 925
836 936
836 958
836 969
837 901
837 924
837 955
837 971
837 999
838 942
840 892
840 940
840 941
841 884
841 929
841 939
841 986
842 882
842 883
842 921
843 861
843 865
843 948
843 962
845 934
845 973
845 979
845 986
846 868
846 869
846 914
846 925
846 935
846 971
847 860
847 907
847 925
847 958
848 872
848 900
848 994
849 869
849 893
849 942
850 853
850 854
850 986
851 947
851 989
852 946
853 874
853 894
853 909
853 920
853 921
853 941
853 956
853 974
853 984
853 986
854 896
854 930
854 932
854 937
854 943
854 952
855 873
855 885
856 887
856 970
856 982
856 1000
857 930
857 950
858 959
858 986
859 870
861 948
861 957
861 962
861 994
861 998
862 928
863 909
863 978
864 942
864 987
865 890
865 897
865 911
865 962
865 997
865 998
866 869
867 893
867 969
867 977
867 990
867 993
868 889
869 891
869 911
871 953
872 921
873 885
874 910
874 920
874 939
874 984
874 999
875 885
876 946
878 895
880 946
881 902
881 933
882 933
882 990
883 894
883 912
884 917
884 919
884 924
884 927
884 956
884 965
886 908
886 924
886 974
887 946
887 967
889 898
889 901
889 927
889 943
889 976
889 1000
891 917
891 942
891 983
891 984
892 940
892 956
893 945
893 977
893 999
894 902
894 919
894 939
894 957
894 965
894 994
895 927
896 926
896 930
896 981
897 915
897 996
899 948
899 998
901 927
901 935
901 950
902 917
902 926
902 956
903 950
904 945
905 927
905 962
905 964
905 989
906 958
907 925
907 958
908 925
908 926
908 961
909 958
909 979
910 917
910 919
911 980
912 962
913 952
913 983
914 924
914 935
914 938
914 941
914 955
914 959
914 976
915 919
917 920
917 948
917 986
918 951
918 966
918 989
919 921
919 939
919 965
919 984
920 957
920 965
921 923
922 947
922 961
922 982
923 928
924 938
924 964
925 936
925 938
926 981
929 997
931 981
932 945
932 981
933 969
933 973
934 939
935 950
935 964
935 976
935 987
937 990
939 956
939 957
942 975
942 983
945 990
945 993
946 953
950 961
950 964
951 986
953 960
956 986
960 978
960 982
962 997
962 998
965 994
966 969
968 985
968 998
969 972
969 980
969 990
972 985
978 979
984 986
985 990
