# LFR benchmark graph: regime=B mu=0.2 realization=4
# undirected, unweighted; 1-based node ids; each edge listed once.
1 64
1 113
1 179
1 246
1 277
1 284
1 293
1 312
1 313
1 325
1 362
1 384
1 404
1 424
1 526
1 585
1 621
1 628
1 711
1 714
1 746
1 813
1 829
1 879
1 891
1 986
2 14
2 18
2 22
2 23
2 274
2 279
2 287
2 297
2 298
2 317
2 322
2 403
2 419
2 452
2 507
2 567
2 674
2 725
2 747
2 795
2 799
2 814
2 887
2 985
3 40
3 48
3 58
3 78
3 117
3 118
3 163
3 189
3 197
3 214
3 229
3 230
3 274
3 331
3 385
3 448
3 456
3 462
3 464
3 475
3 479
3 499
3 525
3 581
3 582
3 583
3 586
3 588
3 597
3 604
3 632
3 678
3 684
3 686
3 687
3 709
3 725
3 727
3 733
3 827
3 832
3 844
3 845
3 850
3 867
3 883
3 930
3 932
3 939
3 946
3 962
3 983
3 987
3 991
4 14
4 156
4 193
4 236
4 248
4 249
4 274
4 291
4 297
4 338
4 341
4 354
4 414
4 419
4 422
4 458
4 467
4 544
4 549
4 593
4 604
4 775
4 800
4 869
4 887
5 21
5 100
5 126
5 136
5 173
5 205
5 207
5 213
5 233
5 236
5 255
5 261
5 267
5 371
5 375
5 398
5 433
5 441
5 469
5 471
5 488
5 504
5 534
5 694
5 698
5 705
5 737
5 740
5 744
5 821
5 829
5 838
5 847
5 881
5 921
5 954
5 960
6 22
6 23
6 58
6 95
6 130
6 138
6 198
6 225
6 249
6 279
6 283
6 298
6 355
6 414
6 419
6 424
6 454
6 458
6 467
6 503
6 514
6 583
6 725
6 732
6 786
6 799
6 817
6 819
6 906
6 909
6 915
7 134
7 203
7 216
7 237
7 320
7 329
7 430
7 503
7 598
7 714
7 785
7 820
7 989
8 26
8 34
8 60
8 142
8 150
8 177
8 223
8 296
8 301
8 326
8 333
8 339
8 369
8 390
8 396
8 484
8 520
8 530
8 539
8 547
8 563
8 564
8 590
8 656
8 657
8 664
8 688
8 697
8 807
8 855
8 873
8 987
9 167
9 210
9 216
9 226
9 243
9 254
9 321
9 384
9 430
9 519
9 571
9 577
9 592
9 593
9 598
9 608
9 611
9 624
9 629
9 652
9 658
9 662
9 761
9 779
9 906
9 965
9 995
10 18
10 58
10 65
10 73
10 79
10 166
10 292
10 305
10 342
10 352
10 370
10 402
10 408
10 478
10 484
10 666
10 715
10 737
10 743
10 830
10 916
10 922
10 925
10 931
11 27
11 58
11 67
11 98
11 162
11 275
11 336
11 381
11 412
11 415
11 416
11 560
11 679
11 682
11 809
11 848
11 868
11 883
11 952
11 959
11 969
11 972
11 976
11 982
12 35
12 79
12 108
12 122
12 172
12 199
12 262
12 266
12 300
12 330
12 337
12 340
12 365
12 395
12 398
12 435
12 438
12 481
12 484
12 509
12 513
12 541
12 542
12 552
12 597
12 600
12 653
12 700
12 703
12 707
12 720
12 731
12 762
12 770
12 783
12 796
12 804
12 825
12 836
12 884
12 888
12 898
12 900
12 914
12 924
12 942
12 948
12 970
12 981
12 994
13 27
13 158
13 162
13 165
13 209
13 212
13 392
13 412
13 415
13 416
13 551
13 799
13 848
13 868
13 894
13 969
13 972
13 976
13 978
13 982
14 22
14 23
14 130
14 248
14 274
14 279
14 286
14 293
14 317
14 324
14 341
14 370
14 386
14 403
14 419
14 422
14 454
14 467
14 514
14 540
14 567
14 569
14 613
14 732
14 735
14 749
14 752
14 828
14 833
14 872
14 898
14 904
14 915
14 936
14 962
14 975
14 985
15 107
15 120
15 190
15 320
15 428
15 443
15 492
15 504
15 516
15 518
15 553
15 600
15 623
15 745
15 750
15 823
15 862
15 877
15 894
15 899
15 917
15 926
16 19
16 24
16 59
16 71
16 72
16 93
16 106
16 115
16 128
16 135
16 148
16 158
16 205
16 208
16 231
16 233
16 238
16 251
16 350
16 359
16 447
16 470
16 480
16 485
16 566
16 569
16 578
16 587
16 622
16 666
16 696
16 751
16 805
16 807
16 809
16 838
16 913
16 917
16 955
16 966
16 967
16 979
17 69
17 73
17 164
17 169
17 242
17 269
17 445
17 456
17 478
17 490
17 545
17 559
17 607
17 655
17 783
17 938
18 37
18 54
18 59
18 65
18 73
18 166
18 171
18 200
18 268
18 280
18 292
18 305
18 320
18 339
18 370
18 408
18 624
18 648
18 666
18 715
18 767
18 779
18 830
18 922
18 925
18 931
18 955
19 30
19 63
19 88
19 92
19 165
19 193
19 201
19 202
19 246
19 287
19 319
19 365
19 366
19 383
19 388
19 391
19 423
19 486
19 505
19 526
19 537
19 557
19 594
19 602
19 630
19 639
19 647
19 658
19 708
19 710
19 729
19 771
19 776
19 787
19 799
19 840
19 908
19 927
19 944
19 949
19 978
20 61
20 129
20 132
20 141
20 172
20 215
20 248
20 295
20 302
20 335
20 356
20 423
20 512
20 523
20 573
20 615
20 648
20 677
20 711
20 760
20 812
20 818
20 874
20 882
20 895
20 980
20 998
21 27
21 30
21 33
21 107
21 127
21 173
21 195
21 207
21 236
21 261
21 341
21 449
21 466
21 469
21 471
21 488
21 506
21 511
21 517
21 534
21 659
21 680
21 689
21 694
21 695
21 698
21 740
21 744
21 760
21 781
21 847
21 875
21 880
21 881
21 890
21 930
21 964
21 971
22 234
22 247
22 283
22 291
22 317
22 324
22 341
22 368
22 369
22 403
22 406
22 419
22 432
22 439
22 481
22 507
22 514
22 549
22 567
22 603
22 614
22 616
22 644
22 649
22 655
22 732
22 747
22 775
22 800
22 826
22 830
22 869
22 872
22 909
22 936
23 31
23 203
23 239
23 283
23 291
23 298
23 324
23 332
23 355
23 413
23 414
23 420
23 424
23 454
23 458
23 514
23 598
23 720
23 799
23 869
23 872
23 880
23 909
23 915
23 926
23 936
23 985
24 94
24 161
24 288
24 289
24 318
24 407
24 430
24 523
24 556
24 564
24 698
24 706
24 723
24 809
24 817
24 913
24 987
25 39
25 48
25 58
25 214
25 246
25 318
25 331
25 348
25 378
25 409
25 583
25 644
25 684
25 687
25 827
25 844
25 845
25 850
25 887
25 930
25 962
26 142
26 148
26 150
26 183
26 184
26 296
26 301
26 322
26 326
26 396
26 484
26 539
26 563
26 590
26 726
26 840
26 948
27 36
27 67
27 96
27 115
27 158
27 162
27 190
27 385
27 412
27 415
27 448
27 551
27 560
27 682
27 848
27 868
27 952
27 959
27 972
27 976
27 982
28 43
28 53
28 56
28 86
28 136
28 160
28 255
28 288
28 295
28 342
28 376
28 381
28 399
28 401
28 405
28 440
28 536
28 591
28 785
28 963
29 84
29 137
29 239
29 269
29 278
29 388
29 528
29 543
29 557
29 594
29 602
29 644
29 689
29 721
29 776
29 814
29 870
29 871
30 71
30 107
30 111
30 117
30 195
30 196
30 236
30 244
30 319
30 363
30 369
30 377
30 446
30 471
30 489
30 534
30 580
30 659
30 690
30 698
30 701
30 705
30 730
30 765
30 810
30 847
30 880
30 890
30 930
30 954
30 973
31 48
31 52
31 55
31 75
31 128
31 145
31 184
31 353
31 434
31 453
31 463
31 481
31 596
31 654
31 707
31 815
31 853
31 906
32 116
32 132
32 142
32 260
32 302
32 338
32 356
32 554
32 601
32 606
32 660
32 672
32 677
32 691
32 760
32 878
32 909
32 910
32 929
33 101
33 111
33 117
33 126
33 127
33 173
33 191
33 195
33 207
33 233
33 236
33 255
33 261
33 363
33 400
33 407
33 469
33 471
33 496
33 504
33 517
33 534
33 553
33 690
33 701
33 702
33 705
33 810
33 859
33 880
33 973
34 142
34 151
34 177
34 296
34 326
34 390
34 435
34 484
34 539
34 564
34 567
34 664
34 691
34 794
34 903
34 910
34 938
34 972
35 82
35 87
35 104
35 105
35 109
35 119
35 147
35 221
35 253
35 389
35 396
35 481
35 537
35 639
35 693
35 741
35 820
35 901
35 929
36 67
36 208
36 551
36 569
36 587
36 644
36 679
36 682
36 747
36 848
36 976
36 978
37 59
37 69
37 75
37 268
37 280
37 292
37 305
37 408
37 704
37 737
37 755
37 816
37 830
37 916
37 925
37 936
37 958
37 988
38 76
38 80
38 94
38 155
38 161
38 203
38 289
38 407
38 417
38 418
38 419
38 439
38 514
38 535
38 605
38 635
38 641
38 809
38 818
38 835
38 871
39 62
39 83
39 182
39 208
39 314
39 323
39 417
39 437
39 451
39 652
39 675
39 685
39 769
39 773
40 78
40 107
40 230
40 348
40 378
40 449
40 450
40 464
40 499
40 581
40 583
40 604
40 632
40 669
40 844
40 850
40 930
40 939
40 962
40 978
41 46
41 68
41 180
41 218
41 277
41 293
41 319
41 325
41 335
41 384
41 393
41 487
41 526
41 621
41 625
41 668
41 893
41 945
41 946
41 986
42 133
42 241
42 275
42 281
42 393
42 406
42 443
42 491
42 521
42 654
42 665
42 698
42 717
42 876
42 885
42 895
42 987
43 53
43 62
43 72
43 86
43 222
43 278
43 279
43 342
43 376
43 399
43 436
43 536
43 598
43 611
43 673
43 784
43 785
43 793
43 806
43 818
43 942
43 943
43 957
43 987
44 45
44 82
44 121
44 162
44 270
44 327
44 524
44 558
44 563
44 595
44 599
44 649
44 722
44 788
44 814
44 865
44 899
44 920
44 931
44 940
44 941
45 154
45 393
45 410
45 480
45 533
45 558
45 575
45 595
45 621
45 649
45 651
45 696
45 747
45 811
45 821
45 898
45 920
45 940
46 113
46 135
46 144
46 179
46 293
46 316
46 404
46 510
46 671
46 739
46 829
46 891
46 893
46 931
46 952
46 986
47 102
47 149
47 153
47 156
47 181
47 253
47 273
47 402
47 572
47 624
47 631
47 716
47 755
47 798
47 928
47 980
48 52
48 263
48 369
48 403
48 588
48 596
48 654
48 662
48 759
48 815
48 885
49 71
49 93
49 115
49 128
49 135
49 148
49 198
49 208
49 211
49 229
49 231
49 232
49 251
49 279
49 350
49 359
49 433
49 444
49 447
49 451
49 470
49 485
49 541
49 566
49 578
49 603
49 727
49 751
49 838
49 854
49 913
49 955
49 966
49 970
50 73
50 77
50 91
50 136
50 241
50 396
50 565
50 640
50 659
50 674
50 842
50 856
50 859
50 875
50 896
50 933
50 957
50 968
50 998
51 87
51 110
51 137
51 147
51 221
51 237
51 606
51 612
51 667
51 741
51 743
51 820
51 822
51 851
51 858
51 929
51 932
51 991
52 55
52 75
52 95
52 144
52 150
52 184
52 204
52 223
52 321
52 372
52 434
52 463
52 566
52 588
52 596
52 654
52 658
52 683
52 707
52 803
52 815
52 853
52 955
53 152
53 333
53 342
53 344
53 376
53 399
53 401
53 431
53 536
53 550
53 635
53 673
53 784
53 841
53 857
53 942
53 953
53 957
54 59
54 200
54 203
54 233
54 305
54 394
54 408
54 497
54 550
54 552
54 715
54 737
54 743
54 763
54 830
54 860
54 916
54 925
54 947
55 75
55 95
55 138
55 184
55 204
55 252
55 312
55 463
55 523
55 623
55 654
55 687
55 815
55 853
56 107
56 160
56 222
56 225
56 227
56 333
56 342
56 362
56 377
56 399
56 536
56 569
56 634
56 785
56 793
56 840
56 857
56 942
56 963
57 134
57 167
57 212
57 227
57 380
57 505
57 538
57 598
57 608
57 629
57 636
57 663
57 697
57 761
57 861
57 870
57 889
57 906
58 78
58 118
58 163
58 189
58 196
58 214
58 247
58 331
58 378
58 426
58 449
58 450
58 456
58 462
58 475
58 479
58 480
58 499
58 581
58 582
58 586
58 641
58 686
58 687
58 709
58 725
58 747
58 759
58 803
58 827
58 844
58 848
58 850
58 867
58 883
58 930
58 932
58 939
58 944
58 962
58 967
58 968
58 987
58 992
59 73
59 79
59 200
59 305
59 339
59 346
59 348
59 370
59 408
59 466
59 497
59 559
59 626
59 715
59 737
59 766
59 830
59 916
59 922
59 925
60 81
60 150
60 177
60 296
60 383
60 418
60 484
60 539
60 571
60 685
60 777
60 794
60 827
61 129
61 132
61 172
61 302
61 338
61 356
61 554
61 573
61 609
61 649
61 660
61 953
61 980
62 65
62 83
62 146
62 323
62 413
62 417
62 421
62 437
62 482
62 570
62 593
62 597
62 610
62 652
62 675
62 685
62 763
62 769
62 790
62 795
62 956
62 961
63 92
63 152
63 165
63 202
63 228
63 252
63 313
63 315
63 362
63 364
63 385
63 423
63 451
63 461
63 500
63 505
63 525
63 531
63 540
63 577
63 603
63 641
63 669
63 708
63 749
63 776
63 788
63 791
63 797
63 908
63 932
63 953
64 159
64 164
64 278
64 383
64 451
64 500
64 525
64 543
64 557
64 630
64 657
64 735
64 744
64 752
64 787
64 791
64 814
64 897
64 918
64 935
64 985
65 200
65 260
65 280
65 305
65 339
65 408
65 575
65 640
65 666
65 704
65 792
65 830
65 896
66 106
66 139
66 306
66 323
66 386
66 482
66 539
66 597
66 610
66 669
66 675
66 769
66 775
66 793
66 929
66 937
66 961
67 96
67 267
67 317
67 412
67 415
67 423
67 560
67 593
67 682
67 760
67 848
67 868
67 885
67 969
67 974
67 976
67 978
68 113
68 138
68 179
68 185
68 220
68 277
68 293
68 303
68 404
68 487
68 510
68 526
68 668
68 697
68 746
68 768
68 829
68 893
68 997
69 111
69 143
69 269
69 288
69 341
69 607
69 907
69 938
69 943
69 950
70 84
70 88
70 92
70 134
70 140
70 211
70 271
70 319
70 364
70 391
70 423
70 457
70 477
70 505
70 528
70 542
70 558
70 562
70 641
70 888
70 944
71 72
71 103
71 106
71 115
71 125
71 128
71 135
71 148
71 198
71 205
71 208
71 229
71 231
71 232
71 251
71 315
71 359
71 438
71 444
71 447
71 452
71 470
71 503
71 532
71 541
71 566
71 569
71 578
71 587
71 603
71 620
71 622
71 676
71 710
71 721
71 735
71 751
71 764
71 792
71 822
71 838
71 847
71 854
71 857
71 859
71 882
71 903
71 913
71 955
71 966
71 979
72 106
72 115
72 148
72 198
72 213
72 229
72 232
72 236
72 246
72 251
72 257
72 447
72 449
72 470
72 485
72 498
72 503
72 521
72 566
72 569
72 578
72 587
72 598
72 622
72 647
72 674
72 731
72 764
72 814
72 838
72 885
72 913
72 915
72 933
72 955
72 967
72 972
73 79
73 142
73 173
73 280
73 292
73 305
73 338
73 339
73 352
73 633
73 704
73 758
73 830
73 885
73 925
74 85
74 178
74 188
74 215
74 217
74 244
74 272
74 294
74 344
74 361
74 404
74 472
74 558
74 579
74 623
74 658
74 679
74 743
74 746
74 812
74 852
74 858
74 888
74 899
74 902
74 941
74 962
75 95
75 184
75 204
75 208
75 325
75 420
75 434
75 439
75 463
75 544
75 559
75 588
75 589
75 654
75 683
75 809
75 920
76 161
76 235
76 289
76 318
76 326
76 407
76 413
76 439
76 447
76 483
76 523
76 544
76 566
76 605
76 671
76 706
76 809
77 82
77 91
77 174
77 207
77 221
77 346
77 354
77 385
77 580
77 674
77 842
77 856
77 875
77 909
77 933
77 968
78 173
78 181
78 196
78 197
78 214
78 230
78 331
78 348
78 449
78 464
78 475
78 479
78 499
78 575
78 582
78 586
78 597
78 604
78 616
78 632
78 680
78 684
78 687
78 709
78 719
78 723
78 725
78 819
78 844
78 845
78 887
78 930
78 973
78 983
79 261
79 292
79 305
79 310
79 433
79 666
79 715
79 737
79 860
79 922
79 931
80 155
80 289
80 318
80 418
80 419
80 523
80 532
80 535
80 605
80 671
80 749
80 835
81 108
81 124
81 138
81 167
81 199
81 250
81 255
81 337
81 350
81 379
81 395
81 398
81 400
81 411
81 413
81 435
81 455
81 532
81 537
81 541
81 547
81 552
81 569
81 574
81 583
81 600
81 646
81 658
81 742
81 758
81 762
81 790
81 795
81 796
81 819
81 822
81 825
81 836
81 888
81 918
81 924
81 968
81 970
81 981
82 89
82 91
82 97
82 174
82 346
82 414
82 565
82 576
82 640
82 668
82 674
82 837
82 842
82 859
82 875
82 884
82 896
82 968
83 89
83 139
83 237
83 421
83 482
83 561
83 570
83 592
83 597
83 632
83 685
83 769
83 937
83 956
83 961
84 117
84 159
84 182
84 199
84 202
84 228
84 299
84 306
84 319
84 322
84 324
84 326
84 341
84 351
84 365
84 385
84 413
84 525
84 528
84 543
84 562
84 594
84 602
84 641
84 644
84 657
84 677
84 699
84 736
84 749
84 751
84 752
84 765
84 766
84 776
84 808
84 814
84 871
84 914
84 923
84 935
84 964
84 999
85 98
85 157
85 217
85 222
85 237
85 259
85 299
85 394
85 517
85 623
85 626
85 638
85 672
85 792
85 802
85 832
85 911
86 160
86 222
86 235
86 277
86 295
86 313
86 321
86 333
86 342
86 376
86 399
86 403
86 405
86 536
86 550
86 784
86 785
86 793
86 939
86 942
86 957
87 104
87 105
87 109
87 110
87 137
87 147
87 175
87 273
87 324
87 339
87 358
87 372
87 389
87 409
87 430
87 468
87 481
87 490
87 602
87 639
87 653
87 667
87 734
87 754
87 929
88 161
88 193
88 201
88 287
88 312
88 319
88 322
88 364
88 385
88 386
88 391
88 423
88 502
88 505
88 528
88 548
88 622
88 630
88 644
88 653
88 677
88 708
88 721
88 736
88 752
88 766
88 773
88 797
88 897
88 919
88 935
89 91
89 99
89 170
89 174
89 200
89 204
89 252
89 261
89 309
89 552
89 576
89 580
89 603
89 640
89 859
89 875
89 906
89 933
89 968
90 147
90 372
90 389
90 409
90 468
90 481
90 526
90 612
90 619
90 639
90 741
90 795
90 820
90 832
90 901
90 939
91 99
91 174
91 276
91 346
91 367
91 431
91 542
91 565
91 624
91 629
91 640
91 674
91 780
91 781
91 798
91 826
91 842
91 856
91 859
91 875
91 896
91 933
91 968
92 118
92 170
92 193
92 202
92 319
92 366
92 383
92 385
92 423
92 453
92 525
92 528
92 644
92 668
92 749
92 766
92 776
92 814
92 816
92 824
92 908
93 100
93 106
93 148
93 198
93 231
93 232
93 257
93 266
93 279
93 350
93 444
93 447
93 485
93 498
93 502
93 503
93 524
93 566
93 622
93 710
93 735
93 751
93 791
93 839
93 950
93 966
93 981
94 109
94 129
94 161
94 235
94 289
94 407
94 454
94 544
94 751
94 835
94 903
94 909
94 974
95 185
95 204
95 447
95 453
95 463
95 654
95 683
95 707
95 815
95 830
96 158
96 162
96 398
96 415
96 502
96 551
96 776
96 848
96 868
96 880
96 969
96 972
96 976
96 982
97 154
97 200
97 580
97 589
97 640
97 674
97 716
97 748
97 842
97 856
97 875
97 896
97 933
97 968
98 100
98 141
98 183
98 240
98 272
98 290
98 291
98 294
98 311
98 394
98 411
98 450
98 473
98 493
98 512
98 626
98 650
98 658
98 661
98 670
98 675
98 676
98 679
98 725
98 757
98 771
98 792
98 802
98 902
98 911
98 953
99 103
99 134
99 174
99 346
99 531
99 576
99 580
99 640
99 795
99 859
99 896
99 937
99 965
99 968
100 157
100 209
100 215
100 223
100 367
100 579
100 601
100 623
100 679
100 724
100 757
100 797
100 802
100 843
100 888
100 902
100 921
100 941
101 136
101 141
101 172
101 240
101 244
101 302
101 331
101 338
101 345
101 356
101 406
101 550
101 573
101 611
101 677
101 736
101 882
101 884
101 980
102 149
102 153
102 181
102 282
102 320
102 328
102 331
102 494
102 624
102 688
102 716
102 782
102 798
102 811
102 816
102 904
102 910
102 916
102 984
102 997
103 140
103 148
103 205
103 208
103 317
103 447
103 542
103 566
103 732
103 735
103 797
103 897
103 913
104 109
104 137
104 220
104 396
104 481
104 540
104 612
104 639
104 741
104 820
104 844
104 929
104 991
105 109
105 147
105 221
105 281
105 389
105 481
105 487
105 502
105 601
105 619
105 639
105 651
105 862
105 897
105 900
105 929
105 976
106 148
106 208
106 315
106 359
106 444
106 531
106 552
106 553
106 578
106 764
106 913
106 955
107 111
107 117
107 126
107 136
107 155
107 173
107 191
107 195
107 216
107 236
107 255
107 261
107 363
107 373
107 392
107 429
107 433
107 440
107 441
107 446
107 466
107 469
107 471
107 488
107 489
107 503
107 517
107 686
107 694
107 695
107 698
107 701
107 705
107 738
107 740
107 744
107 756
107 774
107 781
107 810
107 821
107 825
107 835
107 847
107 880
107 912
108 138
108 145
108 199
108 220
108 398
108 541
108 542
108 605
108 770
108 862
109 110
109 119
109 146
109 147
109 389
109 412
109 431
109 481
109 609
109 612
109 619
109 639
109 721
109 741
109 820
109 876
109 901
109 929
109 992
110 113
110 221
110 293
110 326
110 389
110 407
110 409
110 428
110 481
110 569
110 588
110 639
110 651
110 741
110 749
110 929
111 112
111 126
111 187
111 460
111 489
111 534
111 538
111 659
111 690
111 698
111 821
111 913
111 973
112 145
112 199
112 330
112 369
112 395
112 397
112 400
112 438
112 511
112 543
112 600
112 653
112 670
112 705
112 718
112 720
112 790
112 834
112 924
112 970
112 971
113 179
113 220
113 293
113 424
113 526
113 567
113 621
113 891
113 909
113 938
114 134
114 224
114 320
114 414
114 432
114 449
114 519
114 611
114 636
114 714
114 741
114 843
114 861
114 866
114 913
114 965
115 257
115 289
115 368
115 444
115 447
115 578
115 764
115 902
115 913
115 955
116 132
116 244
116 260
116 263
116 269
116 302
116 319
116 335
116 356
116 357
116 444
116 504
116 513
116 533
116 554
116 573
116 606
116 609
116 615
116 677
116 691
116 744
116 882
116 907
116 967
116 968
116 980
117 122
117 173
117 211
117 236
117 290
117 429
117 437
117 440
117 517
117 659
117 690
117 694
117 705
117 847
117 880
117 977
118 186
118 189
118 245
118 247
118 326
118 331
118 348
118 371
118 426
118 450
118 464
118 475
118 476
118 479
118 480
118 499
118 505
118 581
118 583
118 586
118 604
118 610
118 632
118 647
118 678
118 680
118 684
118 686
118 687
118 698
118 719
118 725
118 827
118 844
118 867
118 872
118 882
118 883
118 925
118 930
118 938
118 939
118 979
119 147
119 283
119 374
119 389
119 651
119 734
119 741
119 820
119 929
120 134
120 146
120 150
120 190
120 348
120 374
120 426
120 443
120 446
120 492
120 516
120 518
120 553
120 649
120 745
120 751
120 777
120 781
120 823
120 862
120 877
120 894
120 899
120 926
120 955
120 993
120 998
121 143
121 154
121 218
121 270
121 300
121 326
121 327
121 382
121 499
121 524
121 533
121 535
121 558
121 575
121 595
121 599
121 674
121 711
121 722
121 726
121 788
121 900
121 914
121 917
121 920
121 940
122 145
122 219
122 240
122 398
122 411
122 435
122 499
122 542
122 552
122 574
122 633
122 646
122 790
122 796
122 804
122 888
122 948
123 250
123 265
123 308
123 395
123 411
123 438
123 541
123 574
123 589
123 704
123 770
123 796
123 914
123 930
124 145
124 250
124 274
124 340
124 398
124 400
124 513
124 523
124 542
124 552
124 770
124 790
124 796
124 900
124 948
125 134
125 320
125 334
125 357
125 430
125 511
125 607
125 608
125 636
125 639
125 642
125 666
125 965
126 147
126 173
126 191
126 201
126 213
126 230
126 267
126 293
126 375
126 433
126 440
126 441
126 446
126 489
126 517
126 534
126 540
126 617
126 659
126 677
126 679
126 690
126 698
126 738
126 740
126 768
126 810
126 821
126 847
126 881
126 954
126 973
126 988
127 173
127 207
127 236
127 250
127 290
127 368
127 398
127 414
127 429
127 441
127 475
127 483
127 534
127 577
127 650
127 657
127 690
127 740
127 756
127 774
127 781
127 847
127 863
127 890
128 135
128 198
128 208
128 232
128 393
128 444
128 447
128 562
128 568
128 569
128 603
128 735
128 764
128 802
128 805
128 913
128 955
129 132
129 172
129 182
129 244
129 300
129 345
129 512
129 541
129 573
129 609
129 621
129 644
129 648
129 658
129 660
129 677
129 691
129 778
129 874
129 882
129 884
129 902
129 980
130 214
130 274
130 298
130 354
130 355
130 362
130 406
130 419
130 494
130 507
130 522
130 549
130 887
130 919
130 936
130 953
131 241
131 275
131 358
131 425
131 441
131 543
131 585
131 677
131 681
131 753
131 833
131 849
131 921
131 925
131 1000
132 176
132 243
132 244
132 260
132 302
132 335
132 338
132 356
132 365
132 429
132 454
132 533
132 554
132 573
132 584
132 599
132 606
132 615
132 616
132 617
132 618
132 648
132 660
132 677
132 686
132 691
132 760
132 778
132 874
132 882
132 884
132 910
132 980
132 988
132 990
133 138
133 140
133 281
133 304
133 393
133 491
133 494
133 501
133 521
133 665
133 744
133 748
133 767
133 772
133 848
133 876
133 885
133 886
133 895
134 158
134 167
134 216
134 224
134 226
134 320
134 321
134 329
134 353
134 380
134 430
134 431
134 442
134 450
134 513
134 514
134 571
134 592
134 598
134 608
134 611
134 653
134 655
134 662
134 697
134 714
134 761
134 825
134 834
134 837
134 843
134 857
134 861
134 866
134 889
134 906
134 946
134 947
134 967
134 995
135 148
135 232
135 251
135 315
135 350
135 403
135 447
135 452
135 470
135 532
135 566
135 578
135 587
135 606
135 660
135 687
135 710
135 729
135 764
135 955
135 959
135 979
136 148
136 195
136 227
136 377
136 433
136 466
136 525
136 534
136 659
136 744
136 756
136 774
136 897
137 147
137 175
137 237
137 313
137 468
137 481
137 535
137 612
137 639
137 667
137 721
137 820
137 847
137 884
137 901
137 917
137 992
138 284
138 331
138 398
138 411
138 422
138 435
138 438
138 513
138 542
138 552
138 653
138 731
138 790
138 834
138 888
138 914
139 198
139 392
139 407
139 417
139 482
139 523
139 570
139 658
139 694
139 937
139 956
140 186
140 197
140 304
140 393
140 501
140 521
140 527
140 550
140 551
140 552
140 626
140 637
140 641
140 642
140 665
140 748
140 772
140 789
140 885
140 886
140 895
140 987
141 244
141 260
141 338
141 345
141 356
141 509
141 589
141 609
141 616
141 618
141 648
141 651
141 677
141 740
141 760
141 778
141 874
141 882
141 936
141 988
142 151
142 299
142 314
142 376
142 484
142 529
142 530
142 563
142 564
142 656
142 752
142 904
143 146
143 164
143 169
143 233
143 242
143 252
143 269
143 288
143 353
143 478
143 545
143 558
143 559
143 607
143 639
143 775
143 938
143 950
143 962
144 145
144 179
144 403
144 510
144 574
144 628
144 630
144 668
144 768
144 891
144 893
145 209
145 250
145 262
145 267
145 270
145 309
145 330
145 340
145 356
145 369
145 395
145 398
145 400
145 411
145 435
145 437
145 438
145 445
145 477
145 496
145 537
145 538
145 552
145 585
145 598
145 600
145 603
145 646
145 653
145 682
145 700
145 703
145 720
145 731
145 770
145 790
145 796
145 822
145 836
145 851
145 853
145 888
145 900
145 914
145 975
146 169
146 269
146 288
146 478
146 559
146 568
146 607
146 846
146 885
146 938
146 943
146 950
147 175
147 214
147 221
147 238
147 283
147 325
147 358
147 372
147 389
147 409
147 481
147 502
147 508
147 612
147 721
147 741
147 754
147 788
147 797
147 820
147 901
147 921
147 929
147 942
147 992
147 998
148 205
148 208
148 229
148 231
148 232
148 238
148 257
148 305
148 410
148 442
148 447
148 452
148 470
148 476
148 485
148 498
148 501
148 503
148 505
148 548
148 566
148 578
148 585
148 603
148 710
148 725
148 751
148 756
148 794
148 805
148 837
148 838
148 854
148 955
148 966
148 977
148 979
149 153
149 156
149 181
149 185
149 206
149 273
149 285
149 402
149 435
149 554
149 624
149 631
149 663
149 688
149 716
149 755
149 782
149 798
149 877
149 904
149 910
149 914
149 928
149 961
150 296
150 322
150 326
150 529
150 530
150 539
150 564
150 630
150 809
150 833
150 855
151 296
151 346
151 365
151 390
151 418
151 484
151 520
151 530
151 564
151 570
151 648
151 670
151 688
151 774
152 160
152 222
152 325
152 333
152 342
152 399
152 405
152 436
152 536
152 629
152 784
152 793
152 942
152 963
153 156
153 181
153 188
153 282
153 624
153 641
153 716
153 755
153 798
153 888
153 904
153 910
153 999
154 300
154 392
154 436
154 447
154 558
154 595
154 596
154 631
154 649
154 670
154 696
154 711
154 811
155 161
155 235
155 289
155 407
155 418
155 470
155 544
155 546
155 652
155 671
155 782
155 809
155 818
155 892
156 273
156 282
156 285
156 286
156 429
156 500
156 624
156 688
156 716
156 798
156 823
156 879
156 910
156 928
157 176
157 206
157 209
157 294
157 296
157 316
157 344
157 386
157 394
157 472
157 579
157 601
157 623
157 626
157 634
157 641
157 679
157 688
157 743
157 755
157 776
157 846
157 896
157 927
157 937
157 963
158 162
158 551
158 630
158 848
158 850
158 959
158 972
158 976
159 182
159 202
159 278
159 299
159 319
159 374
159 383
159 385
159 391
159 505
159 577
159 630
159 652
159 729
159 776
159 787
159 814
159 834
159 837
159 949
160 222
160 342
160 380
160 399
160 401
160 536
160 605
160 784
160 806
160 957
160 963
160 998
161 216
161 235
161 242
161 289
161 318
161 407
161 418
161 426
161 439
161 467
161 483
161 516
161 523
161 535
161 544
161 546
161 561
161 586
161 605
161 661
161 671
161 693
161 723
161 809
161 818
161 823
161 835
162 412
162 415
162 416
162 499
162 551
162 560
162 682
162 846
162 848
162 868
162 874
162 931
162 937
162 952
162 959
162 972
162 978
162 982
163 189
163 200
163 230
163 311
163 327
163 331
163 340
163 348
163 372
163 426
163 448
163 449
163 472
163 480
163 499
163 561
163 581
163 582
163 583
163 586
163 632
163 645
163 647
163 678
163 680
163 684
163 709
163 725
163 797
163 844
163 845
163 850
163 883
163 930
163 932
163 939
163 941
163 983
164 242
164 252
164 269
164 288
164 358
164 478
164 490
164 545
164 559
164 568
164 607
164 616
164 678
164 907
164 938
164 943
164 950
165 174
165 185
165 201
165 211
165 228
165 245
165 253
165 258
165 276
165 287
165 306
165 307
165 312
165 319
165 351
165 361
165 362
165 364
165 380
165 385
165 392
165 415
165 423
165 454
165 457
165 486
165 500
165 524
165 528
165 531
165 548
165 563
165 577
165 581
165 584
165 602
165 641
165 657
165 685
165 689
165 699
165 728
165 736
165 749
165 752
165 766
165 771
165 773
165 776
165 791
165 824
165 863
165 948
166 171
166 227
166 244
166 280
166 292
166 305
166 313
166 339
166 408
166 435
166 666
166 715
166 816
166 830
167 300
167 320
167 380
167 412
167 456
167 608
167 611
167 714
167 814
167 816
167 820
167 861
167 905
167 954
168 211
168 245
168 270
168 290
168 300
168 533
168 538
168 543
168 558
168 595
168 603
168 649
168 696
168 828
169 242
169 269
169 288
169 419
169 478
169 490
169 526
169 536
169 545
169 559
169 607
169 671
169 737
169 835
169 907
169 938
169 943
169 950
170 186
170 281
170 521
170 522
170 627
170 717
170 772
170 782
170 865
170 885
171 261
171 292
171 305
171 339
171 370
171 421
171 497
171 512
171 605
171 715
171 922
171 925
171 931
171 950
171 982
172 260
172 302
172 338
172 339
172 356
172 474
172 547
172 554
172 560
172 573
172 609
172 615
172 617
172 660
172 677
172 732
172 760
172 850
172 874
172 882
172 884
173 195
173 207
173 225
173 233
173 236
173 365
173 371
173 375
173 377
173 429
173 433
173 446
173 469
173 489
173 525
173 534
173 601
173 619
173 690
173 698
173 702
173 705
173 738
173 744
173 772
173 773
173 774
173 781
173 821
173 847
173 920
173 960
174 346
174 387
174 565
174 580
174 614
174 640
174 674
174 781
174 782
174 842
174 850
174 856
174 859
174 875
174 896
174 968
175 389
175 468
175 481
175 491
175 573
175 619
175 639
175 721
175 820
175 839
175 846
175 879
175 929
175 954
176 189
176 209
176 227
176 259
176 289
176 311
176 316
176 390
176 416
176 567
176 579
176 601
176 638
176 642
176 711
176 713
176 743
176 904
176 941
176 978
176 984
177 232
177 296
177 326
177 390
177 396
177 415
177 484
177 513
177 529
177 530
177 539
177 563
177 675
177 771
177 807
177 965
178 183
178 272
178 290
178 298
178 311
178 385
178 394
178 460
178 613
178 623
178 635
178 676
178 693
178 724
178 743
178 831
178 889
178 899
178 996
179 180
179 219
179 220
179 223
179 229
179 232
179 246
179 291
179 293
179 303
179 325
179 364
179 384
179 402
179 480
179 496
179 526
179 543
179 625
179 668
179 724
179 727
179 739
179 756
179 820
179 829
179 853
179 879
179 891
179 893
179 945
179 997
180 303
180 384
180 404
180 487
180 526
180 628
180 635
180 698
180 746
180 767
180 824
180 827
180 844
180 891
181 253
181 273
181 282
181 494
181 624
181 631
181 688
181 716
181 770
181 798
181 802
181 904
181 910
181 928
182 222
182 258
182 525
182 528
182 557
182 577
182 594
182 771
182 787
182 814
182 897
182 908
183 209
183 215
183 280
183 394
183 541
183 601
183 623
183 626
183 642
183 658
183 725
183 831
183 868
183 870
183 888
184 199
184 204
184 434
184 463
184 589
184 596
184 637
184 654
184 683
184 713
184 815
184 853
184 980
184 988
185 187
185 192
185 200
185 203
185 254
185 264
185 269
185 314
185 355
185 455
185 475
185 487
185 515
185 572
185 591
185 616
185 626
185 644
185 712
185 730
185 839
186 309
186 319
186 364
186 393
186 451
186 453
186 491
186 521
186 522
186 527
186 627
186 633
186 636
186 637
186 638
186 665
186 715
186 717
186 748
186 772
186 789
186 792
186 851
186 876
186 885
186 886
186 987
187 192
187 203
187 254
187 264
187 314
187 361
187 455
187 474
187 493
187 572
187 584
187 616
187 730
187 758
187 839
187 856
187 864
187 878
188 217
188 223
188 240
188 263
188 347
188 381
188 428
188 460
188 472
188 578
188 579
188 590
188 598
188 601
188 623
188 635
188 645
188 661
188 670
188 672
188 676
188 679
188 692
188 713
188 802
188 812
188 821
188 842
188 911
188 956
188 979
188 996
189 250
189 331
189 426
189 480
189 583
189 586
189 678
189 684
189 686
189 687
189 725
189 850
189 932
189 939
190 301
190 374
190 410
190 443
190 459
190 492
190 516
190 518
190 553
190 750
190 777
190 785
190 823
190 877
190 899
190 927
190 934
190 966
190 993
190 998
191 288
191 363
191 399
191 466
191 517
191 534
191 628
191 665
191 690
191 698
191 738
191 744
191 749
191 821
191 868
192 203
192 317
192 455
192 515
192 572
192 584
192 616
192 690
192 712
192 739
192 758
192 779
192 835
192 839
192 864
192 878
192 932
192 944
193 202
193 306
193 319
193 360
193 505
193 525
193 528
193 548
193 577
193 644
193 749
193 787
193 791
193 814
193 845
193 897
194 212
194 223
194 227
194 240
194 244
194 290
194 294
194 310
194 316
194 328
194 347
194 399
194 429
194 442
194 460
194 477
194 601
194 623
194 638
194 642
194 676
194 743
194 755
194 757
194 792
194 813
194 832
194 852
194 858
194 892
194 902
194 903
194 909
194 911
194 918
194 940
194 984
195 363
195 440
195 449
195 466
195 469
195 495
195 504
195 517
195 561
195 659
195 690
195 701
195 709
195 744
195 813
195 821
195 844
195 864
195 895
195 960
195 971
196 230
196 270
196 331
196 448
196 450
196 453
196 480
196 490
196 499
196 563
196 586
196 604
196 687
196 844
196 883
196 932
197 230
197 331
197 447
197 480
197 582
197 586
197 686
197 687
197 725
197 749
197 844
197 845
197 850
197 930
197 932
198 205
198 229
198 231
198 232
198 238
198 251
198 257
198 315
198 417
198 430
198 447
198 452
198 470
198 485
198 498
198 503
198 534
198 578
198 597
198 603
198 645
198 694
198 701
198 751
198 764
198 805
198 838
198 853
198 913
198 955
198 966
198 979
198 991
198 1000
199 250
199 324
199 411
199 428
199 438
199 552
199 770
199 793
199 795
199 796
199 805
199 914
200 268
200 280
200 305
200 352
200 408
200 520
200 522
200 627
200 636
200 638
200 648
200 666
200 686
200 704
200 715
200 737
200 816
200 872
200 916
200 922
201 211
201 239
201 245
201 343
201 391
201 396
201 415
201 423
201 457
201 528
201 543
201 548
201 594
201 657
201 659
201 703
201 769
201 786
201 806
201 840
201 872
201 924
201 999
202 211
202 225
202 253
202 287
202 288
202 299
202 312
202 383
202 385
202 505
202 577
202 644
202 741
202 773
202 776
202 791
202 795
202 840
202 956
202 962
203 254
203 264
203 314
203 370
203 455
203 474
203 562
203 572
203 584
203 624
203 712
203 730
203 758
203 797
203 832
203 839
203 864
203 919
203 1000
204 215
204 423
204 434
204 683
204 689
204 707
204 731
204 815
204 853
205 238
205 254
205 315
205 444
205 447
205 470
205 498
205 505
205 566
205 804
205 868
205 953
205 966
205 997
206 209
206 212
206 259
206 269
206 311
206 380
206 387
206 459
206 623
206 634
206 672
206 692
206 693
206 713
206 858
206 911
206 991
207 223
207 233
207 261
207 274
207 293
207 363
207 371
207 379
207 441
207 455
207 469
207 489
207 619
207 659
207 694
207 695
207 720
207 740
207 744
207 756
207 765
207 767
207 804
207 847
207 881
207 890
208 229
208 251
208 253
208 359
208 395
208 447
208 452
208 503
208 524
208 578
208 587
208 603
208 622
208 735
208 748
208 764
208 854
208 894
208 913
208 917
208 979
209 212
209 215
209 217
209 240
209 272
209 290
209 294
209 310
209 311
209 313
209 326
209 344
209 391
209 428
209 434
209 465
209 472
209 495
209 518
209 535
209 626
209 634
209 645
209 647
209 658
209 661
209 672
209 676
209 692
209 693
209 713
209 724
209 750
209 768
209 792
209 802
209 812
209 827
209 831
209 832
209 911
209 941
210 229
210 266
210 566
210 611
210 636
210 714
210 749
210 779
210 843
210 857
210 866
210 870
211 249
211 253
211 285
211 287
211 313
211 343
211 383
211 385
211 388
211 418
211 451
211 457
211 486
211 505
211 525
211 531
211 594
211 602
211 630
211 729
211 749
211 776
211 787
211 789
211 814
211 824
211 840
211 862
211 897
211 908
211 929
211 940
211 949
212 215
212 272
212 290
212 361
212 412
212 468
212 601
212 676
212 693
212 786
212 802
212 832
212 915
213 355
213 377
213 503
213 517
213 534
213 626
213 659
213 686
213 698
213 740
213 744
213 756
213 781
213 799
213 821
213 825
213 888
214 282
214 300
214 352
214 372
214 449
214 450
214 499
214 535
214 582
214 583
214 598
214 632
214 648
214 686
214 701
214 725
214 733
214 815
214 844
214 850
214 876
214 932
214 962
215 290
215 311
215 316
215 394
215 449
215 460
215 473
215 481
215 579
215 604
215 638
215 665
215 672
215 676
215 693
215 757
215 802
215 807
215 813
215 831
215 858
215 902
215 903
215 911
215 941
215 991
215 996
216 319
216 320
216 371
216 427
216 442
216 469
216 519
216 563
216 571
216 598
216 611
216 636
216 697
216 761
216 804
216 843
216 857
216 861
216 866
216 889
216 961
216 1000
217 272
217 428
217 460
217 599
217 623
217 634
217 638
217 718
217 799
217 802
217 928
217 941
217 949
217 982
217 984
218 353
218 519
218 557
218 611
218 662
218 672
218 714
218 843
218 861
218 866
218 965
219 293
219 384
219 401
219 500
219 510
219 526
219 562
219 611
219 616
219 621
219 671
219 746
219 830
219 891
219 893
219 903
219 915
219 997
220 222
220 225
220 286
220 287
220 293
220 495
220 526
220 554
220 625
220 668
220 739
220 768
220 891
220 893
220 902
221 316
221 372
221 389
221 409
221 452
221 481
221 548
221 612
221 619
221 639
221 651
221 690
221 734
221 820
221 872
221 918
221 929
221 950
221 971
221 992
222 274
222 275
222 315
222 333
222 342
222 347
222 376
222 399
222 436
222 462
222 536
222 550
222 610
222 613
222 673
222 710
222 785
222 793
222 806
222 837
222 841
222 942
222 951
222 953
222 957
222 963
223 259
223 272
223 294
223 311
223 344
223 347
223 362
223 373
223 394
223 427
223 428
223 638
223 642
223 670
223 679
223 693
223 724
223 743
223 806
223 832
223 853
223 892
223 903
223 911
223 941
223 973
224 228
224 250
224 281
224 320
224 325
224 385
224 405
224 427
224 519
224 529
224 598
224 608
224 611
224 636
224 679
224 697
224 843
224 866
224 905
224 944
224 965
224 994
225 319
225 322
225 351
225 423
225 500
225 577
225 630
225 644
225 728
225 766
225 814
225 824
225 828
225 866
225 897
225 949
226 232
226 319
226 320
226 427
226 503
226 540
226 601
226 781
226 843
226 857
226 866
226 870
226 905
226 955
226 956
227 289
227 294
227 306
227 311
227 347
227 352
227 460
227 472
227 601
227 602
227 638
227 658
227 661
227 692
227 724
227 757
227 831
227 836
227 903
227 911
227 966
227 996
228 239
228 351
228 376
228 498
228 500
228 505
228 528
228 641
228 689
228 728
228 741
228 776
228 806
228 808
228 860
228 897
228 912
228 937
229 232
229 252
229 258
229 309
229 330
229 376
229 419
229 447
229 452
229 470
229 566
229 569
229 578
229 622
229 699
229 710
229 764
229 776
229 794
229 838
229 863
229 966
229 979
230 248
230 351
230 411
230 450
230 456
230 475
230 480
230 491
230 499
230 583
230 684
230 686
230 687
230 719
230 725
230 759
230 764
230 769
230 844
230 850
230 867
230 887
230 895
230 932
230 939
230 946
230 991
231 232
231 257
231 383
231 444
231 447
231 453
231 532
231 578
231 955
231 966
232 238
232 251
232 287
232 330
232 350
232 359
232 381
232 498
232 566
232 569
232 578
232 603
232 669
232 710
232 717
232 764
232 955
232 959
232 979
233 261
233 285
233 363
233 371
233 375
233 446
233 534
233 659
233 690
233 698
233 701
233 774
234 248
234 332
234 341
234 403
234 423
234 451
234 549
234 567
234 604
234 732
234 775
234 786
234 806
234 817
234 826
234 872
234 912
234 936
234 953
234 985
235 289
235 308
235 355
235 407
235 418
235 420
235 439
235 483
235 523
235 535
235 556
235 560
235 561
235 605
235 671
235 680
235 706
235 723
235 759
235 766
235 807
235 809
235 818
235 835
235 875
235 930
235 958
235 974
236 355
236 369
236 371
236 377
236 396
236 419
236 429
236 446
236 488
236 510
236 534
236 659
236 672
236 738
236 744
236 756
236 774
236 810
236 821
236 954
236 960
236 971
237 344
237 372
237 418
237 481
237 508
237 575
237 619
237 639
237 754
237 806
237 820
238 359
238 428
238 444
238 447
238 470
238 503
238 566
238 578
238 735
238 955
238 966
239 245
239 278
239 335
239 351
239 444
239 486
239 487
239 500
239 505
239 540
239 577
239 586
239 636
239 644
239 667
239 705
239 736
239 776
239 787
239 808
239 814
240 272
240 290
240 298
240 316
240 420
240 601
240 642
240 664
240 679
240 687
240 737
240 743
240 802
240 864
240 941
240 991
240 996
241 256
241 275
241 382
241 425
241 493
241 500
241 555
241 585
241 620
241 643
241 672
241 681
241 753
241 763
241 828
241 1000
242 269
242 288
242 497
242 539
242 764
242 766
242 907
242 925
242 938
243 302
243 340
243 356
243 543
243 554
243 558
243 573
243 648
243 660
243 677
243 691
243 778
243 884
244 245
244 260
244 279
244 302
244 320
244 335
244 345
244 356
244 509
244 550
244 554
244 573
244 606
244 615
244 648
244 691
244 760
244 825
244 874
244 882
244 939
244 980
244 990
245 312
245 313
245 343
245 385
245 410
245 495
245 525
245 543
245 562
245 729
245 753
245 774
245 791
245 796
246 291
246 293
246 325
246 487
246 488
246 526
246 625
246 628
246 893
246 919
247 331
247 449
247 581
247 583
247 604
247 608
247 686
247 687
247 734
247 827
247 844
247 930
247 932
248 249
248 274
248 279
248 286
248 298
248 317
248 322
248 324
248 341
248 349
248 362
248 397
248 403
248 414
248 454
248 458
248 535
248 549
248 567
248 600
248 614
248 620
248 655
248 817
248 833
248 872
248 894
248 898
248 915
248 964
249 298
249 317
249 322
249 324
249 349
249 368
249 414
249 419
249 420
249 429
249 520
249 567
249 644
249 732
249 788
249 828
249 872
249 898
249 909
249 985
250 267
250 272
250 340
250 369
250 379
250 398
250 411
250 432
250 438
250 445
250 529
250 537
250 541
250 542
250 547
250 552
250 574
250 653
250 700
250 703
250 742
250 770
250 783
250 819
250 878
250 900
250 914
250 997
251 447
251 566
251 578
251 636
251 913
251 941
251 955
251 963
251 966
252 269
252 288
252 319
252 390
252 426
252 513
252 541
252 555
252 559
252 802
252 927
252 938
253 258
253 278
253 287
253 299
253 307
253 311
253 312
253 330
253 343
253 365
253 423
253 457
253 486
253 505
253 525
253 528
253 602
253 659
253 665
253 697
253 708
253 749
253 752
253 766
253 791
253 912
253 913
253 989
254 303
254 346
254 371
254 455
254 515
254 548
254 578
254 584
254 591
254 730
254 738
254 839
254 864
254 876
255 307
255 429
255 534
255 576
255 597
255 694
255 705
255 740
255 971
255 981
256 275
256 355
256 360
256 373
256 395
256 452
256 531
256 555
256 586
256 620
256 753
256 763
256 832
256 930
256 1000
257 307
257 415
257 444
257 447
257 452
257 471
257 542
257 578
257 751
257 791
257 805
257 831
257 979
258 299
258 312
258 319
258 383
258 500
258 505
258 519
258 525
258 577
258 756
258 776
258 794
258 797
258 814
258 897
258 944
258 949
259 311
259 394
259 436
259 482
259 534
259 600
259 605
259 693
259 941
260 302
260 335
260 345
260 356
260 512
260 573
260 606
260 609
260 615
260 618
260 660
260 664
260 677
260 689
260 745
260 760
260 882
260 951
261 313
261 326
261 371
261 377
261 382
261 440
261 441
261 698
261 740
261 774
261 847
261 872
261 881
261 911
261 954
262 267
262 309
262 318
262 330
262 340
262 379
262 391
262 395
262 398
262 400
262 408
262 411
262 413
262 435
262 445
262 513
262 557
262 646
262 700
262 703
262 724
262 737
262 742
262 770
262 790
262 864
262 888
262 914
263 272
263 288
263 290
263 311
263 350
263 548
263 552
263 638
263 670
263 679
263 692
263 743
263 792
263 802
263 813
263 902
263 911
263 971
264 314
264 465
264 515
264 572
264 591
264 712
264 730
264 863
264 878
264 956
265 290
265 340
265 369
265 398
265 411
265 432
265 435
265 513
265 538
265 542
265 593
265 627
265 770
265 783
265 796
265 822
265 836
265 888
265 924
265 980
266 272
266 287
266 300
266 317
266 365
266 398
266 411
266 511
266 538
266 552
266 720
266 770
266 796
266 804
266 810
267 340
267 369
267 395
267 398
267 438
267 481
267 496
267 513
267 552
267 666
267 694
267 763
267 795
267 836
267 888
267 916
267 934
267 948
268 305
268 339
268 350
268 369
268 380
268 497
268 641
268 666
268 704
268 715
268 732
268 737
268 826
268 830
268 860
268 872
268 911
268 916
268 922
268 925
268 931
269 288
269 289
269 452
269 478
269 490
269 545
269 568
269 603
269 607
269 735
269 836
269 846
269 907
269 938
269 950
269 997
270 320
270 327
270 444
270 515
270 533
270 551
270 558
270 595
270 597
270 599
270 649
270 726
270 788
270 811
270 940
271 313
271 343
271 391
271 437
271 467
271 505
271 516
271 525
271 543
271 562
271 577
271 657
271 708
271 780
271 791
271 814
271 897
271 905
271 914
271 935
272 290
272 311
272 316
272 347
272 391
272 428
272 437
272 448
272 461
272 472
272 477
272 601
272 626
272 634
272 635
272 654
272 724
272 743
272 766
272 802
272 812
272 831
272 867
272 885
272 921
272 996
273 282
273 285
273 402
273 494
273 624
273 632
273 673
273 688
273 716
273 782
273 785
273 850
273 904
273 910
273 914
273 928
274 279
274 286
274 297
274 317
274 322
274 324
274 349
274 362
274 368
274 369
274 403
274 419
274 420
274 446
274 549
274 614
274 625
274 655
274 671
274 746
274 747
274 775
274 817
274 819
274 872
274 915
274 985
275 360
275 373
275 382
275 467
275 555
275 585
275 681
275 751
275 753
275 763
275 849
275 851
275 873
275 921
275 940
275 1000
276 308
276 343
276 391
276 500
276 525
276 528
276 562
276 656
276 657
276 714
276 749
276 766
276 776
276 797
276 908
276 948
277 293
277 374
277 384
277 526
277 746
277 801
277 803
277 852
277 879
277 891
277 893
277 950
277 976
278 287
278 293
278 336
278 383
278 500
278 528
278 543
278 577
278 644
278 656
278 729
278 740
278 773
278 776
278 883
278 923
278 936
279 322
279 324
279 330
279 341
279 368
279 414
279 422
279 454
279 505
279 541
279 567
279 655
279 828
279 915
279 936
279 939
279 953
280 292
280 305
280 352
280 370
280 389
280 497
280 666
280 676
280 691
280 704
280 715
280 925
280 937
281 393
281 501
281 513
281 521
281 665
281 745
281 760
281 772
281 815
281 876
281 885
282 290
282 304
282 414
282 494
282 624
282 688
282 716
282 727
282 738
282 755
282 776
282 782
282 798
282 904
282 910
282 928
283 291
283 298
283 317
283 322
283 328
283 332
283 341
283 343
283 358
283 368
283 395
283 402
283 419
283 454
283 458
283 467
283 506
283 507
283 567
283 614
283 664
283 775
283 786
283 799
283 819
283 828
283 887
283 897
283 919
283 985
284 292
284 293
284 361
284 487
284 526
284 656
284 677
284 737
284 891
284 893
285 340
285 402
285 494
285 499
285 549
285 598
285 624
285 659
285 683
285 716
285 720
285 727
285 755
285 782
285 879
285 928
286 291
286 298
286 313
286 324
286 332
286 354
286 368
286 406
286 419
286 420
286 454
286 458
286 507
286 557
286 567
286 614
286 640
286 724
286 732
286 775
286 820
286 828
286 833
286 915
287 306
287 312
287 313
287 319
287 336
287 351
287 392
287 421
287 451
287 500
287 540
287 548
287 641
287 668
287 749
287 840
287 852
287 893
287 911
287 927
288 418
288 435
288 460
288 490
288 502
288 522
288 545
288 559
288 607
288 624
288 846
288 870
288 907
288 938
288 943
288 970
289 318
289 330
289 407
289 418
289 439
289 523
289 535
289 544
289 546
289 556
289 581
289 605
289 609
289 706
289 719
289 764
289 809
289 818
289 835
289 958
289 974
290 316
290 361
290 394
290 477
290 522
290 570
290 579
290 623
290 634
290 638
290 650
290 672
290 679
290 684
290 693
290 724
290 743
290 744
290 812
290 831
290 843
290 892
290 903
290 918
290 928
290 991
291 298
291 310
291 322
291 324
291 328
291 349
291 357
291 362
291 368
291 420
291 454
291 567
291 655
291 721
291 732
291 775
291 826
291 828
291 887
291 905
291 909
291 913
291 919
291 985
292 305
292 322
292 339
292 408
292 480
292 627
292 666
292 708
292 715
292 817
292 830
292 916
292 925
292 937
292 949
293 325
293 384
293 407
293 424
293 487
293 510
293 524
293 526
293 574
293 625
293 628
293 684
293 739
293 747
293 767
293 768
293 801
293 829
293 844
293 872
293 879
293 891
293 893
293 923
293 945
293 986
293 997
294 316
294 601
294 623
294 650
294 728
294 831
294 910
294 941
295 342
295 376
295 399
295 436
295 610
295 673
295 684
295 784
295 793
295 830
295 841
296 301
296 336
296 396
296 484
296 539
296 664
296 855
296 897
296 986
297 322
297 395
297 414
297 419
297 422
297 454
297 583
297 614
297 698
297 742
297 797
297 826
297 872
297 898
297 915
298 317
298 324
298 328
298 332
298 341
298 354
298 368
298 406
298 414
298 419
298 420
298 422
298 454
298 456
298 458
298 507
298 514
298 524
298 528
298 553
298 557
298 567
298 570
298 614
298 655
298 732
298 747
298 786
298 799
298 800
298 810
298 819
298 828
298 833
298 869
298 898
298 909
298 915
298 919
298 920
298 936
298 959
299 313
299 319
299 388
299 391
299 457
299 460
299 602
299 703
299 771
299 780
299 797
299 805
299 908
300 380
300 410
300 488
300 575
300 595
300 649
300 670
300 683
300 696
300 726
300 788
300 920
300 940
301 326
301 429
301 484
301 522
301 529
301 530
301 539
301 664
301 855
302 317
302 335
302 338
302 356
302 394
302 401
302 441
302 509
302 539
302 554
302 573
302 591
302 606
302 609
302 615
302 618
302 648
302 660
302 677
302 691
302 695
302 754
302 760
302 773
302 778
302 872
302 874
302 882
302 979
302 980
302 988
302 990
303 325
303 384
303 394
303 403
303 424
303 526
303 619
303 620
303 625
303 739
303 746
303 767
303 891
303 893
303 917
303 945
303 986
304 427
304 491
304 501
304 520
304 521
304 522
304 539
304 627
304 633
304 637
304 655
304 665
304 717
304 772
304 789
304 796
304 865
304 876
304 885
304 886
304 895
304 987
305 339
305 352
305 365
305 370
305 381
305 408
305 414
305 443
305 534
305 628
305 666
305 696
305 713
305 715
305 737
305 761
305 816
305 823
305 830
305 860
305 922
305 925
305 931
305 963
306 336
306 343
306 385
306 451
306 488
306 505
306 523
306 525
306 528
306 561
306 602
306 644
306 699
306 708
306 909
306 999
307 540
307 543
307 546
307 577
307 641
307 644
307 729
307 752
307 766
307 771
307 791
307 821
307 897
307 908
307 957
308 319
308 337
308 343
308 365
308 366
308 383
308 385
308 387
308 449
308 525
308 528
308 531
308 543
308 787
308 816
308 877
308 897
308 921
308 949
309 369
309 411
309 438
309 445
309 449
309 552
309 646
309 653
309 720
309 796
309 888
309 915
309 924
310 311
310 472
310 602
310 635
310 638
310 658
310 670
310 757
310 831
310 941
311 361
311 381
311 387
311 417
311 428
311 435
311 464
311 473
311 579
311 585
311 599
311 613
311 623
311 626
311 645
311 650
311 661
311 679
311 692
311 738
311 757
311 792
311 800
311 802
311 831
311 872
311 892
311 902
311 908
311 911
311 918
311 941
311 991
312 313
312 323
312 355
312 388
312 391
312 451
312 525
312 531
312 543
312 557
312 562
312 570
312 577
312 655
312 699
312 749
312 780
312 791
312 796
312 822
312 824
312 840
312 923
312 977
313 336
313 343
313 388
313 391
313 414
313 476
313 482
313 486
313 531
313 543
313 562
313 577
313 596
313 602
313 630
313 657
313 689
313 699
313 728
313 736
313 749
313 750
313 752
313 771
313 788
313 797
313 912
313 927
314 414
314 455
314 515
314 520
314 572
314 584
314 586
314 712
314 730
314 758
314 815
314 839
314 850
314 863
314 864
314 878
314 955
314 974
315 350
315 438
315 444
315 447
315 448
315 452
315 455
315 458
315 498
315 566
315 578
315 603
315 764
315 801
315 889
315 902
315 949
315 955
315 979
316 356
316 537
316 579
316 583
316 623
316 634
316 642
316 656
316 661
316 832
316 902
316 941
316 958
317 322
317 324
317 341
317 343
317 349
317 368
317 403
317 406
317 419
317 422
317 437
317 507
317 526
317 567
317 786
317 793
317 800
317 817
317 851
317 898
317 909
317 919
317 977
318 407
318 418
318 423
318 456
318 504
318 544
318 671
318 706
318 809
319 352
319 364
319 383
319 391
319 409
319 422
319 461
319 486
319 525
319 540
319 586
319 594
319 676
319 689
319 725
319 729
319 766
319 787
319 814
319 835
319 897
319 912
320 321
320 353
320 380
320 406
320 431
320 459
320 480
320 501
320 519
320 598
320 611
320 640
320 662
320 663
320 714
320 718
320 779
320 838
320 859
320 866
320 906
320 947
320 965
320 989
320 995
321 329
321 459
321 598
321 608
321 611
321 636
321 650
321 662
321 776
321 779
321 816
321 843
321 905
321 965
322 332
322 354
322 355
322 386
322 403
322 419
322 420
322 507
322 513
322 514
322 567
322 601
322 664
322 732
322 775
322 799
322 817
322 826
322 833
322 849
322 869
322 876
322 886
322 909
322 936
322 944
322 953
323 417
323 437
323 561
323 577
323 652
323 660
323 685
323 937
323 967
323 972
324 328
324 332
324 363
324 386
324 403
324 414
324 419
324 422
324 528
324 549
324 567
324 639
324 655
324 719
324 732
324 775
324 779
324 800
324 816
324 828
324 872
324 887
324 909
324 953
324 987
325 502
325 526
325 655
325 668
325 778
325 891
325 977
326 390
326 396
326 511
326 520
326 539
326 564
326 590
326 595
326 656
326 687
326 710
326 773
326 777
326 794
326 806
326 807
326 855
327 410
327 533
327 788
327 816
327 940
328 329
328 354
328 398
328 444
328 454
328 549
328 670
328 732
328 828
328 915
328 953
328 995
329 356
329 593
329 608
329 611
329 690
329 843
329 861
329 906
329 937
329 947
330 369
330 435
330 538
330 611
330 686
330 722
330 770
330 790
330 836
330 843
330 855
330 888
330 900
330 924
331 369
331 375
331 426
331 449
331 464
331 475
331 480
331 499
331 506
331 542
331 582
331 583
331 604
331 678
331 680
331 684
331 687
331 719
331 724
331 725
331 759
331 781
331 827
331 844
331 845
331 850
331 867
331 883
331 932
331 939
331 966
331 983
332 357
332 425
332 454
332 489
332 514
332 527
332 591
332 711
332 732
332 799
332 966
332 976
333 342
333 376
333 399
333 475
333 500
333 536
333 701
333 784
333 793
333 845
333 942
333 951
333 957
334 357
334 380
334 519
334 548
334 559
334 611
334 751
334 843
334 866
334 893
334 906
334 989
335 400
335 505
335 573
335 648
335 660
335 677
335 760
335 844
335 884
335 888
335 988
336 383
336 398
336 417
336 500
336 525
336 528
336 543
336 630
336 634
336 766
336 897
336 995
337 362
337 400
337 712
337 770
337 783
337 796
337 881
337 977
338 345
338 356
338 378
338 401
338 509
338 512
338 554
338 573
338 583
338 609
338 615
338 617
338 618
338 624
338 635
338 648
338 660
338 677
338 689
338 760
338 778
338 868
338 882
338 884
338 922
338 990
339 342
339 408
339 410
339 609
339 666
339 704
339 717
339 723
339 737
339 738
339 816
339 830
339 860
339 925
340 347
340 369
340 411
340 435
340 438
340 511
340 513
340 542
340 552
340 602
340 653
340 751
340 783
340 795
340 825
340 834
340 886
340 888
340 900
340 914
341 368
341 374
341 414
341 419
341 420
341 436
341 481
341 567
341 614
341 713
341 747
341 795
341 872
341 915
341 953
341 971
341 985
342 376
342 399
342 401
342 405
342 436
342 500
342 536
342 550
342 587
342 613
342 673
342 728
342 785
342 793
342 798
342 806
342 840
342 841
342 927
342 928
342 942
342 957
343 383
343 385
343 386
343 389
343 392
343 397
343 451
343 457
343 459
343 485
343 486
343 500
343 505
343 525
343 537
343 543
343 548
343 557
343 562
343 577
343 602
343 626
343 641
343 644
343 729
343 746
343 747
343 766
343 776
343 871
343 881
343 912
343 915
343 923
343 927
343 933
343 949
343 952
343 981
344 371
344 472
344 500
344 560
344 579
344 601
344 602
344 623
344 626
344 638
344 679
344 757
344 802
344 831
344 843
345 525
345 573
345 660
345 677
345 715
345 741
345 760
345 778
345 799
345 820
346 431
346 565
346 640
346 674
346 677
346 825
346 859
346 866
346 875
346 888
346 896
346 899
346 933
347 385
347 589
347 661
347 672
347 692
347 723
347 758
347 802
347 932
347 984
348 421
348 449
348 522
348 563
348 582
348 583
348 678
348 684
348 686
348 687
348 709
348 844
348 850
348 930
348 932
349 403
349 419
349 454
349 514
349 567
349 614
349 747
349 775
349 833
349 911
349 985
350 424
350 447
350 470
350 566
350 578
350 586
350 647
350 764
350 955
351 525
351 540
351 597
351 776
351 791
351 908
351 935
352 357
352 666
352 715
352 925
353 598
353 613
353 636
353 650
353 661
353 662
353 697
353 861
353 866
354 419
354 501
354 514
354 529
354 567
354 747
354 799
354 817
354 828
354 872
354 953
355 368
355 414
355 420
355 514
355 655
355 663
355 732
355 747
355 775
355 799
355 828
355 872
355 919
356 469
356 480
356 509
356 512
356 554
356 573
356 615
356 616
356 617
356 618
356 648
356 660
356 677
356 691
356 760
356 762
356 778
356 841
356 882
356 884
356 973
356 988
356 990
357 431
357 510
357 611
357 637
357 662
357 843
357 861
357 870
357 905
358 389
358 395
358 468
358 481
358 551
358 583
358 612
358 619
358 639
358 688
358 741
358 929
358 992
359 395
359 400
359 425
359 444
359 447
359 519
359 566
359 569
359 578
359 622
359 659
359 706
359 764
359 838
359 871
359 955
359 966
360 425
360 559
360 603
360 630
360 643
360 698
360 753
360 763
360 873
360 934
361 473
361 579
361 623
361 657
361 658
361 676
361 686
361 692
361 733
361 802
361 902
361 911
361 919
361 985
361 996
362 567
362 785
362 786
362 821
362 826
362 872
362 909
362 935
362 985
363 429
363 451
363 534
363 685
363 690
363 698
363 701
363 774
363 798
363 821
363 847
364 365
364 366
364 385
364 387
364 500
364 525
364 540
364 542
364 577
364 594
364 616
364 630
364 752
364 780
364 808
364 875
364 961
365 383
365 385
365 644
365 737
365 776
365 808
365 906
366 383
366 385
366 423
366 464
366 491
366 500
366 620
366 752
366 824
366 871
367 614
367 626
367 638
367 642
367 676
367 743
367 802
367 902
367 903
367 969
368 403
368 414
368 419
368 420
368 422
368 454
368 458
368 467
368 512
368 567
368 614
368 629
368 635
368 655
368 667
368 699
368 709
368 747
368 775
368 828
368 872
368 887
368 898
368 909
368 915
368 919
368 936
369 395
369 397
369 400
369 432
369 435
369 445
369 464
369 541
369 574
369 600
369 634
369 653
369 703
369 746
369 762
369 796
369 836
369 888
369 948
369 963
369 977
370 439
370 497
370 630
370 737
370 816
370 830
370 925
370 938
371 375
371 504
371 534
371 667
371 686
371 690
371 694
371 695
371 698
371 744
371 847
371 890
371 954
371 960
372 389
372 410
372 468
372 521
372 741
372 747
372 968
373 425
373 493
373 519
373 555
373 620
373 643
373 763
373 873
373 921
374 478
374 492
374 516
374 518
374 674
374 745
374 750
374 823
374 862
374 877
374 885
374 894
374 899
374 926
374 934
374 993
374 998
375 433
375 440
375 441
375 466
375 469
375 534
375 546
375 588
375 659
375 694
375 698
375 746
375 781
375 876
376 399
376 436
376 536
376 548
376 550
376 613
376 697
376 706
376 791
376 793
376 806
376 828
376 841
376 890
376 942
376 957
376 963
377 400
377 430
377 446
377 488
377 517
377 635
377 694
377 705
377 733
377 738
377 756
377 821
378 426
378 480
378 499
378 542
378 581
378 647
378 678
378 684
378 686
378 725
378 784
378 806
378 827
378 835
378 932
378 962
379 397
379 398
379 400
379 435
379 538
379 539
379 935
380 382
380 462
380 592
380 608
380 611
380 654
380 663
380 714
380 843
380 883
380 905
380 965
381 394
381 488
381 576
381 594
381 595
381 743
381 903
381 941
382 425
382 585
382 643
382 753
382 763
382 873
383 388
383 391
383 392
383 394
383 438
383 475
383 486
383 500
383 528
383 531
383 540
383 557
383 558
383 577
383 594
383 638
383 644
383 752
383 771
383 773
383 777
383 791
383 814
383 827
383 908
383 946
384 424
384 451
384 526
384 625
384 775
384 891
384 893
385 388
385 396
385 457
385 461
385 464
385 505
385 528
385 543
385 548
385 557
385 577
385 589
385 602
385 630
385 644
385 699
385 736
385 773
385 775
385 776
385 797
385 808
385 824
385 840
385 851
385 927
385 999
386 414
386 420
386 454
386 514
386 609
386 655
386 676
386 786
386 828
386 872
386 875
386 915
386 953
386 961
387 398
387 554
387 601
387 642
387 831
387 902
387 903
387 961
388 423
388 525
388 548
388 577
388 641
388 644
388 738
388 766
388 776
388 968
389 409
389 468
389 481
389 502
389 508
389 525
389 612
389 619
389 639
389 651
389 667
389 684
389 689
389 721
389 734
389 741
389 754
389 755
389 820
389 863
389 901
389 929
389 967
389 992
390 396
390 414
390 520
390 539
390 590
390 664
390 742
390 794
390 807
390 836
390 855
390 926
391 451
391 528
391 548
391 579
391 583
391 586
391 594
391 641
391 708
391 729
391 772
391 780
391 814
391 822
391 826
391 852
391 897
391 912
391 964
391 999
392 500
392 528
392 586
392 638
392 644
392 657
392 728
392 749
392 776
392 787
392 966
393 491
393 501
393 504
393 665
393 717
393 748
393 789
393 865
393 876
393 885
393 886
393 987
394 460
394 579
394 601
394 634
394 635
394 645
394 670
394 679
394 743
394 745
394 757
394 811
394 812
394 831
394 858
394 892
394 945
394 960
395 397
395 398
395 411
395 438
395 496
395 547
395 549
395 574
395 659
395 689
395 703
395 731
395 762
395 770
395 782
395 790
395 796
395 802
395 818
395 822
395 900
395 914
395 949
395 970
395 981
395 992
396 448
396 484
396 535
396 547
396 590
396 664
396 925
397 400
397 500
397 537
397 547
397 552
397 573
397 642
397 653
397 660
397 720
397 795
397 796
397 825
397 885
397 888
397 975
398 411
398 413
398 445
398 496
398 513
398 537
398 541
398 547
398 552
398 562
398 574
398 600
398 646
398 652
398 653
398 720
398 731
398 747
398 770
398 795
398 888
398 900
398 924
398 942
398 948
398 970
398 975
398 977
398 981
398 985
399 401
399 405
399 436
399 536
399 586
399 673
399 784
399 785
399 806
399 841
399 898
399 917
399 938
399 942
399 951
399 957
399 963
400 411
400 428
400 432
400 513
400 537
400 646
400 653
400 720
400 769
400 770
400 783
400 795
400 812
400 834
400 854
400 872
401 455
401 550
401 673
401 760
401 784
401 951
401 955
401 957
402 484
402 624
402 688
402 716
402 717
402 755
402 776
402 889
402 904
402 910
402 997
403 414
403 420
403 427
403 458
403 467
403 524
403 543
403 567
403 655
403 728
403 732
403 747
403 775
403 800
403 828
403 915
403 953
403 992
404 424
404 463
404 487
404 510
404 625
404 771
404 879
404 893
404 935
404 974
405 536
405 673
405 785
405 841
405 920
405 942
406 567
406 614
406 655
406 656
406 752
406 869
406 872
406 915
406 936
406 948
406 953
406 985
407 418
407 439
407 522
407 535
407 544
407 546
407 556
407 561
407 605
407 630
407 644
407 654
407 671
407 683
407 706
407 723
407 724
407 809
407 818
407 835
407 922
407 958
408 497
408 614
408 715
408 737
408 776
408 830
408 922
408 925
409 447
409 448
409 468
409 481
409 558
409 594
409 608
409 619
409 639
409 651
409 719
409 741
409 820
409 872
409 929
410 504
410 510
410 523
410 524
410 533
410 558
410 573
410 595
410 599
410 649
410 696
410 711
410 758
410 788
410 796
410 811
410 893
410 917
410 920
410 940
411 494
411 496
411 512
411 513
411 537
411 541
411 542
411 574
411 584
411 639
411 646
411 653
411 700
411 709
411 720
411 731
411 742
411 784
411 795
411 796
411 825
411 836
411 838
411 888
411 914
411 924
411 932
411 948
411 975
411 994
412 415
412 416
412 440
412 560
412 694
412 848
412 933
412 959
412 976
412 978
413 438
413 513
413 541
413 542
413 549
413 574
413 646
413 720
413 731
413 888
414 419
414 420
414 467
414 507
414 514
414 523
414 549
414 558
414 567
414 614
414 732
414 747
414 775
414 799
414 800
414 817
414 819
414 826
414 828
414 869
414 872
414 887
414 897
414 903
414 906
414 909
414 915
414 936
415 416
415 425
415 489
415 494
415 551
415 560
415 586
415 719
415 742
415 831
415 848
415 849
415 952
415 969
415 972
415 976
415 978
415 982
416 542
416 567
416 687
416 848
416 868
416 912
416 952
416 959
416 972
416 976
416 982
417 421
417 437
417 570
417 610
417 631
417 675
417 685
417 734
417 920
417 937
417 986
418 439
418 497
418 544
418 546
418 561
418 671
418 690
418 706
418 809
418 835
418 974
419 420
419 443
419 450
419 454
419 467
419 507
419 567
419 609
419 617
419 655
419 747
419 750
419 775
419 785
419 786
419 799
419 800
419 801
419 826
419 828
419 872
419 909
419 915
419 917
419 919
419 936
420 421
420 439
420 454
420 550
420 567
420 716
420 732
420 775
420 778
420 817
420 819
420 828
420 833
420 848
420 887
420 915
420 936
420 983
421 437
421 482
421 652
421 770
421 786
421 961
422 479
422 567
422 614
422 724
422 736
422 799
422 909
423 461
423 496
423 500
423 548
423 602
423 644
423 689
423 699
423 728
423 729
423 771
423 787
423 797
423 808
423 850
423 852
423 897
423 964
424 510
424 526
424 532
424 625
424 641
424 714
424 716
424 745
424 801
424 829
424 891
424 893
425 539
425 585
425 643
425 681
425 763
425 796
425 837
425 849
425 850
425 873
425 921
425 1000
426 486
426 499
426 586
426 632
426 648
426 686
426 844
426 850
426 932
427 519
427 598
427 611
427 636
427 779
427 965
427 995
428 465
428 610
428 623
428 636
428 658
428 692
428 713
428 743
428 802
428 866
428 976
429 440
429 517
429 534
429 560
429 576
429 690
429 694
429 701
429 711
429 743
429 744
429 756
429 762
429 781
429 908
429 971
430 570
430 598
430 611
430 636
430 671
430 804
430 965
431 549
431 611
431 636
431 662
431 779
431 791
431 801
431 837
431 843
431 857
431 866
431 870
431 947
432 538
432 541
432 542
432 574
432 646
432 681
432 720
432 770
432 825
432 888
433 488
433 517
433 534
433 579
433 669
433 690
433 694
433 701
433 831
434 453
434 586
434 654
434 683
434 731
434 803
434 815
434 828
434 853
435 438
435 513
435 537
435 541
435 552
435 567
435 574
435 600
435 703
435 720
435 730
435 742
435 791
435 800
435 804
435 834
435 888
435 977
436 536
436 550
436 574
436 577
436 673
436 793
436 806
436 942
436 957
436 965
437 539
437 570
437 610
437 669
437 769
438 443
438 542
438 547
438 684
438 703
438 720
438 757
438 762
438 783
438 796
438 819
438 825
438 888
438 900
438 908
438 924
438 948
438 970
438 993
439 523
439 544
439 605
439 692
439 710
439 714
439 743
439 809
439 818
439 835
439 958
440 441
440 471
440 489
440 517
440 523
440 546
440 588
440 594
440 690
440 695
440 698
440 702
440 738
440 821
440 833
440 847
440 871
440 960
440 971
440 980
441 659
441 690
441 694
441 698
441 738
441 800
441 821
441 847
442 565
442 636
442 651
442 662
442 663
442 680
442 714
442 732
442 761
442 837
442 843
442 888
443 492
443 516
443 518
443 553
443 566
443 762
443 764
443 771
443 850
443 862
443 894
443 899
443 917
443 934
443 993
443 998
444 447
444 532
444 561
444 578
444 705
444 751
444 764
444 822
444 955
445 496
445 574
445 648
445 770
445 796
445 825
445 836
445 864
446 488
446 534
446 690
446 698
446 744
446 756
446 765
446 810
446 821
446 847
446 890
446 934
446 936
446 958
446 965
447 452
447 470
447 485
447 498
447 500
447 503
447 534
447 566
447 569
447 587
447 603
447 622
447 623
447 659
447 682
447 710
447 733
447 735
447 751
447 764
447 799
447 805
447 838
447 854
447 888
447 913
447 935
447 955
447 966
447 981
448 456
448 480
448 499
448 506
448 561
448 583
448 632
448 670
448 684
448 719
448 723
448 759
448 823
448 827
448 844
448 867
448 930
448 932
448 939
448 946
449 464
449 471
449 479
449 480
449 499
449 506
449 582
449 583
449 586
449 604
449 632
449 678
449 680
449 686
449 719
449 733
449 771
449 827
449 844
449 845
449 883
449 930
449 939
449 987
450 475
450 479
450 480
450 581
450 582
450 684
450 686
450 687
450 690
450 711
450 788
450 827
450 845
450 850
450 854
450 883
450 885
450 888
450 930
450 932
450 971
451 486
451 505
451 531
451 540
451 562
451 623
451 625
451 644
451 657
451 673
451 699
451 708
451 720
451 749
451 752
451 766
451 771
451 773
451 776
451 791
451 808
451 814
451 871
451 897
451 900
451 923
451 926
451 935
451 971
452 532
452 569
452 603
452 622
452 740
452 898
452 955
453 463
453 596
453 683
453 707
453 758
453 789
454 458
454 467
454 501
454 514
454 528
454 593
454 601
454 602
454 613
454 614
454 620
454 730
454 732
454 747
454 786
454 795
454 807
454 817
454 852
454 893
454 909
454 915
454 919
454 936
454 953
455 474
455 572
455 591
455 616
455 712
455 730
455 819
455 839
455 864
455 878
456 583
456 678
456 725
456 827
456 837
456 844
456 850
456 930
457 525
457 577
457 594
457 644
457 766
457 780
457 791
457 897
457 938
458 514
458 567
458 655
458 775
458 799
458 839
458 856
458 872
458 953
458 985
459 571
459 598
459 611
459 636
459 662
459 677
459 843
459 866
460 601
460 623
460 642
460 715
460 720
460 757
460 765
460 792
460 802
460 832
460 858
460 902
460 903
460 924
460 941
460 984
460 996
461 510
461 531
461 543
461 562
461 577
461 764
461 776
461 819
461 992
462 475
462 476
462 480
462 499
462 537
462 582
462 586
462 647
462 686
462 839
462 844
462 845
462 850
462 859
462 883
462 930
462 962
463 596
463 654
463 803
463 832
464 465
464 480
464 486
464 499
464 567
464 582
464 583
464 602
464 611
464 686
464 719
464 725
464 795
464 850
464 930
464 932
465 634
465 638
465 646
465 692
465 802
465 851
465 884
466 489
466 532
466 534
466 690
466 718
466 734
466 738
466 740
466 847
466 954
467 549
467 556
467 614
467 655
467 819
467 832
467 845
467 919
467 985
468 473
468 481
468 612
468 619
468 651
468 734
468 741
468 754
468 763
468 772
468 820
468 926
468 929
468 957
468 992
469 570
469 659
469 690
469 698
469 756
469 781
469 821
469 847
469 881
470 560
470 578
470 653
470 688
470 795
470 805
470 913
470 937
471 517
471 534
471 659
471 744
471 774
471 821
471 881
471 954
471 955
472 623
472 705
472 802
472 826
472 903
473 554
473 623
473 638
473 650
473 802
473 941
474 509
474 515
474 572
474 619
474 623
474 673
474 712
474 730
474 839
474 863
474 864
474 914
475 586
475 678
475 687
475 725
475 827
475 844
475 845
475 850
475 932
475 946
475 962
475 981
476 536
476 586
476 604
476 678
476 684
476 827
476 829
476 844
476 866
476 930
476 932
477 619
477 657
477 658
477 663
477 799
477 911
478 485
478 559
478 607
478 635
478 640
478 693
478 749
478 847
478 938
478 950
479 480
479 499
479 546
479 583
479 632
479 684
479 775
479 785
479 790
479 844
479 845
479 930
479 946
480 499
480 506
480 535
480 570
480 581
480 582
480 604
480 612
480 632
480 647
480 684
480 686
480 687
480 709
480 722
480 725
480 827
480 844
480 845
480 850
480 872
480 930
480 961
480 983
481 502
481 508
481 612
481 619
481 639
481 651
481 661
481 667
481 721
481 734
481 741
481 754
481 787
481 809
481 814
481 818
481 820
481 843
481 929
481 981
482 544
482 573
482 597
482 685
482 769
482 956
483 527
483 528
483 535
483 544
483 552
483 556
483 561
483 609
483 614
483 809
483 818
483 835
483 962
483 974
483 976
484 520
484 522
484 528
484 529
484 530
484 544
484 563
484 564
484 590
484 593
484 656
484 675
484 800
484 807
484 825
484 855
484 863
484 942
485 532
485 566
485 848
485 955
485 966
486 525
486 531
486 562
486 577
486 630
486 632
486 728
486 776
486 844
486 911
486 935
487 614
487 625
487 628
487 689
487 690
487 739
487 768
487 815
487 829
487 878
487 893
487 935
487 981
487 982
488 489
488 517
488 534
488 682
488 690
488 695
488 698
488 701
488 702
488 705
488 810
488 821
488 847
489 517
489 560
489 566
489 694
489 738
489 744
489 774
489 810
489 881
489 946
490 607
490 631
490 644
490 654
490 749
490 846
490 876
490 905
490 907
490 943
490 950
491 501
491 521
491 570
491 633
491 662
491 665
491 772
491 876
492 516
492 518
492 553
492 677
492 750
492 772
492 823
492 824
492 894
492 899
492 917
492 926
492 934
492 935
492 958
492 998
493 555
493 567
493 571
493 585
493 643
493 753
493 766
493 849
493 873
494 685
494 770
494 798
494 928
495 601
495 623
495 670
495 672
495 791
495 802
495 831
495 933
495 995
496 537
496 542
496 547
496 579
496 584
496 646
496 730
496 770
496 783
496 795
496 803
496 836
496 981
497 542
497 666
497 776
497 816
497 860
497 889
497 931
497 950
498 532
498 561
498 578
498 635
498 913
498 955
498 965
498 966
498 975
498 979
499 526
499 581
499 582
499 583
499 586
499 589
499 604
499 609
499 678
499 684
499 686
499 719
499 730
499 739
499 758
499 827
499 850
499 867
499 883
499 930
499 932
500 505
500 528
500 531
500 548
500 557
500 562
500 574
500 577
500 594
500 602
500 657
500 670
500 686
500 689
500 708
500 736
500 750
500 752
500 773
500 776
500 787
500 802
500 814
500 871
500 876
500 897
500 923
500 927
501 520
501 665
501 717
501 784
501 789
501 876
502 567
502 619
502 623
502 651
502 820
502 929
503 532
503 566
503 739
503 805
503 888
503 913
503 915
503 955
503 966
504 534
504 659
504 690
504 694
504 740
504 744
504 747
504 781
504 876
504 880
504 890
505 525
505 531
505 543
505 572
505 580
505 594
505 657
505 699
505 722
505 727
505 729
505 736
505 749
505 771
505 776
505 791
505 797
505 814
505 837
505 897
505 949
505 980
505 994
506 583
506 586
506 632
506 660
506 684
506 725
506 731
506 827
506 845
506 850
506 901
506 946
507 525
507 549
507 567
507 639
507 747
507 786
507 828
507 872
507 887
507 919
508 577
508 619
508 684
508 721
508 820
508 922
508 929
508 996
509 573
509 648
509 940
509 961
509 980
509 986
510 526
510 668
510 669
510 739
510 746
510 801
510 829
510 893
510 939
510 986
511 513
511 538
511 542
511 552
511 718
511 914
511 941
511 981
512 534
512 554
512 609
512 648
512 677
512 760
512 778
512 955
513 537
513 646
513 653
513 720
513 731
513 770
513 783
513 796
513 822
513 888
513 900
513 902
513 981
513 994
514 567
514 614
514 629
514 631
514 684
514 732
514 745
514 799
514 819
514 828
514 833
514 840
514 842
514 872
514 909
514 953
514 985
515 591
515 620
515 712
515 730
515 839
515 863
515 878
515 979
515 989
516 518
516 525
516 777
516 823
516 851
516 918
516 926
516 993
516 998
517 526
517 542
517 573
517 659
517 690
517 781
517 847
517 881
517 921
517 954
518 519
518 553
518 715
518 742
518 750
518 777
518 784
518 823
518 862
518 894
518 899
518 917
518 920
518 952
518 993
518 998
519 571
519 598
519 608
519 636
519 670
519 714
519 757
519 837
519 866
519 870
519 891
519 965
520 530
520 563
520 794
520 944
521 522
521 627
521 633
521 637
521 662
521 772
521 779
521 789
521 792
521 865
521 876
521 885
521 895
521 897
521 910
521 912
521 987
522 643
522 665
522 748
522 770
522 789
522 876
523 527
523 544
523 605
523 671
523 706
523 723
523 809
523 835
523 852
523 873
523 974
524 533
524 595
524 649
524 650
524 696
524 711
524 788
524 920
524 961
525 540
525 543
525 548
525 557
525 562
525 578
525 594
525 602
525 644
525 693
525 728
525 771
525 776
525 787
525 824
525 904
525 912
525 923
525 935
525 944
526 605
526 625
526 655
526 668
526 726
526 739
526 746
526 767
526 768
526 789
526 801
526 829
526 878
526 879
526 891
526 893
526 997
527 602
527 605
527 632
527 637
527 748
527 772
527 789
527 865
527 876
527 885
527 886
528 540
528 564
528 592
528 630
528 644
528 699
528 701
528 708
528 718
528 728
528 733
528 749
528 776
528 814
528 824
528 831
528 897
528 908
528 924
528 935
528 942
528 985
529 613
529 656
529 807
529 829
529 855
529 930
530 563
530 564
530 656
530 664
530 746
530 794
530 820
531 540
531 548
531 577
531 752
531 780
531 787
531 791
531 792
531 793
531 823
531 897
531 908
532 566
532 569
532 578
532 622
532 644
532 710
532 735
532 751
532 764
532 805
532 887
532 948
532 955
532 979
533 558
533 575
533 599
533 636
533 649
533 726
533 811
533 940
534 563
534 567
534 659
534 690
534 698
534 701
534 702
534 738
534 744
534 756
534 765
534 781
534 799
534 810
534 821
534 847
534 880
534 893
534 928
534 957
534 971
535 546
535 556
535 561
535 605
535 671
535 706
535 715
535 723
535 809
535 818
535 835
536 550
536 613
536 673
536 784
536 785
536 793
536 803
536 806
536 822
536 916
536 940
536 942
536 963
537 538
537 552
537 653
537 742
537 757
537 762
537 783
537 795
537 808
537 847
537 888
537 914
537 924
537 948
537 954
537 975
538 542
538 572
538 575
538 634
538 646
538 795
538 836
538 861
538 981
539 563
539 564
539 590
539 794
540 548
540 557
540 577
540 588
540 641
540 720
540 749
540 797
540 808
540 897
540 936
540 964
541 542
541 574
541 600
541 628
541 639
541 646
541 653
541 700
541 720
541 751
541 759
541 762
541 790
541 795
541 796
541 825
541 833
541 836
541 888
541 894
541 975
541 981
541 994
542 552
542 600
542 646
542 714
542 720
542 783
542 804
542 896
542 924
542 948
542 970
543 577
543 587
543 708
543 714
543 749
543 776
543 791
543 824
543 840
543 871
543 964
543 999
544 561
544 583
544 671
544 706
544 809
544 818
544 853
544 903
544 937
544 958
544 974
545 559
545 568
545 635
545 672
545 712
545 825
545 876
545 907
545 938
545 943
546 561
546 641
546 706
546 818
546 835
546 974
546 1000
547 574
547 581
547 598
547 770
547 900
548 557
548 562
548 594
548 602
548 638
548 657
548 689
548 699
548 728
548 736
548 749
548 773
548 793
548 799
548 808
548 897
548 908
549 565
549 576
549 614
549 670
549 676
549 747
549 799
549 826
549 872
549 898
550 555
550 580
550 591
550 784
550 793
550 841
550 957
550 997
551 560
551 714
551 848
551 862
551 868
551 921
551 955
551 972
552 600
552 607
552 680
552 720
552 742
552 770
552 783
552 825
552 836
552 858
552 888
552 948
552 975
553 635
553 736
553 862
553 877
553 899
553 917
553 953
553 955
554 573
554 606
554 609
554 615
554 618
554 648
554 671
554 677
554 760
554 778
554 914
554 980
555 563
555 585
555 620
555 643
555 681
555 753
555 763
555 873
555 949
555 961
555 962
556 568
556 707
556 732
556 743
556 809
556 835
556 882
557 577
557 641
557 687
557 729
557 786
557 897
557 908
557 912
557 923
557 937
557 949
558 595
558 649
558 711
558 716
558 726
558 776
558 811
558 812
559 568
559 607
559 907
559 927
559 930
559 938
559 940
559 943
559 950
560 682
560 783
560 812
560 848
560 868
560 944
560 969
560 972
560 978
561 632
561 706
561 809
561 835
561 867
561 974
562 641
562 689
562 708
562 749
562 766
562 784
562 797
562 927
562 964
562 999
563 564
563 739
563 807
563 822
564 761
564 762
564 807
564 827
564 913
564 966
564 984
564 987
565 576
565 580
565 640
565 675
565 842
565 844
565 856
565 859
565 875
565 896
565 911
565 930
565 933
565 941
565 966
565 968
566 569
566 578
566 587
566 603
566 647
566 805
566 822
566 854
566 861
566 868
566 871
566 913
566 955
566 979
566 996
567 655
567 671
567 724
567 732
567 747
567 775
567 800
567 827
567 828
567 869
567 872
567 898
567 899
567 914
567 915
567 936
567 952
567 985
568 607
568 638
568 678
568 846
568 935
568 943
569 578
569 603
569 702
569 710
569 764
569 782
569 854
569 913
569 955
570 597
570 610
570 685
570 745
570 769
570 802
570 937
570 956
570 961
571 578
571 592
571 593
571 608
571 611
571 687
571 697
571 714
571 715
571 805
571 843
571 866
571 965
572 591
572 616
572 665
572 730
572 839
572 864
572 878
572 991
573 592
573 606
573 609
573 615
573 618
573 648
573 660
573 677
573 691
573 699
573 778
573 840
573 841
573 857
573 874
573 884
573 988
573 990
574 633
574 653
574 704
574 770
574 820
574 878
574 888
575 618
575 788
575 801
575 827
575 932
576 580
576 674
576 838
576 842
576 856
576 875
576 896
576 933
576 948
576 968
577 641
577 644
577 657
577 689
577 699
577 720
577 729
577 736
577 749
577 766
577 787
577 840
577 915
577 935
577 938
577 944
577 971
578 586
578 587
578 599
578 605
578 622
578 710
578 741
578 751
578 764
578 767
578 785
578 805
578 834
578 854
578 913
578 966
579 597
579 601
579 622
579 623
579 638
579 679
579 831
579 852
579 881
579 908
579 911
579 941
580 608
580 640
580 698
580 842
580 847
580 896
580 933
580 952
580 968
581 582
581 583
581 586
581 678
581 684
581 686
581 800
581 850
581 883
581 932
581 939
582 598
582 630
582 632
582 646
582 678
582 686
582 791
582 801
582 844
582 845
582 850
583 586
583 604
583 647
583 658
583 678
583 684
583 686
583 687
583 690
583 709
583 725
583 733
583 759
583 787
583 799
583 844
583 845
583 887
583 910
583 926
583 930
583 962
583 981
583 983
584 591
584 839
584 864
584 903
585 643
585 680
585 753
585 763
585 851
585 873
585 936
585 968
585 1000
586 604
586 609
586 632
586 647
586 678
586 680
586 684
586 686
586 687
586 709
586 719
586 725
586 733
586 795
586 827
586 844
586 883
586 930
586 932
586 936
586 939
586 956
586 983
587 620
587 622
587 633
587 825
587 913
587 955
587 966
588 596
588 640
588 654
588 690
588 789
588 814
588 853
588 904
588 996
589 596
589 643
589 654
589 683
589 707
589 799
589 815
590 763
590 807
590 823
590 990
591 623
591 679
591 712
591 730
591 788
591 839
591 863
591 864
591 897
592 608
592 636
592 706
592 714
592 772
592 827
592 837
592 857
592 905
592 995
593 598
593 611
593 624
593 697
593 761
593 763
593 779
593 780
593 837
593 866
594 602
594 699
594 719
594 749
594 780
594 814
594 865
594 935
595 599
595 638
595 649
595 711
595 731
595 775
595 788
595 811
595 861
595 908
595 940
596 654
596 707
596 790
596 803
596 815
596 853
596 989
597 614
597 652
597 669
597 675
597 685
597 833
597 961
597 996
598 608
598 629
598 636
598 646
598 662
598 683
598 697
598 714
598 718
598 737
598 743
598 761
598 779
598 788
598 802
598 837
598 843
598 857
598 870
598 905
598 906
598 947
598 965
598 967
598 985
598 989
598 995
599 611
599 649
599 696
599 722
599 726
599 756
599 775
599 811
599 830
599 857
600 740
600 795
600 796
600 900
600 924
601 623
601 634
601 658
601 661
601 670
601 672
601 686
601 692
601 716
601 724
601 774
601 802
601 812
601 832
601 852
601 892
601 911
601 918
601 941
601 990
601 991
601 997
602 641
602 699
602 728
602 771
602 791
602 810
602 960
603 710
603 751
603 764
603 805
603 854
603 913
603 955
603 966
603 973
604 632
604 637
604 687
604 730
604 744
604 845
604 850
604 878
604 962
605 671
605 723
605 725
605 854
605 974
606 609
606 634
606 636
606 641
606 648
606 660
606 677
606 778
606 882
606 884
606 890
607 626
607 745
607 783
607 845
607 899
607 938
607 943
607 950
608 611
608 629
608 636
608 662
608 711
608 718
608 779
608 857
608 870
608 889
608 905
608 965
608 967
608 979
608 989
609 615
609 648
609 660
609 677
609 699
609 760
609 780
609 882
609 884
609 980
610 880
610 944
610 956
611 628
611 629
611 636
611 662
611 686
611 714
611 718
611 731
611 761
611 837
611 840
611 843
611 857
611 861
611 917
611 947
611 965
611 989
611 990
611 991
612 639
612 651
612 683
612 716
612 721
612 747
612 754
612 759
612 820
612 901
612 910
612 920
612 941
612 993
613 785
613 793
613 841
614 655
614 709
614 732
614 747
614 775
614 799
614 828
614 872
614 887
614 909
614 928
614 936
614 953
614 956
614 985
615 660
615 677
615 691
615 760
616 712
616 837
616 839
616 863
616 878
616 884
617 648
617 677
617 821
617 838
617 850
617 858
618 648
618 677
618 691
618 884
619 639
619 735
619 776
619 820
619 929
619 996
620 681
620 843
620 865
620 921
621 622
621 625
621 739
621 829
621 879
621 891
621 893
621 898
621 986
622 718
622 805
622 826
622 856
622 869
622 913
622 955
622 966
623 634
623 635
623 658
623 662
623 670
623 676
623 679
623 692
623 713
623 792
623 813
623 820
623 827
623 831
623 852
623 858
623 892
623 903
623 918
623 946
623 954
624 628
624 631
624 681
624 716
624 782
624 795
624 798
624 897
624 904
624 910
624 928
625 767
625 869
625 891
625 893
625 997
626 638
626 684
626 813
626 828
626 831
626 911
626 996
627 637
627 713
627 730
627 748
627 764
627 772
627 886
627 888
628 801
628 812
628 829
628 835
628 893
628 990
629 662
629 797
629 843
630 641
630 649
630 736
630 749
630 776
630 791
630 814
630 897
630 908
630 935
631 716
631 755
631 782
631 786
631 798
631 928
631 941
632 647
632 667
632 678
632 684
632 687
632 719
632 723
632 725
632 733
632 759
632 798
632 827
632 844
632 850
632 867
632 883
632 930
632 932
632 983
633 665
633 684
633 772
633 875
633 876
633 885
634 638
634 650
634 725
634 802
634 905
635 650
635 724
635 831
635 846
635 911
635 996
636 662
636 663
636 714
636 715
636 718
636 727
636 757
636 761
636 779
636 843
636 851
636 857
636 860
636 861
636 866
636 889
636 905
636 906
636 907
636 947
636 965
636 967
636 995
637 665
637 789
637 876
637 885
637 969
638 658
638 661
638 670
638 672
638 676
638 693
638 713
638 743
638 762
638 764
638 812
638 841
638 911
638 918
638 941
638 984
638 996
639 651
639 667
639 721
639 734
639 741
639 754
639 799
639 820
639 894
639 901
639 929
639 936
639 992
640 660
640 674
640 768
640 796
640 842
640 853
640 856
640 875
640 896
640 933
640 968
641 644
641 771
641 787
641 791
641 797
641 828
641 840
641 897
641 927
641 935
641 964
642 645
642 650
642 661
642 670
642 676
642 742
642 755
642 918
642 941
642 943
643 817
643 845
643 847
643 849
643 921
643 1000
644 719
644 727
644 766
644 776
644 797
644 808
644 871
644 897
644 908
644 942
644 964
645 658
645 670
645 672
645 679
645 713
645 715
645 733
645 931
645 938
646 672
646 720
646 730
646 755
646 783
646 790
646 796
646 804
647 678
647 684
647 686
647 687
647 735
647 897
647 930
648 660
648 677
648 760
648 765
648 874
648 882
648 884
648 980
648 988
648 990
649 694
649 696
649 788
650 686
650 692
650 709
650 852
650 911
651 734
651 741
651 754
651 820
651 844
651 929
651 983
651 992
652 669
652 675
652 685
652 715
653 762
653 783
653 796
653 825
653 975
653 981
654 683
654 803
654 815
654 853
655 699
655 786
655 799
655 800
655 819
655 826
655 869
655 872
655 874
655 887
655 953
656 772
656 807
657 766
657 776
657 780
657 923
657 973
658 724
658 757
658 802
658 892
658 941
659 690
659 694
659 705
659 765
659 774
659 802
659 815
659 880
659 881
659 931
659 960
660 675
660 677
660 686
660 698
660 760
660 778
660 882
660 884
660 965
660 980
660 988
660 990
661 670
661 713
661 802
661 813
661 831
661 864
661 902
661 930
662 686
662 697
662 796
662 820
662 843
662 852
662 870
662 906
662 960
662 987
663 714
663 761
663 766
663 779
663 837
663 870
663 967
664 807
664 831
664 855
664 948
665 717
665 772
665 856
665 865
665 876
665 885
665 946
665 987
666 678
666 704
666 737
666 745
666 767
666 816
666 830
666 922
666 925
667 741
667 901
667 929
667 998
668 694
668 891
668 893
668 945
669 722
669 830
669 860
669 901
669 919
669 961
670 672
670 679
670 711
670 813
670 858
670 918
670 941
670 958
671 695
671 706
671 777
671 809
671 818
672 676
672 679
672 713
673 841
673 882
673 963
674 842
674 875
674 896
674 909
674 932
674 933
674 934
674 968
675 699
675 937
675 957
675 961
676 679
676 692
676 802
676 911
677 874
677 879
677 882
677 884
677 891
677 980
677 984
677 988
677 990
678 680
678 684
678 686
678 687
678 709
678 725
678 753
678 773
678 844
678 850
678 867
678 883
678 924
678 946
678 962
678 982
678 990
679 758
679 813
679 822
679 831
679 941
679 984
680 687
680 798
680 827
680 845
680 932
680 992
681 753
681 849
681 851
681 1000
682 692
682 848
682 916
682 972
682 976
682 982
683 707
683 719
683 853
684 687
684 709
684 719
684 725
684 732
684 733
684 827
684 844
684 849
684 850
684 867
684 883
684 915
684 929
684 930
684 932
684 939
685 769
685 884
685 906
685 961
685 972
686 692
686 709
686 726
686 744
686 844
686 845
686 850
686 930
686 962
686 983
687 709
687 719
687 725
687 760
687 766
687 827
687 844
687 845
687 850
687 932
687 936
687 939
687 946
687 983
688 716
688 727
688 755
688 791
688 855
688 904
688 910
688 928
688 931
688 938
688 977
689 692
689 706
689 771
689 776
689 797
689 935
689 954
690 694
690 698
690 705
690 740
690 744
690 765
690 774
690 777
690 781
690 787
690 799
690 826
690 847
690 880
690 882
690 890
690 954
690 960
690 971
690 973
691 778
691 809
691 879
691 981
691 988
692 693
692 722
692 757
692 794
692 812
692 831
692 845
692 858
692 941
693 713
693 885
693 972
693 985
694 706
694 738
694 756
694 786
694 847
694 872
694 890
695 708
695 752
695 756
695 839
695 881
695 954
695 979
696 697
696 722
696 726
696 753
696 788
696 815
696 920
696 980
697 714
697 837
697 857
697 989
698 701
698 705
698 738
698 739
698 740
698 744
698 756
698 774
698 810
698 821
698 847
698 862
698 880
698 890
698 954
699 728
699 776
699 810
699 862
699 906
699 925
699 999
700 722
700 730
700 739
700 756
700 795
700 796
700 825
700 888
700 893
700 914
700 981
701 745
701 756
701 810
701 847
701 882
701 905
701 930
701 954
702 756
702 781
702 794
702 821
702 880
702 913
702 934
703 729
703 795
703 825
703 900
704 715
704 737
704 764
704 787
704 816
704 830
704 852
704 916
705 753
705 948
706 723
706 795
706 809
706 833
706 893
706 958
706 974
707 815
707 883
707 907
707 950
707 963
708 728
708 766
708 874
708 914
708 923
708 925
708 950
709 719
709 733
709 738
709 850
709 932
710 747
710 764
710 913
710 966
710 974
711 722
711 746
712 730
712 753
712 758
713 870
714 737
714 779
714 843
714 866
714 905
714 918
714 967
715 720
715 737
715 738
715 741
715 815
715 830
715 860
715 916
715 922
715 925
715 931
716 727
716 755
716 782
716 798
716 894
716 904
716 928
717 772
717 850
717 885
717 987
718 779
718 866
718 889
718 891
719 725
719 729
719 731
719 733
719 759
719 827
719 844
719 850
719 930
719 932
719 946
719 962
719 983
720 731
720 770
720 790
720 814
720 822
720 888
720 904
720 914
720 948
720 958
720 977
721 741
721 762
721 820
721 920
721 929
722 726
722 728
722 788
722 940
723 756
723 809
723 840
723 898
723 945
724 743
724 911
724 946
725 733
725 827
725 848
725 930
725 939
725 946
725 962
725 983
726 744
726 788
726 831
726 920
726 998
727 904
727 928
727 939
728 766
728 814
728 892
728 908
728 928
728 935
729 771
729 787
729 825
729 949
730 758
730 764
730 839
730 864
730 878
730 905
730 966
731 762
731 769
731 770
731 790
731 795
731 804
731 825
731 846
731 914
731 948
732 747
732 761
732 775
732 784
732 786
732 818
732 826
732 828
732 872
732 909
732 919
732 953
733 827
733 862
733 930
733 939
733 946
733 962
733 983
733 984
734 786
734 795
734 820
734 929
735 751
735 764
735 838
735 898
735 913
735 955
735 966
735 979
736 770
736 776
736 791
736 798
736 814
736 897
736 964
737 830
737 839
737 848
737 860
737 916
737 925
737 933
738 756
738 765
738 781
738 880
738 881
739 829
739 893
739 918
740 774
740 781
740 810
740 890
740 901
741 820
741 901
741 916
741 929
741 979
742 783
742 890
742 914
743 757
743 802
743 832
743 841
743 905
743 911
743 941
743 955
743 984
744 753
744 774
744 781
744 810
744 826
744 877
744 888
744 930
744 931
744 971
744 973
745 777
745 877
745 882
745 899
745 917
745 926
746 808
746 879
747 800
747 819
747 833
747 872
747 953
748 772
748 833
748 885
748 941
749 808
749 814
749 856
749 897
749 912
749 935
749 960
749 964
750 823
750 899
750 917
750 934
751 845
751 884
751 893
751 894
751 929
751 966
752 781
752 828
752 897
753 763
753 921
753 954
754 820
755 847
755 902
755 904
755 928
756 765
756 810
756 832
756 888
756 960
756 970
756 971
756 973
757 804
757 902
757 903
757 911
757 918
758 821
758 839
758 863
758 878
758 923
759 827
759 850
759 867
760 778
760 782
760 865
760 874
760 882
760 912
760 963
760 980
761 965
761 977
762 770
762 783
762 795
762 796
762 825
762 836
762 924
762 948
763 849
763 873
764 838
764 854
764 898
764 955
764 979
765 774
765 794
765 809
765 821
765 954
766 773
766 776
766 787
766 840
766 844
766 868
766 897
766 908
766 931
766 944
766 999
767 891
767 893
768 801
768 829
768 891
768 893
768 902
768 986
769 956
769 961
770 796
770 802
770 825
770 905
770 910
770 914
770 948
770 970
770 975
770 977
770 981
770 994
771 897
771 948
771 949
772 805
772 865
772 876
772 880
772 885
772 886
772 987
773 787
773 791
773 949
773 958
774 781
774 798
774 821
775 786
775 800
775 802
775 817
775 828
775 869
775 882
775 887
775 898
775 936
775 985
776 780
776 787
776 791
776 820
776 839
776 897
776 912
776 923
776 927
776 931
777 877
777 894
777 899
777 993
778 814
778 858
778 882
778 980
779 790
779 843
779 857
779 861
779 866
779 870
779 876
779 889
779 967
779 988
780 791
780 814
780 845
780 928
780 935
781 821
781 890
781 960
782 839
782 904
782 928
783 827
783 834
783 924
783 948
783 976
783 981
783 994
784 785
784 793
784 841
784 951
784 957
785 904
785 942
785 951
786 799
786 872
786 915
787 788
787 791
787 834
787 840
787 897
787 908
787 935
787 949
787 959
787 969
788 811
788 830
788 876
788 920
788 940
789 885
790 791
790 795
790 796
790 879
790 888
790 913
790 928
790 981
790 986
791 824
791 833
791 840
791 847
791 871
791 912
791 927
791 935
791 999
792 861
792 896
792 902
792 928
793 806
793 929
793 942
793 951
793 959
793 963
794 847
794 855
794 963
795 796
795 802
795 809
795 825
795 888
795 948
795 970
795 975
795 986
796 804
796 820
796 834
796 888
796 940
796 961
797 871
797 897
797 935
798 814
798 834
798 858
798 910
799 800
799 815
799 817
799 826
799 828
799 833
799 872
799 898
799 985
800 810
800 817
800 919
801 807
801 829
801 879
801 891
801 893
802 812
802 832
802 902
802 903
802 941
802 982
803 853
804 825
804 888
804 914
804 923
804 994
805 820
805 913
805 966
806 942
806 963
808 846
809 818
809 835
809 905
809 928
809 958
809 974
809 985
810 881
810 907
811 820
811 940
812 875
812 984
813 902
813 911
813 941
814 935
814 944
814 964
814 999
815 853
815 932
815 993
816 830
816 860
816 916
816 925
817 826
817 919
817 953
817 981
818 835
818 850
818 891
818 962
818 978
819 861
819 872
820 838
820 867
820 901
820 929
820 992
821 971
821 994
822 924
823 862
823 877
823 899
823 934
823 993
824 830
824 935
825 887
825 914
825 970
826 828
826 866
826 909
827 844
827 850
827 867
827 883
827 932
827 933
827 965
827 983
828 872
828 895
828 912
828 936
829 879
829 891
829 893
829 945
830 860
830 916
830 931
830 945
830 994
831 918
831 965
831 982
831 996
832 941
833 887
833 919
833 935
834 914
834 975
836 887
836 888
836 914
836 928
837 861
838 913
838 966
839 863
839 878
839 952
840 964
841 941
841 954
842 856
842 859
842 875
842 896
842 913
842 968
843 847
843 861
843 870
843 890
843 891
843 989
844 853
844 867
844 883
844 885
844 932
844 936
844 939
844 946
844 983
845 930
845 932
845 958
845 962
845 983
846 869
846 907
846 938
846 943
847 880
847 954
847 971
847 973
848 868
848 872
848 901
848 940
848 952
848 959
848 969
848 976
849 891
849 925
849 1000
850 883
850 932
850 962
851 869
851 1000
852 893
852 969
852 984
853 972
854 895
854 955
854 979
854 992
854 998
855 944
856 875
856 896
856 933
856 948
857 861
857 866
857 889
857 900
857 965
858 996
859 875
859 896
859 941
859 968
859 987
860 916
860 922
860 941
861 947
861 989
862 894
862 899
862 926
862 934
862 993
863 878
865 872
865 885
866 905
866 908
866 926
866 965
866 995
867 883
867 932
867 940
867 983
868 900
868 907
868 930
868 932
868 952
868 959
868 969
868 972
868 976
868 978
868 982
869 872
869 915
870 901
870 947
870 965
871 875
872 889
872 898
872 919
872 953
873 979
873 1000
874 884
874 980
875 896
875 933
875 961
876 885
876 895
876 987
877 899
877 926
877 988
877 993
879 891
879 893
879 932
879 945
880 881
880 954
881 890
881 978
882 980
883 932
883 985
885 886
885 895
885 987
887 915
888 914
888 924
888 948
888 981
888 994
889 995
891 928
891 986
891 997
892 902
892 935
892 941
893 945
893 986
893 997
894 899
894 917
894 926
894 934
894 963
894 993
896 933
896 968
897 898
897 918
897 923
897 964
898 919
899 917
899 926
899 934
899 979
899 993
899 998
900 924
900 982
901 929
901 951
901 992
902 911
902 918
902 941
902 975
902 991
903 918
903 941
904 910
904 928
905 966
905 969
906 934
906 947
906 979
907 931
907 938
907 950
908 949
909 926
909 936
909 953
909 990
910 928
911 941
911 975
911 988
911 991
913 955
913 966
914 924
914 933
914 970
916 925
916 931
916 955
917 998
918 942
918 962
919 998
920 940
921 1000
922 925
922 984
923 944
924 951
924 977
924 994
925 931
925 933
926 934
927 943
928 929
930 932
930 939
930 962
932 940
932 962
932 983
932 990
933 934
933 968
934 998
935 989
936 953
937 961
938 943
938 953
939 962
939 994
940 995
941 975
942 951
942 957
942 963
946 983
948 949
948 981
948 994
950 966
951 957
952 976
955 966
955 979
955 996
958 974
959 969
959 976
960 999
961 974
969 972
969 976
969 978
970 981
972 976
972 982
975 979
976 978
976 982
977 981
980 990
