# LFR benchmark graph: regime=B mu=0.3 realization=1
# undirected, unweighted; 1-based node ids; each edge listed once.
1 104
1 192
1 267
1 279
1 299
1 344
1 353
1 441
1 464
1 471
1 482
1 486
1 513
1 533
1 586
1 589
1 608
1 687
1 753
1 769
1 809
1 824
1 845
1 888
1 915
2 128
2 182
2 196
2 455
2 467
2 488
2 496
2 539
2 591
2 611
2 615
2 726
2 780
2 844
2 884
2 968
3 25
3 41
3 50
3 67
3 103
3 139
3 142
3 176
3 200
3 247
3 255
3 262
3 268
3 301
3 392
3 412
3 444
3 474
3 518
3 579
3 582
3 583
3 586
3 627
3 651
3 720
3 877
3 902
3 947
4 14
4 16
4 25
4 145
4 146
4 151
4 170
4 181
4 195
4 299
4 312
4 364
4 408
4 435
4 533
4 574
4 599
4 696
4 846
4 856
4 907
4 917
4 919
4 937
4 943
4 962
4 976
5 15
5 19
5 61
5 127
5 142
5 196
5 215
5 226
5 264
5 276
5 291
5 455
5 488
5 491
5 509
5 510
5 626
5 884
5 899
5 926
5 967
6 58
6 92
6 95
6 164
6 324
6 371
6 496
6 514
6 526
6 591
6 645
6 662
6 816
6 818
6 884
6 915
6 975
6 987
6 990
7 26
7 186
7 307
7 317
7 393
7 427
7 445
7 454
7 479
7 520
7 532
7 616
7 629
7 804
7 840
7 913
7 923
7 924
7 925
7 959
7 981
8 10
8 47
8 52
8 53
8 140
8 152
8 153
8 238
8 274
8 276
8 304
8 345
8 503
8 527
8 533
8 589
8 648
8 751
8 753
8 860
8 908
8 990
9 27
9 36
9 69
9 112
9 166
9 193
9 224
9 246
9 272
9 277
9 308
9 347
9 348
9 369
9 375
9 395
9 431
9 440
9 527
9 548
9 552
9 560
9 571
9 598
9 621
9 635
9 721
9 730
9 753
9 761
9 766
9 775
9 789
9 952
10 49
10 59
10 65
10 78
10 113
10 117
10 127
10 131
10 159
10 174
10 193
10 238
10 250
10 256
10 278
10 304
10 305
10 307
10 342
10 432
10 456
10 458
10 461
10 518
10 520
10 543
10 553
10 570
10 599
10 643
10 685
10 706
10 724
10 727
10 732
10 778
10 781
10 785
10 796
10 824
10 838
10 841
10 842
10 850
10 854
10 930
10 950
10 978
11 24
11 54
11 89
11 111
11 152
11 182
11 219
11 350
11 400
11 456
11 593
11 616
11 672
11 686
11 800
11 832
11 912
11 971
11 973
11 993
11 995
12 23
12 34
12 68
12 133
12 145
12 179
12 191
12 221
12 248
12 326
12 379
12 387
12 402
12 498
12 504
12 545
12 562
12 567
12 583
12 585
12 622
12 638
12 651
12 666
12 674
12 741
12 742
12 743
12 757
12 763
12 784
12 830
12 835
12 839
12 890
12 893
12 894
12 923
12 930
13 52
13 161
13 171
13 177
13 190
13 214
13 286
13 322
13 328
13 339
13 356
13 364
13 433
13 521
13 538
13 552
13 561
13 614
13 619
13 683
13 748
13 771
13 859
13 957
14 16
14 35
14 129
14 181
14 202
14 203
14 230
14 428
14 435
14 459
14 693
14 759
14 846
14 847
14 848
14 902
14 916
14 920
14 962
15 40
15 55
15 57
15 61
15 63
15 74
15 85
15 109
15 122
15 199
15 213
15 291
15 300
15 309
15 327
15 351
15 363
15 374
15 425
15 456
15 457
15 581
15 588
15 605
15 702
15 776
15 824
15 833
15 837
15 879
15 904
15 906
15 910
15 938
15 969
15 983
15 984
16 35
16 56
16 129
16 170
16 194
16 196
16 238
16 270
16 274
16 287
16 297
16 312
16 332
16 392
16 408
16 435
16 449
16 473
16 491
16 533
16 631
16 701
16 735
16 740
16 783
16 786
16 846
16 847
16 856
16 868
16 902
16 904
16 907
16 935
16 943
16 948
16 962
16 976
16 996
17 68
17 189
17 204
17 211
17 221
17 226
17 229
17 245
17 250
17 261
17 265
17 377
17 419
17 432
17 443
17 451
17 531
17 543
17 547
17 600
17 604
17 607
17 631
17 643
17 661
17 702
17 819
17 838
17 925
17 988
18 165
18 181
18 192
18 285
18 300
18 389
18 413
18 445
18 602
18 648
18 686
18 690
18 792
18 800
18 804
18 822
18 825
18 877
18 901
18 922
18 933
19 20
19 78
19 96
19 134
19 170
19 184
19 190
19 196
19 215
19 236
19 251
19 323
19 357
19 373
19 446
19 454
19 483
19 705
19 723
19 726
19 731
19 776
19 884
19 930
19 976
20 64
20 126
20 127
20 282
20 333
20 483
20 509
20 639
20 726
20 731
20 752
20 884
20 915
20 997
21 68
21 112
21 118
21 122
21 138
21 184
21 217
21 258
21 267
21 293
21 324
21 332
21 344
21 359
21 386
21 401
21 449
21 522
21 568
21 601
21 723
21 773
21 881
22 54
22 71
22 80
22 89
22 119
22 132
22 152
22 182
22 239
22 350
22 368
22 465
22 494
22 550
22 554
22 670
22 713
22 782
22 786
22 882
22 949
23 68
23 145
23 154
23 229
23 248
23 326
23 379
23 660
23 701
23 751
23 763
23 894
23 983
23 996
24 34
24 54
24 152
24 169
24 220
24 244
24 350
24 429
24 465
24 539
24 652
24 670
24 766
24 784
24 800
24 886
24 971
25 26
25 67
25 176
25 343
25 383
25 410
25 444
25 457
25 468
25 569
25 579
25 622
25 681
25 733
25 827
25 867
25 921
25 958
25 963
26 117
26 204
26 257
26 307
26 396
26 499
26 523
26 543
26 663
26 790
26 796
26 838
26 909
26 925
26 930
27 36
27 38
27 110
27 111
27 112
27 123
27 154
27 166
27 193
27 209
27 210
27 224
27 225
27 236
27 257
27 272
27 308
27 347
27 348
27 369
27 375
27 395
27 396
27 423
27 527
27 571
27 789
27 830
27 848
28 35
28 54
28 80
28 89
28 152
28 350
28 361
28 400
28 432
28 465
28 558
28 613
28 652
28 694
28 800
28 832
29 75
29 99
29 105
29 114
29 117
29 123
29 158
29 159
29 181
29 189
29 235
29 318
29 345
29 373
29 381
29 403
29 437
29 447
29 459
29 470
29 477
29 489
29 495
29 499
29 511
29 531
29 542
29 587
29 619
29 623
29 687
29 692
29 722
29 853
29 857
29 886
29 907
29 909
29 942
29 956
29 966
29 970
30 33
30 66
30 79
30 109
30 146
30 156
30 183
30 245
30 291
30 303
30 349
30 372
30 374
30 437
30 454
30 460
30 540
30 541
30 563
30 565
30 568
30 603
30 616
30 632
30 705
30 792
30 826
30 865
30 866
30 878
30 927
30 932
30 939
30 969
30 982
31 52
31 94
31 104
31 137
31 229
31 256
31 320
31 348
31 387
31 403
31 405
31 419
31 452
31 475
31 624
31 754
31 770
31 814
31 863
31 899
31 929
31 963
32 48
32 64
32 91
32 122
32 144
32 251
32 266
32 278
32 280
32 451
32 473
32 480
32 536
32 559
32 560
32 568
32 584
32 600
32 614
32 627
32 674
32 712
32 751
32 787
32 803
32 828
32 834
32 940
32 972
32 975
32 988
32 989
32 991
32 997
32 1000
33 38
33 66
33 79
33 163
33 291
33 303
33 459
33 461
33 534
33 537
33 563
33 740
33 784
33 785
33 802
33 817
33 872
33 939
33 953
34 138
34 190
34 217
34 219
34 239
34 255
34 267
34 310
34 319
34 364
34 467
34 482
34 535
34 539
34 601
34 614
34 731
34 755
34 820
34 877
34 950
35 129
35 144
35 195
35 198
35 203
35 282
35 323
35 332
35 385
35 408
35 435
35 439
35 458
35 471
35 520
35 533
35 558
35 701
35 740
35 783
35 813
35 821
35 901
35 902
35 907
35 917
35 943
35 962
35 976
35 981
36 111
36 112
36 224
36 236
36 257
36 263
36 272
36 307
36 348
36 369
36 375
36 378
36 396
36 399
36 454
36 477
36 527
36 593
36 621
36 635
36 693
36 731
36 750
36 753
36 811
36 951
37 58
37 116
37 177
37 204
37 211
37 314
37 340
37 411
37 471
37 538
37 548
37 573
37 575
37 590
37 595
37 643
37 689
37 693
37 708
37 721
37 735
37 788
37 799
37 815
37 838
37 857
37 958
37 959
38 84
38 104
38 175
38 214
38 225
38 243
38 253
38 256
38 271
38 339
38 346
38 354
38 432
38 470
38 474
38 525
38 538
38 589
38 624
38 760
38 770
38 790
38 847
38 863
38 864
38 870
38 881
38 883
38 890
39 94
39 138
39 142
39 182
39 217
39 219
39 239
39 255
39 267
39 315
39 383
39 407
39 419
39 442
39 482
39 504
39 601
39 665
39 673
39 794
39 799
39 938
40 44
40 144
40 226
40 244
40 252
40 267
40 302
40 352
40 531
40 544
40 816
40 817
40 845
40 851
40 975
40 1000
41 50
41 51
41 67
41 103
41 136
41 142
41 143
41 158
41 160
41 184
41 203
41 205
41 268
41 287
41 301
41 316
41 319
41 338
41 343
41 426
41 444
41 457
41 486
41 519
41 546
41 621
41 622
41 651
41 655
41 658
41 688
41 744
41 774
41 879
41 963
41 964
42 44
42 52
42 75
42 91
42 104
42 133
42 144
42 235
42 252
42 273
42 278
42 288
42 302
42 522
42 543
42 547
42 584
42 597
42 614
42 712
42 744
42 756
42 765
42 779
42 803
42 812
42 817
42 823
42 828
42 845
42 975
42 1000
43 50
43 51
43 211
43 281
43 309
43 316
43 338
43 407
43 426
43 458
43 569
43 579
43 727
43 826
43 848
43 886
43 915
43 963
43 997
44 48
44 77
44 91
44 141
44 185
44 226
44 252
44 302
44 305
44 391
44 446
44 450
44 536
44 627
44 668
44 727
44 801
44 806
44 817
44 845
44 975
44 991
45 55
45 58
45 79
45 211
45 219
45 335
45 411
45 548
45 561
45 620
45 693
45 708
45 788
45 795
45 815
45 857
45 921
45 937
46 68
46 75
46 99
46 105
46 113
46 124
46 130
46 159
46 189
46 284
46 318
46 332
46 478
46 489
46 518
46 567
46 597
46 812
46 829
46 849
46 866
47 121
47 155
47 274
47 330
47 376
47 456
47 554
47 576
47 624
47 648
47 733
47 760
47 840
47 900
47 952
48 123
48 252
48 302
48 308
48 406
48 495
48 514
48 520
48 536
48 559
48 590
48 614
48 627
48 648
48 658
48 787
48 803
48 845
48 975
48 1000
49 68
49 163
49 230
49 279
49 286
49 293
49 364
49 365
49 366
49 414
49 523
49 598
49 642
49 757
49 779
49 808
49 820
49 877
49 912
49 957
49 981
50 51
50 55
50 67
50 103
50 142
50 281
50 444
50 510
50 569
50 663
50 731
50 768
50 821
50 878
50 963
50 982
51 67
51 117
51 143
51 176
51 237
51 247
51 269
51 301
51 313
51 316
51 343
51 406
51 430
51 551
51 579
51 651
51 674
51 686
51 773
51 809
51 814
51 838
51 844
51 853
51 880
51 947
52 100
52 120
52 136
52 147
52 187
52 225
52 249
52 252
52 323
52 344
52 354
52 437
52 487
52 562
52 577
52 604
52 698
52 762
52 814
52 821
52 831
52 836
52 851
52 859
52 873
52 895
52 900
52 956
53 104
53 115
53 119
53 137
53 140
53 253
53 265
53 284
53 299
53 302
53 370
53 376
53 434
53 503
53 510
53 540
53 576
53 608
53 615
53 648
53 650
53 742
53 749
53 802
53 805
53 860
53 878
53 893
53 908
53 913
53 935
54 71
54 75
54 80
54 84
54 100
54 152
54 180
54 182
54 281
54 350
54 400
54 448
54 465
54 540
54 607
54 610
54 630
54 652
54 670
54 672
54 716
54 754
54 800
54 824
54 832
54 905
54 908
54 938
54 971
54 995
55 85
55 109
55 122
55 126
55 216
55 259
55 302
55 313
55 326
55 331
55 354
55 361
55 365
55 457
55 482
55 581
55 636
55 758
55 837
55 842
55 852
55 867
55 883
55 908
55 977
55 1000
56 129
56 137
56 178
56 195
56 270
56 332
56 435
56 533
56 588
56 677
56 809
56 869
56 917
56 918
56 919
56 970
56 976
56 983
56 993
57 65
57 139
57 177
57 181
57 210
57 302
57 420
57 423
57 515
57 556
57 574
57 644
57 656
57 678
57 733
57 734
57 749
57 785
57 790
57 810
57 838
57 966
58 61
58 120
58 175
58 349
58 390
58 431
58 432
58 475
58 543
58 548
58 573
58 575
58 590
58 595
58 686
58 765
58 788
58 797
58 857
58 864
58 908
58 921
58 958
58 959
58 990
59 115
59 249
59 265
59 266
59 428
59 474
59 641
59 663
59 685
59 702
59 723
59 784
59 876
59 923
59 968
59 988
60 126
60 145
60 238
60 256
60 272
60 408
60 461
60 574
60 615
60 719
60 882
60 925
61 77
61 85
61 194
61 213
61 259
61 263
61 314
61 383
61 414
61 457
61 490
61 588
61 632
61 735
61 746
61 837
61 852
61 877
62 103
62 176
62 212
62 265
62 316
62 353
62 366
62 465
62 542
62 588
62 637
62 649
62 736
62 747
62 889
62 935
63 77
63 85
63 126
63 223
63 314
63 329
63 331
63 373
63 383
63 385
63 406
63 425
63 581
63 597
63 623
63 630
63 636
63 651
63 771
63 788
63 837
63 879
63 906
63 941
63 943
63 961
63 977
64 115
64 160
64 165
64 194
64 228
64 235
64 252
64 278
64 288
64 452
64 480
64 536
64 546
64 559
64 582
64 584
64 614
64 668
64 834
64 975
65 83
65 87
65 103
65 139
65 163
65 172
65 208
65 296
65 334
65 420
65 492
65 542
65 574
65 604
65 607
65 627
65 644
65 656
65 678
65 681
65 695
65 733
65 850
65 879
65 924
65 982
65 987
66 156
66 288
66 291
66 295
66 314
66 342
66 454
66 459
66 537
66 646
66 857
66 913
66 916
66 939
66 966
67 149
67 185
67 194
67 217
67 237
67 268
67 269
67 316
67 338
67 343
67 347
67 444
67 474
67 525
67 531
67 546
67 550
67 579
67 615
67 617
67 622
67 632
67 651
67 670
67 676
67 684
67 688
67 796
67 881
67 925
67 947
67 962
67 963
67 994
67 999
68 81
68 105
68 190
68 191
68 213
68 234
68 241
68 248
68 263
68 287
68 326
68 387
68 452
68 478
68 498
68 515
68 545
68 567
68 588
68 591
68 633
68 646
68 647
68 673
68 674
68 739
68 742
68 748
68 779
68 830
68 834
68 839
68 844
68 863
68 893
68 924
68 1000
69 104
69 159
69 204
69 324
69 527
69 591
69 654
69 717
69 876
69 883
69 890
69 908
69 939
69 964
69 990
70 124
70 351
70 436
70 442
70 517
70 522
70 561
70 583
70 650
70 676
70 695
70 714
70 715
70 721
70 723
70 837
70 948
71 94
71 129
71 182
71 198
71 281
71 322
71 465
71 478
71 540
71 572
71 773
71 785
71 880
72 79
72 84
72 146
72 175
72 222
72 330
72 417
72 428
72 454
72 528
72 532
72 580
72 615
72 793
72 794
72 841
72 886
72 935
72 945
72 960
73 126
73 154
73 162
73 363
73 436
73 517
73 561
73 635
73 646
73 647
73 673
73 702
73 835
73 966
74 77
74 90
74 109
74 123
74 125
74 126
74 168
74 171
74 194
74 233
74 329
74 331
74 346
74 363
74 383
74 457
74 468
74 536
74 547
74 568
74 581
74 597
74 674
74 752
74 758
74 849
74 852
74 854
74 867
74 879
74 906
75 99
75 102
75 105
75 112
75 123
75 124
75 129
75 130
75 159
75 189
75 352
75 361
75 381
75 382
75 391
75 403
75 447
75 489
75 495
75 499
75 502
75 506
75 520
75 541
75 542
75 574
75 576
75 593
75 623
75 629
75 642
75 662
75 687
75 692
75 708
75 722
75 761
75 797
75 849
75 866
75 893
75 900
75 909
75 921
75 943
75 961
75 967
75 993
76 82
76 100
76 175
76 188
76 242
76 249
76 260
76 298
76 431
76 452
76 457
76 562
76 771
76 794
76 831
76 832
76 859
76 928
76 975
77 126
77 182
77 199
77 214
77 220
77 276
77 297
77 425
77 430
77 458
77 581
77 583
77 649
77 674
77 764
77 781
77 810
77 814
77 833
77 879
77 906
77 912
77 917
77 952
78 100
78 175
78 240
78 306
78 349
78 398
78 431
78 485
78 497
78 615
78 635
78 725
78 793
78 872
78 935
78 970
79 88
79 117
79 157
79 303
79 313
79 374
79 446
79 459
79 534
79 591
79 599
79 603
79 696
79 738
79 826
79 927
79 938
79 939
79 982
80 89
80 121
80 173
80 304
80 345
80 350
80 572
80 659
80 672
80 674
80 716
80 760
80 800
80 946
81 86
81 115
81 118
81 168
81 250
81 287
81 329
81 379
81 405
81 567
81 674
81 729
81 757
81 763
81 823
81 830
81 834
81 835
81 839
81 885
81 893
81 966
82 142
82 175
82 187
82 205
82 367
82 421
82 434
82 450
82 484
82 588
82 685
82 698
82 731
82 740
82 750
82 815
82 840
82 945
82 955
82 960
82 966
83 87
83 98
83 139
83 162
83 172
83 255
83 314
83 420
83 469
83 481
83 546
83 552
83 574
83 644
83 733
83 996
84 93
84 94
84 137
84 167
84 227
84 238
84 253
84 256
84 264
84 320
84 355
84 368
84 377
84 395
84 418
84 419
84 427
84 468
84 493
84 507
84 511
84 525
84 548
84 608
84 624
84 680
84 734
84 741
84 754
84 760
84 767
84 770
84 790
84 862
84 890
84 905
84 929
84 984
85 90
85 109
85 130
85 212
85 216
85 347
85 383
85 453
85 468
85 491
85 581
85 597
85 640
85 649
85 652
85 731
85 758
85 837
85 860
85 866
85 867
85 889
85 897
85 899
85 906
85 911
86 139
86 296
86 315
86 325
86 346
86 360
86 384
86 385
86 392
86 420
86 423
86 531
86 556
86 566
86 648
86 649
86 656
86 678
86 681
86 716
86 723
86 733
86 752
86 865
87 172
87 286
87 296
87 353
87 420
87 507
87 574
87 581
87 656
87 678
87 681
87 733
87 761
87 784
87 939
87 971
88 92
88 182
88 296
88 466
88 492
88 502
88 505
88 647
88 823
88 915
88 976
88 987
89 101
89 122
89 152
89 180
89 345
89 366
89 373
89 420
89 429
89 493
89 511
89 572
89 596
89 610
89 876
90 109
90 259
90 314
90 588
90 657
90 690
90 695
90 726
90 824
90 837
90 846
91 138
91 218
91 252
91 278
91 302
91 360
91 514
91 520
91 523
91 600
91 614
91 627
91 794
91 803
91 893
91 975
91 991
91 997
92 95
92 115
92 125
92 219
92 243
92 324
92 492
92 591
92 662
92 694
92 710
92 737
92 782
92 784
92 801
92 805
92 807
92 814
92 861
92 876
92 915
93 94
93 97
93 104
93 165
93 225
93 238
93 253
93 283
93 397
93 474
93 493
93 528
93 602
93 608
93 624
93 651
93 680
93 745
93 754
93 760
93 770
93 776
93 790
93 816
93 848
93 862
93 863
93 877
93 883
93 887
93 984
94 104
94 118
94 121
94 123
94 144
94 253
94 256
94 300
94 395
94 406
94 427
94 465
94 483
94 572
94 608
94 637
94 754
94 760
94 770
94 790
94 832
94 839
94 869
94 870
94 890
94 903
94 905
94 929
94 947
94 986
95 106
95 181
95 204
95 273
95 371
95 407
95 433
95 492
95 501
95 503
95 508
95 567
95 613
95 645
95 647
95 662
95 801
95 827
95 861
95 876
95 914
95 915
95 990
96 113
96 162
96 168
96 169
96 173
96 309
96 370
96 460
96 468
96 496
96 561
96 605
96 613
96 706
96 714
96 738
96 745
96 748
96 776
96 906
96 964
96 998
97 141
97 300
97 324
97 435
97 442
97 466
97 526
97 591
97 621
97 624
97 655
97 687
97 861
97 864
97 885
97 993
98 137
98 139
98 172
98 251
98 262
98 282
98 296
98 359
98 420
98 644
98 679
98 695
98 733
98 812
98 843
98 972
99 105
99 123
99 159
99 189
99 190
99 227
99 422
99 430
99 441
99 470
99 580
99 587
99 687
99 757
99 761
99 828
99 849
99 866
99 897
99 933
99 993
100 113
100 141
100 177
100 205
100 222
100 224
100 240
100 249
100 264
100 326
100 392
100 395
100 409
100 417
100 431
100 485
100 499
100 514
100 535
100 562
100 577
100 583
100 591
100 659
100 698
100 776
100 793
100 794
100 824
100 825
100 831
100 843
100 845
100 859
100 872
100 882
100 917
100 920
100 955
100 956
100 966
100 970
101 253
101 349
101 395
101 406
101 417
101 472
101 474
101 499
101 539
101 663
101 723
101 736
101 766
101 793
101 814
101 848
101 872
101 924
101 925
101 960
101 970
101 991
101 993
102 123
102 128
102 130
102 403
102 441
102 470
102 623
102 634
102 674
102 761
102 812
102 839
102 866
102 876
102 930
102 970
103 153
103 286
103 316
103 338
103 371
103 444
103 454
103 844
103 877
104 121
104 137
104 152
104 225
104 227
104 256
104 263
104 297
104 304
104 355
104 393
104 405
104 418
104 427
104 475
104 493
104 520
104 525
104 528
104 549
104 555
104 608
104 624
104 703
104 710
104 754
104 760
104 770
104 786
104 790
104 862
104 863
104 868
104 883
104 905
104 929
104 937
104 941
104 945
105 108
105 124
105 159
105 252
105 333
105 403
105 408
105 441
105 449
105 462
105 470
105 518
105 564
105 587
105 623
105 793
105 812
105 845
105 849
105 867
105 956
106 125
106 324
106 326
106 353
106 359
106 742
106 876
106 890
106 915
106 990
107 138
107 217
107 239
107 253
107 255
107 260
107 261
107 265
107 267
107 359
107 573
107 601
107 607
107 669
107 715
107 773
107 833
107 959
108 138
108 159
108 217
108 219
108 255
108 258
108 267
108 280
108 538
108 607
108 661
108 713
108 720
108 723
108 805
108 863
108 938
108 942
108 943
108 959
109 126
109 138
109 210
109 212
109 233
109 259
109 268
109 288
109 303
109 314
109 361
109 363
109 380
109 381
109 383
109 425
109 453
109 459
109 468
109 539
109 544
109 580
109 581
109 588
109 597
109 635
109 636
109 640
109 646
109 649
109 650
109 665
109 713
109 741
109 758
109 777
109 787
109 837
109 838
109 847
109 852
109 861
109 906
109 977
109 983
110 117
110 131
110 146
110 236
110 238
110 250
110 275
110 305
110 313
110 325
110 404
110 432
110 513
110 531
110 553
110 555
110 582
110 604
110 611
110 616
110 618
110 622
110 630
110 655
110 661
110 663
110 750
110 751
110 781
110 795
110 830
110 862
110 877
110 925
110 928
110 999
111 112
111 166
111 210
111 224
111 262
111 277
111 288
111 348
111 369
111 375
111 396
111 442
111 532
111 568
111 635
111 649
111 658
111 685
111 703
111 704
111 730
111 753
111 754
111 775
111 785
111 789
111 862
112 113
112 214
112 224
112 236
112 257
112 272
112 308
112 324
112 348
112 369
112 375
112 395
112 396
112 591
112 621
112 630
112 635
112 658
112 713
112 721
112 730
112 744
112 753
112 775
112 789
112 801
112 811
112 884
112 945
113 117
113 135
113 160
113 202
113 221
113 254
113 531
113 547
113 551
113 616
113 643
113 712
113 715
113 734
113 764
113 785
113 798
113 819
113 862
113 886
113 914
113 924
113 928
113 989
114 123
114 124
114 403
114 441
114 478
114 483
114 489
114 629
114 670
114 812
114 849
114 909
114 933
114 935
114 940
114 964
114 966
115 140
115 153
115 183
115 191
115 274
115 276
115 304
115 326
115 376
115 440
115 503
115 518
115 529
115 543
115 576
115 625
115 647
115 648
115 687
115 699
115 722
115 751
115 805
115 830
115 891
115 900
115 908
115 913
115 964
116 118
116 141
116 211
116 224
116 255
116 276
116 330
116 340
116 356
116 366
116 525
116 538
116 548
116 575
116 590
116 857
116 883
116 921
116 958
116 977
116 987
116 996
117 119
117 126
117 131
117 193
117 209
117 238
117 250
117 254
117 343
117 393
117 428
117 456
117 475
117 479
117 508
117 546
117 547
117 655
117 661
117 697
117 710
117 781
117 789
117 795
117 805
117 838
117 839
117 869
117 875
117 877
117 922
117 924
117 925
117 936
117 954
117 973
118 121
118 137
118 355
118 373
118 416
118 427
118 476
118 528
118 541
118 624
118 736
118 754
118 760
118 785
118 882
118 929
118 937
118 975
118 990
119 125
119 162
119 174
119 185
119 299
119 310
119 319
119 375
119 384
119 423
119 442
119 557
119 613
119 630
119 632
119 665
119 677
119 719
119 734
119 740
119 772
119 896
119 898
119 989
120 315
120 406
120 411
120 421
120 590
120 600
120 635
120 710
120 725
120 728
120 754
120 788
120 831
120 843
120 857
120 958
120 990
121 137
121 256
121 289
121 296
121 323
121 418
121 427
121 467
121 489
121 493
121 511
121 608
121 628
121 629
121 698
121 754
121 760
121 788
121 839
121 863
121 890
121 903
121 942
121 984
122 158
122 301
122 327
122 349
122 351
122 419
122 425
122 581
122 620
122 785
122 837
122 939
123 124
123 130
123 208
123 277
123 304
123 381
123 391
123 403
123 412
123 418
123 470
123 495
123 506
123 562
123 587
123 623
123 640
123 659
123 751
123 812
123 853
123 912
123 937
123 993
124 130
124 152
124 159
124 189
124 209
124 333
124 391
124 403
124 447
124 452
124 470
124 478
124 489
124 518
124 535
124 542
124 578
124 581
124 583
124 587
124 600
124 629
124 661
124 692
124 761
124 797
124 799
124 849
124 853
124 856
124 886
124 909
124 941
124 961
124 993
124 996
125 139
125 212
125 220
125 324
125 346
125 366
125 371
125 373
125 466
125 492
125 528
125 530
125 564
125 591
125 621
125 645
125 647
125 662
125 710
125 715
125 716
125 728
125 737
125 801
125 861
125 876
125 927
125 961
125 987
125 990
126 174
126 199
126 213
126 216
126 351
126 363
126 425
126 457
126 468
126 557
126 581
126 597
126 598
126 604
126 612
126 640
126 669
126 675
126 677
126 692
126 717
126 744
126 757
126 758
126 824
126 833
126 852
126 867
126 906
126 945
127 251
127 335
127 373
127 404
127 433
127 494
127 505
127 611
127 655
127 663
127 678
127 726
127 776
127 780
127 837
127 882
127 889
127 933
127 968
128 142
128 386
128 539
128 611
128 830
128 849
128 871
128 926
128 976
129 158
129 170
129 178
129 195
129 270
129 301
129 312
129 332
129 370
129 396
129 408
129 435
129 533
129 558
129 642
129 671
129 783
129 786
129 846
129 867
129 919
129 937
129 955
129 964
130 131
130 159
130 218
130 322
130 492
130 495
130 528
130 533
130 542
130 567
130 587
130 597
130 616
130 623
130 687
130 697
130 758
130 774
130 844
130 849
130 866
130 896
130 993
131 164
131 250
131 282
131 520
131 549
131 568
131 616
131 677
131 785
131 798
131 839
131 930
131 952
131 984
132 236
132 283
132 358
132 399
132 491
132 615
132 656
132 731
132 780
132 884
132 890
132 925
132 951
132 952
133 191
133 308
133 343
133 377
133 567
133 611
133 633
133 646
133 682
133 830
133 835
133 839
133 854
133 933
134 183
134 190
134 218
134 373
134 478
134 557
134 619
134 726
134 776
134 793
134 794
134 811
134 815
134 871
134 884
134 926
134 952
135 164
135 276
135 388
135 400
135 404
135 486
135 516
135 589
135 680
135 802
135 875
135 911
135 974
136 175
136 185
136 215
136 218
136 222
136 279
136 289
136 323
136 349
136 378
136 398
136 422
136 450
136 452
136 481
136 487
136 499
136 512
136 583
136 615
136 638
136 659
136 769
136 778
136 783
136 825
136 831
136 836
136 863
136 872
136 929
136 939
136 945
136 955
136 956
136 960
136 964
136 965
136 981
137 165
137 225
137 227
137 256
137 363
137 427
137 468
137 475
137 487
137 493
137 507
137 511
137 523
137 525
137 528
137 550
137 567
137 607
137 608
137 628
137 638
137 702
137 703
137 740
137 790
137 801
137 854
137 862
137 863
137 869
137 890
137 903
137 929
137 984
138 156
138 219
138 230
138 231
138 239
138 255
138 258
138 260
138 261
138 267
138 280
138 292
138 311
138 359
138 371
138 386
138 401
138 407
138 416
138 439
138 462
138 467
138 482
138 490
138 508
138 522
138 524
138 531
138 538
138 580
138 601
138 607
138 615
138 631
138 673
138 733
138 754
138 755
138 769
138 785
138 858
138 992
139 172
139 296
139 301
139 330
139 334
139 360
139 396
139 420
139 423
139 438
139 526
139 549
139 553
139 556
139 566
139 574
139 578
139 644
139 656
139 671
139 678
139 681
139 695
139 733
139 939
139 977
140 244
140 270
140 276
140 326
140 376
140 392
140 449
140 648
140 650
140 684
140 767
140 768
140 778
140 779
140 805
140 836
140 898
140 900
141 165
141 318
141 325
141 337
141 365
141 439
141 452
141 504
141 670
141 837
141 880
142 160
142 165
142 174
142 176
142 249
142 268
142 269
142 276
142 316
142 338
142 426
142 440
142 444
142 451
142 460
142 518
142 531
142 554
142 598
142 612
142 621
142 622
142 651
142 681
142 731
142 740
142 809
142 872
142 932
142 947
142 963
143 211
143 338
143 419
143 425
143 525
143 569
143 839
143 844
143 974
143 999
144 155
144 235
144 252
144 254
144 266
144 302
144 348
144 435
144 459
144 541
144 544
144 620
144 704
144 736
144 760
144 803
144 823
144 835
144 845
144 924
144 940
144 949
144 975
144 1000
145 160
145 179
145 191
145 197
145 219
145 234
145 248
145 263
145 287
145 310
145 315
145 326
145 331
145 379
145 437
145 498
145 499
145 515
145 540
145 543
145 545
145 567
145 586
145 614
145 624
145 633
145 638
145 646
145 666
145 674
145 739
145 743
145 757
145 823
145 830
145 834
145 835
145 839
145 859
145 885
145 893
145 894
145 976
145 982
145 996
146 285
146 291
146 312
146 410
146 441
146 598
146 691
146 930
146 932
146 939
147 193
147 271
147 310
147 317
147 447
147 530
147 566
147 760
147 793
147 848
147 859
147 862
147 906
147 935
147 960
148 267
148 291
148 376
148 441
148 454
148 535
148 563
148 648
148 813
148 826
148 849
148 858
148 884
149 172
149 185
149 220
149 256
149 310
149 328
149 330
149 384
149 412
149 442
149 474
149 522
149 537
149 557
149 615
149 630
149 632
149 679
149 690
149 740
149 769
149 948
149 949
149 997
150 190
150 264
150 291
150 331
150 373
150 378
150 383
150 596
150 611
150 685
150 776
150 780
150 884
151 195
151 270
151 312
151 332
151 397
151 408
151 409
151 435
151 449
151 714
151 734
151 762
151 826
151 867
151 919
151 992
152 269
152 299
152 400
152 429
152 568
152 652
152 672
152 697
152 716
152 762
152 800
152 866
152 926
152 995
153 155
153 274
153 276
153 288
153 299
153 376
153 388
153 409
153 499
153 529
153 591
153 625
153 648
153 650
153 718
153 743
153 745
153 782
153 805
153 809
153 812
153 860
153 877
153 900
153 964
154 162
154 174
154 218
154 225
154 329
154 410
154 517
154 544
154 561
154 634
154 708
154 738
154 744
154 762
154 783
154 827
154 931
154 941
154 973
154 975
154 998
155 161
155 274
155 276
155 283
155 304
155 311
155 371
155 376
155 397
155 472
155 529
155 568
155 625
155 638
155 648
155 650
155 658
155 782
155 900
155 964
156 291
156 374
156 454
156 459
156 483
156 534
156 621
156 630
156 734
156 771
156 826
156 939
156 948
157 216
157 291
157 303
157 374
157 398
157 540
157 568
157 651
157 712
157 790
157 846
157 939
157 982
158 174
158 185
158 192
158 310
158 330
158 421
158 474
158 526
158 537
158 605
158 630
158 632
158 679
158 694
158 714
158 729
158 734
158 745
158 805
158 859
158 892
158 944
158 997
159 189
159 242
159 245
159 328
159 370
159 379
159 381
159 388
159 400
159 403
159 430
159 441
159 447
159 470
159 478
159 489
159 495
159 502
159 506
159 531
159 542
159 587
159 623
159 629
159 642
159 687
159 722
159 788
159 797
159 831
159 837
159 849
159 866
159 893
159 961
159 967
159 993
160 176
160 237
160 269
160 338
160 397
160 421
160 444
160 494
160 554
160 591
160 622
160 687
160 906
160 931
160 947
161 174
161 186
161 220
161 310
161 330
161 377
161 384
161 413
161 428
161 484
161 557
161 630
161 632
161 665
161 677
161 705
161 707
161 734
161 832
161 855
161 876
161 944
162 309
162 315
162 365
162 383
162 437
162 443
162 444
162 517
162 561
162 592
162 634
162 638
162 676
162 717
162 721
162 744
162 812
162 818
162 820
162 926
162 934
162 941
162 987
162 998
163 168
163 188
163 238
163 293
163 338
163 386
163 414
163 423
163 437
163 519
163 521
163 523
163 525
163 599
163 619
163 655
163 683
163 699
163 700
163 709
163 715
163 717
163 808
163 833
163 855
164 344
164 388
164 416
164 486
164 509
164 530
164 623
164 664
164 665
164 720
164 809
164 875
165 171
165 185
165 192
165 198
165 200
165 201
165 297
165 318
165 352
165 356
165 358
165 410
165 449
165 562
165 606
165 686
165 772
165 816
165 822
165 840
165 843
165 880
165 912
165 926
165 942
165 943
166 224
166 236
166 246
166 293
166 319
166 396
166 465
166 561
166 621
166 693
166 750
166 753
166 775
166 851
167 238
167 254
167 257
167 282
167 432
167 449
167 532
167 637
167 648
167 663
167 733
167 880
167 884
167 960
167 978
167 982
168 210
168 234
168 293
168 322
168 326
168 335
168 357
168 364
168 366
168 432
168 462
168 464
168 497
168 500
168 599
168 609
168 623
168 683
168 687
168 697
168 704
168 714
168 717
168 752
168 802
168 857
168 862
168 900
168 985
168 989
169 171
169 517
169 561
169 593
169 738
169 742
169 888
169 934
169 941
169 988
170 178
170 195
170 223
170 263
170 295
170 305
170 312
170 313
170 395
170 403
170 435
170 465
170 473
170 533
170 558
170 578
170 805
170 846
170 852
170 907
170 976
171 198
171 298
171 300
171 337
171 352
171 365
171 438
171 439
171 504
171 539
171 671
171 713
171 754
171 764
171 766
171 772
171 784
171 792
171 811
172 218
172 293
172 296
172 334
172 336
172 369
172 420
172 423
172 556
172 566
172 601
172 644
172 656
172 666
172 678
172 689
172 695
172 733
172 788
172 797
172 806
172 960
172 961
172 982
173 277
173 320
173 517
173 754
173 840
173 904
173 931
174 182
174 185
174 186
174 189
174 206
174 215
174 222
174 276
174 292
174 324
174 330
174 377
174 378
174 384
174 399
174 410
174 442
174 460
174 463
174 469
174 474
174 518
174 537
174 557
174 572
174 630
174 637
174 694
174 711
174 719
174 740
174 748
174 769
174 874
174 884
174 896
174 897
174 914
174 920
174 944
174 946
174 976
174 994
174 999
175 203
175 205
175 212
175 221
175 249
175 289
175 294
175 306
175 331
175 335
175 349
175 360
175 368
175 402
175 417
175 431
175 434
175 472
175 499
175 562
175 583
175 615
175 684
175 691
175 698
175 715
175 752
175 793
175 835
175 845
175 848
175 872
175 930
175 935
175 942
175 957
175 965
175 966
175 970
175 980
175 994
176 237
176 240
176 338
176 354
176 396
176 421
176 423
176 444
176 554
176 587
176 651
176 669
176 687
176 748
176 844
176 963
176 994
177 189
177 242
177 326
177 339
177 362
177 519
177 545
177 599
177 609
177 619
177 732
177 770
177 912
177 981
177 989
178 223
178 236
178 332
178 412
178 444
178 451
178 473
178 499
178 533
178 558
178 701
178 780
178 846
178 847
178 849
178 875
178 962
179 237
179 307
179 470
179 567
179 633
179 674
179 684
179 724
179 834
179 835
179 839
179 881
180 182
180 244
180 281
180 350
180 372
180 465
180 555
180 689
180 706
180 716
180 739
180 971
181 192
181 200
181 245
181 283
181 298
181 300
181 317
181 332
181 336
181 449
181 452
181 539
181 599
181 619
181 784
181 807
181 901
182 281
182 345
182 350
182 395
182 400
182 429
182 430
182 465
182 571
182 572
182 579
182 596
182 610
182 672
182 701
182 709
182 730
182 800
182 832
182 995
183 359
183 432
183 537
183 543
183 610
183 616
183 655
183 702
183 785
183 857
183 922
184 187
184 198
184 284
184 315
184 340
184 436
184 517
184 561
184 599
184 628
184 676
184 738
184 784
184 804
185 186
185 206
185 219
185 220
185 330
185 342
185 378
185 382
185 384
185 421
185 460
185 463
185 474
185 497
185 557
185 614
185 630
185 632
185 657
185 665
185 677
185 679
185 689
185 694
185 740
185 745
185 760
185 820
185 834
185 849
185 874
185 892
185 897
185 920
185 931
185 944
185 946
185 948
185 949
185 950
185 961
185 974
185 997
186 194
186 220
186 295
186 320
186 330
186 378
186 408
186 421
186 442
186 474
186 555
186 557
186 632
186 657
186 734
186 889
187 208
187 218
187 222
187 405
187 434
187 486
187 499
187 506
187 570
187 577
187 592
187 615
187 684
187 895
187 935
187 960
187 966
187 980
188 224
188 262
188 325
188 339
188 343
188 346
188 360
188 366
188 428
188 609
188 683
188 717
188 798
188 912
188 985
188 989
188 996
189 240
189 281
189 314
189 403
189 439
189 441
189 489
189 518
189 532
189 658
189 687
189 788
189 797
189 849
189 853
189 866
189 879
189 885
189 887
189 891
189 941
189 967
190 195
190 215
190 232
190 233
190 245
190 264
190 290
190 344
190 412
190 414
190 446
190 471
190 482
190 494
190 505
190 509
190 540
190 553
190 560
190 626
190 653
190 665
190 726
190 731
190 776
190 780
190 804
190 827
190 828
190 832
190 871
190 878
190 879
190 926
190 968
191 263
191 342
191 387
191 498
191 515
191 517
191 567
191 611
191 696
191 835
191 904
191 996
192 198
192 200
192 201
192 202
192 207
192 209
192 255
192 257
192 291
192 292
192 300
192 317
192 318
192 336
192 352
192 372
192 389
192 410
192 419
192 424
192 437
192 449
192 491
192 498
192 504
192 640
192 661
192 666
192 674
192 678
192 686
192 694
192 704
192 713
192 715
192 725
192 746
192 750
192 772
192 774
192 784
192 807
192 814
192 822
192 840
192 864
192 879
192 882
192 887
192 898
192 901
192 910
192 916
192 933
192 939
192 942
192 997
193 221
193 307
193 336
193 357
193 382
193 479
193 485
193 551
193 555
193 586
193 607
193 752
193 766
193 796
193 829
194 314
194 329
194 350
194 457
194 459
194 498
194 500
194 581
194 588
194 620
194 752
194 764
194 822
194 833
194 837
194 867
194 868
194 879
194 906
194 928
195 270
195 282
195 300
195 304
195 312
195 332
195 408
195 435
195 532
195 559
195 735
195 740
195 783
195 786
195 834
195 846
195 847
195 883
195 899
195 907
195 919
195 943
196 245
196 264
196 331
196 407
196 414
196 448
196 455
196 513
196 543
196 626
196 663
196 705
196 707
196 776
196 811
196 871
196 896
196 935
196 941
197 210
197 214
197 242
197 293
197 295
197 322
197 339
197 346
197 364
197 375
197 423
197 497
197 500
197 516
197 521
197 599
197 741
197 779
197 808
197 834
197 868
197 912
197 932
197 981
197 988
197 989
198 201
198 219
198 285
198 297
198 298
198 300
198 306
198 337
198 352
198 356
198 365
198 410
198 438
198 440
198 492
198 528
198 539
198 606
198 668
198 713
198 725
198 774
198 777
198 784
198 792
198 830
198 864
198 901
198 986
199 314
199 369
199 383
199 489
199 588
199 837
199 883
199 983
199 986
200 202
200 297
200 321
200 410
200 412
200 449
200 477
200 554
200 606
200 667
200 668
200 694
200 710
200 749
200 777
200 807
200 816
200 840
200 864
200 933
200 970
200 972
200 988
201 285
201 298
201 352
201 388
201 449
201 456
201 494
201 532
201 539
201 554
201 654
201 668
201 711
201 733
201 749
201 799
201 807
201 864
201 866
201 880
201 898
201 901
201 902
201 979
202 222
202 268
202 271
202 274
202 303
202 344
202 353
202 390
202 404
202 470
202 471
202 664
202 809
202 899
202 974
203 243
203 253
203 292
203 330
203 332
203 435
203 456
203 523
203 562
203 586
203 619
203 700
203 783
203 846
203 856
203 928
203 976
204 282
204 316
204 364
204 432
204 445
204 532
204 655
204 662
204 726
204 785
204 798
204 877
204 925
204 952
205 222
205 242
205 250
205 267
205 289
205 298
205 333
205 352
205 368
205 398
205 406
205 422
205 431
205 512
205 562
205 583
205 659
205 669
205 682
205 705
205 707
205 736
205 748
205 794
205 825
205 845
205 848
205 849
205 851
205 855
205 955
205 956
205 980
206 345
206 377
206 421
206 463
206 483
206 560
206 630
206 677
206 679
206 740
206 747
206 849
206 862
206 916
206 936
206 944
207 212
207 317
207 341
207 394
207 399
207 410
207 438
207 452
207 457
207 463
207 580
207 631
207 667
207 709
207 772
207 777
207 785
207 807
207 822
207 831
207 933
207 952
207 955
207 986
208 210
208 239
208 275
208 298
208 303
208 317
208 368
208 485
208 506
208 512
208 532
208 659
208 684
208 698
208 730
208 736
208 769
208 792
208 836
208 841
208 848
208 872
208 882
208 935
208 970
209 229
209 302
209 356
209 365
209 386
209 410
209 412
209 419
209 452
209 501
209 590
209 746
209 749
209 757
209 762
209 779
209 888
209 972
209 986
209 990
210 242
210 286
210 325
210 335
210 339
210 360
210 366
210 433
210 439
210 449
210 467
210 498
210 500
210 519
210 521
210 552
210 599
210 609
210 638
210 675
210 683
210 717
210 741
210 778
210 855
210 932
210 957
210 971
210 979
210 981
210 989
211 213
211 216
211 309
211 411
211 430
211 446
211 459
211 538
211 548
211 572
211 573
211 590
211 604
211 624
211 674
211 708
211 785
211 788
211 790
211 806
211 815
211 819
211 857
211 902
211 921
211 958
211 959
212 223
212 314
212 329
212 331
212 383
212 430
212 434
212 486
212 490
212 565
212 575
212 587
212 601
212 649
212 713
212 806
212 837
212 967
213 314
213 369
213 450
213 492
213 588
213 640
213 711
213 837
213 852
213 867
213 906
213 950
214 242
214 253
214 364
214 369
214 473
214 500
214 526
214 552
214 598
214 599
214 613
214 630
214 683
214 700
214 708
214 714
214 717
214 765
214 776
214 837
214 903
214 912
214 926
214 938
215 245
215 300
215 373
215 421
215 491
215 539
215 552
215 726
215 729
215 780
215 876
215 933
215 968
216 314
216 363
216 397
216 422
216 444
216 538
216 588
216 590
216 688
216 694
216 833
216 940
217 219
217 255
217 258
217 261
217 267
217 307
217 308
217 311
217 320
217 359
217 374
217 385
217 386
217 397
217 422
217 448
217 467
217 476
217 482
217 490
217 522
217 524
217 567
217 570
217 593
217 594
217 598
217 607
217 644
217 650
217 673
217 682
217 723
217 755
217 769
217 773
217 802
217 833
217 858
217 864
217 881
217 884
217 960
217 968
217 992
218 304
218 306
218 349
218 402
218 420
218 598
218 794
218 798
218 848
218 859
218 875
218 970
218 988
219 221
219 230
219 239
219 250
219 258
219 260
219 261
219 267
219 348
219 359
219 385
219 386
219 402
219 407
219 432
219 467
219 536
219 554
219 591
219 593
219 598
219 601
219 607
219 673
219 719
219 723
219 736
219 755
219 773
219 803
219 809
219 858
219 881
220 269
220 295
220 344
220 355
220 377
220 378
220 399
220 421
220 460
220 463
220 469
220 550
220 613
220 632
220 657
220 665
220 679
220 689
220 694
220 726
220 731
220 734
220 740
220 771
220 843
220 892
220 895
220 897
220 913
220 920
220 944
220 946
220 948
220 953
220 956
221 307
221 312
221 336
221 404
221 480
221 512
221 516
221 517
221 520
221 533
221 549
221 616
221 617
221 659
221 685
221 727
221 782
221 810
221 838
221 876
221 910
221 912
221 918
221 922
221 962
221 991
222 270
222 323
222 349
222 398
222 422
222 429
222 485
222 562
222 613
222 683
222 779
222 843
222 848
222 872
222 935
222 960
223 270
223 279
223 339
223 435
223 447
223 456
223 533
223 594
223 710
223 723
223 733
223 790
223 817
223 846
223 853
223 887
223 896
223 906
223 907
223 919
223 929
223 935
223 937
223 942
223 976
224 236
224 246
224 257
224 277
224 290
224 304
224 308
224 325
224 347
224 357
224 369
224 375
224 386
224 396
224 527
224 528
224 571
224 585
224 611
224 621
224 658
224 669
224 684
224 704
224 708
224 730
224 739
224 775
224 811
224 858
224 962
225 253
225 355
225 586
225 608
225 614
225 624
225 713
225 754
225 760
225 770
225 790
225 819
225 829
225 863
225 866
225 870
225 929
226 302
226 482
226 514
226 600
226 714
226 787
226 803
226 831
226 845
226 1000
227 253
227 311
227 317
227 354
227 395
227 404
227 410
227 475
227 608
227 624
227 630
227 749
227 770
227 841
227 848
227 869
227 890
227 908
227 950
227 977
228 292
228 310
228 323
228 339
228 384
228 421
228 463
228 537
228 550
228 557
228 632
228 677
228 683
228 694
228 702
228 734
228 787
228 874
228 944
228 997
229 260
229 271
229 292
229 310
229 320
229 330
229 379
229 383
229 399
229 403
229 411
229 421
229 442
229 448
229 463
229 474
229 557
229 613
229 632
229 637
229 641
229 657
229 675
229 677
229 698
229 734
229 740
229 769
229 800
229 816
229 832
229 845
229 896
229 914
229 920
229 984
229 999
230 235
230 244
230 255
230 258
230 261
230 267
230 386
230 419
230 442
230 495
230 514
230 593
230 601
230 740
230 858
230 881
231 238
231 267
231 333
231 359
231 445
231 467
231 519
231 601
231 635
231 879
231 885
232 245
232 448
232 517
232 550
232 611
232 640
232 655
232 726
232 771
232 795
232 884
232 926
232 952
233 319
233 332
233 353
233 363
233 379
233 383
233 418
233 567
233 786
233 837
234 251
234 263
234 498
234 549
234 585
234 633
234 638
234 660
234 674
234 739
234 742
234 751
234 753
234 835
234 839
234 894
234 927
235 252
235 337
235 382
235 398
235 433
235 514
235 559
235 560
235 614
235 712
235 735
235 845
236 246
236 272
236 347
236 348
236 364
236 396
236 421
236 432
236 527
236 571
236 585
236 658
236 711
236 718
236 811
236 889
236 925
236 939
237 291
237 431
237 444
237 520
237 554
237 660
237 883
237 884
237 971
238 254
238 262
238 264
238 305
238 307
238 319
238 373
238 415
238 455
238 461
238 479
238 517
238 522
238 531
238 532
238 547
238 570
238 604
238 617
238 633
238 655
238 766
238 781
238 821
238 842
238 856
238 904
238 906
238 924
238 954
238 967
238 978
239 255
239 307
239 359
239 415
239 422
239 467
239 482
239 489
239 552
239 601
239 607
239 677
239 682
239 773
239 802
239 881
240 249
240 298
240 306
240 364
240 368
240 398
240 431
240 441
240 482
240 499
240 584
240 804
240 843
240 921
240 945
240 966
240 974
240 991
240 994
241 248
241 263
241 265
241 309
241 326
241 383
241 515
241 527
241 550
241 567
241 611
241 633
241 637
241 660
241 674
241 680
241 694
241 701
241 747
241 751
241 796
241 803
241 834
241 996
242 273
242 286
242 322
242 339
242 364
242 378
242 420
242 506
242 521
242 523
242 599
242 717
242 738
242 873
242 889
243 253
243 278
243 355
243 418
243 450
243 475
243 525
243 528
243 532
243 538
243 709
243 713
243 754
243 760
243 790
243 862
243 863
243 887
243 929
243 984
244 276
244 284
244 304
244 350
244 376
244 529
244 552
244 604
244 625
244 648
244 669
244 698
244 751
244 768
244 797
244 839
244 872
244 873
244 891
244 908
245 249
245 251
245 264
245 339
245 455
245 510
245 591
245 705
245 726
245 776
245 884
245 907
245 913
245 936
246 348
246 395
246 396
246 406
246 437
246 518
246 571
246 635
246 668
246 753
246 821
246 848
246 904
246 922
247 320
247 474
247 554
247 569
247 581
247 796
247 844
247 911
247 963
248 249
248 379
248 646
248 660
248 674
248 712
248 742
248 830
248 834
248 835
248 862
248 901
248 996
249 275
249 289
249 309
249 376
249 392
249 402
249 422
249 431
249 535
249 583
249 586
249 617
249 667
249 698
249 737
249 762
249 793
249 794
249 807
249 827
249 831
249 836
249 848
249 859
249 955
249 966
249 980
249 994
250 254
250 269
250 347
250 461
250 489
250 632
250 634
250 661
250 685
250 730
250 733
250 737
250 759
250 801
250 854
250 877
250 924
250 978
251 264
251 324
251 373
251 387
251 445
251 446
251 457
251 509
251 615
251 618
251 626
251 731
251 776
251 780
251 834
251 884
251 894
251 982
252 266
252 267
252 268
252 278
252 286
252 322
252 387
252 480
252 514
252 526
252 536
252 584
252 589
252 614
252 667
252 684
252 712
252 735
252 756
252 780
252 803
252 840
252 887
252 940
252 975
252 991
253 256
253 265
253 298
253 330
253 354
253 355
253 360
253 394
253 427
253 462
253 475
253 493
253 494
253 511
253 516
253 525
253 608
253 609
253 624
253 628
253 703
253 754
253 760
253 770
253 790
253 862
253 863
253 869
253 870
253 882
253 890
253 905
253 929
253 936
253 962
254 265
254 310
254 319
254 328
254 382
254 385
254 421
254 428
254 449
254 456
254 479
254 523
254 532
254 543
254 549
254 553
254 602
254 607
254 616
254 655
254 656
254 695
254 713
254 744
254 752
254 785
254 809
254 819
254 827
254 838
254 842
254 877
254 897
254 954
254 955
254 974
255 258
255 260
255 261
255 267
255 280
255 311
255 321
255 330
255 350
255 359
255 385
255 401
255 407
255 438
255 467
255 476
255 482
255 490
255 493
255 508
255 524
255 528
255 538
255 555
255 564
255 571
255 593
255 594
255 601
255 607
255 631
255 673
255 716
255 723
255 725
255 755
255 856
255 881
255 1000
256 375
256 385
256 624
256 760
256 786
256 814
256 862
256 869
256 929
257 348
257 360
257 375
257 396
257 435
257 527
257 561
257 635
257 653
257 658
257 730
257 744
257 753
257 775
257 803
257 821
258 260
258 267
258 294
258 359
258 385
258 386
258 411
258 438
258 484
258 508
258 509
258 522
258 538
258 560
258 594
258 601
258 605
258 607
258 673
258 719
258 721
258 784
258 793
258 798
258 858
258 880
258 881
258 953
258 963
258 992
259 265
259 323
259 329
259 333
259 383
259 558
259 581
259 597
259 801
259 837
259 867
259 870
259 889
259 894
259 906
259 927
259 938
259 957
260 267
260 298
260 359
260 386
260 401
260 441
260 508
260 538
260 555
260 588
260 601
260 653
260 837
260 858
261 267
261 330
261 350
261 359
261 400
261 407
261 421
261 449
261 524
261 545
261 673
261 723
261 949
261 975
261 992
262 279
262 298
262 339
262 346
262 362
262 364
262 366
262 414
262 523
262 552
262 599
262 609
262 616
262 699
262 876
262 895
262 912
263 298
263 326
263 379
263 567
263 593
263 633
263 646
263 674
263 726
263 763
263 835
263 839
263 863
263 996
264 278
264 288
264 290
264 329
264 380
264 441
264 505
264 583
264 611
264 612
264 618
264 621
264 653
264 705
264 726
264 739
264 773
264 776
264 877
264 884
264 899
264 952
264 968
264 997
265 282
265 298
265 358
265 436
265 520
265 594
265 655
265 663
265 838
265 859
265 877
265 913
265 935
265 956
266 268
266 278
266 480
266 488
266 514
266 515
266 517
266 536
266 544
266 558
266 559
266 589
266 600
266 608
266 614
266 674
266 756
266 803
266 845
266 848
266 890
266 919
266 939
266 947
266 991
267 280
267 294
267 296
267 311
267 335
267 345
267 359
267 386
267 401
267 427
267 429
267 432
267 447
267 467
267 476
267 482
267 508
267 520
267 522
267 594
267 601
267 607
267 631
267 711
267 740
267 755
267 773
267 809
267 842
267 881
267 919
267 981
267 992
268 316
268 321
268 368
268 518
268 665
268 723
268 816
268 838
268 908
269 301
269 316
269 338
269 343
269 388
269 426
269 444
269 446
269 505
269 543
269 546
269 552
269 554
269 687
269 791
269 844
269 956
270 332
270 339
270 352
270 372
270 408
270 435
270 466
270 473
270 541
270 672
270 783
270 789
270 822
270 907
270 919
270 943
270 948
270 957
270 976
270 998
271 344
271 404
271 422
271 450
271 484
271 486
271 589
271 602
271 657
271 716
271 720
271 809
271 845
271 875
271 899
272 308
272 348
272 358
272 369
272 375
272 396
272 527
272 626
272 811
272 826
272 835
272 873
272 922
272 936
273 285
273 294
273 346
273 384
273 441
273 466
273 511
273 526
273 591
273 647
273 656
273 662
273 705
273 737
273 775
273 795
273 811
273 876
273 915
273 924
274 276
274 285
274 376
274 444
274 482
274 496
274 543
274 638
274 648
274 669
274 703
274 782
274 805
274 857
274 891
274 892
274 900
274 908
275 460
275 470
275 520
275 549
275 655
275 738
275 785
275 838
275 925
275 930
275 955
276 299
276 318
276 376
276 397
276 417
276 462
276 496
276 503
276 529
276 576
276 586
276 596
276 612
276 625
276 637
276 648
276 650
276 669
276 675
276 751
276 768
276 782
276 802
276 805
276 845
276 860
276 867
276 878
276 891
276 900
276 908
276 910
276 913
276 934
276 964
276 987
277 348
277 369
277 387
277 445
277 481
277 527
277 571
277 588
277 601
277 615
277 658
277 686
277 753
277 789
277 832
277 920
278 282
278 302
278 480
278 540
278 623
278 787
278 794
278 845
278 926
278 949
278 975
279 325
279 339
279 346
279 366
279 464
279 475
279 482
279 495
279 519
279 521
279 552
279 598
279 659
279 663
279 673
279 675
279 683
279 704
279 715
279 717
279 718
279 820
279 940
279 970
279 991
280 357
280 374
280 390
280 467
280 471
280 594
280 601
280 625
280 635
280 744
280 828
280 858
280 910
280 992
281 344
281 345
281 350
281 429
281 594
281 596
281 614
281 649
281 652
281 657
281 670
281 672
281 715
281 740
281 806
281 832
282 284
282 307
282 330
282 358
282 415
282 428
282 477
282 479
282 517
282 523
282 531
282 539
282 543
282 547
282 550
282 551
282 564
282 582
282 593
282 599
282 616
282 617
282 647
282 661
282 663
282 694
282 706
282 750
282 781
282 785
282 790
282 798
282 829
282 850
282 922
282 924
282 928
282 930
282 938
283 285
283 412
283 419
283 420
283 601
283 627
283 633
283 686
283 706
283 734
283 807
283 822
283 842
283 856
283 903
283 916
283 945
283 975
284 300
284 397
284 409
284 473
284 648
284 690
284 738
284 751
284 782
284 805
284 828
284 847
284 860
284 883
284 900
285 294
285 297
285 304
285 314
285 337
285 363
285 412
285 438
285 504
285 539
285 616
285 667
285 668
285 686
285 725
285 746
285 748
285 749
285 792
285 796
285 799
285 812
285 839
285 881
285 888
285 901
285 911
285 930
285 932
285 942
285 962
286 322
286 346
286 357
286 362
286 366
286 433
286 437
286 462
286 499
286 519
286 576
286 609
286 613
286 643
286 661
286 663
286 664
286 677
286 693
286 717
286 718
286 741
286 779
286 808
286 841
286 912
287 322
287 326
287 379
287 515
287 545
287 613
287 633
287 659
287 671
287 741
287 742
287 763
287 790
287 830
287 834
287 835
287 839
287 873
287 903
287 978
288 290
288 324
288 373
288 448
288 487
288 491
288 503
288 697
288 726
288 731
288 776
288 804
288 840
288 926
288 974
289 341
289 435
289 460
289 485
289 678
289 736
289 794
289 854
289 859
289 869
289 907
289 935
289 945
289 960
290 373
290 491
290 501
290 504
290 540
290 549
290 588
290 611
290 731
290 753
290 775
290 780
290 859
290 867
290 919
290 930
291 303
291 338
291 339
291 342
291 374
291 409
291 447
291 453
291 454
291 459
291 512
291 515
291 535
291 540
291 541
291 565
291 568
291 595
291 603
291 639
291 668
291 691
291 744
291 752
291 813
291 826
291 927
291 939
291 951
291 969
291 982
292 310
292 330
292 331
292 376
292 384
292 399
292 421
292 442
292 474
292 500
292 550
292 559
292 632
292 637
292 679
292 707
292 756
292 805
292 892
292 896
292 944
292 948
292 982
293 325
293 360
293 362
293 396
293 425
293 458
293 462
293 497
293 561
293 599
293 619
293 663
293 700
293 702
293 718
293 734
293 741
293 748
293 771
293 791
293 802
293 808
293 820
293 912
293 921
293 966
293 985
293 989
294 300
294 324
294 337
294 437
294 441
294 513
294 534
294 539
294 667
294 668
294 709
294 713
294 746
294 777
294 822
294 847
294 883
294 898
294 933
294 944
295 332
295 337
295 421
295 506
295 533
295 739
295 866
295 902
295 917
295 919
295 990
296 359
296 556
296 566
296 578
296 644
296 678
296 679
296 733
296 770
296 837
297 317
297 337
297 356
297 365
297 408
297 419
297 424
297 450
297 548
297 654
297 686
297 711
297 713
297 731
297 774
297 792
297 841
297 900
297 916
297 929
297 986
298 308
298 319
298 350
298 417
298 431
298 442
298 567
298 601
298 608
298 670
298 682
298 684
298 778
298 794
298 811
298 812
298 848
298 859
298 895
298 935
298 966
299 304
299 351
299 669
299 805
299 843
299 900
299 908
299 945
299 964
299 982
299 989
300 341
300 352
300 356
300 412
300 419
300 440
300 449
300 539
300 547
300 581
300 587
300 621
300 654
300 668
300 671
300 675
300 711
300 749
300 769
300 772
300 777
300 784
300 800
300 840
300 888
300 898
300 933
301 338
301 343
301 404
301 426
301 546
301 634
301 639
301 745
301 844
301 947
302 383
302 443
302 466
302 467
302 480
302 536
302 544
302 559
302 560
302 592
302 614
302 627
302 651
302 665
302 712
302 735
302 787
302 817
302 823
302 828
302 922
302 928
302 940
302 960
302 975
302 991
302 1000
303 305
303 342
303 392
303 444
303 454
303 459
303 535
303 541
303 565
303 582
303 590
303 603
303 630
303 739
303 808
303 818
303 826
303 835
303 891
303 933
303 962
303 982
304 320
304 412
304 494
304 503
304 529
304 532
304 541
304 625
304 648
304 656
304 669
304 747
304 782
304 805
304 878
304 900
304 913
304 964
305 354
305 358
305 382
305 464
305 549
305 617
305 618
305 655
305 746
305 785
305 796
305 842
305 903
305 923
306 386
306 422
306 447
306 546
306 656
306 657
306 684
306 793
306 795
306 859
306 945
306 954
306 960
307 319
307 332
307 351
307 390
307 415
307 456
307 499
307 520
307 620
307 655
307 713
307 738
307 751
307 798
307 877
307 882
308 325
308 375
308 396
308 447
308 564
308 713
308 775
308 790
308 808
309 345
309 530
309 561
309 572
309 592
309 643
309 858
309 952
310 354
310 378
310 399
310 463
310 467
310 482
310 537
310 557
310 572
310 630
310 653
310 694
310 707
310 734
310 740
310 745
310 784
310 815
310 838
310 874
310 896
310 920
310 944
310 946
310 949
310 950
310 966
311 359
311 386
311 407
311 595
311 601
311 848
311 863
311 879
311 881
311 912
312 408
312 479
312 489
312 558
312 637
312 673
312 701
312 708
312 738
312 832
312 844
312 846
312 856
312 919
312 928
312 962
312 972
312 982
313 329
313 363
313 491
313 580
313 581
313 588
313 660
313 732
313 734
313 764
313 837
313 838
313 888
313 906
313 913
314 327
314 331
314 361
314 363
314 393
314 425
314 430
314 434
314 453
314 457
314 463
314 471
314 580
314 595
314 620
314 636
314 640
314 664
314 686
314 758
314 837
314 850
314 857
314 875
314 906
314 956
314 991
314 996
315 339
315 349
315 484
315 589
315 620
315 676
315 682
315 738
315 764
315 773
315 846
315 941
315 998
316 338
316 426
316 444
316 527
316 546
316 554
316 618
316 630
316 666
316 674
316 886
317 362
317 616
317 622
317 654
317 667
317 718
317 725
317 744
317 901
317 919
317 947
318 352
318 372
318 389
318 410
318 432
318 449
318 784
318 791
318 863
318 901
319 404
319 465
319 532
319 543
319 549
319 600
319 607
319 628
319 854
319 860
319 876
319 928
319 940
319 953
319 960
319 978
320 517
320 605
320 676
320 706
320 721
320 738
320 760
320 881
320 882
320 936
320 988
320 993
320 998
321 449
321 452
321 671
321 709
321 711
321 760
321 772
321 777
321 784
321 790
321 807
321 840
321 869
321 884
321 910
321 922
321 933
321 956
322 325
322 357
322 366
322 497
322 509
322 564
322 581
322 590
322 609
322 611
322 649
322 659
322 700
322 714
322 715
322 717
322 718
322 796
322 827
322 881
322 912
323 381
323 431
323 599
323 602
323 698
323 705
323 736
323 774
323 796
323 814
323 851
323 859
323 935
323 974
323 985
324 371
324 390
324 398
324 466
324 476
324 492
324 501
324 526
324 591
324 631
324 645
324 658
324 662
324 710
324 728
324 737
324 751
324 801
324 832
324 861
324 868
324 876
324 987
324 990
325 360
325 362
325 413
325 414
325 428
325 510
325 518
325 519
325 599
325 609
325 697
325 717
325 748
325 765
325 797
325 820
325 831
325 881
325 912
326 350
326 379
326 503
326 511
326 523
326 529
326 563
326 567
326 601
326 646
326 666
326 668
326 674
326 743
326 757
326 834
326 835
326 839
326 940
326 981
327 430
327 457
327 567
327 588
327 589
327 612
327 620
327 703
327 729
327 769
327 784
327 824
327 852
327 866
327 881
327 977
328 339
328 364
328 519
328 523
328 598
328 599
328 609
328 675
328 697
328 715
328 771
328 794
328 951
329 330
329 331
329 347
329 383
329 413
329 452
329 457
329 569
329 588
329 784
329 852
329 889
329 906
329 999
330 340
330 377
330 378
330 401
330 421
330 442
330 460
330 463
330 474
330 537
330 550
330 630
330 632
330 637
330 641
330 679
330 689
330 694
330 707
330 734
330 794
330 830
330 856
330 870
330 896
330 897
330 901
330 920
330 946
330 950
331 361
331 363
331 383
331 391
331 430
331 453
331 468
331 523
331 588
331 620
331 669
331 715
331 804
331 811
331 837
331 852
331 879
331 906
331 919
331 986
332 340
332 408
332 435
332 516
332 533
332 558
332 559
332 567
332 589
332 594
332 844
332 846
332 847
332 852
332 856
332 902
332 904
332 907
332 917
332 919
332 937
332 943
332 962
332 969
332 976
333 344
333 353
333 390
333 404
333 427
333 494
333 513
333 584
333 644
333 678
333 729
333 809
333 829
333 875
333 973
334 386
334 420
334 460
334 554
334 556
334 566
334 644
334 656
334 678
334 681
334 733
334 860
334 885
335 364
335 366
335 379
335 599
335 646
335 664
335 700
335 748
335 751
335 779
335 800
335 820
335 835
335 855
335 869
335 885
335 985
336 403
336 452
336 454
336 480
336 510
336 709
336 711
336 772
336 781
336 784
336 811
336 901
336 942
336 950
336 986
337 341
337 372
337 572
337 588
337 610
337 644
337 668
337 725
337 784
337 817
337 866
337 887
337 942
337 966
338 426
338 444
338 468
338 531
338 546
338 551
338 554
338 558
338 579
338 622
338 644
338 646
338 651
338 688
338 703
338 742
338 842
338 947
338 963
339 346
339 357
339 360
339 414
339 451
339 475
339 519
339 609
339 646
339 675
339 699
339 718
339 741
339 748
339 791
339 827
339 834
339 847
339 887
339 910
339 912
339 945
339 951
339 969
340 409
340 411
340 437
340 454
340 548
340 575
340 693
340 708
340 785
340 815
340 839
340 872
340 911
340 958
340 959
340 978
341 352
341 449
341 531
341 606
341 626
341 725
341 760
341 784
341 869
341 885
341 898
341 901
341 972
341 997
342 400
342 468
342 519
342 568
342 579
342 761
342 772
342 817
342 877
342 932
342 939
342 966
342 982
343 444
343 495
343 546
343 569
343 586
343 617
343 650
343 651
343 688
343 764
343 866
343 906
343 963
343 972
343 991
344 353
344 367
344 388
344 390
344 404
344 468
344 471
344 484
344 486
344 513
344 516
344 530
344 602
344 652
344 691
344 714
344 720
344 729
344 739
344 752
344 809
344 875
344 928
344 957
344 960
344 973
344 974
344 991
345 379
345 419
345 429
345 581
345 583
345 615
345 623
345 652
345 670
345 800
345 806
345 821
346 349
346 357
346 360
346 370
346 405
346 421
346 432
346 433
346 552
346 588
346 599
346 609
346 618
346 619
346 656
346 681
346 686
346 699
346 704
346 717
346 741
346 765
346 791
346 798
346 855
346 907
346 912
346 957
346 985
346 989
347 348
347 375
347 396
347 402
347 410
347 517
347 621
347 702
347 775
347 807
347 882
347 884
347 972
348 369
348 375
348 466
348 524
348 527
348 571
348 587
348 621
348 635
348 637
348 658
348 755
348 787
348 847
348 931
349 362
349 379
349 415
349 434
349 543
349 659
349 678
349 687
349 794
349 861
349 927
350 370
350 383
350 385
350 400
350 429
350 448
350 486
350 496
350 572
350 596
350 610
350 652
350 660
350 670
350 672
350 716
350 800
350 826
350 832
350 959
350 971
350 975
351 361
351 378
351 383
351 399
351 431
351 510
351 588
351 718
351 785
351 819
351 837
351 912
351 993
352 356
352 381
352 410
352 424
352 438
352 439
352 445
352 449
352 500
352 504
352 513
352 534
352 539
352 581
352 667
352 713
352 737
352 776
352 777
352 784
352 844
352 904
352 926
352 942
352 945
352 972
353 367
353 381
353 390
353 404
353 471
353 484
353 486
353 513
353 516
353 530
353 589
353 602
353 626
353 645
353 664
353 690
353 694
353 720
353 829
353 844
353 875
353 932
353 970
353 973
353 974
354 373
354 405
354 525
354 760
354 809
354 862
354 863
354 903
354 919
354 991
355 408
355 428
355 430
355 447
355 680
355 785
355 805
355 818
355 830
355 862
355 869
355 883
355 890
355 903
355 905
356 412
356 449
356 539
356 667
356 681
356 699
356 713
356 741
356 942
356 986
357 387
357 586
357 598
357 599
357 633
357 677
357 699
357 701
357 704
357 718
357 733
357 741
357 802
358 533
358 553
358 561
358 590
358 616
358 655
358 663
358 807
358 838
358 877
358 978
358 987
359 407
359 467
359 473
359 476
359 482
359 508
359 522
359 524
359 538
359 559
359 571
359 593
359 596
359 601
359 631
359 673
359 687
359 702
359 773
359 812
359 876
359 878
359 899
359 940
359 948
359 992
359 997
360 364
360 374
360 383
360 413
360 517
360 523
360 531
360 552
360 598
360 605
360 609
360 771
360 894
360 902
361 387
361 535
361 580
361 620
361 694
361 807
361 852
362 364
362 414
362 417
362 523
362 543
362 554
362 599
362 699
362 715
362 743
362 748
362 820
362 839
362 887
362 893
362 900
362 957
363 383
363 425
363 441
363 463
363 530
363 588
363 620
363 634
363 640
363 678
363 713
363 714
363 747
363 771
363 794
363 863
363 996
364 383
364 391
364 413
364 433
364 464
364 479
364 507
364 521
364 552
364 586
364 598
364 609
364 619
364 683
364 699
364 704
364 707
364 714
364 715
364 717
364 726
364 741
364 771
364 781
364 791
364 802
364 808
364 833
364 841
364 855
364 955
364 979
364 981
364 985
364 989
365 438
365 442
365 567
365 654
365 784
365 821
365 864
365 880
365 933
366 454
366 462
366 466
366 497
366 500
366 519
366 552
366 561
366 599
366 609
366 684
366 732
366 771
366 779
366 821
366 828
366 912
366 956
367 390
367 456
367 471
367 495
367 513
367 530
367 668
367 729
367 784
367 809
367 901
367 974
368 375
368 407
368 450
368 510
368 521
368 562
368 577
368 597
368 628
368 697
368 705
368 794
368 848
368 851
368 872
368 933
369 375
369 396
369 437
369 441
369 527
369 567
369 571
369 600
369 621
369 686
369 720
369 730
369 775
369 789
370 444
370 576
370 625
370 648
370 649
370 726
370 760
370 782
370 805
370 825
370 835
370 892
370 908
370 913
370 922
370 930
371 591
371 662
371 719
371 728
371 742
371 866
371 873
371 925
371 971
371 987
371 990
372 435
372 618
372 713
372 724
372 746
372 901
373 455
373 478
373 505
373 510
373 611
373 653
373 663
373 705
373 724
373 726
373 766
373 780
373 840
373 871
373 880
373 884
373 916
373 926
373 968
373 987
373 992
373 998
374 398
374 420
374 540
374 632
374 743
374 783
374 846
374 918
374 939
374 982
375 396
375 398
375 527
375 534
375 568
375 571
375 572
375 635
375 753
375 775
375 795
375 811
375 817
375 839
375 871
375 938
375 965
376 409
376 487
376 496
376 553
376 576
376 648
376 703
376 706
376 751
376 846
376 908
377 399
377 414
377 420
377 421
377 474
377 504
377 557
377 586
377 595
377 612
377 630
377 632
377 637
377 641
377 665
377 719
377 729
377 769
377 846
377 891
377 949
378 395
378 442
378 557
378 630
378 677
378 740
378 892
378 950
378 999
379 431
379 609
379 633
379 665
379 674
379 739
379 742
379 757
379 761
379 834
379 835
379 839
379 943
379 960
379 996
380 449
380 492
380 569
380 656
380 724
380 776
380 833
380 884
380 908
381 403
381 442
381 470
381 518
381 629
381 641
381 712
381 735
381 866
381 923
381 993
382 470
382 488
382 532
382 543
382 581
382 702
382 711
382 793
382 798
382 877
382 925
382 984
383 409
383 420
383 425
383 430
383 453
383 457
383 525
383 580
383 581
383 588
383 592
383 620
383 640
383 649
383 708
383 719
383 747
383 789
383 806
383 833
383 837
383 850
383 879
383 889
383 923
383 963
383 977
383 983
384 442
384 455
384 550
384 557
384 665
384 694
384 710
384 717
384 734
384 769
384 896
384 923
384 997
385 401
385 467
385 538
385 601
385 607
385 930
385 966
385 974
386 407
386 450
386 467
386 476
386 490
386 522
386 524
386 538
386 565
386 594
386 607
386 631
386 681
386 682
386 773
386 779
386 846
386 858
386 881
386 899
386 953
387 567
387 585
387 633
387 638
387 646
387 674
387 742
387 783
387 835
387 839
387 964
387 996
388 471
388 484
388 513
388 530
388 552
388 671
388 675
388 740
388 781
388 809
388 944
389 410
389 416
389 449
389 520
389 539
389 606
389 749
389 768
389 772
389 784
389 838
389 844
389 870
389 966
390 404
390 481
390 486
390 513
390 530
390 589
390 664
390 720
390 734
390 809
390 813
390 912
390 973
390 974
390 976
391 470
391 518
391 591
391 601
391 637
391 742
391 812
391 866
391 991
391 993
392 481
392 485
392 562
392 577
392 659
392 794
392 836
392 859
392 922
392 935
392 966
393 510
393 547
393 599
393 612
393 616
393 630
393 814
393 876
393 877
393 896
393 926
394 412
394 437
394 439
394 445
394 471
394 527
394 593
394 641
394 654
394 686
394 709
394 772
394 840
394 880
394 914
394 925
394 928
395 509
395 527
395 554
395 633
395 635
395 656
395 658
395 775
395 811
395 897
396 434
396 509
396 522
396 527
396 554
396 555
396 559
396 571
396 635
396 658
396 734
396 753
396 789
396 952
396 966
397 528
397 608
397 650
397 713
397 726
397 751
397 768
397 782
397 805
397 888
397 900
397 908
397 913
397 966
398 406
398 416
398 434
398 450
398 501
398 552
398 577
398 583
398 743
398 786
398 790
398 793
398 794
398 819
398 831
398 841
398 848
398 851
398 859
398 872
398 895
398 955
398 956
398 966
398 980
399 442
399 463
399 537
399 613
399 620
399 630
399 635
399 637
399 719
399 726
399 739
399 743
399 817
399 896
399 912
399 944
400 472
400 596
400 608
400 652
400 655
400 794
400 837
400 900
400 924
400 987
400 995
401 456
401 461
401 476
401 520
401 522
401 607
401 723
401 773
401 823
401 881
401 888
401 986
402 485
402 539
402 562
402 615
402 684
402 770
402 780
402 848
402 852
402 859
402 960
402 986
403 408
403 411
403 432
403 441
403 447
403 467
403 470
403 478
403 489
403 495
403 502
403 506
403 514
403 518
403 587
403 616
403 623
403 629
403 692
403 722
403 746
403 756
403 791
403 797
403 866
403 886
403 921
403 925
403 931
404 513
404 515
404 558
404 589
404 602
404 614
404 662
404 664
404 729
404 870
404 875
404 878
404 928
404 972
404 974
404 981
405 427
405 517
405 525
405 624
405 680
405 754
405 760
405 862
405 883
405 903
405 916
406 474
406 512
406 538
406 615
406 715
406 818
406 859
406 876
406 882
407 415
407 467
407 504
407 553
407 594
407 607
407 723
407 773
407 881
407 929
407 974
407 988
408 413
408 435
408 533
408 558
408 611
408 805
408 856
408 896
408 902
408 907
408 917
408 919
408 937
408 943
408 962
408 966
408 987
408 990
408 992
408 995
409 603
409 648
409 650
409 713
409 782
409 805
409 840
409 895
409 900
409 964
409 996
410 424
410 431
410 449
410 464
410 479
410 520
410 553
410 559
410 654
410 667
410 686
410 746
410 774
410 784
410 822
410 829
410 863
410 888
410 901
410 942
410 946
410 961
410 972
410 980
410 981
410 986
411 423
411 444
411 548
411 560
411 575
411 583
411 590
411 609
411 731
411 788
411 857
412 424
412 437
412 444
412 449
412 462
412 537
412 539
412 601
412 629
412 645
412 679
412 725
412 746
412 793
412 835
412 840
412 901
412 913
412 956
412 972
412 986
413 414
413 483
413 514
413 521
413 528
413 552
413 609
413 675
413 717
413 718
413 791
413 833
413 866
413 1000
414 480
414 497
414 519
414 561
414 598
414 599
414 704
414 713
414 717
414 741
414 756
414 779
414 791
414 807
414 956
414 978
414 979
415 428
415 511
415 549
415 777
415 796
416 663
416 851
416 871
416 877
416 918
417 444
417 608
417 620
417 681
417 794
417 960
418 427
418 528
418 546
418 624
418 628
418 677
418 760
418 853
418 862
418 869
418 984
419 440
419 449
419 490
419 668
419 671
419 807
419 822
419 864
419 920
419 933
419 940
420 423
420 427
420 556
420 566
420 574
420 578
420 599
420 644
420 656
420 678
420 681
420 695
420 703
420 713
420 733
420 845
420 919
421 427
421 442
421 449
421 550
421 557
421 613
421 637
421 660
421 665
421 677
421 679
421 694
421 707
421 719
421 734
421 738
421 740
421 745
421 772
421 782
421 798
421 818
421 820
421 874
421 877
421 881
421 897
421 914
421 920
421 944
421 946
421 948
421 950
421 997
421 999
422 429
422 431
422 445
422 490
422 499
422 527
422 534
422 583
422 659
422 684
422 736
422 768
422 792
422 794
422 799
422 859
422 882
422 956
422 958
423 473
423 487
423 574
423 644
423 656
423 678
423 733
423 753
423 906
423 926
423 973
424 514
424 606
424 637
424 713
424 777
424 784
424 795
424 807
424 933
424 967
424 972
425 457
425 517
425 581
425 620
425 722
425 760
425 802
425 807
425 837
425 865
425 872
425 880
425 901
425 903
425 911
425 983
426 444
426 463
426 546
426 554
426 562
426 594
426 609
426 622
426 793
426 823
426 844
426 925
426 968
427 475
427 507
427 608
427 624
427 628
427 630
427 641
427 754
427 770
427 790
427 820
427 869
427 881
427 984
428 475
428 549
428 564
428 616
428 744
428 785
428 810
428 823
428 838
428 841
428 922
428 923
428 925
428 930
429 542
429 599
429 610
429 630
429 652
429 668
429 670
429 806
429 832
429 993
430 453
430 457
430 462
430 569
430 581
430 593
430 705
430 711
430 743
430 852
430 867
431 485
431 487
431 495
431 512
431 577
431 618
431 639
431 698
431 777
431 794
431 805
431 859
431 882
431 889
431 907
431 935
431 955
431 956
431 970
431 977
431 979
431 980
431 994
432 458
432 481
432 543
432 570
432 586
432 589
432 605
432 606
432 616
432 617
432 655
432 736
432 752
432 798
432 819
432 838
432 889
432 922
432 925
432 930
432 954
433 523
433 552
433 557
433 599
433 623
433 655
433 683
433 834
433 912
433 977
434 440
434 485
434 499
434 591
434 631
434 758
434 784
434 814
434 882
434 910
434 963
435 472
435 473
435 533
435 558
435 630
435 678
435 685
435 701
435 703
435 719
435 752
435 783
435 786
435 846
435 847
435 850
435 856
435 890
435 902
435 907
435 919
435 935
435 937
435 943
435 962
435 976
435 997
436 517
436 551
436 561
436 676
436 706
436 736
436 800
436 896
436 931
436 934
436 953
437 504
437 540
437 586
437 593
437 606
437 611
437 643
437 654
437 671
437 711
437 784
437 807
437 826
437 864
437 888
437 927
437 942
437 943
437 988
438 445
438 475
438 482
438 580
438 596
438 632
438 784
438 803
438 807
438 901
438 933
438 938
438 994
439 449
439 630
439 654
439 713
439 784
439 920
439 925
439 933
440 445
440 449
440 453
440 713
440 822
440 856
441 445
441 447
441 470
441 495
441 502
441 555
441 642
441 663
441 722
441 757
441 761
441 792
441 797
441 812
441 849
441 866
441 886
441 921
441 928
441 967
442 503
442 537
442 549
442 550
442 613
442 614
442 632
442 637
442 641
442 665
442 679
442 689
442 711
442 725
442 734
442 740
442 852
442 874
442 892
442 896
442 903
442 909
442 913
442 914
442 920
442 939
442 944
442 949
442 950
442 997
443 523
443 614
443 663
443 792
443 834
443 839
443 861
444 554
444 569
444 576
444 579
444 584
444 614
444 622
444 651
444 688
444 691
444 733
444 796
444 844
444 883
444 908
444 937
444 947
445 606
445 644
445 671
445 686
445 689
445 698
445 709
445 777
445 784
445 799
445 805
445 807
445 840
445 881
445 904
445 933
445 987
446 491
446 510
446 884
446 893
446 909
446 983
447 465
447 470
447 489
447 518
447 538
447 626
447 632
447 687
447 692
447 761
447 783
447 794
447 807
447 866
447 909
447 941
447 967
447 996
448 449
448 455
448 483
448 532
448 629
448 726
448 731
448 754
448 775
448 776
448 780
448 801
448 884
448 926
448 968
448 1000
449 452
449 465
449 485
449 497
449 539
449 542
449 549
449 558
449 606
449 668
449 690
449 707
449 709
449 713
449 739
449 746
449 749
449 774
449 864
449 880
449 888
449 986
449 991
450 512
450 632
450 656
450 684
450 699
450 807
450 848
450 926
451 465
451 560
451 566
451 594
451 655
451 705
451 726
451 727
451 785
451 798
451 812
451 854
451 872
451 924
451 929
452 458
452 520
452 594
452 668
452 709
452 711
452 770
452 773
452 784
452 887
452 888
452 898
452 919
452 932
452 940
452 960
452 963
452 972
453 581
453 600
453 652
453 694
453 837
453 906
453 926
454 518
454 535
454 540
454 563
454 565
454 691
454 729
454 818
454 819
454 826
454 939
454 982
455 503
455 510
455 617
455 678
455 726
455 731
455 776
455 839
455 951
456 485
456 520
456 574
456 588
456 616
456 711
456 730
456 785
456 795
456 800
456 925
457 562
457 597
457 630
457 636
457 640
457 643
457 649
457 691
457 735
457 746
457 747
457 764
457 769
457 847
457 872
457 879
457 906
457 913
457 977
458 520
458 535
458 594
458 661
458 796
458 838
458 921
458 922
459 523
459 568
459 653
459 670
459 826
459 932
459 939
459 975
459 982
459 997
460 463
460 550
460 557
460 625
460 630
460 665
460 679
460 692
460 694
460 734
460 740
460 769
460 875
460 896
460 926
460 929
460 993
461 474
461 484
461 785
461 796
461 803
461 838
461 859
461 877
462 523
462 554
462 599
462 704
462 717
462 957
462 997
463 469
463 520
463 534
463 537
463 550
463 557
463 575
463 625
463 630
463 632
463 641
463 655
463 665
463 679
463 713
463 734
463 742
463 780
463 872
463 928
463 930
463 948
463 950
463 997
463 999
463 1000
464 471
464 523
464 549
464 599
464 609
464 735
464 758
464 779
464 820
464 981
465 670
465 793
465 800
465 806
465 832
465 837
466 492
466 591
466 647
466 692
466 710
466 737
466 876
466 983
466 987
466 988
467 476
467 488
467 502
467 524
467 545
467 554
467 593
467 601
467 607
467 673
467 682
467 723
467 724
467 773
467 782
467 810
467 992
468 568
468 581
468 620
468 649
468 833
468 837
468 852
468 988
469 474
469 605
469 630
469 665
469 679
469 694
469 719
469 776
469 824
469 853
469 944
469 993
470 495
470 519
470 542
470 546
470 576
470 579
470 629
470 639
470 692
470 797
470 812
470 849
470 853
470 866
470 886
470 909
470 945
470 961
470 981
470 986
471 484
471 486
471 516
471 544
471 562
471 589
471 655
471 663
471 664
471 671
471 720
471 729
471 744
471 809
471 906
471 973
471 974
472 589
472 591
472 612
472 615
472 782
472 794
472 859
472 935
472 960
473 533
473 770
473 782
473 870
473 902
473 907
473 976
474 490
474 537
474 551
474 613
474 630
474 632
474 637
474 639
474 641
474 657
474 665
474 677
474 681
474 707
474 719
474 734
474 745
474 753
474 768
474 892
474 896
474 978
474 997
474 999
475 525
475 526
475 532
475 624
475 795
475 848
475 883
475 896
475 917
475 934
475 983
475 984
476 538
476 585
476 614
476 881
476 894
477 532
477 558
477 559
477 568
477 678
477 702
477 759
477 819
477 924
478 780
478 815
478 820
478 849
478 983
478 996
479 508
479 577
479 633
479 654
479 663
479 694
479 859
479 877
479 918
480 501
480 559
480 874
480 903
480 971
480 975
480 991
480 1000
481 543
481 616
481 633
481 680
481 795
481 922
482 501
482 514
482 601
482 607
482 682
482 683
482 723
482 742
482 881
482 944
483 491
483 611
483 667
483 671
483 713
483 726
483 731
483 829
483 838
483 926
484 513
484 530
484 546
484 645
484 664
484 720
484 729
484 772
484 792
484 857
484 875
484 876
484 973
484 974
485 533
485 605
485 615
485 791
485 859
485 920
485 938
485 960
486 513
486 557
486 585
486 621
486 710
486 720
486 729
486 742
486 781
486 809
486 875
486 881
486 890
486 904
486 944
486 973
487 550
487 607
487 794
487 859
487 956
487 966
488 611
488 612
488 726
488 827
488 849
488 870
488 900
489 495
489 502
489 506
489 522
489 542
489 623
489 629
489 636
489 638
489 642
489 704
489 726
489 740
489 744
489 745
489 760
489 761
489 797
489 812
489 849
489 886
489 961
490 594
490 673
490 795
490 903
490 913
490 923
490 993
491 509
491 673
491 682
491 731
491 804
491 871
491 947
491 951
491 997
492 501
492 526
492 554
492 623
492 662
492 669
492 801
492 861
492 876
492 929
492 990
493 525
493 608
493 628
493 691
493 717
493 754
493 760
493 790
493 861
493 881
493 883
493 890
493 929
493 992
493 994
494 509
494 607
494 611
494 726
494 731
494 871
494 881
494 884
494 890
495 642
495 687
495 761
495 798
495 812
495 831
495 849
495 853
495 864
495 993
496 503
496 533
496 549
496 558
496 576
496 625
496 654
496 768
496 883
496 900
496 908
496 922
496 933
496 964
497 609
497 620
497 633
497 683
497 704
497 717
497 770
498 567
498 585
498 648
498 676
498 834
498 945
499 512
499 583
499 659
499 684
499 686
499 754
499 835
499 854
499 859
499 903
499 918
499 931
499 935
499 945
499 966
500 512
500 598
500 599
500 619
500 697
500 699
500 725
500 912
500 932
501 581
501 591
501 610
501 647
501 676
501 719
501 817
501 837
501 840
501 861
501 915
501 922
501 987
501 990
502 529
502 556
502 587
502 706
502 803
502 812
502 815
502 835
503 529
503 543
503 596
503 648
503 650
503 669
503 780
503 856
503 930
504 511
504 539
504 668
504 737
504 799
504 807
504 816
504 842
504 853
504 880
504 942
505 510
505 534
505 539
505 568
505 662
505 726
505 763
505 777
505 780
505 796
505 884
505 892
505 926
505 950
506 543
506 561
506 629
506 674
506 730
506 849
506 856
506 866
506 879
506 993
507 525
507 528
507 604
507 760
507 770
507 774
507 790
507 862
507 883
507 890
507 929
507 984
508 594
508 601
508 763
508 798
508 817
508 858
508 881
509 510
509 517
509 521
509 582
509 747
509 761
509 830
509 884
509 892
509 951
510 618
510 724
510 726
510 727
510 736
510 784
510 813
510 821
510 857
510 922
510 968
510 971
511 566
511 590
511 601
511 608
511 624
511 628
511 684
511 729
511 770
511 778
511 870
511 984
512 577
512 668
512 684
512 762
512 775
512 780
512 793
512 849
512 851
512 882
512 974
513 589
513 602
513 615
513 617
513 742
513 796
513 875
513 973
513 974
514 544
514 559
514 560
514 577
514 614
514 741
514 817
514 845
514 971
514 975
514 991
515 538
515 542
515 552
515 617
515 646
515 728
515 729
515 819
515 835
515 996
516 525
516 589
516 648
516 664
516 723
516 725
516 831
516 942
516 973
517 561
517 592
517 601
517 605
517 614
517 634
517 639
517 676
517 696
517 706
517 712
517 721
517 823
517 838
517 851
517 856
517 931
517 934
517 936
517 941
517 953
517 958
517 982
518 538
518 567
518 593
518 617
518 623
518 642
518 687
518 692
518 761
518 849
518 860
518 863
518 866
518 974
518 993
518 994
519 521
519 599
519 619
519 634
519 692
519 715
519 718
519 779
519 820
519 912
519 971
520 532
520 643
520 646
520 655
520 663
520 685
520 702
520 718
520 745
520 750
520 766
520 774
520 813
520 814
520 842
520 899
520 924
520 925
520 930
520 995
521 523
521 552
521 598
521 609
521 612
521 704
521 714
521 715
521 732
521 779
521 791
521 796
521 837
521 887
521 889
521 912
521 922
522 593
522 676
522 682
522 859
522 881
522 895
522 932
522 935
522 992
523 598
523 601
523 619
523 662
523 683
523 684
523 714
523 726
523 732
523 791
523 802
523 808
523 820
523 937
523 957
523 981
524 683
524 709
524 714
524 723
524 790
524 955
525 579
525 624
525 628
525 644
525 712
525 746
525 754
525 770
525 862
525 883
525 890
525 905
526 591
526 596
526 601
526 655
526 710
526 728
526 826
526 834
526 868
526 876
526 971
526 976
526 989
527 561
527 616
527 658
527 734
527 793
527 811
527 935
528 680
528 703
528 790
528 873
528 883
528 966
528 984
529 648
529 650
529 669
529 778
529 805
529 817
529 826
529 900
529 901
529 908
530 581
530 589
530 664
530 702
530 744
530 809
530 857
530 900
530 973
531 548
531 555
531 570
531 655
531 668
531 796
531 819
531 838
531 922
531 924
531 925
531 965
531 975
531 986
532 551
532 553
532 570
532 578
532 586
532 618
532 652
532 655
532 672
532 685
532 752
532 766
532 796
532 829
532 841
532 842
532 846
532 850
532 877
532 925
532 933
532 945
532 958
532 965
532 979
532 983
533 558
533 563
533 573
533 581
533 604
533 628
533 701
533 809
533 844
533 856
533 866
533 907
533 912
533 917
533 919
533 937
533 943
533 976
533 994
534 724
534 772
534 818
534 826
534 866
534 896
534 906
534 922
534 987
534 993
535 580
535 603
535 691
535 794
535 826
535 939
535 963
535 982
536 544
536 600
536 605
536 614
536 627
536 735
536 762
536 792
536 800
536 823
536 835
536 837
536 862
536 975
536 982
537 630
537 632
537 657
537 685
537 694
537 719
537 734
537 740
537 802
537 831
537 842
537 918
537 920
537 939
537 949
537 997
538 545
538 556
538 582
538 616
538 680
538 791
538 805
538 859
538 881
538 988
539 573
539 588
539 589
539 606
539 647
539 648
539 667
539 711
539 746
539 757
539 772
539 774
539 784
539 792
539 794
539 799
539 822
539 831
539 837
539 864
539 887
539 898
539 910
539 921
539 922
539 934
539 956
539 972
539 986
540 543
540 563
540 650
540 818
540 826
540 939
540 982
541 565
541 568
541 606
541 682
541 696
541 813
541 826
541 883
541 927
541 939
541 982
542 559
542 618
542 670
542 782
542 792
542 797
542 846
542 849
542 866
542 878
542 993
543 547
543 553
543 570
543 597
543 610
543 655
543 733
543 739
543 750
543 781
543 792
543 793
543 838
543 842
543 877
543 918
543 922
543 979
544 559
544 571
544 614
544 627
544 677
544 735
544 845
544 885
544 935
544 940
544 960
544 968
544 975
544 978
544 991
544 1000
545 567
545 585
545 646
545 767
545 774
545 827
545 828
545 834
545 839
545 996
546 651
546 865
546 939
546 951
546 963
546 976
547 555
547 605
547 628
547 640
547 663
547 702
547 726
547 751
547 799
547 935
548 573
548 590
548 815
548 857
548 861
548 906
548 953
548 958
549 551
549 555
549 582
549 604
549 616
549 727
549 781
549 795
549 796
549 819
549 851
549 896
549 918
549 932
549 946
549 991
549 997
550 557
550 584
550 613
550 632
550 637
550 651
550 665
550 677
550 688
550 694
550 740
550 785
550 892
550 920
550 944
550 946
550 948
550 949
551 743
551 748
551 834
551 850
551 877
551 922
551 966
552 697
552 699
552 706
552 714
552 732
552 765
552 771
552 780
552 791
552 824
552 833
552 855
552 912
552 981
553 760
553 798
553 988
554 569
554 622
554 630
554 649
554 784
554 962
554 963
554 995
555 574
555 616
555 644
555 694
555 702
555 772
555 798
555 963
555 976
556 574
556 644
556 656
556 681
556 695
556 750
557 566
557 613
557 614
557 637
557 641
557 677
557 784
557 798
557 867
557 896
557 897
557 914
557 920
557 948
557 981
557 999
558 665
558 786
558 846
558 856
558 874
558 919
558 971
558 991
559 578
559 584
559 614
559 735
559 756
559 787
559 788
559 803
559 823
559 828
559 845
559 873
559 886
559 975
560 614
560 756
560 803
560 975
560 991
561 592
561 605
561 625
561 634
561 676
561 687
561 706
561 721
561 731
561 738
561 779
561 784
561 892
561 931
561 934
561 936
561 941
561 953
561 963
561 988
561 998
562 565
562 607
562 610
562 611
562 640
562 659
562 684
562 723
562 793
562 794
562 825
562 848
562 859
562 872
562 882
562 895
562 935
562 945
562 955
562 990
563 565
563 568
563 686
563 757
563 805
563 812
563 939
563 969
563 982
564 609
564 617
564 663
564 685
564 785
564 837
564 877
564 911
564 927
564 933
565 679
565 726
565 790
565 798
565 826
565 912
565 944
565 982
565 997
566 574
566 578
566 622
566 644
566 678
566 733
566 738
566 774
566 884
566 925
566 975
567 578
567 586
567 633
567 638
567 639
567 646
567 660
567 666
567 674
567 685
567 739
567 742
567 767
567 830
567 834
567 835
567 839
567 893
567 894
567 977
567 996
568 574
568 603
568 665
568 691
568 695
568 708
568 759
568 775
568 813
568 822
568 826
568 865
568 927
568 932
568 969
569 624
569 787
569 837
569 891
570 663
570 664
570 780
570 785
570 918
570 922
570 925
570 930
570 942
571 630
571 730
571 740
571 909
571 984
572 590
572 624
572 660
572 668
572 800
572 811
572 816
572 966
572 971
573 590
573 612
573 620
573 788
573 857
573 873
573 921
573 939
573 958
574 578
574 644
574 656
574 678
574 679
574 681
574 689
574 699
574 794
574 940
575 602
575 620
575 754
575 788
575 815
575 821
575 857
575 927
575 958
576 577
576 585
576 650
576 741
576 768
576 782
576 805
576 827
576 900
577 615
577 659
577 698
577 851
577 957
577 977
577 980
578 624
578 678
578 681
578 733
578 789
578 968
579 588
579 599
579 811
579 868
579 971
580 581
580 620
580 837
580 906
580 983
581 597
581 695
581 764
581 818
581 837
581 867
581 906
581 911
581 938
581 948
582 655
582 663
582 677
582 908
582 960
582 975
583 640
583 659
583 945
583 966
583 970
584 614
584 657
584 717
584 735
584 740
584 823
584 940
584 975
585 629
585 638
585 674
585 757
585 835
585 839
585 852
585 885
585 984
585 996
586 616
586 653
586 655
586 770
586 796
586 798
586 898
586 930
587 615
587 740
587 744
587 761
587 782
587 849
587 866
587 967
587 968
588 597
588 620
588 636
588 640
588 670
588 676
588 747
588 758
588 833
588 837
588 847
588 867
588 874
588 894
588 906
588 914
588 917
588 977
588 983
589 602
589 609
589 664
589 720
589 741
589 755
589 809
589 868
589 875
589 907
589 974
590 633
590 665
590 693
590 788
590 812
590 815
590 959
591 602
591 645
591 662
591 664
591 710
591 728
591 737
591 756
591 868
591 876
591 886
591 915
591 986
591 987
591 990
592 637
592 725
592 859
592 964
592 998
593 594
593 601
593 607
593 881
593 962
594 601
594 662
594 703
594 723
594 773
594 858
594 881
595 615
595 693
595 708
595 743
595 788
595 789
595 815
595 816
595 857
595 921
595 958
595 991
596 608
596 655
596 670
596 672
596 785
596 810
596 875
596 976
597 791
597 818
597 833
597 837
597 852
598 599
598 611
598 683
598 718
598 802
598 924
598 945
599 655
599 672
599 700
599 714
599 717
599 718
599 741
599 748
599 771
599 779
599 791
599 794
599 820
599 830
599 904
599 957
599 977
599 980
599 981
599 984
599 985
600 724
600 823
600 837
600 845
600 897
600 940
600 975
600 991
601 607
601 616
601 643
601 644
601 652
601 673
601 723
601 755
601 881
601 896
602 668
602 700
602 725
602 740
602 783
602 809
602 819
602 829
602 865
602 875
603 845
603 849
603 859
604 606
604 619
604 638
604 796
604 798
604 830
605 606
605 738
605 793
605 811
605 931
605 953
605 998
606 666
606 667
606 668
606 690
606 711
606 713
606 717
606 764
606 774
606 784
606 786
606 871
606 910
606 972
607 631
607 645
607 653
607 673
607 723
607 724
607 773
607 826
607 881
607 918
608 624
608 628
608 680
608 685
608 717
608 754
608 760
608 770
608 790
608 863
608 890
608 897
608 903
608 905
608 917
608 944
609 614
609 675
609 683
609 699
609 700
609 714
609 738
609 752
609 765
609 786
609 791
609 820
609 840
609 855
609 947
609 952
609 981
609 996
610 670
610 716
610 800
610 972
611 612
611 647
611 658
611 725
611 726
611 780
611 827
611 829
611 859
611 884
611 887
611 899
611 926
611 952
612 627
612 648
612 732
612 760
612 926
612 951
612 952
612 956
613 616
613 665
613 677
613 694
613 707
613 717
613 745
613 870
613 896
613 897
613 949
614 627
614 712
614 781
614 787
614 803
614 823
614 828
614 837
614 845
614 907
614 955
614 960
614 975
615 659
615 717
615 736
615 780
615 814
615 842
615 843
615 848
615 859
615 895
615 906
615 910
615 935
615 956
615 963
615 966
615 978
615 980
616 617
616 659
616 686
616 719
616 762
616 771
616 785
616 787
616 795
616 838
616 924
616 935
617 759
617 765
617 796
617 798
617 821
617 901
617 930
617 959
618 625
618 649
618 669
618 726
618 731
618 776
618 926
618 952
618 968
619 675
619 683
619 685
619 699
619 718
619 748
619 791
619 820
619 827
619 912
620 649
620 740
620 752
620 764
620 833
620 835
620 837
620 906
620 990
620 1000
621 775
621 789
621 970
622 637
622 645
622 651
622 688
622 762
622 844
622 854
622 944
622 963
623 692
623 722
623 797
623 812
623 844
623 849
623 866
623 911
624 628
624 648
624 680
624 733
624 748
624 754
624 770
624 775
624 789
624 790
624 862
624 869
624 870
624 890
624 903
624 905
624 924
624 929
624 934
624 984
625 630
625 633
625 648
625 650
625 664
625 669
625 678
625 690
625 704
625 805
625 862
625 878
625 908
625 920
626 646
626 667
626 731
626 736
626 753
626 884
626 926
626 952
626 973
627 655
627 726
627 773
627 785
627 817
627 835
627 845
627 975
627 991
628 667
628 754
628 760
628 790
628 840
628 845
628 877
628 883
628 889
628 903
628 905
628 906
628 924
629 687
629 806
629 812
629 826
629 838
629 866
629 901
629 944
629 968
629 993
630 632
630 637
630 640
630 646
630 677
630 679
630 689
630 692
630 694
630 707
630 732
630 733
630 734
630 735
630 798
630 825
630 892
630 897
630 914
630 944
630 946
630 948
630 954
630 997
631 674
631 881
632 657
632 665
632 679
632 689
632 694
632 707
632 734
632 767
632 769
632 847
632 874
632 896
632 897
632 907
632 937
632 944
632 946
632 948
632 950
632 993
632 997
632 999
633 642
633 674
633 704
633 726
633 767
633 785
633 830
633 835
633 839
633 885
633 893
633 996
634 676
634 738
634 829
634 953
634 978
635 667
635 826
635 836
636 656
636 769
636 837
636 852
636 866
636 930
636 965
637 657
637 665
637 679
637 719
637 748
637 769
637 816
637 874
637 920
637 931
637 944
637 948
637 949
637 950
637 997
637 999
638 674
638 700
638 834
638 835
638 839
639 706
639 708
639 738
639 776
639 848
639 953
640 712
640 713
640 810
640 833
640 837
640 852
640 906
640 921
641 665
641 677
641 738
641 740
641 864
641 896
641 914
641 926
641 975
642 722
642 812
642 849
642 879
642 886
642 944
642 969
642 991
642 997
643 796
643 918
643 925
643 948
644 656
644 678
644 681
644 695
644 733
644 821
644 873
644 993
645 671
645 787
645 919
645 928
645 945
645 987
646 666
646 739
646 745
646 767
646 835
646 839
646 893
646 902
646 965
647 662
647 728
647 830
647 868
647 886
647 902
647 915
647 958
647 987
648 650
648 717
648 740
648 751
648 768
648 782
648 805
648 810
648 870
648 878
648 908
648 913
648 964
648 973
649 705
649 747
649 825
649 837
649 852
649 889
649 906
649 977
649 1000
650 669
650 739
650 767
650 782
650 861
650 904
650 964
651 687
651 850
651 917
651 947
651 963
651 988
652 731
652 745
652 786
652 789
652 800
652 806
652 912
652 995
653 679
653 683
653 869
653 884
653 915
653 926
653 951
654 709
654 711
654 713
654 732
654 777
654 872
654 888
654 908
654 916
654 929
654 933
655 663
655 667
655 727
655 751
655 821
655 838
655 874
655 877
655 922
655 928
655 930
655 978
655 979
656 678
656 681
656 695
656 708
656 733
656 831
656 938
657 677
657 679
657 694
657 707
657 719
657 740
657 917
658 717
658 730
658 808
658 813
658 830
658 957
658 976
659 698
659 740
659 748
659 793
659 814
659 843
659 851
659 859
659 872
659 945
659 955
660 674
660 824
660 830
660 834
660 839
660 894
660 979
660 996
661 665
661 718
661 785
661 794
662 775
662 778
662 829
662 852
662 853
662 876
662 943
662 990
663 668
663 704
663 709
663 730
663 752
663 766
663 781
663 785
663 864
663 869
663 918
663 924
663 925
663 928
663 930
663 954
663 998
664 738
664 901
664 909
664 973
665 677
665 689
665 694
665 707
665 723
665 728
665 745
665 769
665 825
665 839
665 896
665 903
665 920
665 949
665 959
665 961
665 975
666 823
666 834
666 835
666 839
666 962
666 996
667 668
667 697
667 733
667 792
667 887
667 888
667 892
667 898
667 904
667 919
667 972
667 977
668 686
668 690
668 725
668 734
668 784
668 822
668 840
668 851
668 901
668 910
668 933
668 984
668 986
669 711
669 900
669 908
669 924
669 964
669 966
670 701
670 716
670 762
670 800
670 806
670 808
670 832
670 884
670 995
671 723
671 731
671 794
671 813
671 843
671 958
672 800
672 806
672 908
672 931
672 933
672 945
672 986
673 723
673 738
673 778
673 881
673 884
674 688
674 739
674 742
674 743
674 745
674 760
674 761
674 763
674 767
674 830
674 834
674 835
674 839
674 894
674 900
674 996
675 699
675 700
675 714
675 717
675 741
675 765
675 771
675 791
675 868
675 969
676 738
676 744
676 798
676 803
676 936
676 952
676 988
677 719
677 725
677 739
677 750
677 769
677 874
677 892
677 896
677 897
677 908
677 914
677 919
677 920
677 944
677 948
677 949
677 971
677 997
678 679
678 681
678 689
678 981
679 689
679 694
679 695
679 696
679 698
679 719
679 732
679 734
679 740
679 745
679 776
679 866
679 874
679 879
679 914
679 944
679 950
679 980
679 997
680 694
680 744
680 754
680 760
680 790
680 835
680 869
681 733
681 741
681 762
681 842
681 866
682 723
682 858
682 881
682 933
682 992
683 699
683 717
683 732
683 734
683 765
683 802
683 832
683 855
683 981
683 995
684 771
684 793
684 798
684 845
684 859
684 872
684 935
684 945
684 956
684 961
685 705
685 722
685 778
685 838
685 846
685 918
685 924
685 997
686 690
686 711
686 725
686 799
686 807
686 818
686 822
686 895
686 898
686 916
686 942
687 812
687 849
687 853
687 856
687 866
687 900
687 902
687 939
687 993
688 790
688 797
688 848
688 870
688 895
688 939
689 800
689 914
690 743
690 784
690 807
690 851
690 854
690 901
690 933
690 1000
691 826
691 835
691 932
691 939
692 780
692 849
692 853
692 866
692 978
693 708
693 788
693 823
693 857
693 859
693 921
693 958
693 959
694 719
694 734
694 745
694 897
694 935
694 938
694 944
694 999
695 733
695 972
696 826
696 838
696 844
697 699
697 700
697 717
697 748
697 777
697 793
697 871
697 976
697 981
698 793
698 857
698 882
698 966
699 797
699 802
699 809
699 812
699 829
699 919
699 970
699 991
700 709
700 732
700 771
700 802
700 838
700 869
700 902
701 784
701 856
701 907
701 919
701 996
702 706
702 795
702 796
702 798
702 801
702 841
702 876
703 770
703 869
703 890
703 929
703 936
704 820
704 855
704 878
704 952
704 981
705 731
705 776
705 871
705 884
705 926
705 951
706 734
706 738
706 773
706 859
706 941
706 945
707 822
707 874
707 896
707 944
707 970
708 934
708 959
708 981
709 713
709 933
709 942
709 946
709 984
710 876
710 968
710 987
711 713
711 746
711 784
711 792
711 822
711 840
711 972
712 732
712 787
712 797
712 803
712 823
712 940
712 975
712 991
712 1000
713 725
713 749
713 774
713 814
713 816
713 822
713 884
713 898
713 901
713 935
714 715
714 717
714 750
714 814
714 989
715 732
715 791
715 794
715 820
715 855
715 907
715 912
715 928
715 964
716 717
716 720
716 816
716 946
716 971
716 995
716 996
717 748
717 759
717 764
717 765
717 769
717 791
717 808
717 834
717 912
717 981
717 989
718 732
718 747
718 802
718 884
718 912
718 989
719 727
719 740
719 743
719 798
719 865
719 877
719 897
719 914
719 929
719 949
719 973
719 975
720 809
720 866
720 912
720 957
720 973
720 975
721 738
721 820
721 955
721 959
721 998
722 761
722 812
722 853
722 918
723 755
723 858
723 862
723 897
723 944
723 992
723 997
724 780
724 794
724 838
724 926
725 772
725 784
725 829
725 933
725 1000
726 731
726 776
726 871
726 884
726 926
726 968
727 796
727 807
727 924
727 925
727 928
727 946
727 964
728 788
728 828
728 829
728 851
728 857
728 926
728 987
729 740
729 822
729 877
729 942
729 973
729 987
730 740
730 748
730 811
730 816
730 828
730 973
731 786
731 803
731 825
731 847
731 877
731 920
731 945
731 951
731 952
731 991
732 748
732 779
732 864
732 912
732 917
732 920
732 1000
733 828
734 740
734 769
734 796
734 797
734 843
734 896
734 897
734 914
734 920
734 929
734 948
734 950
735 803
735 823
735 852
735 901
735 988
735 1000
736 762
736 794
736 795
736 821
736 895
736 935
736 945
736 966
737 786
737 798
737 915
737 987
737 990
738 745
738 812
738 867
738 870
738 888
738 915
738 919
738 934
739 830
739 839
739 996
740 745
740 769
740 892
740 896
740 914
740 915
740 972
740 997
740 1000
741 748
741 820
741 854
741 869
741 924
741 952
742 767
742 768
742 829
742 835
742 958
743 778
743 830
743 834
743 839
743 842
743 996
744 764
744 837
744 862
744 883
744 941
744 987
745 892
745 936
745 988
746 770
746 784
746 880
747 763
747 764
748 766
748 771
748 779
748 802
748 912
748 948
749 783
749 799
749 828
749 856
749 933
749 942
749 945
750 795
750 821
750 842
750 877
750 928
750 982
751 767
751 805
751 870
752 761
752 780
752 785
752 796
752 836
752 916
752 924
752 963
753 789
753 960
753 987
753 990
754 760
754 770
754 790
754 797
754 869
754 873
754 883
754 903
754 911
754 913
754 984
755 845
755 886
756 787
756 810
756 828
756 845
756 852
756 865
756 873
756 975
756 991
757 784
757 830
757 835
757 839
757 912
757 985
757 996
758 824
759 835
759 838
759 854
759 880
759 903
759 914
759 922
760 770
760 841
760 862
760 863
760 869
760 883
760 903
760 905
760 921
760 965
760 984
761 849
761 911
761 990
761 993
762 775
762 793
762 936
762 949
762 955
762 966
763 765
763 772
763 793
763 819
763 834
763 835
763 839
763 983
763 996
764 770
764 837
764 911
765 792
765 805
765 912
766 849
766 865
766 877
766 890
766 923
766 957
767 774
767 830
767 834
767 835
767 839
767 885
768 782
768 837
768 925
769 896
769 946
770 790
770 802
770 806
770 826
770 862
770 863
770 869
770 883
770 890
770 892
770 903
770 905
770 928
770 929
770 944
770 982
770 984
771 912
772 778
772 807
772 816
772 840
772 843
772 886
772 888
772 901
772 933
773 795
773 858
773 881
773 933
773 936
774 805
774 877
774 895
774 925
774 933
774 940
774 942
775 857
776 813
776 827
776 871
776 884
776 926
777 781
777 799
777 833
777 840
777 933
777 942
777 986
778 925
778 930
778 989
779 802
779 895
779 912
779 981
780 808
780 884
780 912
780 918
780 947
780 968
781 790
781 859
781 877
781 924
782 786
782 805
782 860
782 878
782 891
782 900
782 905
782 908
782 964
783 796
783 902
783 906
783 907
783 912
783 919
783 962
783 972
783 976
784 792
784 807
784 861
784 880
784 908
784 933
784 934
784 963
785 796
785 800
785 810
785 821
785 854
785 877
785 923
785 924
785 984
785 987
786 872
786 883
786 902
786 907
786 976
787 790
787 803
787 817
787 940
787 975
788 800
788 815
788 857
788 921
788 959
789 965
789 975
790 835
790 841
790 849
790 862
790 866
790 869
790 870
790 883
790 890
790 903
790 929
791 793
791 823
791 855
791 859
791 912
792 807
792 840
792 905
793 831
793 843
793 857
793 859
793 872
793 895
793 960
793 966
794 796
794 836
794 851
794 859
794 914
794 950
794 972
794 979
795 796
795 838
795 842
795 857
795 877
795 912
795 931
796 798
796 850
796 877
796 898
796 919
796 924
796 928
796 930
796 945
796 979
796 996
797 853
797 866
797 886
798 821
798 838
798 853
798 854
798 856
798 922
798 925
798 978
799 807
799 864
800 806
800 832
800 835
800 861
800 915
800 972
800 983
801 807
801 919
801 970
801 990
801 1000
802 835
802 907
802 935
803 828
803 845
803 975
803 981
803 991
803 1000
804 827
804 839
804 859
804 884
804 899
804 900
804 944
805 878
805 891
805 900
805 908
805 913
805 964
805 990
805 996
806 971
807 814
807 910
807 954
808 856
808 869
808 912
808 981
809 973
810 960
810 961
811 976
812 838
812 849
812 853
812 866
812 900
812 929
812 970
812 976
812 993
813 823
813 826
813 888
813 932
813 939
813 982
814 843
814 848
814 866
814 895
814 960
815 857
815 958
816 910
816 927
817 845
817 924
817 945
817 972
817 975
817 991
818 826
818 889
819 838
819 885
819 896
819 912
819 924
820 828
820 848
821 836
821 865
821 877
821 923
821 925
821 933
822 860
822 880
822 904
822 933
822 988
823 828
823 840
823 845
823 975
823 1000
824 837
824 958
824 977
824 992
825 921
825 935
825 945
825 960
826 853
826 865
826 903
826 927
826 932
826 934
826 939
826 969
826 982
827 918
827 951
828 845
828 858
829 839
829 930
829 941
830 835
830 893
830 996
831 895
831 935
831 945
832 853
833 906
834 835
834 839
834 867
834 884
834 885
834 945
835 839
835 885
835 893
835 994
835 996
836 848
836 851
836 882
836 945
836 960
836 975
836 988
837 852
837 867
837 889
837 955
838 877
838 884
838 887
838 915
838 923
838 978
839 885
839 893
839 902
839 961
839 970
839 996
840 887
840 898
840 930
840 933
841 922
841 945
842 845
842 866
842 981
843 848
843 975
844 896
844 989
845 940
845 958
845 963
845 975
845 991
845 993
845 1000
846 847
846 902
846 943
846 962
847 902
847 907
847 976
848 851
848 859
848 878
848 882
848 895
848 904
848 944
848 945
848 956
848 965
848 999
849 853
849 866
849 886
849 925
849 926
849 987
850 925
850 930
851 859
851 935
851 975
852 878
853 866
853 924
854 918
855 996
856 907
856 962
857 926
857 958
857 959
858 881
858 932
859 872
859 882
859 941
859 956
859 965
859 970
859 980
860 876
860 900
860 908
861 876
861 942
862 870
862 887
862 929
862 931
862 979
862 990
863 869
863 883
863 922
863 976
863 984
864 880
864 887
864 901
864 916
864 942
865 896
865 939
865 968
866 886
866 909
866 914
866 922
866 967
866 993
867 868
867 882
867 900
867 948
868 876
868 915
868 987
869 905
870 903
870 929
870 952
870 984
870 990
871 878
871 884
871 899
871 907
872 882
872 928
873 915
873 987
873 990
874 892
874 896
874 907
874 944
874 949
874 997
875 906
875 932
876 915
876 942
876 957
876 987
877 918
877 923
877 925
877 930
877 954
877 970
878 900
878 934
878 953
879 906
879 938
880 901
880 924
880 972
881 885
881 941
881 992
882 908
882 935
883 890
883 903
883 929
883 984
883 996
884 900
884 926
884 935
884 951
884 952
884 968
885 996
886 961
886 993
887 942
888 910
888 933
888 942
888 998
889 932
889 938
889 999
890 903
890 907
890 911
890 918
890 929
890 980
890 996
891 900
891 913
891 939
891 949
892 897
892 946
894 948
894 996
895 922
895 935
895 940
895 945
895 960
896 897
896 910
896 941
896 997
897 914
897 920
897 950
897 966
897 994
898 933
898 942
898 975
899 969
900 913
900 964
900 974
901 905
901 933
901 942
901 958
901 967
901 972
901 986
902 907
902 919
902 943
902 976
902 996
903 929
904 908
904 933
906 935
906 972
907 917
907 921
907 943
907 961
908 913
909 932
909 985
909 993
910 986
912 981
912 989
913 964
914 948
914 997
915 990
916 975
917 961
917 976
918 924
918 997
919 937
919 943
919 962
919 976
920 942
920 948
921 951
921 958
921 959
922 925
922 939
922 961
923 924
923 928
923 955
923 964
924 925
924 978
924 979
925 966
925 979
926 944
926 952
926 968
926 993
927 939
927 956
927 960
927 982
928 930
929 964
929 969
929 984
929 992
929 993
930 949
930 954
930 965
930 978
930 979
931 936
931 941
931 953
931 988
931 998
932 938
932 969
932 988
933 939
934 936
934 941
935 945
935 956
935 965
935 966
935 970
936 941
937 967
937 976
939 963
939 969
939 982
940 970
940 991
940 1000
941 959
941 982
942 943
942 947
942 972
943 962
943 964
944 997
945 956
945 980
947 963
948 963
948 997
949 965
951 956
951 968
952 998
953 988
956 960
956 966
957 996
958 959
960 966
961 967
961 993
962 976
962 984
962 998
967 990
969 982
971 979
975 991
976 992
983 988
985 1000
991 1000
994 997
997 999
997 1000
