# LFR benchmark graph: regime=B mu=0.3 realization=0
# undirected, unweighted; 1-based node ids; each edge listed once.
1 127
1 130
1 154
1 159
1 247
1 297
1 378
1 398
1 481
1 534
1 560
1 572
1 613
1 627
1 634
1 823
1 869
1 926
1 961
2 39
2 95
2 138
2 149
2 227
2 233
2 241
2 249
2 250
2 255
2 256
2 258
2 389
2 401
2 408
2 453
2 455
2 543
2 586
2 610
2 627
2 638
2 665
2 679
2 693
2 751
2 804
2 891
2 899
2 906
2 918
2 994
2 998
3 17
3 25
3 28
3 90
3 262
3 381
3 432
3 440
3 532
3 568
3 626
3 627
3 658
3 714
3 901
3 903
4 20
4 21
4 36
4 42
4 52
4 56
4 67
4 77
4 89
4 167
4 169
4 171
4 215
4 216
4 227
4 263
4 267
4 288
4 344
4 347
4 412
4 420
4 432
4 507
4 511
4 526
4 535
4 537
4 558
4 586
4 601
4 637
4 642
4 680
4 686
4 745
4 760
4 827
4 907
4 910
4 915
4 922
4 942
4 980
4 987
5 27
5 29
5 35
5 145
5 179
5 216
5 230
5 292
5 306
5 402
5 419
5 477
5 508
5 526
5 612
5 653
5 731
5 812
5 838
5 893
5 908
5 914
5 921
5 949
5 953
5 963
6 63
6 92
6 129
6 146
6 163
6 189
6 198
6 212
6 260
6 283
6 420
6 538
6 662
6 675
6 715
6 755
6 804
6 933
6 936
7 128
7 130
7 168
7 175
7 247
7 297
7 333
7 347
7 372
7 378
7 470
7 572
7 579
7 615
7 627
7 668
7 713
7 823
7 869
7 974
8 15
8 33
8 83
8 107
8 148
8 225
8 241
8 360
8 427
8 478
8 584
8 614
8 632
8 641
8 646
8 648
8 755
8 814
8 861
8 865
8 905
8 953
8 995
8 999
9 86
9 122
9 206
9 213
9 227
9 371
9 375
9 378
9 385
9 455
9 466
9 473
9 531
9 671
9 674
9 688
9 689
9 692
9 696
9 710
9 731
9 771
9 780
9 796
9 824
9 916
9 972
9 974
10 86
10 116
10 144
10 156
10 313
10 346
10 412
10 449
10 607
10 670
10 685
10 693
10 733
10 849
10 918
10 959
11 111
11 129
11 133
11 221
11 283
11 423
11 437
11 438
11 475
11 490
11 574
11 591
11 637
11 750
11 837
11 852
11 856
11 887
11 891
11 906
11 925
11 948
11 983
12 60
12 76
12 80
12 239
12 271
12 330
12 390
12 465
12 548
12 602
12 622
12 733
12 815
12 842
12 854
12 909
13 45
13 69
13 133
13 179
13 184
13 199
13 240
13 257
13 263
13 274
13 299
13 326
13 438
13 470
13 527
13 539
13 542
13 562
13 574
13 594
13 603
13 676
13 719
13 722
13 742
13 765
13 773
13 826
13 839
13 856
13 941
13 996
14 33
14 144
14 313
14 349
14 425
14 585
14 609
14 619
14 655
14 670
14 698
14 699
14 723
14 729
14 798
14 979
14 991
15 74
15 148
15 225
15 274
15 320
15 371
15 442
15 496
15 584
15 635
15 641
15 646
15 711
15 775
15 814
15 839
15 848
15 905
15 913
15 995
16 19
16 34
16 90
16 146
16 178
16 202
16 289
16 300
16 349
16 351
16 362
16 446
16 452
16 478
16 495
16 523
16 567
16 604
16 613
16 638
16 652
16 657
16 687
16 711
16 740
16 745
16 853
16 863
16 896
16 952
16 972
16 974
16 984
17 25
17 27
17 44
17 53
17 71
17 125
17 152
17 158
17 196
17 206
17 214
17 254
17 262
17 293
17 331
17 339
17 399
17 403
17 432
17 459
17 497
17 532
17 561
17 564
17 626
17 636
17 658
17 661
17 663
17 714
17 779
17 796
17 811
17 866
17 903
17 955
18 126
18 178
18 187
18 208
18 245
18 308
18 331
18 335
18 375
18 386
18 445
18 646
18 662
18 689
18 758
18 779
18 786
18 789
18 799
18 876
18 884
18 968
19 93
19 96
19 109
19 134
19 159
19 178
19 196
19 202
19 264
19 271
19 280
19 300
19 349
19 351
19 378
19 446
19 455
19 478
19 495
19 501
19 604
19 657
19 757
19 783
19 828
19 853
19 869
19 886
19 900
19 913
19 972
19 989
19 999
20 24
20 33
20 35
20 51
20 62
20 161
20 176
20 190
20 195
20 268
20 301
20 303
20 321
20 390
20 394
20 424
20 454
20 467
20 550
20 565
20 578
20 588
20 613
20 662
20 688
20 803
20 830
20 843
20 847
20 849
20 967
21 52
21 56
21 137
21 152
21 267
21 283
21 334
21 344
21 428
21 465
21 507
21 556
21 585
21 586
21 680
21 701
21 849
21 874
21 910
22 45
22 83
22 114
22 118
22 181
22 183
22 192
22 221
22 273
22 295
22 406
22 416
22 458
22 535
22 583
22 618
22 846
22 864
22 870
23 65
23 148
23 154
23 159
23 247
23 319
23 378
23 387
23 524
23 527
23 534
23 535
23 547
23 572
23 576
23 625
23 627
23 628
23 779
23 823
23 869
23 962
24 39
24 83
24 91
24 97
24 222
24 225
24 280
24 357
24 368
24 400
24 519
24 524
24 678
24 721
24 897
24 969
25 95
25 158
25 180
25 209
25 214
25 247
25 335
25 340
25 398
25 399
25 442
25 495
25 515
25 532
25 552
25 554
25 626
25 638
25 661
25 673
25 710
25 793
25 866
25 872
25 903
25 919
25 931
25 944
26 120
26 132
26 150
26 238
26 359
26 504
26 528
26 531
26 582
26 631
26 648
26 667
26 673
26 678
26 787
26 791
26 842
26 967
27 37
27 198
27 201
27 217
27 229
27 252
27 267
27 271
27 310
27 315
27 349
27 352
27 402
27 460
27 474
27 496
27 526
27 612
27 635
27 715
27 731
27 737
27 762
27 766
27 770
27 771
27 785
27 795
27 800
27 874
27 908
27 913
27 923
27 952
27 963
27 985
28 63
28 76
28 92
28 119
28 129
28 146
28 163
28 187
28 198
28 301
28 304
28 377
28 520
28 549
28 639
28 652
28 685
28 698
28 770
28 789
28 970
29 35
29 37
29 38
29 43
29 189
29 211
29 216
29 217
29 220
29 229
29 235
29 252
29 293
29 314
29 315
29 332
29 444
29 448
29 460
29 474
29 503
29 510
29 518
29 570
29 594
29 597
29 612
29 655
29 684
29 699
29 705
29 759
29 770
29 780
29 784
29 795
29 805
29 812
29 849
29 913
29 914
29 925
29 953
29 970
29 979
30 86
30 102
30 126
30 132
30 134
30 146
30 171
30 237
30 277
30 401
30 422
30 433
30 472
30 504
30 559
30 606
30 611
30 630
30 698
30 730
30 735
30 749
30 813
30 826
30 983
30 997
31 100
31 130
31 187
31 398
31 421
31 569
31 619
31 625
31 643
31 668
31 685
31 782
31 787
31 795
31 827
31 876
31 931
32 74
32 96
32 184
32 202
32 251
32 322
32 337
32 375
32 469
32 478
32 495
32 536
32 567
32 596
32 662
32 695
32 740
32 745
32 787
32 809
32 861
32 889
32 957
32 965
32 972
33 51
33 62
33 86
33 133
33 301
33 309
33 321
33 355
33 378
33 389
33 405
33 424
33 452
33 454
33 464
33 467
33 519
33 565
33 662
33 663
33 671
33 794
33 847
33 897
33 931
34 65
34 206
34 416
34 486
34 519
34 561
34 635
34 700
34 745
34 782
34 859
34 911
34 971
34 990
35 52
35 182
35 216
35 235
35 303
35 333
35 425
35 441
35 487
35 508
35 612
35 702
35 770
35 788
35 836
35 862
35 922
35 953
36 52
36 56
36 66
36 77
36 152
36 167
36 171
36 259
36 267
36 410
36 447
36 528
36 533
36 706
36 762
36 849
36 888
36 907
36 915
36 993
37 77
37 121
37 206
37 252
37 310
37 370
37 481
37 503
37 510
37 544
37 570
37 581
37 612
37 644
37 702
37 783
37 792
37 801
37 805
37 871
37 963
37 985
38 40
38 189
38 419
38 423
38 460
38 489
38 503
38 526
38 576
38 618
38 635
38 725
38 756
38 769
38 780
38 783
38 784
38 786
38 788
38 800
38 801
38 807
38 812
38 914
38 952
38 953
38 976
39 83
39 160
39 176
39 287
39 338
39 400
39 518
39 521
39 584
39 592
39 727
39 834
39 974
40 61
40 103
40 110
40 122
40 144
40 164
40 203
40 216
40 229
40 265
40 270
40 278
40 285
40 308
40 316
40 434
40 466
40 488
40 502
40 507
40 618
40 630
40 644
40 735
40 744
40 767
40 867
40 875
40 880
40 881
40 889
41 128
41 199
41 291
41 308
41 405
41 420
41 513
41 519
41 547
41 598
41 629
41 670
41 787
41 797
42 50
42 52
42 54
42 59
42 67
42 133
42 167
42 171
42 267
42 445
42 507
42 546
42 558
42 583
42 586
42 601
42 618
42 680
42 691
42 692
42 751
42 915
42 925
42 942
43 103
43 110
43 112
43 140
43 265
43 270
43 278
43 285
43 291
43 549
43 618
43 630
43 644
43 678
43 688
43 721
43 861
43 890
43 892
43 906
44 74
44 90
44 125
44 180
44 185
44 331
44 337
44 349
44 351
44 395
44 412
44 435
44 469
44 519
44 648
44 853
44 886
44 937
44 967
44 972
44 989
44 996
45 90
45 183
45 197
45 221
45 273
45 334
45 416
45 450
45 518
45 623
45 725
45 743
45 744
45 823
45 896
45 909
45 994
46 51
46 144
46 164
46 172
46 257
46 264
46 312
46 367
46 393
46 426
46 485
46 523
46 550
46 571
46 589
46 650
46 654
46 658
46 665
46 681
46 778
46 779
46 793
46 823
46 839
46 919
46 925
46 965
46 988
47 61
47 63
47 82
47 111
47 115
47 183
47 209
47 235
47 270
47 285
47 437
47 618
47 630
47 648
47 654
47 741
47 763
47 790
47 830
47 873
47 892
47 902
47 963
48 102
48 132
48 134
48 187
48 220
48 245
48 307
48 376
48 401
48 426
48 441
48 524
48 536
48 560
48 648
48 698
48 760
48 777
48 818
49 130
49 181
49 183
49 192
49 197
49 334
49 530
49 545
49 568
49 577
49 579
49 583
49 725
49 785
49 799
49 858
49 937
50 133
50 173
50 185
50 267
50 340
50 365
50 392
50 434
50 508
50 547
50 564
50 566
50 753
50 826
50 962
51 58
51 62
51 93
51 139
51 168
51 176
51 214
51 249
51 301
51 303
51 321
51 386
51 394
51 424
51 436
51 454
51 467
51 479
51 528
51 565
51 578
51 662
51 663
51 787
51 830
51 843
51 847
51 849
51 982
51 992
52 59
52 67
52 77
52 97
52 137
52 151
52 167
52 207
52 228
52 251
52 260
52 267
52 318
52 344
52 433
52 490
52 511
52 546
52 606
52 680
52 681
52 687
52 715
52 751
52 773
52 783
52 824
52 856
52 915
52 922
52 940
52 962
52 980
53 93
53 119
53 171
53 172
53 197
53 233
53 254
53 295
53 339
53 399
53 403
53 469
53 526
53 551
53 801
53 903
53 931
54 95
54 117
54 153
54 155
54 200
54 272
54 289
54 571
54 576
54 632
54 684
54 702
55 84
55 128
55 148
55 179
55 226
55 391
55 641
55 646
55 905
55 914
55 983
56 59
56 151
56 167
56 171
56 267
56 425
56 454
56 507
56 515
56 560
56 604
56 630
56 672
56 737
56 794
56 896
56 942
56 980
57 172
57 268
57 312
57 473
57 596
57 652
57 750
57 786
57 902
57 907
57 919
57 973
58 79
58 82
58 117
58 132
58 150
58 195
58 213
58 278
58 323
58 325
58 327
58 356
58 470
58 519
58 523
58 528
58 543
58 547
58 594
58 606
58 610
58 621
58 631
58 635
58 668
58 732
58 771
58 772
58 774
58 782
58 791
58 840
58 842
58 874
58 950
58 968
59 137
59 151
59 171
59 245
59 267
59 281
59 288
59 410
59 507
59 512
59 515
59 546
59 572
59 601
59 625
59 687
59 742
59 781
59 852
59 922
60 113
60 172
60 208
60 323
60 512
60 550
60 612
60 817
60 895
60 955
61 103
61 110
61 111
61 163
61 240
61 285
61 293
61 331
61 404
61 527
61 630
61 644
61 648
61 668
61 744
61 890
61 892
61 939
61 995
62 97
62 151
62 168
62 176
62 276
62 440
62 464
62 517
62 565
62 581
62 588
62 662
62 663
62 803
62 827
62 847
62 948
62 968
63 76
63 92
63 129
63 146
63 170
63 187
63 204
63 377
63 380
63 393
63 509
63 517
63 525
63 539
63 548
63 549
63 595
63 603
63 639
63 655
63 659
63 675
63 712
63 741
63 774
63 778
63 813
63 815
63 844
63 936
63 960
64 124
64 251
64 399
64 432
64 450
64 497
64 532
64 622
64 658
64 714
64 848
64 897
64 921
64 963
65 105
65 133
65 181
65 213
65 240
65 299
65 405
65 438
65 476
65 527
65 560
65 607
65 654
65 675
65 727
65 832
65 852
65 854
65 887
65 898
65 938
65 983
66 87
66 93
66 223
66 311
66 316
66 471
66 543
66 555
66 557
66 575
66 576
66 660
66 688
66 697
66 722
66 814
66 839
66 895
66 964
66 988
67 167
67 198
67 259
67 337
67 344
67 445
67 511
67 534
67 558
67 586
67 777
67 806
67 922
67 982
68 97
68 133
68 155
68 193
68 267
68 361
68 384
68 420
68 427
68 555
68 557
68 576
68 623
68 718
68 750
68 760
68 805
68 839
68 964
68 987
69 184
69 212
69 238
69 326
69 387
69 398
69 420
69 460
69 464
69 497
69 516
69 520
69 527
69 539
69 542
69 586
69 627
69 682
69 828
69 865
69 898
70 71
70 112
70 138
70 198
70 259
70 336
70 354
70 363
70 364
70 391
70 423
70 477
70 499
70 540
70 555
70 573
70 701
70 706
70 713
70 728
70 766
70 788
70 871
70 958
71 122
71 195
71 201
71 259
71 320
71 336
71 363
71 364
71 367
71 368
71 373
71 391
71 456
71 549
71 557
71 573
71 590
71 606
71 712
71 721
71 728
71 849
71 854
71 871
71 958
72 97
72 162
72 216
72 236
72 239
72 298
72 303
72 429
72 521
72 524
72 593
72 631
72 685
72 693
72 727
72 745
73 79
73 110
73 172
73 226
73 230
73 231
73 275
73 387
73 418
73 449
73 497
73 531
73 548
73 553
73 585
73 609
73 670
73 712
73 730
73 754
73 766
73 793
73 796
73 797
73 800
73 868
73 991
74 93
74 308
74 322
74 326
74 337
74 349
74 351
74 438
74 604
74 742
74 745
74 763
74 828
74 908
74 915
74 971
74 972
74 990
75 80
75 119
75 136
75 206
75 227
75 300
75 350
75 374
75 377
75 390
75 486
75 514
75 523
75 530
75 738
75 849
75 888
75 925
75 981
75 1000
76 146
76 187
76 204
76 222
76 349
76 361
76 377
76 440
76 549
76 595
76 639
76 652
76 655
76 667
76 673
76 675
76 733
76 756
76 774
76 778
76 780
76 933
76 936
77 129
77 152
77 167
77 201
77 211
77 251
77 267
77 308
77 344
77 399
77 507
77 556
77 558
77 586
77 601
77 625
77 631
77 687
77 875
77 907
77 915
77 922
77 942
77 947
78 156
78 173
78 291
78 356
78 387
78 547
78 679
78 693
78 737
78 852
78 875
78 893
78 975
78 999
78 1000
79 86
79 115
79 119
79 163
79 272
79 519
79 618
79 631
79 643
79 673
79 719
79 742
79 819
79 842
79 954
80 87
80 91
80 106
80 147
80 220
80 252
80 290
80 345
80 347
80 453
80 485
80 486
80 514
80 570
80 602
80 622
80 657
80 661
80 688
80 724
80 734
80 815
80 878
80 888
80 894
80 920
80 944
80 962
81 123
81 180
81 289
81 322
81 355
81 356
81 479
81 487
81 495
81 587
81 726
81 816
81 857
81 894
81 973
82 117
82 142
82 144
82 145
82 175
82 177
82 327
82 388
82 398
82 445
82 459
82 519
82 523
82 552
82 553
82 561
82 569
82 576
82 582
82 584
82 624
82 668
82 678
82 700
82 710
82 736
82 747
82 782
82 790
82 791
82 824
82 840
82 856
82 858
82 876
82 900
83 91
83 116
83 125
83 179
83 203
83 207
83 223
83 226
83 236
83 280
83 287
83 332
83 337
83 351
83 365
83 368
83 396
83 481
83 489
83 515
83 524
83 535
83 589
83 593
83 629
83 651
83 727
83 743
83 750
83 757
83 758
83 921
83 984
83 998
84 134
84 220
84 337
84 401
84 423
84 426
84 436
84 606
84 761
84 801
84 813
84 820
84 848
84 937
84 961
85 99
85 132
85 134
85 184
85 188
85 212
85 220
85 230
85 317
85 358
85 359
85 401
85 426
85 441
85 472
85 537
85 559
85 594
85 684
85 777
85 820
85 965
86 97
86 130
86 132
86 134
86 145
86 299
86 559
86 606
86 617
86 706
86 718
86 749
86 759
86 761
86 813
86 820
86 883
86 961
87 121
87 147
87 153
87 201
87 486
87 498
87 500
87 514
87 531
87 724
87 738
87 748
87 815
87 830
87 842
87 854
87 940
87 966
87 967
87 978
87 998
88 100
88 120
88 123
88 142
88 179
88 181
88 209
88 253
88 266
88 270
88 277
88 327
88 360
88 421
88 452
88 456
88 466
88 519
88 528
88 554
88 563
88 569
88 580
88 581
88 583
88 594
88 635
88 637
88 678
88 709
88 739
88 752
88 755
88 776
88 781
88 787
88 791
88 824
88 887
88 892
88 918
88 932
88 978
89 336
89 342
89 354
89 364
89 373
89 391
89 493
89 569
89 577
89 654
89 669
89 696
89 701
89 708
89 713
89 721
89 728
89 879
90 93
90 101
90 125
90 178
90 183
90 202
90 221
90 227
90 264
90 288
90 419
90 528
90 745
90 828
90 861
90 945
90 950
90 965
90 989
91 99
91 105
91 187
91 215
91 223
91 235
91 256
91 258
91 368
91 400
91 405
91 481
91 521
91 535
91 568
91 592
91 632
91 646
91 672
91 733
91 852
91 890
91 969
91 990
92 129
92 146
92 187
92 549
92 668
92 675
92 720
92 774
92 936
92 980
92 994
93 96
93 106
93 125
93 178
93 202
93 254
93 264
93 289
93 316
93 337
93 349
93 362
93 435
93 473
93 481
93 519
93 536
93 549
93 583
93 604
93 657
93 695
93 741
93 745
93 861
93 886
93 889
93 890
93 891
93 941
93 945
93 953
93 972
93 982
93 983
93 988
94 182
94 287
94 332
94 400
94 417
94 471
94 524
94 541
94 567
94 743
94 828
94 931
94 969
95 108
95 114
95 122
95 124
95 135
95 141
95 149
95 193
95 227
95 233
95 250
95 251
95 355
95 370
95 401
95 428
95 447
95 466
95 543
95 647
95 665
95 679
95 804
95 810
95 843
95 870
95 899
95 927
95 968
95 994
96 130
96 135
96 221
96 248
96 336
96 337
96 349
96 445
96 446
96 455
96 478
96 480
96 495
96 516
96 536
96 627
96 657
96 678
96 715
96 745
96 753
96 784
96 828
96 835
96 845
96 886
96 934
96 937
96 941
96 945
96 974
97 99
97 105
97 232
97 234
97 236
97 282
97 332
97 365
97 368
97 389
97 400
97 429
97 471
97 480
97 515
97 524
97 535
97 548
97 592
97 593
97 603
97 668
97 724
97 743
97 825
97 908
97 935
97 977
97 984
98 171
98 172
98 208
98 234
98 289
98 564
98 571
98 750
98 817
98 848
98 852
98 882
98 918
99 102
99 234
99 268
99 301
99 324
99 350
99 400
99 464
99 471
99 521
99 524
99 592
99 630
99 803
99 850
99 898
99 902
100 117
100 120
100 256
100 325
100 379
100 456
100 519
100 538
100 761
100 767
100 776
100 782
100 787
100 832
100 840
100 842
101 110
101 112
101 173
101 309
101 342
101 346
101 370
101 434
101 462
101 482
101 517
101 554
101 608
101 709
101 711
101 737
101 739
101 744
101 806
101 852
101 889
101 916
101 946
101 949
101 975
101 999
101 1000
102 126
102 132
102 168
102 237
102 371
102 395
102 401
102 606
102 690
102 749
102 777
102 814
102 824
102 997
103 111
103 153
103 154
103 270
103 316
103 453
103 525
103 551
103 639
103 642
103 644
103 648
103 666
103 704
103 741
103 742
103 744
103 767
103 797
103 867
103 877
103 892
103 942
103 973
103 978
103 1000
104 128
104 154
104 167
104 190
104 297
104 378
104 534
104 560
104 572
104 627
104 637
104 823
104 843
104 869
104 871
104 891
104 992
105 111
105 280
105 285
105 306
105 403
105 515
105 535
105 589
105 592
105 603
105 606
105 830
106 140
106 167
106 176
106 201
106 241
106 356
106 394
106 398
106 514
106 671
106 677
106 712
106 734
106 781
106 833
106 854
106 878
106 963
107 131
107 148
107 225
107 243
107 392
107 461
107 475
107 503
107 574
107 576
107 641
107 668
107 742
107 760
107 817
107 855
107 995
108 212
108 251
108 305
108 431
108 540
108 543
108 642
108 656
108 665
108 783
108 870
108 899
108 975
109 117
109 121
109 146
109 202
109 237
109 349
109 501
109 536
109 657
109 660
109 695
109 745
109 805
109 853
109 889
109 967
109 972
110 123
110 144
110 169
110 190
110 203
110 229
110 265
110 278
110 285
110 312
110 333
110 428
110 478
110 492
110 501
110 525
110 578
110 580
110 618
110 630
110 644
110 695
110 744
110 763
110 812
110 867
110 871
110 880
110 881
110 892
111 203
111 221
111 267
111 278
111 280
111 308
111 316
111 376
111 481
111 488
111 492
111 525
111 543
111 544
111 567
111 618
111 630
111 644
111 647
111 648
111 666
111 711
111 867
111 881
111 892
112 185
112 197
112 243
112 259
112 304
112 336
112 354
112 373
112 453
112 559
112 573
112 592
112 668
112 713
112 791
112 870
112 871
112 958
113 145
113 179
113 295
113 329
113 336
113 338
113 342
113 372
113 377
113 403
113 407
113 443
113 479
113 544
113 563
113 577
113 592
113 596
113 640
113 690
113 710
113 780
113 810
113 823
113 832
113 848
113 857
113 887
113 897
113 956
113 973
113 999
114 135
114 149
114 166
114 227
114 250
114 251
114 258
114 405
114 540
114 543
114 736
114 738
114 754
114 870
114 899
114 908
114 927
114 994
115 273
115 280
115 332
115 368
115 400
115 405
115 471
115 521
115 558
115 592
115 732
115 820
115 921
116 216
116 234
116 275
116 284
116 394
116 412
116 485
116 513
116 798
116 844
116 981
116 987
116 994
117 132
117 133
117 150
117 177
117 186
117 200
117 262
117 266
117 277
117 284
117 290
117 325
117 327
117 363
117 499
117 519
117 545
117 569
117 578
117 580
117 590
117 631
117 635
117 650
117 667
117 678
117 747
117 782
117 842
117 859
117 873
117 922
117 926
117 999
118 148
118 150
118 177
118 225
118 266
118 271
118 327
118 457
118 549
118 551
118 605
118 610
118 683
118 712
118 758
118 896
119 126
119 158
119 174
119 195
119 196
119 214
119 217
119 254
119 261
119 330
119 340
119 344
119 352
119 425
119 432
119 440
119 442
119 500
119 532
119 552
119 593
119 626
119 658
119 661
119 699
119 714
119 727
119 746
119 764
119 787
119 799
119 856
119 866
119 873
119 874
119 891
119 931
119 960
120 243
120 267
120 503
120 523
120 598
120 631
120 673
120 701
120 703
120 849
120 859
120 900
121 124
121 135
121 138
121 227
121 228
121 250
121 251
121 258
121 281
121 295
121 501
121 509
121 540
121 543
121 665
121 679
121 756
121 783
121 804
121 808
121 842
121 870
121 899
121 966
121 994
122 131
122 188
122 206
122 207
122 269
122 308
122 330
122 371
122 397
122 409
122 455
122 495
122 506
122 531
122 535
122 609
122 620
122 642
122 656
122 674
122 689
122 732
122 851
122 876
122 886
122 942
122 955
122 956
122 957
123 126
123 179
123 184
123 239
123 240
123 252
123 285
123 286
123 373
123 383
123 487
123 539
123 574
123 591
123 633
123 659
123 738
123 741
123 761
123 764
123 773
123 806
123 818
123 856
123 870
123 882
123 906
123 919
123 941
124 138
124 141
124 148
124 160
124 186
124 228
124 229
124 233
124 250
124 281
124 329
124 370
124 476
124 497
124 509
124 543
124 679
124 731
124 823
124 861
124 870
124 899
124 902
124 936
124 951
124 986
124 994
125 155
125 174
125 202
125 246
125 248
125 337
125 446
125 495
125 501
125 507
125 536
125 553
125 565
125 695
125 828
125 974
125 977
126 132
126 134
126 140
126 188
126 220
126 237
126 266
126 317
126 376
126 401
126 423
126 472
126 521
126 524
126 541
126 579
126 606
126 611
126 628
126 636
126 637
126 805
126 813
126 820
126 855
126 860
126 871
126 883
126 915
126 961
126 997
127 130
127 258
127 297
127 426
127 534
127 627
127 628
127 668
127 677
127 702
127 715
127 832
127 869
127 915
128 139
128 141
128 159
128 234
128 269
128 280
128 337
128 378
128 515
128 544
128 555
128 560
128 615
128 627
128 628
128 640
128 667
128 677
128 680
128 703
128 823
128 869
128 937
128 969
129 133
129 143
129 146
129 187
129 275
129 322
129 351
129 377
129 513
129 520
129 549
129 639
129 652
129 656
129 675
129 778
129 870
129 880
129 936
129 960
130 154
130 160
130 172
130 213
130 247
130 297
130 372
130 378
130 379
130 434
130 534
130 560
130 615
130 627
130 634
130 656
130 677
130 700
130 737
130 762
130 820
130 823
130 830
130 851
131 148
131 225
131 584
131 589
131 605
131 684
131 758
131 775
131 814
131 819
131 841
131 865
131 896
132 134
132 225
132 254
132 262
132 287
132 308
132 426
132 518
132 541
132 544
132 559
132 609
132 611
132 711
132 749
132 759
132 777
132 814
132 855
132 860
132 905
132 961
132 997
133 175
133 222
133 239
133 240
133 289
133 290
133 295
133 299
133 337
133 375
133 425
133 438
133 487
133 522
133 527
133 574
133 600
133 633
133 637
133 654
133 659
133 748
133 761
133 769
133 818
133 823
133 826
133 828
133 846
133 856
133 885
133 898
133 911
133 948
133 951
133 970
134 220
134 237
134 317
134 340
134 376
134 426
134 456
134 472
134 546
134 559
134 759
134 767
134 768
134 777
134 813
134 867
134 883
134 915
134 961
134 997
135 178
135 227
135 250
135 370
135 509
135 522
135 543
135 641
135 689
135 764
135 856
135 870
135 891
135 899
135 906
135 994
136 147
136 309
136 366
136 370
136 486
136 489
136 537
136 674
136 833
136 878
136 888
136 924
137 151
137 167
137 171
137 179
137 247
137 267
137 272
137 344
137 637
137 849
137 907
137 942
138 149
138 214
138 227
138 250
138 256
138 353
138 381
138 389
138 444
138 509
138 540
138 565
138 676
138 704
138 807
138 899
138 901
138 926
139 206
139 260
139 292
139 330
139 336
139 371
139 372
139 381
139 386
139 405
139 442
139 445
139 447
139 485
139 505
139 511
139 646
139 656
139 676
139 689
139 699
139 704
139 706
139 732
139 746
139 753
139 822
139 829
139 912
139 992
140 218
140 241
140 439
140 453
140 465
140 486
140 489
140 813
140 854
140 878
140 962
141 207
141 227
141 250
141 251
141 305
141 356
141 389
141 459
141 518
141 543
141 604
141 624
141 679
141 827
141 854
141 870
141 899
141 901
141 918
141 929
141 951
141 994
142 156
142 186
142 270
142 277
142 284
142 325
142 360
142 397
142 519
142 528
142 598
142 606
142 625
142 651
142 658
142 667
142 668
142 673
142 678
142 771
142 776
142 787
142 791
142 863
142 869
142 932
142 949
142 958
142 968
143 188
143 189
143 383
143 424
143 450
143 466
143 500
143 516
143 527
143 586
143 676
143 688
143 692
143 706
143 710
143 854
143 909
143 956
144 173
144 270
144 302
144 316
144 414
144 492
144 502
144 547
144 630
144 644
144 648
144 666
144 741
144 781
144 867
144 877
144 881
144 890
144 923
145 150
145 180
145 198
145 209
145 212
145 243
145 276
145 289
145 322
145 338
145 355
145 369
145 404
145 434
145 468
145 483
145 596
145 629
145 634
145 640
145 650
145 651
145 684
145 716
145 718
145 736
145 769
145 810
145 811
145 816
145 832
145 848
145 872
145 876
145 889
145 908
145 943
145 999
146 163
146 170
146 187
146 200
146 210
146 265
146 322
146 342
146 377
146 378
146 520
146 549
146 622
146 652
146 720
146 768
146 774
146 778
146 823
146 859
146 933
146 936
146 949
146 959
146 960
147 218
147 287
147 324
147 374
147 388
147 453
147 485
147 571
147 608
147 671
147 678
147 748
147 820
147 854
147 878
147 966
147 977
148 225
148 271
148 280
148 295
148 472
148 534
148 584
148 598
148 605
148 614
148 641
148 646
148 756
148 758
148 760
148 775
148 779
148 814
148 816
148 822
148 865
148 869
148 877
148 896
148 948
148 995
149 160
149 207
149 227
149 228
149 233
149 249
149 251
149 256
149 257
149 258
149 281
149 287
149 370
149 389
149 410
149 456
149 465
149 540
149 543
149 573
149 610
149 640
149 665
149 695
149 767
149 793
149 804
149 828
149 870
149 891
149 895
149 899
149 901
149 918
149 919
149 931
149 961
150 193
150 327
150 527
150 528
150 557
150 591
150 598
150 643
150 667
150 678
150 700
150 776
150 778
150 787
150 921
150 938
150 963
150 978
150 988
151 167
151 171
151 198
151 207
151 263
151 267
151 344
151 465
151 546
151 558
151 568
151 714
151 751
151 802
151 848
151 907
151 910
151 942
152 167
152 171
152 236
152 267
152 309
152 434
152 586
152 590
152 670
152 673
152 693
152 733
152 907
152 942
152 952
152 968
153 155
153 162
153 191
153 193
153 258
153 269
153 311
153 427
153 433
153 452
153 454
153 462
153 483
153 493
153 548
153 549
153 555
153 557
153 576
153 599
153 616
153 623
153 660
153 667
153 669
153 679
153 718
153 722
153 734
153 765
153 794
153 813
153 839
153 884
153 964
153 987
154 159
154 199
154 207
154 247
154 275
154 297
154 359
154 372
154 378
154 438
154 446
154 495
154 534
154 560
154 572
154 574
154 670
154 677
154 691
154 703
154 792
154 824
154 869
155 161
155 202
155 293
155 311
155 351
155 392
155 427
155 456
155 475
155 476
155 480
155 496
155 518
155 538
155 557
155 576
155 612
155 653
155 660
155 669
155 697
155 718
155 805
155 839
155 963
155 987
156 157
156 436
156 475
156 491
156 514
156 607
156 619
156 670
156 693
156 695
156 704
156 797
156 808
156 844
156 869
156 981
157 199
157 280
157 292
157 527
157 635
157 670
157 672
157 699
157 709
157 746
157 762
157 798
157 807
158 261
158 292
158 375
158 399
158 638
158 652
158 658
158 676
158 714
158 790
158 856
158 903
158 931
159 222
159 249
159 276
159 297
159 378
159 423
159 449
159 468
159 604
159 615
159 619
159 627
159 634
159 869
159 978
160 251
160 256
160 269
160 328
160 433
160 509
160 540
160 584
160 594
160 605
160 648
160 679
160 692
160 789
160 793
160 870
160 874
160 891
160 899
160 951
160 994
161 198
161 199
161 206
161 219
161 264
161 276
161 283
161 289
161 329
161 354
161 355
161 369
161 395
161 495
161 509
161 586
161 625
161 661
161 685
161 704
161 816
161 882
161 897
161 908
161 940
162 168
162 311
162 401
162 419
162 555
162 557
162 587
162 667
162 669
162 705
162 839
162 921
162 964
163 187
163 339
163 346
163 369
163 375
163 377
163 446
163 503
163 520
163 549
163 622
163 639
163 655
163 682
163 774
163 778
163 835
163 881
163 882
163 936
163 960
164 177
164 199
164 275
164 307
164 344
164 359
164 366
164 392
164 420
164 596
164 701
164 766
165 188
165 269
165 275
165 292
165 308
165 381
165 385
165 415
165 439
165 444
165 450
165 451
165 505
165 581
165 620
165 644
165 661
165 667
165 771
165 819
165 948
165 983
165 991
166 176
166 198
166 215
166 219
166 220
166 240
166 251
166 289
166 295
166 311
166 315
166 343
166 407
166 409
166 410
166 443
166 561
166 600
166 621
166 634
166 640
166 685
166 693
166 698
166 716
166 717
166 750
166 766
166 784
166 808
166 836
166 843
166 872
166 894
166 897
166 908
166 927
167 171
167 204
167 263
167 267
167 288
167 344
167 442
167 483
167 487
167 489
167 511
167 546
167 558
167 590
167 595
167 639
167 640
167 642
167 680
167 751
167 849
167 859
167 907
167 917
167 942
167 980
168 229
168 231
168 337
168 454
168 464
168 565
168 577
168 578
168 588
168 662
168 726
168 794
168 805
168 841
168 843
168 847
168 950
168 953
169 173
169 258
169 282
169 351
169 422
169 423
169 429
169 517
169 547
169 564
169 637
169 737
169 762
169 893
169 949
169 990
169 1000
170 187
170 306
170 377
170 386
170 411
170 547
170 549
170 592
170 595
170 652
170 697
170 740
170 774
170 907
170 933
171 263
171 267
171 288
171 301
171 309
171 320
171 331
171 332
171 344
171 388
171 443
171 511
171 513
171 546
171 558
171 560
171 619
171 657
171 670
171 680
171 687
171 795
171 821
171 849
171 907
171 980
172 240
172 242
172 312
172 334
172 393
172 398
172 473
172 508
172 667
172 681
172 817
172 832
172 889
172 902
172 909
172 919
172 940
172 987
173 185
173 213
173 218
173 255
173 259
173 291
173 313
173 342
173 346
173 366
173 434
173 462
173 464
173 468
173 476
173 482
173 547
173 553
173 564
173 674
173 676
173 682
173 715
173 753
173 762
173 765
173 769
173 837
173 893
173 949
173 1000
174 255
174 305
174 322
174 323
174 362
174 403
174 469
174 546
174 583
174 604
174 695
174 745
174 776
174 830
174 851
174 861
174 889
174 945
174 972
174 974
175 199
175 205
175 231
175 275
175 370
175 431
175 449
175 470
175 619
175 668
175 686
175 690
175 693
175 709
175 728
175 736
175 797
175 798
175 854
175 859
175 887
175 979
176 190
176 207
176 243
176 249
176 321
176 347
176 394
176 417
176 424
176 454
176 464
176 490
176 565
176 588
176 663
176 698
176 786
176 794
176 803
176 830
176 900
177 201
177 253
177 257
177 368
177 426
177 438
177 453
177 490
177 500
177 519
177 553
177 557
177 563
177 564
177 580
177 635
177 657
177 673
177 731
177 787
177 792
177 840
177 842
177 848
177 926
177 970
178 187
178 202
178 221
178 248
178 264
178 270
178 300
178 337
178 350
178 351
178 362
178 374
178 426
178 435
178 446
178 469
178 478
178 495
178 501
178 613
178 638
178 644
178 648
178 695
178 711
178 722
178 729
178 747
178 756
178 757
178 792
178 828
178 845
178 861
178 889
178 899
178 939
178 945
178 950
178 966
178 972
178 982
178 989
179 207
179 332
179 335
179 397
179 423
179 438
179 450
179 476
179 487
179 527
179 542
179 574
179 633
179 654
179 683
179 693
179 826
179 852
179 945
179 996
180 191
180 243
180 267
180 276
180 355
180 431
180 443
180 479
180 538
180 540
180 566
180 667
180 691
180 704
180 716
180 832
180 872
180 894
180 897
180 973
180 979
181 183
181 192
181 273
181 282
181 304
181 311
181 362
181 416
181 441
181 458
181 507
181 520
181 529
181 545
181 568
181 577
181 628
181 670
181 712
181 725
181 735
181 785
181 819
181 864
181 886
181 902
181 925
181 928
181 937
181 990
182 189
182 211
182 229
182 285
182 290
182 310
182 352
182 381
182 400
182 474
182 510
182 542
182 570
182 571
182 693
182 731
182 756
182 783
182 795
182 812
182 816
182 838
182 887
182 914
182 953
182 985
183 197
183 282
183 304
183 406
183 416
183 428
183 437
183 458
183 529
183 533
183 556
183 568
183 575
183 577
183 583
183 585
183 723
183 725
183 735
183 746
183 760
183 785
183 799
183 839
183 843
183 864
183 928
183 937
183 995
184 222
184 238
184 265
184 298
184 301
184 335
184 352
184 355
184 405
184 413
184 423
184 438
184 542
184 551
184 562
184 563
184 566
184 574
184 591
184 613
184 622
184 632
184 633
184 635
184 681
184 708
184 773
184 804
184 834
184 882
184 911
184 971
185 203
185 283
185 389
185 434
185 467
185 468
185 514
185 526
185 550
185 564
185 737
185 815
185 1000
186 275
186 290
186 325
186 379
186 421
186 504
186 519
186 626
186 631
186 635
186 678
186 700
186 709
186 880
186 928
186 968
186 987
187 200
187 204
187 239
187 257
187 309
187 377
187 422
187 523
187 564
187 595
187 639
187 655
187 675
187 720
187 778
187 914
187 933
187 936
187 946
187 960
188 235
188 242
188 276
188 296
188 330
188 336
188 341
188 344
188 367
188 385
188 386
188 447
188 450
188 455
188 488
188 506
188 586
188 603
188 625
188 648
188 656
188 664
188 692
188 706
188 772
188 782
188 801
188 824
188 829
188 879
188 916
188 939
188 945
188 947
188 950
188 955
188 957
188 999
189 216
189 251
189 252
189 261
189 315
189 319
189 338
189 362
189 386
189 412
189 417
189 425
189 435
189 450
189 451
189 460
189 465
189 526
189 570
189 638
189 681
189 705
189 773
189 786
189 788
189 799
189 812
189 821
189 825
189 921
189 929
189 963
190 207
190 321
190 467
190 540
190 567
190 636
190 662
190 753
190 786
190 794
190 797
190 830
190 847
190 968
190 973
190 988
191 289
191 305
191 367
191 450
191 503
191 660
191 707
191 750
191 770
191 832
191 845
191 896
191 897
191 956
192 247
192 273
192 306
192 416
192 456
192 467
192 529
192 568
192 577
192 583
192 609
192 648
192 663
192 725
192 739
192 775
192 785
192 881
192 932
192 937
192 969
192 970
193 227
193 228
193 251
193 296
193 436
193 480
193 555
193 666
193 667
193 693
193 836
193 884
193 987
194 215
194 216
194 245
194 327
194 356
194 379
194 420
194 491
194 516
194 574
194 601
194 670
194 686
194 699
194 762
194 798
194 982
195 213
195 224
195 259
195 288
195 289
195 363
195 391
195 519
195 521
195 569
195 573
195 582
195 584
195 616
195 670
195 779
195 958
195 972
196 199
196 254
196 278
196 286
196 355
196 506
196 635
196 847
196 866
196 893
196 899
196 903
196 907
196 931
197 198
197 273
197 282
197 375
197 406
197 416
197 451
197 469
197 529
197 533
197 568
197 583
197 669
197 723
197 751
197 765
197 799
197 937
198 210
198 289
198 308
198 338
198 369
198 524
198 565
198 570
198 640
198 650
198 684
198 703
198 768
198 832
198 848
198 897
198 908
198 930
199 205
199 213
199 276
199 291
199 313
199 356
199 358
199 412
199 418
199 449
199 458
199 474
199 484
199 513
199 516
199 544
199 550
199 560
199 592
199 607
199 619
199 625
199 672
199 693
199 754
199 768
199 769
199 786
199 793
199 797
199 798
199 804
199 805
199 807
199 844
199 868
199 907
199 959
199 999
200 333
200 377
200 520
200 549
200 639
200 652
200 663
200 765
200 778
200 813
200 816
200 926
201 227
201 229
201 299
201 324
201 465
201 486
201 498
201 573
201 622
201 632
201 645
201 671
201 699
201 734
201 748
201 815
201 854
201 880
201 888
201 937
201 957
202 221
202 248
202 300
202 305
202 318
202 323
202 326
202 351
202 357
202 362
202 478
202 536
202 559
202 567
202 576
202 604
202 627
202 664
202 695
202 697
202 698
202 711
202 713
202 736
202 747
202 766
202 828
202 845
202 864
202 889
202 959
202 982
203 213
203 265
203 270
203 502
203 630
203 638
203 644
203 648
203 666
203 703
203 724
203 875
203 880
203 890
203 892
203 960
203 967
204 322
204 378
204 469
204 520
204 549
204 630
204 652
204 675
204 720
204 732
204 882
204 941
205 237
205 380
205 415
205 513
205 526
205 585
205 654
205 670
205 688
205 729
205 752
205 840
205 844
205 932
206 265
206 341
206 437
206 447
206 479
206 620
206 645
206 663
206 667
206 706
206 722
206 772
206 779
206 790
206 822
206 871
206 879
206 909
206 968
206 973
207 213
207 239
207 240
207 257
207 348
207 384
207 391
207 413
207 423
207 470
207 487
207 522
207 531
207 539
207 562
207 566
207 584
207 599
207 600
207 633
207 637
207 707
207 708
207 733
207 755
207 769
207 806
207 811
207 818
207 826
207 834
207 846
207 852
207 856
207 898
207 899
207 906
208 287
208 312
208 323
208 393
208 571
208 655
208 672
208 680
208 681
208 687
208 705
208 804
208 817
208 854
208 902
208 919
208 964
209 213
209 337
209 354
209 358
209 417
209 523
209 582
209 635
209 678
209 682
209 698
209 700
209 782
209 891
209 943
209 973
210 212
210 223
210 263
210 264
210 286
210 308
210 496
210 518
210 581
210 596
210 717
210 726
210 750
210 832
210 838
210 848
210 991
211 216
211 319
211 351
211 389
211 425
211 448
211 449
211 524
211 526
211 731
211 801
211 820
211 821
211 836
211 914
211 984
211 985
212 314
212 322
212 355
212 382
212 599
212 609
212 615
212 655
212 669
212 685
212 690
212 703
212 704
212 773
212 805
212 832
212 857
212 865
212 870
212 872
212 908
212 980
212 994
213 229
213 238
213 239
213 240
213 274
213 298
213 299
213 326
213 387
213 396
213 413
213 423
213 435
213 475
213 476
213 496
213 527
213 531
213 541
213 542
213 565
213 574
213 580
213 613
213 631
213 632
213 637
213 649
213 683
213 692
213 696
213 712
213 761
213 769
213 832
213 834
213 846
213 852
213 882
213 906
213 924
213 940
213 948
213 996
214 231
214 237
214 408
214 432
214 442
214 604
214 617
214 626
214 633
214 711
214 722
214 724
214 788
214 818
214 903
214 931
214 938
215 219
215 273
215 276
215 444
215 596
215 696
215 703
215 750
215 882
215 968
215 998
216 217
216 243
216 250
216 306
216 333
216 352
216 362
216 402
216 446
216 503
216 701
216 702
216 783
216 784
216 812
216 862
216 913
216 929
217 262
217 319
217 387
217 425
217 507
217 570
217 572
217 581
217 613
217 681
217 709
217 814
217 914
217 953
218 226
218 246
218 315
218 350
218 464
218 466
218 482
218 489
218 548
218 588
218 632
218 706
218 743
218 797
218 854
218 873
218 878
218 888
218 993
219 355
219 419
219 467
219 539
219 625
219 676
219 703
219 897
219 925
219 926
219 986
220 294
220 317
220 426
220 444
220 471
220 473
220 559
220 585
220 629
220 640
220 702
220 743
220 803
220 813
220 855
220 883
221 337
221 344
221 351
221 377
221 446
221 536
221 543
221 593
221 604
221 695
221 745
221 828
221 840
221 845
221 874
221 889
221 912
221 972
222 223
222 294
222 387
222 423
222 592
222 673
222 716
222 773
222 842
222 856
222 882
222 887
222 898
222 950
223 353
223 368
223 400
223 471
223 743
223 862
223 887
223 904
223 907
224 259
224 296
224 320
224 336
224 355
224 363
224 373
224 391
224 413
224 416
224 452
224 551
224 713
224 822
224 871
224 1000
225 271
225 371
225 399
225 428
225 484
225 517
225 614
225 641
225 646
225 748
225 758
225 775
225 788
225 810
225 812
225 814
225 865
225 905
225 929
225 935
226 235
226 240
226 265
226 266
226 287
226 328
226 332
226 400
226 410
226 414
226 423
226 461
226 481
226 524
226 592
226 599
226 727
226 752
226 850
226 904
227 228
227 233
227 249
227 251
227 258
227 281
227 370
227 389
227 414
227 428
227 457
227 460
227 509
227 517
227 540
227 543
227 582
227 610
227 665
227 679
227 710
227 778
227 781
227 790
227 793
227 799
227 804
227 841
227 860
227 870
227 891
227 899
227 901
227 918
227 951
227 994
228 250
228 256
228 280
228 373
228 389
228 425
228 509
228 679
228 790
228 793
228 870
228 891
228 899
228 994
228 1000
229 434
229 451
229 474
229 503
229 529
229 581
229 591
229 637
229 670
229 674
229 721
229 731
229 786
229 795
229 821
229 835
229 924
229 931
229 952
229 968
230 272
230 293
230 315
230 319
230 392
230 393
230 444
230 496
230 508
230 521
230 537
230 563
230 570
230 612
230 637
230 682
230 690
230 702
230 718
230 723
230 748
230 756
230 770
230 784
230 786
230 788
230 805
230 812
230 825
230 838
230 840
230 856
230 862
230 898
230 904
230 913
230 952
230 985
231 275
231 414
231 504
231 585
231 607
231 609
231 619
231 670
231 693
231 699
231 714
231 761
231 774
231 878
231 959
232 236
232 305
232 400
232 431
232 516
232 592
232 755
232 811
232 818
232 898
232 969
233 250
233 251
233 337
233 339
233 382
233 485
233 543
233 554
233 607
233 632
233 870
233 901
233 994
233 997
234 280
234 287
234 311
234 314
234 400
234 426
234 471
234 516
234 521
234 524
234 589
234 592
234 697
234 824
235 292
235 306
235 425
235 525
235 526
235 612
235 737
235 770
235 795
235 821
235 985
235 987
236 280
236 332
236 400
236 515
236 524
236 535
236 557
236 564
236 636
236 648
236 704
236 811
236 850
236 879
236 902
236 904
236 972
237 321
237 401
237 503
237 555
237 596
237 731
237 813
237 914
237 946
238 257
238 326
238 336
238 387
238 422
238 469
238 512
238 527
238 535
238 568
238 574
238 632
238 637
238 683
238 761
238 773
238 826
238 833
238 837
238 852
238 906
238 937
238 941
238 973
238 996
239 268
239 274
239 293
239 368
239 397
239 423
239 438
239 485
239 539
239 633
239 637
239 736
239 763
239 870
239 911
239 982
240 257
240 283
240 297
240 298
240 326
240 387
240 395
240 409
240 423
240 447
240 475
240 479
240 487
240 527
240 536
240 566
240 591
240 600
240 629
240 632
240 636
240 685
240 706
240 707
240 716
240 740
240 760
240 761
240 769
240 806
240 818
240 834
240 852
240 882
240 898
240 974
240 983
241 351
241 514
241 527
241 528
241 530
241 557
241 566
241 608
241 622
241 712
241 717
241 738
241 776
241 813
241 815
241 825
241 833
241 855
241 888
241 896
241 899
241 924
241 962
241 966
242 245
242 286
242 308
242 331
242 386
242 445
242 448
242 512
242 515
242 603
242 661
242 706
242 716
242 721
242 749
242 790
242 826
242 889
242 955
243 286
243 459
243 479
243 509
243 587
243 640
243 668
243 745
243 752
243 758
243 800
243 832
243 847
243 898
243 917
243 995
244 367
244 381
244 534
244 625
244 642
244 688
244 689
244 779
244 792
244 824
244 847
244 920
245 296
245 315
245 371
245 375
245 386
245 445
245 474
245 609
245 625
245 626
245 645
245 647
245 669
245 674
245 689
245 692
245 706
245 819
245 824
245 832
245 873
245 942
245 955
245 988
246 259
246 262
246 286
246 289
246 401
246 425
246 640
246 685
246 692
246 725
246 750
246 799
246 806
246 810
246 819
246 956
247 359
247 378
247 419
247 439
247 560
247 615
247 627
247 628
247 785
247 869
248 337
248 349
248 351
248 450
248 570
248 695
248 756
248 812
249 571
249 623
249 637
249 646
249 679
249 706
249 809
249 870
249 899
249 973
249 994
250 251
250 256
250 258
250 286
250 304
250 323
250 389
250 407
250 422
250 509
250 540
250 543
250 569
250 610
250 630
250 665
250 679
250 680
250 692
250 716
250 724
250 744
250 769
250 812
250 826
250 870
250 896
250 901
250 918
250 965
250 994
251 256
251 286
251 310
251 370
251 498
251 509
251 540
251 543
251 559
251 573
251 587
251 623
251 658
251 665
251 679
251 684
251 699
251 793
251 839
251 855
251 870
251 899
251 901
251 951
251 994
252 272
252 292
252 306
252 315
252 336
252 386
252 428
252 460
252 474
252 510
252 512
252 564
252 570
252 617
252 620
252 644
252 705
252 727
252 784
252 821
252 838
252 984
252 985
252 991
253 299
253 398
253 519
253 542
253 573
253 635
253 667
253 709
253 742
253 776
253 782
253 791
253 796
253 832
253 842
253 845
253 854
253 888
253 983
254 261
254 284
254 440
254 500
254 510
254 552
254 553
254 554
254 626
254 636
254 638
254 647
254 658
254 714
254 726
254 831
254 923
254 966
255 305
255 320
255 443
255 482
255 517
255 564
255 682
255 737
255 753
255 765
255 766
255 779
255 832
255 994
256 297
256 315
256 329
256 363
256 389
256 396
256 436
256 509
256 543
256 579
256 670
256 870
256 891
256 899
256 938
256 958
256 978
256 994
257 274
257 281
257 283
257 284
257 298
257 305
257 413
257 415
257 423
257 449
257 469
257 548
257 574
257 637
257 654
257 769
257 773
257 801
257 817
257 818
257 826
257 834
257 837
257 856
257 887
257 890
257 911
257 964
258 290
258 382
258 389
258 509
258 598
258 665
258 679
258 685
258 793
258 870
258 899
258 901
258 905
258 923
258 994
259 294
259 320
259 336
259 364
259 391
259 402
259 418
259 477
259 573
259 685
259 701
259 713
259 716
259 721
259 728
259 832
259 866
260 375
260 376
260 380
260 383
260 404
260 454
260 455
260 689
260 718
260 825
260 876
260 889
260 899
260 968
260 986
260 988
261 358
261 432
261 453
261 551
261 635
261 714
261 720
261 722
261 745
261 809
261 855
261 903
261 931
262 331
262 344
262 373
262 403
262 432
262 442
262 464
262 658
262 714
262 821
262 866
262 903
262 931
262 950
263 267
263 546
263 596
263 601
263 655
263 703
263 849
263 907
263 910
263 939
263 942
263 954
264 362
264 478
264 554
264 576
264 604
264 641
264 657
264 695
264 740
264 745
264 799
264 831
264 889
265 270
265 445
265 456
265 474
265 488
265 492
265 502
265 533
265 603
265 630
265 644
265 648
265 655
265 666
265 715
265 741
265 744
265 767
265 797
265 877
265 880
265 890
265 892
265 985
266 380
266 582
266 635
266 641
266 667
266 668
266 673
266 782
266 787
266 792
267 288
267 344
267 404
267 444
267 445
267 478
267 507
267 511
267 546
267 558
267 577
267 580
267 586
267 590
267 601
267 647
267 680
267 687
267 751
267 811
267 816
267 849
267 910
267 915
267 928
267 942
267 949
267 960
267 980
268 316
268 366
268 413
268 453
268 538
268 571
268 601
268 782
268 817
268 861
268 895
268 950
269 296
269 308
269 349
269 367
269 405
269 494
269 499
269 627
269 644
269 674
269 732
269 824
269 840
269 876
269 886
269 968
270 285
270 316
270 371
270 464
270 488
270 492
270 525
270 618
270 630
270 644
270 648
270 658
270 666
270 680
270 684
270 741
270 763
270 767
270 785
270 867
270 875
270 877
270 881
270 892
270 901
270 918
270 924
270 950
270 997
271 559
271 583
271 584
271 711
271 758
271 760
271 814
271 865
271 878
271 896
271 905
271 995
272 350
272 352
272 402
272 406
272 431
272 451
272 541
272 581
272 654
272 702
272 705
272 780
272 783
272 784
272 812
272 825
272 826
272 835
272 874
272 921
272 929
272 931
272 952
272 959
272 984
272 986
273 282
273 303
273 304
273 347
273 352
273 371
273 406
273 416
273 458
273 500
273 529
273 533
273 545
273 567
273 577
273 583
273 644
273 645
273 701
273 725
273 735
273 748
273 752
273 864
273 928
273 931
273 937
274 335
274 387
274 413
274 418
274 438
274 457
274 529
274 542
274 612
274 633
274 654
274 706
274 707
274 725
274 737
274 782
274 882
274 979
274 983
274 996
275 302
275 309
275 356
275 370
275 392
275 400
275 436
275 491
275 497
275 513
275 546
275 548
275 585
275 597
275 607
275 619
275 621
275 661
275 664
275 670
275 681
275 696
275 698
275 699
275 734
275 754
275 766
275 768
275 844
275 938
275 979
275 981
275 991
276 289
276 322
276 343
276 350
276 355
276 438
276 580
276 633
276 704
276 708
276 832
276 849
276 857
276 895
276 897
276 973
276 981
277 301
277 308
277 327
277 380
277 519
277 528
277 700
277 734
277 776
277 777
277 877
277 933
277 961
278 285
278 315
278 492
278 548
278 582
278 592
278 630
278 644
278 693
278 844
278 867
278 871
278 875
278 877
278 892
279 325
279 406
279 505
279 569
279 659
279 668
279 678
279 771
279 774
279 807
279 847
279 880
279 976
280 287
280 293
280 298
280 314
280 328
280 332
280 353
280 365
280 368
280 425
280 461
280 471
280 487
280 515
280 524
280 535
280 592
280 621
280 622
280 644
280 691
280 743
280 750
280 756
280 776
280 823
280 850
280 861
280 891
280 936
280 939
281 366
281 397
281 543
281 545
281 563
281 790
281 838
281 870
281 891
281 899
281 994
282 352
282 406
282 416
282 501
282 533
282 570
282 725
282 799
282 803
282 871
282 937
282 996
283 298
283 307
283 328
283 387
283 395
283 423
283 470
283 503
283 557
283 606
283 633
283 685
283 711
283 744
283 752
283 826
283 852
283 882
283 948
284 327
284 519
284 528
284 565
284 579
284 582
284 635
284 742
284 761
284 862
284 883
285 316
285 351
285 426
285 488
285 525
285 561
285 590
285 618
285 643
285 644
285 648
285 666
285 694
285 744
285 767
285 856
285 879
285 880
285 881
285 949
285 997
286 289
286 368
286 419
286 479
286 483
286 543
286 566
286 640
286 697
286 704
286 717
286 742
286 795
286 808
286 811
286 848
286 897
286 908
286 956
287 400
287 461
287 471
287 592
287 616
287 696
287 764
287 846
287 911
287 981
288 290
288 344
288 511
288 586
288 612
288 660
288 711
288 827
288 849
288 899
288 915
288 922
288 942
289 314
289 318
289 338
289 368
289 369
289 374
289 407
289 408
289 457
289 479
289 493
289 498
289 504
289 596
289 599
289 612
289 625
289 627
289 650
289 667
289 685
289 703
289 704
289 716
289 717
289 848
289 857
289 872
289 908
289 927
289 928
289 973
289 996
290 309
290 398
290 409
290 519
290 582
290 782
290 787
290 844
290 961
290 971
290 972
291 397
291 429
291 462
291 466
291 468
291 480
291 564
291 597
291 737
291 746
291 782
291 836
291 980
292 352
292 402
292 415
292 425
292 503
292 570
292 619
292 705
292 770
292 783
292 786
292 788
292 823
292 826
292 953
292 986
292 1000
293 306
293 315
293 332
293 425
293 508
293 523
293 570
293 596
293 727
293 770
293 788
293 800
293 812
293 821
293 835
293 838
293 949
293 951
293 976
294 398
294 410
294 519
294 523
294 582
294 631
294 667
294 700
294 769
294 774
294 791
294 973
295 355
295 544
295 599
295 613
295 684
295 750
295 843
295 938
295 999
296 330
296 367
296 405
296 505
296 507
296 555
296 676
296 688
296 706
296 730
296 764
296 809
296 912
296 955
296 957
296 968
296 973
297 313
297 377
297 390
297 498
297 534
297 572
297 615
297 627
297 628
297 634
297 706
297 742
297 776
297 823
297 906
297 924
297 942
298 378
298 397
298 406
298 413
298 471
298 555
298 574
298 600
298 603
298 632
298 633
298 769
298 826
298 834
298 898
298 906
298 942
298 948
298 983
299 326
299 368
299 387
299 404
299 414
299 522
299 527
299 539
299 633
299 637
299 753
299 824
299 828
299 834
300 337
300 382
300 397
300 446
300 481
300 598
300 604
300 608
300 627
300 695
300 736
300 757
300 789
300 816
300 828
300 847
300 889
300 967
300 982
300 988
301 303
301 325
301 421
301 454
301 467
301 472
301 538
301 565
301 578
301 662
301 663
301 794
301 852
302 419
302 420
302 463
302 607
302 608
302 665
302 670
302 693
302 699
302 712
302 766
302 830
302 844
302 913
303 394
303 462
303 464
303 565
303 578
303 663
303 803
303 816
303 865
303 919
304 351
304 416
304 458
304 467
304 545
304 547
304 568
304 571
304 583
304 725
304 770
304 824
304 948
305 322
305 473
305 704
305 750
305 759
305 786
305 808
305 914
306 340
306 455
306 460
306 503
306 510
306 526
306 555
306 570
306 756
306 783
306 862
306 942
306 986
306 987
307 405
307 423
307 474
307 522
307 542
307 562
307 566
307 574
307 633
307 654
307 732
307 748
307 759
307 828
307 911
308 321
308 357
308 371
308 375
308 381
308 383
308 386
308 415
308 437
308 445
308 450
308 466
308 506
308 620
308 645
308 651
308 664
308 683
308 688
308 689
308 692
308 710
308 768
308 779
308 788
308 789
308 790
308 819
308 822
308 867
308 894
308 905
308 912
308 939
308 957
309 375
309 402
309 460
309 513
309 530
309 550
309 797
309 872
310 386
310 402
310 461
310 474
310 503
310 570
310 643
310 712
310 714
310 752
310 764
310 800
310 812
310 963
310 976
311 442
311 493
311 515
311 555
311 575
311 576
311 616
311 653
311 669
311 694
311 722
311 771
311 853
311 884
311 922
311 964
311 987
311 998
311 999
312 416
312 450
312 538
312 571
312 646
312 792
312 817
312 837
312 844
312 878
312 890
312 919
312 947
312 980
313 327
313 392
313 397
313 455
313 607
313 646
313 670
313 798
313 824
313 836
313 924
313 955
314 370
314 400
314 471
314 521
314 592
314 783
314 850
314 878
314 973
315 319
315 340
315 352
315 402
315 417
315 438
315 444
315 474
315 496
315 508
315 565
315 570
315 573
315 581
315 629
315 702
315 731
315 770
315 780
315 788
315 800
315 801
315 812
315 825
315 835
315 853
315 902
315 953
315 963
315 970
315 979
315 986
316 413
316 492
316 590
316 592
316 630
316 644
316 666
316 744
316 767
316 842
316 867
316 880
316 892
317 327
317 417
317 436
317 504
317 535
317 538
317 559
317 611
317 759
317 813
317 820
317 936
318 486
318 633
318 640
318 650
318 691
318 703
318 816
318 956
318 972
319 327
319 503
319 519
319 527
319 611
319 705
319 757
319 786
319 797
319 812
319 931
320 336
320 384
320 446
320 447
320 449
320 517
320 520
320 573
320 701
320 713
320 721
320 751
320 882
320 906
321 454
321 467
321 471
321 565
321 578
321 588
321 590
321 630
321 662
321 663
321 803
321 823
321 844
321 847
321 899
321 939
321 958
321 999
322 343
322 355
322 403
322 408
322 467
322 490
322 493
322 543
322 604
322 617
322 650
322 685
322 690
322 704
322 716
322 832
322 954
322 999
323 332
323 336
323 356
323 473
323 530
323 571
323 698
323 762
323 817
323 822
323 893
324 389
324 390
324 414
324 453
324 485
324 514
324 553
324 591
324 671
324 704
324 733
324 746
324 993
324 1000
325 349
325 385
325 398
325 526
325 531
325 562
325 604
325 637
325 691
325 842
325 854
325 859
325 927
325 969
325 972
325 983
326 470
326 521
326 600
326 713
326 728
326 770
326 773
326 887
326 905
326 914
326 974
327 425
327 469
327 483
327 598
327 631
327 673
327 727
327 746
327 762
327 792
327 840
327 922
327 965
327 994
328 368
328 399
328 400
328 524
328 540
328 544
328 589
328 592
328 668
328 784
328 785
329 350
329 366
329 420
329 442
329 486
329 489
329 501
329 530
329 561
329 602
329 613
329 738
329 850
329 868
329 878
329 888
329 922
329 930
330 331
330 337
330 381
330 405
330 434
330 446
330 447
330 474
330 509
330 625
330 645
330 663
330 693
330 706
330 788
330 800
330 884
330 985
331 333
331 371
331 375
331 386
331 405
331 410
331 415
331 450
331 516
331 620
331 625
331 671
331 712
331 715
331 772
331 851
331 879
331 909
332 345
332 400
332 432
332 471
332 481
332 524
332 535
332 592
332 629
332 671
332 678
332 680
332 764
332 813
332 930
332 969
333 382
333 400
333 417
333 419
333 446
333 460
333 503
333 702
333 705
333 731
333 821
333 874
333 879
333 893
333 897
333 913
333 946
333 963
333 995
334 373
334 393
334 492
334 557
334 806
334 817
335 348
335 349
335 396
335 397
335 438
335 460
335 542
335 582
335 637
335 769
335 837
335 856
335 882
335 947
336 354
336 363
336 384
336 391
336 434
336 442
336 471
336 498
336 573
336 679
336 686
336 701
336 713
336 714
336 728
336 801
336 840
336 871
336 958
336 966
336 978
337 349
337 362
337 367
337 424
337 450
337 469
337 501
337 512
337 604
337 606
337 657
337 659
337 667
337 695
337 711
337 745
337 757
337 852
337 861
337 889
337 929
337 945
337 950
337 972
337 974
337 982
337 989
338 355
338 407
338 423
338 586
338 640
338 684
338 704
338 816
338 817
338 888
338 895
338 956
338 973
338 990
339 396
339 423
339 607
339 765
339 771
339 785
339 903
340 399
340 440
340 658
340 714
340 788
340 791
340 931
341 405
341 501
341 660
341 688
341 732
341 761
341 766
341 772
341 863
341 930
341 945
341 961
341 992
342 371
342 375
342 434
342 521
342 556
342 564
342 732
342 737
342 753
342 897
342 954
342 1000
343 355
343 509
343 640
343 683
343 684
343 691
343 808
343 879
343 893
343 897
343 942
343 973
343 999
344 446
344 546
344 558
344 590
344 617
344 680
344 692
344 751
344 828
344 849
344 860
344 894
344 910
344 915
344 922
345 356
345 387
345 417
345 523
345 609
345 614
345 693
345 704
345 742
345 776
345 926
345 978
346 393
346 434
346 541
346 554
346 564
346 695
346 706
346 737
346 753
346 891
346 926
346 934
346 975
346 998
347 438
347 453
347 457
347 514
347 522
347 634
347 696
347 738
347 854
347 878
347 918
348 384
348 412
348 420
348 565
348 672
348 693
348 696
348 753
348 766
348 787
348 817
348 979
349 446
349 536
349 546
349 604
349 621
349 624
349 641
349 657
349 673
349 695
349 711
349 730
349 740
349 745
349 757
349 828
349 845
349 858
349 861
349 886
349 889
349 899
349 900
349 924
349 950
349 967
349 968
349 974
349 982
349 983
349 991
349 999
350 361
350 465
350 485
350 489
350 514
350 615
350 668
350 694
350 712
350 719
350 731
350 748
350 803
350 815
350 876
350 878
350 888
350 953
351 362
351 435
351 446
351 468
351 469
351 523
351 564
351 567
351 662
351 665
351 695
351 700
351 736
351 745
351 757
351 769
351 790
351 824
351 828
351 845
351 853
351 854
351 874
351 950
351 972
351 982
351 989
352 402
352 430
352 448
352 526
352 692
352 786
352 838
352 840
352 934
353 364
353 368
353 376
353 386
353 400
353 439
353 523
353 524
353 645
353 726
353 737
353 769
353 832
353 838
353 969
353 994
354 391
354 410
354 503
354 571
354 573
354 637
354 656
354 701
354 776
354 798
354 910
354 944
354 979
355 382
355 408
355 443
355 483
355 486
355 524
355 555
355 587
355 640
355 654
355 691
355 704
355 707
355 717
355 795
355 811
355 832
355 848
355 868
355 874
355 894
355 907
355 946
355 954
355 961
356 418
356 420
356 484
356 491
356 493
356 524
356 557
356 578
356 585
356 601
356 672
356 693
356 698
356 710
356 754
356 807
356 844
356 884
356 959
356 979
356 983
357 430
357 445
357 456
357 528
357 625
357 635
357 643
357 658
357 709
357 739
357 740
357 776
357 782
357 792
357 831
357 886
357 914
357 943
358 374
358 412
358 562
358 670
358 699
358 797
358 812
358 956
359 362
359 381
359 425
359 443
359 454
359 532
359 595
359 664
359 759
359 777
359 997
359 999
360 431
360 485
360 519
360 678
360 787
360 829
360 859
360 876
361 390
361 453
361 498
361 530
361 574
361 575
361 626
361 729
361 815
361 854
361 962
362 385
362 465
362 657
362 720
362 745
362 839
362 945
363 364
363 373
363 384
363 391
363 399
363 406
363 500
363 579
363 607
363 701
363 713
363 721
363 728
363 807
363 827
363 848
363 958
364 380
364 391
364 573
364 684
364 958
364 985
365 400
365 418
365 471
365 524
365 535
365 555
365 609
365 784
365 815
365 817
365 848
365 935
366 390
366 486
366 498
366 506
366 514
366 525
366 648
366 700
366 712
366 854
366 878
367 386
367 398
367 409
367 447
367 606
367 688
367 692
367 732
367 968
368 388
368 400
368 422
368 471
368 481
368 516
368 544
368 603
368 626
368 778
368 790
368 904
368 934
368 971
368 993
369 443
369 596
369 685
369 703
369 713
369 722
369 752
369 816
369 832
369 861
369 943
369 999
370 389
370 536
370 543
370 679
370 870
370 891
370 899
370 901
371 375
371 385
371 402
371 405
371 415
371 425
371 445
371 493
371 534
371 540
371 547
371 556
371 602
371 654
371 656
371 688
371 692
371 698
371 706
371 710
371 722
371 733
371 787
371 796
371 809
371 812
371 827
371 851
371 876
371 910
371 916
371 917
371 947
371 955
371 968
371 988
372 378
372 534
372 563
372 570
372 627
372 628
372 744
372 823
372 832
372 872
372 936
372 952
373 391
373 416
373 477
373 573
373 637
373 687
373 713
373 824
373 871
373 880
373 932
373 958
374 485
374 664
374 724
374 822
374 833
374 854
374 894
375 379
375 404
375 412
375 437
375 438
375 492
375 494
375 511
375 522
375 553
375 585
375 588
375 617
375 642
375 645
375 664
375 674
375 677
375 686
375 706
375 710
375 731
375 779
375 789
375 824
375 827
375 836
375 876
375 917
375 939
375 947
375 955
375 957
375 988
376 399
376 523
376 559
376 651
376 696
376 777
376 813
376 820
377 379
377 471
377 515
377 549
377 639
377 652
377 675
377 708
377 720
377 778
377 798
377 903
377 918
377 933
377 936
377 960
378 386
378 446
378 534
378 555
378 572
378 581
378 605
378 615
378 627
378 628
378 634
378 677
378 778
378 779
378 820
378 823
378 869
378 948
379 405
379 411
379 445
379 447
379 450
379 509
379 556
379 676
379 692
379 756
379 866
379 955
380 437
380 598
380 619
380 631
380 755
380 776
380 782
380 833
380 842
380 851
380 855
380 860
380 926
380 953
380 997
381 405
381 544
381 664
381 674
381 688
381 822
381 853
381 884
381 912
381 916
381 957
382 408
382 494
382 596
382 599
382 684
382 685
382 690
382 703
382 704
382 750
382 792
382 973
382 987
383 385
383 404
383 405
383 468
383 556
383 593
383 606
383 645
383 659
383 692
383 794
383 822
383 909
383 947
383 962
384 496
384 586
384 592
384 686
384 692
384 701
384 713
384 958
385 391
385 405
385 447
385 450
385 539
385 635
385 727
385 772
385 825
385 909
385 937
385 972
385 990
386 387
386 404
386 447
386 450
386 466
386 479
386 494
386 505
386 528
386 530
386 611
386 620
386 644
386 676
386 689
386 706
386 710
386 734
386 772
386 788
386 789
386 824
386 828
386 833
386 877
386 893
386 909
386 912
386 916
386 931
386 947
386 988
387 397
387 413
387 428
387 438
387 509
387 511
387 519
387 522
387 539
387 542
387 574
387 632
387 633
387 637
387 642
387 659
387 707
387 708
387 813
387 818
387 826
387 837
387 846
387 852
387 863
387 882
387 887
387 906
387 941
387 956
387 996
388 519
388 525
388 631
388 667
388 791
388 817
388 859
388 901
388 918
389 466
389 504
389 543
389 629
389 679
389 743
389 800
389 804
389 807
389 870
389 891
389 899
389 946
389 994
390 486
390 587
390 632
390 634
390 668
390 671
390 716
390 733
390 734
390 821
390 854
390 865
390 874
390 888
391 434
391 477
391 663
391 701
391 703
391 720
391 728
391 795
391 871
391 902
391 958
391 973
392 405
392 422
392 433
392 484
392 497
392 607
392 619
392 652
392 797
392 813
393 508
393 550
393 607
393 641
393 751
393 802
394 423
394 424
394 454
394 464
394 467
394 552
394 565
394 588
394 631
394 662
394 663
394 682
394 711
394 794
394 795
394 803
395 396
395 410
395 413
395 470
395 522
395 527
395 574
395 632
395 637
395 650
395 659
395 683
395 700
395 711
395 769
395 803
395 826
395 837
395 846
395 906
395 959
396 463
396 476
396 539
396 542
396 584
396 591
396 628
396 654
396 773
396 780
396 837
396 922
396 989
397 398
397 401
397 419
397 454
397 604
397 685
397 707
397 769
397 798
397 821
397 863
397 887
397 888
397 898
397 1000
398 410
398 456
398 458
398 519
398 528
398 570
398 571
398 582
398 594
398 621
398 685
398 709
398 776
398 781
398 791
398 792
398 901
398 909
398 938
398 959
398 967
399 404
399 442
399 480
399 576
399 626
399 666
399 714
399 750
399 751
399 808
399 823
399 866
399 931
400 434
400 461
400 471
400 481
400 516
400 524
400 535
400 542
400 552
400 554
400 560
400 574
400 592
400 629
400 662
400 708
400 727
400 742
400 743
400 782
400 830
400 850
400 888
400 904
400 934
400 969
400 976
400 977
400 983
400 990
401 423
401 441
401 460
401 541
401 559
401 659
401 712
401 777
401 855
401 860
401 883
401 951
401 996
401 997
402 433
402 451
402 460
402 496
402 503
402 545
402 572
402 603
402 604
402 612
402 635
402 643
402 677
402 783
402 788
402 800
402 805
402 812
402 914
402 921
402 953
402 986
403 464
403 540
403 683
403 714
403 775
403 854
404 405
404 447
404 503
404 625
404 725
404 729
404 779
404 790
404 796
404 801
404 812
405 416
405 439
405 445
405 466
405 499
405 524
405 556
405 591
405 609
405 625
405 642
405 649
405 664
405 670
405 689
405 692
405 732
405 772
405 779
405 791
405 812
405 817
405 827
405 829
405 861
405 879
405 912
405 928
405 939
405 947
405 955
405 968
406 416
406 460
406 529
406 568
406 617
406 634
406 667
406 937
407 481
407 684
407 717
407 753
407 808
407 842
407 848
407 872
407 888
407 889
408 426
408 441
408 443
408 486
408 599
408 669
408 685
408 717
408 794
408 848
408 850
408 919
408 938
408 987
408 990
408 999
409 411
409 505
409 547
409 564
409 674
409 692
409 756
409 799
409 819
409 863
409 879
410 537
410 693
410 703
410 776
410 804
410 880
411 412
411 466
411 494
411 706
411 729
411 732
411 772
411 824
411 831
411 939
411 992
412 484
412 585
412 589
412 609
412 693
412 729
412 766
412 797
412 848
412 892
412 901
412 908
413 414
413 522
413 528
413 574
413 637
413 646
413 659
413 773
413 863
413 882
413 906
413 957
414 498
414 539
414 541
414 769
414 773
414 818
414 863
414 882
414 887
414 888
414 906
414 941
414 994
415 450
415 489
415 559
415 625
415 645
415 649
415 705
415 823
415 856
416 428
416 521
416 533
416 577
416 583
416 588
416 652
416 658
416 692
416 734
416 735
416 753
416 785
416 802
416 864
416 928
416 937
417 419
417 425
417 448
417 471
417 496
417 705
417 716
417 770
417 788
417 801
417 816
417 882
417 952
417 976
417 1000
418 420
418 449
418 555
418 565
418 619
418 686
418 703
418 743
418 762
418 772
418 797
418 798
418 799
418 902
418 944
418 984
418 987
419 448
419 460
419 496
419 503
419 510
419 537
419 612
419 614
419 640
419 699
419 705
419 731
419 756
419 780
419 783
419 786
419 788
419 800
419 812
419 829
419 838
419 862
419 863
419 874
419 895
419 896
419 909
419 924
419 953
419 986
420 422
420 427
420 436
420 463
420 491
420 513
420 585
420 597
420 607
420 637
420 670
420 675
420 683
420 685
420 698
420 730
420 768
420 798
420 821
420 823
420 844
420 868
420 873
420 919
420 935
420 944
420 959
420 979
421 488
421 523
421 528
421 550
421 574
421 653
421 678
421 769
421 782
421 787
421 792
421 850
421 900
422 513
422 607
422 670
422 678
422 686
422 693
422 694
422 699
422 766
422 771
422 821
422 925
422 981
423 438
423 476
423 512
423 527
423 542
423 562
423 566
423 574
423 575
423 591
423 592
423 632
423 633
423 637
423 660
423 707
423 740
423 773
423 837
423 842
423 847
423 882
423 898
423 948
423 971
424 464
424 578
424 663
424 665
424 758
424 843
424 920
424 939
424 989
425 444
425 451
425 460
425 581
425 614
425 654
425 671
425 731
425 770
425 786
425 795
425 801
425 812
425 813
425 821
425 825
425 830
425 839
425 914
425 963
425 984
425 985
425 987
426 541
426 559
426 579
426 606
426 724
426 801
426 803
426 813
426 955
427 508
427 555
427 557
427 669
427 760
427 839
427 841
427 881
427 964
427 987
428 475
428 500
428 568
428 577
428 601
428 735
428 855
428 864
428 893
428 937
429 434
429 462
429 482
429 547
429 564
429 619
429 620
429 737
429 753
429 762
429 782
429 783
429 819
429 893
429 897
429 1000
430 455
430 519
430 571
430 637
430 645
430 653
430 674
430 686
430 692
430 817
430 819
430 834
430 898
430 972
431 437
431 502
431 587
431 596
431 685
431 848
431 904
431 999
432 442
432 532
432 552
432 625
432 636
432 658
432 714
432 748
432 752
432 802
432 850
432 931
432 966
433 555
433 576
433 623
433 660
433 669
433 682
433 718
433 722
433 743
433 839
433 859
433 889
434 456
434 462
434 468
434 517
434 547
434 564
434 703
434 715
434 737
434 753
434 762
434 765
434 767
434 773
434 889
434 934
434 946
434 975
434 1000
435 470
435 551
435 662
435 711
435 720
435 734
435 821
435 828
435 892
435 909
435 931
435 950
436 588
436 684
436 686
436 749
436 797
436 798
436 804
436 844
437 466
437 474
437 515
437 523
437 645
437 664
437 688
437 695
437 714
437 791
437 870
438 514
438 522
438 527
438 562
438 566
438 590
438 633
438 670
438 685
438 708
438 718
438 846
438 854
438 856
438 863
438 882
438 906
438 948
438 971
438 994
438 996
439 506
439 556
439 562
439 657
439 779
439 790
439 828
439 844
439 889
440 658
440 661
440 711
440 714
440 838
440 868
440 903
440 919
440 931
440 999
441 541
441 559
441 570
441 702
441 813
441 820
441 831
441 839
441 878
441 961
442 714
442 812
442 931
442 1000
443 499
443 524
443 528
443 536
443 599
443 740
443 848
443 863
443 909
443 954
443 970
444 486
444 540
444 570
444 592
444 637
444 679
444 783
444 784
444 791
444 795
444 812
444 821
444 838
444 908
444 914
444 994
445 450
445 462
445 466
445 506
445 547
445 664
445 674
445 736
445 851
445 868
445 901
445 916
445 928
445 968
446 467
446 495
446 501
446 516
446 536
446 552
446 567
446 604
446 607
446 676
446 740
446 757
446 803
446 828
446 846
446 861
446 909
446 954
446 972
447 486
447 507
447 524
447 578
447 625
447 633
447 664
447 689
447 747
447 796
447 827
447 897
447 912
447 968
448 460
448 678
448 687
448 705
448 710
448 731
448 777
448 784
448 800
448 812
448 821
448 838
449 607
449 666
449 693
449 832
449 910
449 941
449 955
450 505
450 547
450 604
450 616
450 649
450 674
450 676
450 693
450 779
450 796
450 809
450 828
450 851
450 916
451 570
451 612
451 705
451 770
451 783
451 786
451 914
452 555
452 669
452 788
452 816
452 892
452 920
452 987
452 992
453 496
453 530
453 571
453 572
453 671
453 672
453 692
453 719
453 783
453 792
453 815
453 869
453 888
454 541
454 565
454 584
454 588
454 662
454 663
454 768
454 799
454 803
454 830
454 918
454 956
455 507
455 555
455 607
455 620
455 679
455 688
455 692
455 709
455 732
455 755
455 955
455 988
456 609
456 645
456 682
456 700
456 742
456 787
456 791
456 892
456 916
457 470
457 498
457 514
457 554
457 608
457 667
457 719
457 738
457 790
457 815
457 888
457 973
458 463
458 503
458 521
458 529
458 533
458 585
458 785
458 799
458 815
458 819
458 878
458 956
458 969
459 504
459 512
459 587
459 650
459 747
459 816
459 848
459 997
459 999
460 477
460 503
460 508
460 510
460 537
460 570
460 581
460 615
460 620
460 643
460 653
460 702
460 746
460 769
460 786
460 788
460 800
460 801
460 812
460 821
460 825
460 835
460 836
460 852
460 874
460 884
460 888
460 904
460 921
460 929
460 953
460 973
460 984
460 985
461 471
461 487
461 518
461 521
461 524
461 592
461 629
461 640
461 743
461 745
461 826
461 833
461 851
461 969
462 468
462 498
462 517
462 549
462 554
462 565
462 593
462 736
462 737
462 739
462 766
462 893
462 949
462 951
463 514
463 607
463 609
463 613
463 619
463 633
463 669
463 670
463 686
463 699
463 706
463 744
463 766
463 981
464 467
464 506
464 519
464 565
464 625
464 653
464 662
464 663
464 666
464 794
464 817
464 830
464 843
464 847
465 471
465 573
465 608
465 712
465 724
465 748
465 794
465 854
466 645
466 668
466 678
466 688
466 706
466 716
466 772
466 783
466 819
466 830
466 842
466 909
466 968
466 988
467 502
467 577
467 578
467 588
467 662
467 663
467 749
467 791
467 794
467 803
467 830
467 843
467 847
467 982
467 991
468 485
468 517
468 547
468 564
468 570
468 629
468 737
468 739
468 758
468 834
468 893
468 910
468 913
468 934
468 1000
469 527
469 536
469 604
469 657
469 691
469 718
469 742
469 762
469 797
469 799
469 972
470 475
470 476
470 487
470 509
470 522
470 527
470 532
470 632
470 633
470 637
470 677
470 682
470 708
470 769
470 801
470 812
470 846
470 874
470 885
470 896
470 911
470 918
470 983
470 996
471 478
471 497
471 516
471 518
471 524
471 535
471 589
471 592
471 593
471 693
471 743
471 848
471 849
471 882
471 904
471 925
471 943
471 969
471 977
471 990
472 528
472 559
472 690
472 718
472 813
472 961
472 997
473 482
473 571
473 667
473 681
473 766
473 802
473 915
473 931
474 533
474 723
474 788
474 800
474 801
474 807
474 874
474 927
475 489
475 522
475 532
475 553
475 574
475 637
475 659
475 664
475 818
475 888
475 898
476 500
476 522
476 550
476 633
476 797
476 834
476 852
476 881
476 895
476 911
476 975
477 500
477 552
477 574
477 807
477 855
478 524
478 536
478 604
478 632
478 695
478 869
478 950
479 529
479 652
479 716
479 743
479 806
479 816
479 840
479 976
480 555
480 576
480 579
480 622
480 624
480 718
480 722
480 987
481 516
481 571
481 589
481 687
481 727
481 783
481 786
481 888
481 908
481 969
482 517
482 547
482 554
482 584
482 737
482 893
482 946
482 1000
483 522
483 585
483 785
483 838
483 860
483 899
483 999
484 503
484 609
484 698
484 766
484 844
484 949
484 981
485 486
485 514
485 578
485 608
485 622
485 696
485 705
485 709
485 712
485 728
485 738
485 815
485 833
485 895
485 924
485 959
485 966
485 979
485 993
486 530
486 593
486 613
486 658
486 671
486 693
486 712
486 724
486 727
486 733
486 738
486 778
486 789
486 888
486 906
486 924
486 962
486 966
486 974
487 562
487 575
487 633
487 646
487 659
487 711
487 760
487 787
487 826
487 852
487 899
487 906
487 983
488 599
488 611
488 644
488 667
488 699
488 744
488 774
488 782
488 892
488 956
488 990
489 671
489 719
489 815
489 817
489 824
489 833
489 854
490 519
490 609
490 647
490 655
490 667
490 668
490 776
490 782
490 832
490 842
490 844
490 863
490 978
490 980
491 549
491 582
491 605
491 674
491 685
491 693
491 727
491 766
491 979
492 525
492 546
492 635
492 644
492 656
492 703
492 705
492 706
492 881
492 890
492 919
492 942
493 555
493 576
493 619
493 681
493 718
493 722
493 937
493 940
493 987
494 538
494 553
494 558
494 620
494 625
494 722
494 888
494 909
495 612
495 711
495 742
495 811
495 845
495 869
495 889
495 896
495 945
495 963
495 974
496 511
496 687
496 786
496 798
496 800
496 805
496 812
497 513
497 686
497 688
497 693
497 776
497 844
497 962
497 981
498 503
498 555
498 692
498 712
498 719
498 742
498 815
498 819
498 833
498 854
498 878
498 888
498 924
498 933
498 962
498 993
499 523
499 528
499 673
499 678
499 752
499 782
499 787
499 936
500 714
500 777
500 800
500 931
500 954
501 536
501 604
501 610
501 625
501 657
501 745
501 982
502 525
502 618
502 630
502 644
502 648
502 664
502 882
502 987
503 526
503 581
503 612
503 626
503 635
503 670
503 705
503 733
503 756
503 770
503 780
503 783
503 786
503 800
503 805
503 821
503 838
503 903
503 952
503 984
503 986
504 596
504 685
504 789
504 808
504 816
504 848
504 897
505 604
505 689
505 732
505 790
505 819
505 824
505 968
506 519
506 665
506 796
506 909
506 968
507 511
507 559
507 615
507 663
507 688
507 930
507 942
508 533
508 570
508 668
508 766
508 783
508 909
508 929
509 543
509 560
509 592
509 607
509 665
509 679
509 793
509 870
509 891
509 899
509 918
509 951
509 994
510 537
510 562
510 570
510 612
510 621
510 705
510 788
510 801
510 838
510 877
510 929
510 953
510 963
510 995
511 532
511 558
511 586
511 601
511 614
511 725
511 751
511 896
511 915
511 922
511 960
512 603
512 604
512 741
512 745
512 828
512 845
512 853
512 865
512 880
512 950
513 538
513 566
513 601
513 607
513 609
513 696
513 699
513 754
513 797
513 807
513 818
513 844
513 885
513 981
514 542
514 559
514 565
514 602
514 614
514 624
514 640
514 671
514 690
514 712
514 733
514 738
514 748
514 807
514 872
514 878
514 888
514 898
514 902
514 924
514 966
514 986
514 992
514 996
514 999
515 546
515 592
515 616
515 743
515 764
515 800
515 907
515 969
516 584
516 743
516 748
516 856
516 868
517 547
517 564
517 583
517 629
517 698
517 704
517 737
517 762
517 765
517 845
517 893
517 896
517 928
517 1000
518 543
518 584
518 587
518 660
518 676
518 685
518 695
518 722
518 738
518 893
518 987
519 523
519 553
519 580
519 624
519 631
519 651
519 668
519 675
519 680
519 707
519 712
519 742
519 776
519 782
519 787
519 791
519 792
519 794
519 842
519 858
519 873
519 879
519 923
519 940
519 963
520 549
520 594
520 595
520 639
520 652
520 661
520 675
520 688
520 720
520 903
520 996
521 524
521 592
521 654
521 707
521 722
521 743
521 764
521 982
522 527
522 539
522 566
522 637
522 654
522 738
522 753
522 769
522 828
522 906
522 977
523 561
523 598
523 692
523 709
523 712
523 714
523 781
523 791
523 849
523 858
523 859
523 874
523 974
524 535
524 583
524 589
524 592
524 603
524 623
524 629
524 717
524 731
524 743
524 764
524 847
524 850
524 870
524 900
524 904
524 906
524 928
524 956
524 958
524 977
524 990
525 564
525 604
525 618
525 630
525 644
525 648
525 666
525 712
525 791
525 811
525 859
525 880
525 890
525 906
525 927
525 971
525 972
526 537
526 581
526 612
526 631
526 664
526 667
526 705
526 757
526 765
526 770
526 780
526 788
526 805
526 835
526 838
526 868
526 874
526 921
526 953
526 963
526 976
527 539
527 551
527 561
527 574
527 591
527 613
527 633
527 659
527 683
527 773
527 783
527 806
527 826
527 846
527 885
527 887
527 891
527 898
527 911
527 918
527 941
527 948
527 971
527 983
528 531
528 538
528 580
528 596
528 598
528 621
528 631
528 635
528 643
528 647
528 654
528 668
528 673
528 687
528 711
528 743
528 752
528 787
528 842
528 858
528 859
528 926
528 932
528 943
528 978
529 533
529 544
529 639
529 722
529 755
529 760
529 785
529 937
529 994
530 696
530 719
530 748
530 766
530 772
530 815
530 832
530 854
530 878
530 888
530 913
530 924
530 966
531 582
531 667
531 668
531 709
531 871
531 900
532 626
532 779
532 807
532 809
532 893
532 931
532 966
532 991
533 583
533 605
533 696
533 735
533 753
533 799
533 864
533 930
533 937
533 965
533 979
534 627
534 737
534 823
534 834
534 869
534 968
534 982
535 592
535 619
535 678
535 727
535 843
535 939
536 604
536 643
536 845
536 865
536 914
536 967
537 560
537 581
537 631
537 658
537 788
537 800
537 835
537 836
537 838
537 888
537 955
537 963
538 571
538 592
538 601
538 617
538 720
538 732
538 843
538 882
538 895
538 902
538 965
538 975
538 976
538 984
539 601
539 623
539 683
539 806
539 883
539 887
539 898
539 976
540 610
540 665
540 807
540 813
540 870
540 899
540 904
540 940
540 976
540 994
541 559
541 611
541 665
541 709
541 749
541 864
542 561
542 574
542 691
542 706
542 773
542 882
542 885
542 990
543 556
543 627
543 633
543 637
543 665
543 679
543 720
543 746
543 748
543 785
543 794
543 827
543 829
543 846
543 870
543 899
543 951
543 994
544 548
544 567
544 619
544 658
544 693
544 730
544 766
544 768
544 813
544 832
544 875
544 878
545 725
545 746
545 832
545 864
545 874
545 906
545 937
545 975
545 995
546 590
546 650
546 770
546 829
546 894
546 907
546 909
546 942
547 554
547 564
547 583
547 645
547 651
547 737
547 739
547 753
547 761
547 893
547 934
547 949
547 1000
548 607
548 610
548 619
548 686
548 710
548 797
549 639
549 652
549 655
549 675
549 690
549 720
549 724
549 774
549 816
549 879
549 936
550 571
550 576
550 691
550 693
550 714
550 715
550 742
550 817
550 854
551 745
551 900
551 903
551 931
552 638
552 645
552 652
552 658
552 714
552 773
552 805
552 889
552 931
552 981
553 582
553 621
553 631
553 647
553 653
553 668
553 673
553 743
553 791
553 839
553 858
553 891
553 897
553 997
554 556
554 564
554 584
554 588
554 631
554 653
554 682
554 715
554 737
554 775
554 808
554 850
554 893
554 934
554 946
554 949
554 1000
555 557
555 563
555 575
555 580
555 616
555 623
555 653
555 660
555 694
555 697
555 718
555 722
555 786
555 813
555 859
555 884
555 920
555 935
555 987
556 612
556 656
556 676
556 702
556 706
556 822
556 824
556 939
556 963
556 978
557 559
557 575
557 576
557 602
557 605
557 634
557 669
557 694
557 704
557 747
557 828
557 884
557 931
557 987
557 998
558 560
558 601
558 608
558 636
558 700
558 751
558 761
558 770
558 814
558 835
558 849
558 864
558 915
558 980
559 579
559 606
559 611
559 719
559 749
559 777
559 806
559 813
559 820
559 860
559 883
560 573
560 823
560 981
561 569
561 580
561 635
561 668
561 700
561 747
561 791
561 878
561 916
561 923
561 926
562 566
562 590
562 633
562 661
562 798
562 826
562 834
562 846
562 852
562 887
563 582
563 660
563 698
563 699
563 722
563 738
563 839
563 876
563 887
563 905
563 964
563 987
564 655
564 686
564 701
564 715
564 718
564 739
564 753
564 837
564 866
564 893
564 901
564 946
564 949
564 975
564 1000
565 578
565 588
565 657
565 662
565 692
565 745
565 766
565 791
565 794
565 803
565 830
565 843
565 847
565 849
565 908
565 934
565 972
565 985
566 572
566 622
566 659
566 708
566 710
566 742
566 812
566 834
566 852
566 856
566 868
566 882
566 888
566 906
566 975
566 983
567 657
567 662
567 680
567 828
567 942
567 950
568 593
568 725
568 793
568 974
569 580
569 635
569 667
569 668
569 717
569 782
569 842
569 932
570 581
570 612
570 727
570 756
570 788
570 809
570 821
570 835
570 836
570 838
570 926
570 927
570 970
570 984
571 919
571 940
572 607
572 615
572 627
572 668
572 777
572 823
572 848
572 869
573 649
573 706
573 713
573 721
573 728
573 735
573 780
573 805
573 871
573 958
574 575
574 591
574 600
574 604
574 607
574 632
574 633
574 642
574 683
574 769
574 783
574 837
574 863
574 877
574 885
574 906
574 911
574 928
574 948
574 979
574 983
574 996
575 669
575 722
575 785
575 842
575 987
576 623
576 660
576 669
576 690
576 697
576 699
576 722
576 757
576 781
576 803
576 839
576 884
576 912
576 935
576 937
576 964
576 987
576 996
576 998
577 587
577 723
577 725
577 787
577 793
577 799
577 800
577 880
577 917
577 937
577 958
577 964
578 662
578 711
578 830
578 912
579 749
579 777
579 813
579 820
580 642
580 679
580 742
580 776
580 782
580 792
581 635
581 666
581 721
581 780
581 800
581 963
582 633
582 635
582 658
582 667
582 678
582 686
582 700
582 742
582 846
582 900
582 923
582 943
582 959
582 987
583 743
583 748
583 785
583 792
584 605
584 614
584 637
584 646
584 718
584 758
584 760
584 775
584 814
584 815
584 865
584 995
585 621
585 663
585 670
585 672
585 686
585 698
585 753
585 766
585 838
585 873
585 943
585 966
585 981
586 590
586 821
586 870
587 596
587 612
587 635
587 685
587 691
587 750
587 802
587 813
587 816
587 832
587 840
587 848
587 870
587 872
587 890
587 897
587 999
588 662
588 663
588 679
588 794
588 986
589 727
589 889
589 897
589 925
589 969
589 973
590 687
590 757
590 821
590 877
590 910
590 971
591 633
591 747
591 774
591 882
591 885
591 891
591 941
591 948
591 996
592 603
592 613
592 621
592 629
592 635
592 724
592 764
592 807
592 900
592 904
592 909
592 917
592 977
592 990
593 623
593 626
593 696
593 712
593 720
593 722
594 630
594 631
594 667
594 668
594 689
594 739
594 771
594 791
594 889
594 900
595 652
595 670
595 675
595 713
595 720
595 750
595 774
595 899
596 662
596 690
596 703
596 750
596 752
596 810
596 816
596 833
596 848
596 897
596 975
596 999
597 607
597 619
597 654
597 670
597 698
597 737
597 844
597 916
598 599
598 635
598 651
598 667
598 787
598 792
598 838
598 915
599 684
599 685
599 704
599 816
599 832
599 847
599 848
599 872
599 911
599 930
599 987
599 996
600 659
600 765
600 806
600 834
600 856
600 898
600 906
600 929
600 954
601 609
601 642
601 735
601 834
601 849
601 907
601 922
601 980
602 622
602 631
602 712
602 736
602 826
602 869
602 942
602 962
603 727
603 800
604 617
604 695
604 705
604 711
604 736
604 749
604 757
604 763
604 828
604 859
604 861
604 889
604 905
604 945
604 967
604 972
604 974
605 646
605 704
605 760
605 782
605 814
605 865
605 896
606 617
606 749
606 777
606 860
606 898
607 623
607 672
607 683
607 688
607 698
607 712
607 730
607 734
607 748
607 766
607 773
607 785
607 796
607 797
607 798
607 807
607 816
607 959
607 973
607 981
607 991
608 634
608 671
608 712
608 719
608 833
608 898
608 993
609 672
609 693
609 698
609 699
609 752
609 862
609 979
609 993
610 679
610 824
610 870
610 899
610 901
610 942
610 994
611 621
611 777
611 787
611 813
611 827
611 973
612 613
612 705
612 756
612 777
612 783
612 787
612 795
612 800
612 801
612 814
612 821
612 847
612 848
613 737
613 744
613 815
613 834
613 856
613 882
613 906
613 979
613 983
613 994
614 641
614 657
614 760
614 775
614 814
614 900
615 618
615 627
615 628
615 633
615 634
615 823
615 908
615 957
615 965
616 638
616 718
616 722
616 786
616 852
616 857
616 882
616 907
616 920
616 987
617 633
617 718
617 759
617 777
617 783
617 813
617 856
617 859
617 860
617 997
618 630
618 644
618 648
618 744
618 786
618 868
618 879
618 953
619 627
619 647
619 693
619 696
619 699
619 700
619 754
619 766
619 768
619 807
619 844
619 868
619 918
619 935
619 938
619 959
620 625
620 628
620 668
620 692
620 783
620 824
620 856
620 886
620 939
620 955
621 697
621 782
621 787
621 796
621 936
622 707
622 748
622 833
623 669
623 670
623 697
623 727
623 743
623 787
623 839
623 865
624 709
624 788
624 870
624 945
624 972
625 637
625 654
625 664
625 689
625 706
625 732
625 779
625 789
625 808
625 825
625 876
625 898
625 916
625 917
625 920
626 814
626 827
626 856
626 873
626 875
626 907
626 910
626 931
626 978
626 984
626 988
627 628
627 634
627 647
627 677
627 685
627 721
627 768
627 823
627 869
627 946
628 675
628 677
628 732
628 815
628 823
628 869
628 914
629 738
629 739
629 912
629 998
630 644
630 647
630 648
630 666
630 741
630 767
630 790
630 839
630 850
630 875
630 877
630 881
630 890
630 892
630 997
631 635
631 652
631 700
631 706
631 742
631 746
631 840
631 923
631 978
632 637
632 683
632 706
632 707
632 708
632 773
632 817
632 818
632 856
632 887
632 898
632 963
632 987
632 995
633 637
633 654
633 672
633 761
633 803
633 806
633 818
633 831
633 846
633 863
633 865
633 882
633 887
633 906
633 911
633 939
633 940
633 960
633 964
633 966
633 971
633 983
633 996
634 661
634 677
634 790
634 823
634 864
634 869
634 890
634 911
634 964
635 667
635 668
635 673
635 700
635 709
635 736
635 737
635 742
635 746
635 755
635 766
635 776
635 782
635 791
635 831
635 858
635 900
635 919
635 923
636 739
636 753
636 775
636 830
636 881
636 931
637 654
637 670
637 707
637 708
637 742
637 761
637 769
637 773
637 818
637 826
637 846
637 861
637 882
637 887
637 896
637 898
637 911
638 658
638 714
638 880
639 675
639 720
639 900
639 936
640 684
640 691
640 776
640 816
640 893
640 924
640 956
641 737
641 775
641 814
641 865
641 896
641 905
641 995
642 644
642 659
642 664
642 692
642 706
642 772
642 789
642 833
642 835
642 863
642 968
643 667
643 668
643 709
643 746
643 755
643 782
643 792
643 842
643 935
644 666
644 741
644 744
644 763
644 767
644 811
644 820
644 842
644 867
644 872
644 877
644 881
644 890
644 892
644 933
644 977
644 992
645 649
645 675
645 676
645 701
645 732
645 753
645 841
645 909
645 912
645 916
645 968
645 988
645 992
646 760
646 814
646 856
646 896
646 905
646 910
646 995
647 667
647 678
647 682
647 718
647 773
647 791
647 912
647 968
647 994
648 713
648 741
648 744
648 763
648 767
648 798
648 868
648 875
648 877
648 880
648 881
648 882
648 890
648 895
648 929
648 969
649 674
649 689
649 743
649 789
649 798
649 827
649 879
649 906
649 909
649 955
649 968
650 651
650 704
650 832
650 839
650 848
650 888
650 897
650 908
650 973
651 668
651 678
651 791
651 792
651 891
651 1000
652 655
652 720
652 773
652 774
652 778
652 782
652 859
652 907
652 909
652 933
652 936
652 960
653 718
653 722
653 807
653 839
653 848
653 877
653 896
654 769
654 773
654 834
654 863
654 882
654 887
654 898
654 911
654 930
655 675
655 720
655 774
655 778
655 794
655 933
655 936
655 960
656 686
656 723
656 769
656 772
656 779
656 791
656 968
657 711
657 725
657 726
657 730
657 745
657 798
657 845
657 871
657 886
657 889
657 903
657 948
657 974
657 976
657 982
658 661
658 700
658 714
658 822
658 835
658 866
658 873
658 924
658 931
659 707
659 826
659 846
659 856
659 906
659 946
659 959
659 983
660 722
660 725
660 792
660 833
660 839
660 907
660 987
660 993
661 745
661 859
661 900
661 931
662 663
662 761
662 787
662 796
662 843
662 846
662 847
663 687
663 794
663 803
663 830
663 859
663 905
663 952
664 676
664 732
664 771
664 796
664 819
664 824
664 864
664 876
664 917
665 679
665 786
665 870
665 875
665 899
665 901
665 950
665 951
665 955
665 971
665 980
665 994
666 674
666 681
666 682
666 731
666 890
666 922
667 668
667 670
667 671
667 673
667 709
667 742
667 787
667 828
667 923
667 932
667 977
667 978
668 678
668 700
668 746
668 772
668 776
668 781
668 787
668 792
668 840
668 846
668 900
668 923
668 933
668 943
668 978
669 682
669 694
669 722
669 884
669 919
669 935
669 964
669 987
669 994
670 686
670 698
670 729
670 754
670 761
670 768
670 786
670 807
670 844
670 881
670 887
670 936
670 944
670 959
670 981
670 991
670 999
671 712
671 738
671 748
671 782
671 833
671 854
671 888
671 924
671 962
671 966
671 974
671 976
671 993
672 699
672 766
672 855
672 887
672 907
672 950
673 675
673 720
673 742
673 752
673 755
673 787
673 859
673 908
673 932
673 943
673 982
674 692
674 710
674 772
674 844
674 909
675 699
675 750
675 833
675 933
675 936
675 960
676 706
676 789
676 790
676 819
676 876
676 947
677 817
677 823
677 869
677 879
677 884
678 700
678 781
678 782
678 787
678 792
678 832
678 839
678 840
678 841
678 842
678 859
678 932
678 955
678 963
679 693
679 780
679 793
679 804
679 811
679 857
679 870
679 901
679 918
679 987
679 994
680 691
680 727
680 782
680 922
680 963
680 980
680 991
681 699
681 702
681 906
681 964
682 737
682 893
682 934
682 1000
683 806
683 823
683 963
684 700
684 707
684 717
684 726
684 772
684 848
684 899
684 902
684 908
684 933
684 956
684 999
685 703
685 704
685 726
685 786
685 808
685 810
685 855
685 857
685 872
685 897
685 922
685 930
685 956
685 959
685 1000
686 689
686 698
686 703
686 844
686 944
686 981
687 698
687 776
687 907
687 922
687 942
687 980
688 727
688 789
688 790
688 796
688 827
688 851
688 911
688 992
688 997
689 693
689 710
689 749
689 766
689 772
689 796
689 827
689 841
689 862
689 939
689 957
689 968
690 703
690 750
690 816
690 832
690 848
690 892
690 999
691 729
691 824
691 832
691 848
691 883
691 897
692 719
692 732
692 779
692 822
692 829
692 859
692 861
692 932
692 947
692 957
693 729
693 766
693 768
693 807
693 839
693 868
693 944
693 954
693 979
693 981
694 776
694 791
694 964
694 987
694 996
694 998
695 728
695 730
695 839
695 882
695 889
695 919
695 943
695 945
695 950
695 959
696 741
697 744
697 809
697 920
697 987
698 727
698 754
698 844
698 868
698 903
698 934
698 981
699 714
699 750
699 754
699 762
699 766
699 768
699 795
699 797
699 844
699 992
700 709
700 742
700 787
700 840
700 900
700 963
700 978
701 721
701 728
701 819
701 832
701 871
701 882
701 918
701 923
702 770
702 800
702 818
702 821
702 836
702 838
702 929
702 985
702 986
703 704
703 717
703 742
703 750
703 832
703 848
703 857
703 858
703 885
703 931
703 999
704 711
704 712
704 726
704 750
704 752
704 753
704 816
704 832
704 849
704 897
704 914
704 954
704 956
704 973
705 783
705 786
705 800
705 801
705 821
705 838
705 839
705 857
705 913
705 914
705 917
706 710
706 732
706 789
706 829
706 851
706 876
706 912
706 920
706 947
706 968
706 988
707 826
707 837
707 898
707 973
707 999
708 764
708 774
708 807
708 826
708 852
708 887
708 974
708 996
709 720
709 782
709 787
709 792
709 819
709 846
709 859
709 913
709 923
709 979
709 986
710 750
710 779
710 822
710 824
710 909
711 745
711 861
711 863
711 869
711 938
711 950
711 982
712 719
712 734
712 745
712 747
712 781
712 805
712 808
712 815
712 854
712 892
712 962
712 966
712 997
713 787
713 958
714 873
714 887
714 926
714 931
714 961
714 965
715 753
715 782
715 893
715 963
715 975
715 1000
716 717
716 726
716 743
716 765
716 808
716 816
716 838
716 857
716 872
716 876
716 951
716 973
717 750
717 791
717 808
717 908
717 995
717 998
717 999
718 722
718 839
718 920
718 964
718 987
718 998
719 734
719 751
719 815
719 878
719 891
719 896
719 902
720 774
720 825
720 866
720 897
720 933
720 936
720 988
721 749
721 958
722 884
722 975
722 987
723 775
723 785
723 835
723 864
724 728
724 848
724 962
725 735
725 799
725 826
725 864
725 937
725 975
726 739
726 826
726 842
726 897
726 911
726 916
726 923
727 899
727 918
727 990
728 760
728 761
728 871
728 880
729 737
729 773
729 844
729 961
730 798
730 801
730 844
731 788
731 838
731 913
731 963
731 984
732 746
732 763
732 770
732 771
732 829
732 866
732 931
732 955
732 968
732 992
733 734
733 738
733 828
733 859
733 878
733 888
734 815
734 832
734 878
734 979
734 1000
735 771
735 785
735 844
735 864
735 928
735 937
736 745
736 824
736 828
736 869
736 972
737 753
737 762
737 765
737 798
737 832
737 893
737 946
737 948
737 949
737 973
737 975
737 981
737 985
737 1000
738 765
738 833
738 854
738 856
738 878
738 990
739 753
739 762
739 838
739 873
739 949
739 981
740 745
740 787
740 972
740 982
741 744
741 890
742 755
742 776
742 787
742 792
742 842
742 859
742 863
743 767
743 892
743 991
744 749
744 767
744 771
744 813
744 814
744 850
744 867
744 880
744 892
744 919
744 927
745 792
745 800
745 801
745 812
745 828
745 869
745 875
745 886
745 889
745 892
745 897
745 913
745 945
745 950
745 967
745 972
745 982
745 989
745 996
746 776
746 781
746 782
746 817
746 881
746 900
747 776
747 782
747 852
748 759
748 790
748 815
748 833
748 854
748 898
748 993
749 755
749 769
749 772
749 777
749 813
749 820
749 855
749 870
749 883
749 956
749 961
750 766
750 774
750 808
750 811
750 828
750 848
750 872
750 881
750 894
750 897
750 930
750 983
750 999
751 804
751 844
751 849
751 997
752 832
752 848
752 872
752 930
752 946
753 765
753 782
753 830
753 920
753 934
753 949
753 975
753 987
753 1000
754 788
754 844
754 872
754 897
754 906
754 966
754 979
755 782
755 791
755 900
755 1000
756 767
756 786
756 812
756 853
756 858
756 874
756 943
757 889
757 923
757 950
758 775
758 814
758 815
758 865
758 871
758 893
758 995
759 813
759 853
759 939
760 762
760 775
760 865
760 896
760 980
760 995
761 769
761 834
761 845
761 884
761 911
762 891
762 1000
763 826
763 862
763 880
763 887
763 892
763 978
763 986
764 869
764 901
765 835
765 867
765 872
765 893
765 971
765 973
765 1000
766 804
766 818
766 856
766 979
766 981
767 787
767 870
767 890
767 892
767 938
768 797
768 994
769 818
769 834
769 837
769 856
769 882
769 883
769 911
769 941
769 971
770 780
770 783
770 812
770 825
770 913
770 991
771 788
771 819
771 909
771 939
771 972
771 988
772 796
772 819
772 824
772 851
772 905
772 913
772 916
772 957
773 777
773 806
773 906
773 911
774 778
774 788
774 878
774 899
774 933
774 936
775 802
775 810
775 816
775 850
775 937
775 995
776 807
776 808
776 829
776 841
776 842
776 852
776 858
777 783
777 813
777 820
777 860
777 968
777 997
778 882
778 924
779 822
779 851
779 909
780 788
780 812
780 821
780 844
780 862
780 914
781 782
781 787
781 921
782 790
782 791
782 842
782 897
782 900
782 923
782 932
782 943
783 786
783 788
783 800
783 812
783 821
783 825
783 862
783 874
783 892
783 929
783 970
784 787
784 800
784 831
784 836
784 860
784 899
784 903
784 976
785 799
785 818
785 928
785 937
786 788
786 825
786 870
786 914
786 952
786 963
787 831
787 862
787 900
787 901
787 923
787 932
787 936
787 962
788 795
788 812
788 835
788 838
789 820
789 876
789 968
789 981
790 809
790 819
790 820
790 824
790 829
790 942
790 968
790 984
790 992
791 792
791 819
791 842
791 843
791 855
791 858
791 859
791 923
791 932
791 954
791 969
792 831
792 886
792 894
792 896
793 812
793 870
793 899
793 905
793 918
793 943
793 994
794 810
794 830
794 947
794 980
795 838
795 848
795 871
795 976
796 809
796 939
797 807
797 844
797 872
797 886
797 924
798 844
798 944
798 974
798 996
799 821
799 864
799 1000
800 805
800 809
800 836
800 874
800 921
800 949
800 970
800 986
800 996
801 805
801 825
801 838
801 845
801 858
801 906
801 919
801 970
802 815
802 895
802 968
802 980
803 830
803 847
803 953
804 867
804 870
804 887
804 899
804 994
805 812
805 821
805 855
805 914
805 963
805 970
806 846
806 887
806 898
806 906
806 988
807 889
807 944
808 857
808 880
808 968
809 824
809 829
809 909
809 916
809 989
810 858
810 897
810 898
811 848
811 897
811 903
811 908
811 973
812 819
812 835
812 914
812 918
812 921
812 923
812 928
812 952
812 963
812 970
812 975
812 985
812 986
813 820
813 855
813 894
813 975
813 997
814 896
814 905
814 934
814 966
815 857
815 924
815 937
815 962
816 834
816 899
816 908
816 964
816 973
817 868
817 902
817 940
817 965
817 976
818 834
818 852
818 906
818 928
818 936
818 943
819 909
819 947
820 855
820 997
821 823
821 825
821 886
821 921
821 985
821 986
822 899
822 942
822 968
823 869
823 874
823 904
823 987
824 851
824 857
824 861
824 876
824 936
824 947
824 955
824 957
824 990
825 909
825 970
826 850
826 852
826 856
826 874
826 882
826 885
826 983
828 853
828 889
828 947
828 967
828 972
828 974
828 983
828 999
829 955
830 847
830 872
830 946
831 834
831 843
831 900
832 842
832 848
832 857
832 864
832 890
832 894
832 954
832 973
832 999
833 878
833 888
833 968
834 839
834 852
834 876
834 882
834 885
834 948
834 969
835 837
835 933
835 953
836 914
837 882
837 898
837 906
837 911
837 981
837 992
838 862
838 914
838 946
838 986
839 935
839 950
839 952
839 955
839 964
839 987
840 953
840 983
841 864
841 937
842 859
842 888
842 900
842 922
842 926
842 938
842 976
844 884
844 898
844 991
845 968
845 1000
846 996
847 892
848 857
848 872
848 908
848 938
848 945
849 907
849 922
849 942
849 954
849 957
849 980
850 886
850 977
850 990
851 880
852 863
852 882
852 885
852 887
852 898
852 911
852 941
853 886
853 945
853 982
854 870
854 882
854 888
854 966
854 987
854 993
855 860
855 938
855 997
856 882
856 885
856 890
856 906
856 911
856 928
856 941
856 971
856 996
857 897
857 908
858 967
858 991
859 933
859 943
860 997
861 889
861 937
861 972
861 982
862 929
862 952
863 900
863 996
864 879
864 928
864 937
864 1000
865 905
866 878
866 895
866 919
866 931
866 964
866 996
867 874
867 892
868 883
868 914
869 944
869 948
870 891
870 899
870 901
870 918
870 951
870 994
872 874
872 894
872 927
872 999
873 878
873 897
873 931
873 949
874 906
875 877
875 883
875 892
876 923
876 968
877 978
878 885
878 912
878 946
878 956
878 993
880 881
880 890
880 892
880 931
880 933
880 1000
881 890
881 935
882 889
882 906
882 927
882 948
882 983
883 910
884 915
884 920
884 961
884 964
884 987
885 948
886 889
886 950
886 968
886 974
886 982
887 919
887 996
888 943
889 921
889 928
889 943
889 950
889 967
889 972
889 974
889 980
890 893
890 897
890 931
890 959
891 899
891 901
891 951
891 955
891 994
892 972
893 949
893 963
893 975
893 994
893 1000
894 925
895 912
895 925
895 940
895 965
895 969
895 990
896 904
897 908
897 909
897 927
897 930
897 973
897 999
898 917
898 972
898 996
899 901
899 916
899 918
899 943
899 951
899 994
899 995
901 918
901 951
901 994
902 919
902 940
902 944
903 931
904 909
904 944
904 986
904 999
905 915
905 961
905 966
906 971
906 983
906 997
907 980
908 927
908 931
908 938
909 939
909 957
909 968
909 982
909 992
909 994
910 914
911 983
912 955
912 957
912 968
913 943
913 964
913 981
914 921
914 930
914 976
915 942
915 955
916 938
916 968
916 993
917 922
917 950
918 955
918 994
919 923
919 940
920 963
920 964
920 985
920 987
922 931
922 970
922 980
923 951
923 969
924 978
925 965
927 959
928 937
933 936
934 975
934 982
934 1000
935 987
936 960
937 950
937 955
937 963
938 999
944 977
945 972
945 982
945 983
946 949
947 968
947 987
947 991
948 971
949 1000
950 982
950 989
951 994
951 995
952 970
955 992
957 968
958 996
959 991
962 966
962 993
963 991
964 977
964 987
965 992
965 993
966 969
967 972
967 974
970 984
971 987
971 996
971 998
972 982
973 993
974 989
975 991
975 1000
977 996
983 996
986 995
987 998
