# LFR benchmark graph: regime=B mu=0.4 realization=4
# undirected, unweighted; 1-based node ids; each edge listed once.
1 26
1 49
1 130
1 136
1 165
1 232
1 239
1 337
1 626
1 628
1 641
1 706
1 779
1 784
1 826
2 14
2 16
2 111
2 124
2 145
2 156
2 172
2 193
2 221
2 232
2 292
2 362
2 365
2 371
2 381
2 385
2 402
2 419
2 587
2 592
2 612
2 623
2 631
2 636
2 640
2 643
2 657
2 704
2 757
2 780
2 783
2 784
2 821
2 828
2 878
2 887
2 952
2 956
2 969
2 974
3 11
3 27
3 45
3 146
3 164
3 230
3 247
3 321
3 346
3 371
3 386
3 601
3 606
3 767
3 813
3 902
4 18
4 21
4 29
4 30
4 150
4 158
4 165
4 170
4 179
4 188
4 206
4 240
4 261
4 266
4 281
4 310
4 331
4 332
4 351
4 406
4 436
4 500
4 632
4 668
4 705
4 751
4 765
4 772
4 783
4 807
4 811
4 835
4 843
4 845
4 848
4 849
4 903
4 943
4 953
4 978
5 107
5 108
5 152
5 343
5 377
5 411
5 432
5 450
5 455
5 459
5 496
5 688
5 727
5 938
6 23
6 28
6 35
6 36
6 51
6 80
6 143
6 158
6 171
6 215
6 249
6 278
6 322
6 331
6 333
6 351
6 426
6 427
6 467
6 476
6 484
6 510
6 529
6 540
6 543
6 565
6 615
6 636
6 649
6 719
6 728
6 732
6 751
6 756
6 760
6 781
6 782
6 787
6 800
6 919
6 949
6 951
6 955
6 956
6 980
6 990
6 999
7 71
7 88
7 127
7 152
7 198
7 343
7 348
7 351
7 363
7 436
7 625
7 680
7 688
7 738
7 819
7 970
8 24
8 28
8 45
8 126
8 152
8 212
8 327
8 435
8 655
8 660
8 661
8 676
8 688
8 706
8 767
8 770
8 820
8 858
8 903
8 960
8 982
9 26
9 43
9 141
9 247
9 254
9 268
9 270
9 428
9 433
9 480
9 641
9 662
9 666
9 744
9 780
9 802
9 835
9 864
9 953
9 988
10 126
10 132
10 143
10 152
10 236
10 312
10 316
10 321
10 330
10 336
10 339
10 543
10 558
10 588
10 664
10 665
10 677
10 688
10 691
10 731
10 768
10 792
10 809
10 865
10 893
11 33
11 38
11 40
11 146
11 161
11 162
11 169
11 180
11 183
11 252
11 290
11 310
11 347
11 450
11 488
11 675
11 690
11 709
11 791
11 917
11 922
11 970
12 39
12 117
12 211
12 243
12 262
12 292
12 305
12 373
12 380
12 387
12 457
12 463
12 480
12 577
12 589
12 695
12 719
12 795
12 960
13 23
13 32
13 37
13 147
13 149
13 306
13 480
13 486
13 662
13 679
13 723
13 751
13 802
13 839
13 914
13 961
13 964
14 19
14 50
14 52
14 98
14 106
14 345
14 432
14 443
14 446
14 455
14 527
14 610
14 857
14 872
14 890
15 25
15 42
15 106
15 116
15 138
15 141
15 149
15 173
15 216
15 258
15 274
15 285
15 338
15 371
15 475
15 540
15 543
15 552
15 568
15 585
15 624
15 638
15 668
15 669
15 691
15 710
15 718
15 752
15 766
15 771
15 782
15 787
15 812
15 836
15 899
15 907
15 937
15 959
16 432
16 466
16 636
16 640
16 694
16 702
16 822
16 844
16 946
16 993
17 78
17 152
17 156
17 250
17 260
17 267
17 400
17 467
17 615
17 731
17 745
17 792
17 991
18 29
18 75
18 102
18 267
18 282
18 304
18 369
18 398
18 437
18 443
18 480
18 488
18 504
18 527
18 531
18 594
18 609
18 659
18 670
18 705
18 780
18 806
18 814
18 841
18 843
18 848
18 849
18 903
18 919
18 934
18 955
18 957
18 988
19 64
19 188
19 208
19 243
19 256
19 511
19 531
19 538
19 596
19 646
19 697
19 724
19 728
19 756
19 767
19 901
20 27
20 34
20 44
20 155
20 161
20 193
20 223
20 240
20 261
20 356
20 424
20 450
20 559
20 588
20 623
20 712
20 813
20 815
20 851
20 893
20 912
20 917
20 922
21 29
21 65
21 142
21 163
21 165
21 170
21 190
21 194
21 263
21 264
21 291
21 329
21 371
21 406
21 417
21 469
21 553
21 607
21 765
21 806
21 807
21 831
21 837
21 843
21 890
21 931
21 945
21 952
21 978
21 982
21 995
22 33
22 110
22 326
22 362
22 389
22 393
22 406
22 545
22 759
22 854
22 876
22 935
22 952
23 35
23 53
23 55
23 149
23 173
23 214
23 262
23 299
23 304
23 309
23 317
23 410
23 454
23 477
23 573
23 593
23 663
23 723
23 759
23 775
23 790
23 862
23 900
23 926
23 934
23 986
24 35
24 90
24 143
24 150
24 168
24 186
24 223
24 257
24 300
24 301
24 316
24 335
24 343
24 508
24 527
24 667
24 688
24 743
24 757
24 758
24 768
24 812
24 852
24 858
24 871
24 933
24 936
24 953
24 971
24 983
24 986
25 50
25 168
25 216
25 272
25 292
25 321
25 337
25 342
25 368
25 373
25 444
25 451
25 486
25 512
25 517
25 529
25 550
25 563
25 581
25 621
25 669
25 689
25 690
25 753
25 754
25 805
25 826
25 838
25 889
25 903
25 989
26 32
26 39
26 87
26 103
26 114
26 148
26 168
26 195
26 199
26 256
26 267
26 285
26 295
26 371
26 373
26 444
26 448
26 475
26 481
26 486
26 511
26 587
26 683
26 688
26 752
26 764
26 792
26 812
26 832
26 850
26 889
26 893
26 896
26 899
26 905
26 988
27 34
27 42
27 47
27 80
27 108
27 169
27 247
27 329
27 503
27 609
27 688
27 796
27 917
28 36
28 64
28 78
28 103
28 158
28 169
28 189
28 204
28 208
28 215
28 264
28 287
28 314
28 341
28 350
28 385
28 400
28 415
28 447
28 491
28 566
28 595
28 697
28 710
28 719
28 721
28 728
28 732
28 756
28 760
28 761
28 782
28 787
28 813
28 895
28 912
28 946
28 949
28 951
28 990
29 243
29 271
29 300
29 390
29 406
29 460
29 518
29 520
29 589
29 639
29 697
29 702
29 719
29 720
30 44
30 109
30 115
30 122
30 201
30 223
30 247
30 265
30 278
30 284
30 287
30 344
30 365
30 427
30 443
30 469
30 492
30 494
30 498
30 540
30 542
30 565
30 571
30 693
30 715
30 739
30 740
30 758
30 784
30 838
30 842
30 873
30 889
30 905
30 932
30 942
30 955
30 987
30 989
30 994
31 100
31 212
31 219
31 256
31 334
31 359
31 385
31 409
31 421
31 497
31 501
31 564
31 597
31 765
31 908
31 916
31 918
31 942
32 47
32 51
32 55
32 139
32 141
32 203
32 212
32 220
32 233
32 235
32 237
32 246
32 281
32 350
32 388
32 425
32 441
32 463
32 485
32 503
32 516
32 524
32 535
32 584
32 620
32 662
32 702
32 735
32 786
32 806
32 836
32 838
32 840
32 857
32 902
32 924
32 936
32 969
32 984
32 1000
33 73
33 78
33 82
33 160
33 168
33 193
33 201
33 208
33 217
33 219
33 241
33 288
33 302
33 307
33 310
33 327
33 341
33 383
33 389
33 398
33 410
33 460
33 462
33 494
33 506
33 545
33 548
33 549
33 563
33 570
33 586
33 587
33 615
33 635
33 652
33 659
33 713
33 744
33 866
33 867
34 85
34 159
34 161
34 247
34 276
34 347
34 358
34 418
34 478
34 484
34 488
34 532
34 547
34 556
34 573
34 699
34 746
34 747
34 750
34 769
34 840
34 933
35 53
35 76
35 149
35 160
35 173
35 290
35 304
35 317
35 356
35 406
35 430
35 458
35 499
35 609
35 684
35 747
35 775
35 789
35 799
35 801
35 865
35 879
35 900
35 933
35 946
35 986
36 129
36 260
36 304
36 305
36 373
36 403
36 434
36 491
36 543
36 651
36 694
36 724
36 760
36 790
36 948
37 72
37 90
37 92
37 109
37 272
37 324
37 330
37 406
37 409
37 421
37 449
37 518
37 539
37 681
37 688
37 699
37 727
37 865
37 918
37 921
37 976
37 980
38 40
38 47
38 217
38 224
38 233
38 247
38 292
38 347
38 424
38 488
38 523
38 692
38 808
38 960
38 982
39 112
39 136
39 223
39 262
39 379
39 402
39 486
39 512
39 689
39 697
39 715
39 743
39 844
39 960
40 42
40 51
40 226
40 247
40 292
40 315
40 397
40 488
40 493
40 526
40 577
40 612
40 813
40 831
40 966
40 996
41 52
41 101
41 154
41 311
41 433
41 444
41 486
41 534
41 565
41 570
41 607
41 632
41 686
41 687
41 699
41 753
41 814
41 906
41 985
42 103
42 106
42 142
42 145
42 161
42 169
42 219
42 222
42 227
42 230
42 243
42 247
42 292
42 312
42 328
42 347
42 357
42 414
42 424
42 427
42 430
42 459
42 478
42 523
42 534
42 543
42 567
42 623
42 625
42 636
42 656
42 680
42 700
42 762
42 780
42 784
42 791
42 799
42 813
42 840
42 917
42 918
42 928
42 987
42 996
43 115
43 138
43 152
43 233
43 261
43 270
43 327
43 386
43 514
43 516
43 620
43 662
43 802
43 857
43 899
43 952
44 147
44 161
44 169
44 222
44 227
44 230
44 236
44 254
44 314
44 326
44 356
44 372
44 378
44 450
44 458
44 482
44 504
44 522
44 626
44 627
44 680
44 753
44 768
44 813
44 815
44 996
45 88
45 94
45 95
45 117
45 137
45 262
45 287
45 380
45 412
45 421
45 503
45 538
45 643
45 671
45 721
45 747
45 767
45 782
45 848
45 895
46 81
46 150
46 163
46 233
46 480
46 527
46 539
46 553
46 603
46 659
46 662
46 793
46 814
46 831
46 865
46 948
46 950
46 952
47 95
47 172
47 222
47 236
47 247
47 292
47 399
47 418
47 484
47 488
47 495
47 536
47 637
47 733
47 741
47 745
47 791
47 794
47 813
47 878
47 917
47 932
47 980
48 61
48 62
48 204
48 243
48 364
48 450
48 483
48 538
48 539
48 817
48 836
48 890
48 909
48 979
49 58
49 60
49 104
49 131
49 203
49 509
49 530
49 539
49 631
49 636
49 676
49 936
49 938
49 960
50 64
50 224
50 283
50 439
50 480
50 662
50 675
50 751
50 850
50 910
50 952
51 55
51 92
51 151
51 252
51 254
51 268
51 270
51 283
51 285
51 286
51 287
51 306
51 328
51 367
51 421
51 485
51 516
51 520
51 531
51 536
51 539
51 552
51 605
51 620
51 639
51 662
51 682
51 701
51 703
51 722
51 857
51 894
51 935
51 1000
52 55
52 176
52 179
52 279
52 297
52 302
52 397
52 416
52 423
52 430
52 441
52 518
52 534
52 571
52 575
52 638
52 671
52 722
52 740
52 963
52 964
52 965
53 85
53 130
53 143
53 149
53 218
53 280
53 290
53 299
53 310
53 317
53 401
53 416
53 459
53 480
53 609
53 671
53 692
53 775
53 789
53 821
53 855
53 865
53 900
53 913
53 952
53 953
53 986
53 988
53 989
54 108
54 136
54 273
54 348
54 355
54 370
54 442
54 480
54 522
54 534
54 699
54 737
54 792
54 794
54 870
54 954
54 962
54 989
55 107
55 129
55 183
55 218
55 223
55 233
55 236
55 295
55 323
55 383
55 409
55 435
55 516
55 520
55 527
55 544
55 553
55 611
55 635
55 649
55 727
55 744
55 769
55 774
55 785
55 786
55 860
55 891
55 927
55 950
56 205
56 231
56 246
56 255
56 293
56 306
56 317
56 404
56 416
56 427
56 432
56 434
56 517
56 569
56 572
56 743
56 781
56 800
56 809
56 815
56 876
56 906
56 933
57 62
57 110
57 155
57 190
57 221
57 224
57 248
57 258
57 267
57 269
57 276
57 285
57 319
57 344
57 371
57 378
57 402
57 439
57 455
57 506
57 527
57 528
57 540
57 551
57 613
57 719
57 738
57 745
57 746
57 755
57 771
57 772
57 774
57 817
57 821
57 857
57 863
57 864
57 912
57 914
57 939
57 962
57 968
57 982
57 998
58 59
58 82
58 90
58 111
58 128
58 152
58 221
58 226
58 250
58 263
58 295
58 298
58 308
58 310
58 344
58 346
58 368
58 385
58 394
58 425
58 448
58 465
58 480
58 494
58 497
58 552
58 555
58 561
58 563
58 578
58 581
58 622
58 628
58 645
58 648
58 649
58 656
58 658
58 678
58 693
58 709
58 712
58 716
58 744
58 751
58 767
58 770
58 785
58 814
58 818
58 822
58 842
58 876
58 887
58 896
58 909
58 946
58 973
59 125
59 279
59 329
59 353
59 410
59 507
59 534
59 546
59 551
59 570
59 579
59 842
59 938
60 123
60 182
60 202
60 220
60 325
60 352
60 369
60 375
60 386
60 447
60 449
60 495
60 509
60 539
60 547
60 610
60 614
60 642
60 659
60 786
60 826
60 832
60 936
60 957
60 977
60 985
61 74
61 93
61 308
61 313
61 315
61 333
61 339
61 348
61 354
61 370
61 376
61 384
61 404
61 408
61 437
61 442
61 570
61 595
61 605
61 633
61 637
61 662
61 682
61 704
61 708
61 790
61 811
61 819
61 824
61 874
61 875
61 889
61 891
61 904
61 919
61 970
61 986
62 186
62 232
62 243
62 371
62 468
62 546
62 555
62 644
62 811
62 830
62 880
62 890
62 942
63 110
63 135
63 150
63 186
63 218
63 232
63 243
63 316
63 328
63 356
63 360
63 379
63 438
63 538
63 567
63 570
63 585
63 598
63 642
63 668
63 818
63 821
63 888
63 890
63 962
63 979
64 252
64 276
64 320
64 348
64 368
64 382
64 417
64 427
64 464
64 531
64 534
64 539
64 606
64 694
64 697
64 712
64 756
64 777
64 889
64 929
65 156
65 189
65 194
65 233
65 236
65 240
65 261
65 347
65 367
65 368
65 374
65 418
65 452
65 537
65 541
65 581
65 702
65 722
65 755
65 776
65 778
65 790
65 811
65 831
65 835
65 840
65 851
65 913
65 951
65 953
65 957
65 967
66 127
66 128
66 133
66 152
66 203
66 258
66 547
66 569
66 669
66 688
66 745
66 746
66 830
66 966
66 993
67 122
67 143
67 344
67 371
67 375
67 510
67 607
67 645
67 726
67 738
67 746
67 774
67 814
67 889
67 890
67 994
68 98
68 125
68 155
68 178
68 205
68 213
68 295
68 405
68 408
68 497
68 518
68 537
68 544
68 605
68 610
68 682
68 957
68 967
69 74
69 104
69 108
69 170
69 178
69 238
69 240
69 244
69 261
69 300
69 306
69 308
69 309
69 402
69 403
69 406
69 413
69 486
69 493
69 510
69 535
69 552
69 607
69 643
69 660
69 720
69 765
69 806
69 807
69 811
69 835
69 895
69 896
69 903
69 915
69 926
69 930
69 934
69 953
69 974
69 991
69 1000
70 71
70 83
70 88
70 103
70 104
70 126
70 139
70 144
70 163
70 164
70 166
70 197
70 212
70 214
70 231
70 238
70 337
70 429
70 439
70 441
70 486
70 506
70 544
70 559
70 561
70 567
70 588
70 606
70 622
70 624
70 629
70 686
70 692
70 698
70 723
70 731
70 780
70 805
70 809
70 841
70 844
70 845
70 851
70 878
70 898
70 906
70 927
70 931
70 956
71 83
71 134
71 163
71 166
71 188
71 237
71 238
71 255
71 337
71 384
71 410
71 441
71 476
71 499
71 506
71 543
71 570
71 588
71 605
71 670
71 672
71 809
71 823
71 851
71 871
71 875
71 876
71 917
71 927
72 114
72 237
72 272
72 321
72 330
72 359
72 391
72 421
72 443
72 482
72 582
72 625
72 630
72 725
72 748
72 836
72 844
72 920
72 946
72 973
73 105
73 184
73 264
73 341
73 396
73 435
73 465
73 531
73 545
73 589
73 609
73 629
73 682
73 694
73 731
73 869
73 982
74 123
74 180
74 182
74 254
74 258
74 357
74 452
74 468
74 473
74 547
74 642
74 653
74 661
74 670
74 762
74 779
74 910
75 78
75 82
75 146
75 262
75 307
75 327
75 341
75 389
75 391
75 423
75 432
75 545
75 587
75 594
75 607
75 615
75 622
75 803
75 811
75 867
75 869
75 907
76 91
76 144
76 152
76 203
76 558
76 590
76 605
76 634
76 688
76 726
76 778
76 896
77 83
77 145
77 164
77 166
77 218
77 271
77 310
77 326
77 356
77 490
77 551
77 561
77 567
77 586
77 670
77 751
77 805
77 809
77 826
77 845
77 992
78 82
78 95
78 130
78 174
78 177
78 205
78 213
78 460
78 462
78 489
78 635
78 692
78 770
78 789
78 816
78 866
79 153
79 159
79 184
79 295
79 310
79 394
79 396
79 449
79 539
79 552
79 553
79 571
79 584
79 602
79 649
79 653
79 656
79 674
79 679
79 737
79 746
79 849
79 874
79 976
80 206
80 237
80 337
80 437
80 460
80 464
80 491
80 581
80 601
80 631
80 639
80 669
80 722
80 787
81 179
81 221
81 282
81 289
81 360
81 367
81 373
81 411
81 571
81 584
81 599
81 601
81 614
81 683
81 781
81 809
81 824
81 855
81 904
81 972
82 94
82 297
82 351
82 510
82 542
82 642
82 947
83 88
83 163
83 219
83 263
83 286
83 315
83 433
83 441
83 448
83 479
83 506
83 550
83 559
83 561
83 567
83 588
83 624
83 642
83 654
83 672
83 679
83 686
83 695
83 700
83 809
83 845
83 956
83 969
84 102
84 128
84 151
84 175
84 191
84 305
84 313
84 336
84 367
84 502
84 571
84 588
84 592
84 658
84 723
84 751
84 770
85 143
85 153
85 203
85 221
85 343
85 363
85 374
85 564
85 568
85 593
85 632
85 659
85 688
85 711
85 717
85 881
85 893
85 900
85 961
85 979
86 93
86 125
86 152
86 252
86 303
86 334
86 335
86 442
86 507
86 521
86 579
86 697
86 726
86 770
86 804
86 811
86 812
86 848
86 892
86 940
87 110
87 126
87 150
87 305
87 350
87 399
87 429
87 481
87 558
87 648
87 663
87 667
87 688
87 814
87 842
87 909
88 94
88 133
88 144
88 150
88 164
88 240
88 277
88 278
88 313
88 318
88 332
88 336
88 372
88 384
88 385
88 395
88 410
88 441
88 484
88 506
88 553
88 559
88 561
88 566
88 567
88 570
88 588
88 617
88 624
88 686
88 742
88 772
88 788
88 805
88 809
88 819
88 823
88 845
88 861
88 862
88 875
88 881
88 898
88 931
88 936
88 956
89 159
89 318
89 349
89 351
89 355
89 382
89 387
89 432
89 530
89 679
89 707
89 744
89 767
89 820
89 892
89 905
89 925
89 975
90 213
90 245
90 378
90 410
90 422
90 507
90 530
90 637
90 646
90 661
90 700
90 709
90 746
90 770
90 777
90 780
90 818
90 861
90 883
90 943
90 966
91 104
91 196
91 208
91 210
91 215
91 270
91 348
91 413
91 685
91 731
91 826
91 932
92 114
92 230
92 232
92 256
92 323
92 324
92 359
92 414
92 422
92 490
92 571
92 610
92 681
92 692
92 698
92 710
92 770
92 800
92 919
92 920
92 921
92 927
92 968
93 103
93 169
93 335
93 355
93 363
93 545
93 546
93 556
93 599
93 753
93 769
93 803
93 844
93 964
93 995
94 100
94 105
94 210
94 237
94 363
94 379
94 380
94 423
94 454
94 618
94 684
94 687
94 697
94 707
94 715
94 716
94 729
94 737
94 780
94 877
94 880
94 901
94 918
94 960
95 107
95 123
95 268
95 350
95 533
95 552
95 553
95 608
95 637
95 814
95 924
96 108
96 131
96 177
96 293
96 338
96 398
96 403
96 445
96 466
96 470
96 556
96 560
96 569
96 739
96 773
96 830
96 831
96 871
96 906
96 932
96 933
97 113
97 161
97 262
97 352
97 366
97 450
97 486
97 578
97 611
97 619
97 663
97 701
97 895
98 104
98 105
98 161
98 263
98 301
98 338
98 356
98 377
98 410
98 525
98 789
98 816
98 890
98 893
98 948
98 975
99 115
99 122
99 159
99 160
99 172
99 223
99 283
99 291
99 301
99 373
99 388
99 491
99 567
99 577
99 616
99 632
99 666
99 679
99 691
99 715
99 733
99 739
99 769
99 784
99 810
99 883
99 936
99 942
99 944
99 975
100 101
100 117
100 185
100 262
100 372
100 380
100 415
100 482
100 565
100 807
100 853
100 882
100 884
100 936
101 135
101 213
101 231
101 262
101 374
101 486
101 490
101 512
101 542
101 549
101 564
101 603
101 716
101 760
101 764
101 765
101 816
101 821
101 824
101 858
101 946
101 961
101 962
102 135
102 142
102 184
102 206
102 223
102 287
102 337
102 364
102 461
102 499
102 533
102 553
102 560
102 586
102 594
102 634
102 679
102 760
102 795
102 813
102 821
102 855
102 859
102 881
102 906
102 924
103 108
103 130
103 131
103 154
103 177
103 205
103 208
103 231
103 242
103 245
103 246
103 251
103 293
103 296
103 318
103 329
103 338
103 371
103 387
103 434
103 446
103 470
103 493
103 500
103 519
103 569
103 650
103 701
103 713
103 724
103 762
103 889
103 902
103 916
103 920
103 933
103 947
103 973
103 989
103 990
104 148
104 193
104 277
104 440
104 501
104 553
104 661
104 760
104 815
104 879
104 881
104 908
104 918
104 934
104 936
104 996
105 141
105 185
105 369
105 380
105 493
105 737
105 739
105 786
105 793
105 892
105 940
105 977
106 136
106 143
106 181
106 218
106 257
106 273
106 307
106 367
106 398
106 424
106 452
106 453
106 464
106 550
106 601
106 610
106 640
106 648
106 652
106 664
106 691
106 731
106 846
106 902
106 923
106 933
106 958
107 156
107 213
107 248
107 336
107 350
107 357
107 384
107 444
107 487
107 516
107 553
107 594
107 625
107 783
107 813
107 855
107 881
107 917
107 960
107 962
107 997
108 131
108 152
108 158
108 177
108 183
108 198
108 211
108 226
108 246
108 251
108 262
108 296
108 297
108 305
108 338
108 396
108 397
108 398
108 408
108 431
108 435
108 467
108 500
108 503
108 517
108 545
108 565
108 650
108 667
108 675
108 696
108 721
108 743
108 762
108 781
108 787
108 817
108 818
108 830
108 835
108 895
108 906
108 923
108 933
109 117
109 123
109 186
109 205
109 246
109 325
109 332
109 457
109 472
109 487
109 511
109 518
109 717
109 902
110 151
110 175
110 261
110 344
110 357
110 746
110 807
110 817
110 976
111 131
111 147
111 310
111 326
111 513
111 526
111 589
111 812
111 898
112 146
112 165
112 183
112 190
112 199
112 225
112 249
112 261
112 277
112 291
112 294
112 300
112 311
112 346
112 351
112 367
112 377
112 406
112 413
112 417
112 429
112 447
112 493
112 545
112 559
112 589
112 627
112 640
112 654
112 761
112 765
112 780
112 806
112 807
112 829
112 832
112 835
112 840
112 847
112 853
112 889
112 895
112 898
112 903
112 917
112 930
112 953
112 972
112 974
113 160
113 213
113 218
113 237
113 353
113 368
113 390
113 394
113 436
113 469
113 474
113 490
113 535
113 584
113 606
113 608
113 610
113 617
113 653
113 703
113 742
113 780
113 796
113 909
113 929
113 946
114 143
114 212
114 227
114 232
114 364
114 514
114 592
114 597
114 624
114 626
114 717
114 727
114 833
114 918
114 919
114 920
114 966
115 123
115 127
115 145
115 223
115 266
115 289
115 308
115 343
115 370
115 382
115 602
115 653
115 711
115 733
115 739
115 756
115 865
115 905
115 944
115 961
115 975
115 989
116 136
116 150
116 200
116 222
116 350
116 355
116 385
116 550
116 551
116 618
116 624
116 639
116 689
116 834
116 856
116 886
116 939
117 141
117 162
117 206
117 243
117 262
117 274
117 298
117 349
117 359
117 382
117 393
117 405
117 475
117 477
117 486
117 488
117 532
117 550
117 614
117 636
117 695
117 700
117 707
117 716
117 731
117 735
117 773
117 774
117 796
117 846
117 860
117 864
117 866
117 892
117 905
117 982
117 995
118 213
118 273
118 280
118 354
118 410
118 527
118 605
118 609
118 626
118 637
118 664
118 671
118 675
118 765
118 848
118 858
118 869
118 915
118 941
118 957
118 970
118 979
119 125
119 132
119 138
119 150
119 212
119 241
119 343
119 428
119 553
119 555
119 787
119 816
119 861
119 866
119 933
119 971
119 980
119 997
120 142
120 159
120 183
120 221
120 310
120 474
120 531
120 553
120 558
120 567
120 581
120 676
120 831
120 855
120 908
120 914
120 997
121 133
121 160
121 165
121 186
121 282
121 294
121 303
121 360
121 372
121 373
121 414
121 467
121 647
121 675
121 692
121 846
121 962
122 127
122 198
122 204
122 227
122 284
122 290
122 309
122 339
122 400
122 410
122 432
122 434
122 445
122 469
122 492
122 527
122 542
122 565
122 644
122 681
122 693
122 722
122 734
122 739
122 758
122 784
122 794
122 810
122 814
122 825
122 865
122 975
122 989
123 144
123 172
123 182
123 256
123 326
123 327
123 449
123 574
123 579
123 642
123 690
123 711
123 715
123 753
123 764
123 824
123 885
123 910
123 941
124 226
124 239
124 320
124 384
124 404
124 612
124 623
124 626
124 636
124 657
124 671
124 691
124 700
124 739
124 781
124 965
125 142
125 184
125 244
125 297
125 299
125 308
125 335
125 395
125 442
125 479
125 487
125 489
125 505
125 507
125 508
125 527
125 540
125 556
125 579
125 586
125 593
125 654
125 739
125 753
125 788
125 796
125 803
125 804
125 811
125 834
125 844
125 882
125 929
125 936
125 968
125 988
126 139
126 150
126 152
126 203
126 215
126 256
126 273
126 285
126 294
126 309
126 312
126 343
126 363
126 398
126 416
126 438
126 518
126 544
126 568
126 609
126 626
126 663
126 664
126 688
126 846
126 893
127 159
127 220
127 223
127 227
127 257
127 275
127 284
127 298
127 341
127 342
127 346
127 359
127 370
127 382
127 469
127 492
127 522
127 523
127 529
127 576
127 595
127 606
127 616
127 664
127 713
127 726
127 756
127 758
127 810
127 835
127 865
127 892
127 901
127 905
127 920
127 942
127 944
127 961
127 989
128 184
128 208
128 263
128 295
128 378
128 424
128 474
128 512
128 555
128 645
128 670
128 712
128 822
128 835
128 909
128 915
128 936
128 963
129 199
129 250
129 254
129 273
129 355
129 422
129 449
129 464
129 529
129 586
129 602
129 745
129 899
129 986
130 131
130 205
130 226
130 228
130 231
130 242
130 296
130 338
130 393
130 410
130 413
130 418
130 431
130 434
130 525
130 675
130 780
130 781
130 790
130 849
131 177
131 226
131 251
131 266
131 289
131 293
131 296
131 327
131 338
131 350
131 391
131 392
131 396
131 435
131 440
131 446
131 464
131 489
131 500
131 517
131 529
131 533
131 563
131 572
131 585
131 603
131 625
131 642
131 675
131 696
131 720
131 743
131 758
131 762
131 768
131 787
131 799
131 815
131 818
131 830
131 933
131 946
131 994
131 997
132 138
132 294
132 310
132 322
132 327
132 367
132 410
132 453
132 456
132 462
132 501
132 521
132 523
132 535
132 553
132 594
132 716
132 820
132 823
132 879
132 914
132 924
132 971
132 980
132 993
132 997
133 186
133 200
133 221
133 262
133 268
133 283
133 336
133 356
133 475
133 498
133 571
133 702
133 729
133 922
133 962
133 971
134 182
134 307
134 460
134 562
134 641
134 642
134 658
134 670
134 691
134 726
134 779
134 802
134 825
134 847
134 916
134 976
135 186
135 259
135 261
135 274
135 300
135 339
135 376
135 394
135 414
135 567
135 610
135 618
135 647
135 669
135 839
135 869
135 876
135 897
135 962
136 169
136 262
136 300
136 305
136 327
136 377
136 419
136 442
136 495
136 496
136 529
136 590
136 594
136 609
136 645
136 663
136 694
136 798
136 824
136 834
136 843
136 854
136 860
136 910
137 232
137 250
137 275
137 376
137 410
137 553
137 633
137 671
137 679
137 708
137 869
137 887
137 904
137 906
137 917
137 952
137 957
137 993
138 176
138 192
138 208
138 221
138 241
138 263
138 265
138 285
138 301
138 367
138 384
138 501
138 571
138 580
138 595
138 596
138 689
138 765
138 797
138 798
138 881
138 924
138 997
139 165
139 219
139 236
139 262
139 351
139 373
139 380
139 407
139 430
139 481
139 482
139 537
139 549
139 586
139 600
139 716
139 717
139 738
139 763
139 849
139 869
139 954
139 960
140 141
140 356
140 369
140 577
140 587
140 601
140 626
140 673
140 737
140 773
140 796
140 827
140 921
141 211
141 246
141 262
141 312
141 325
141 380
141 393
141 473
141 516
141 558
141 588
141 591
141 618
141 664
141 670
141 715
141 716
141 779
141 795
141 846
141 879
141 924
141 970
142 185
142 241
142 278
142 306
142 385
142 405
142 412
142 440
142 459
142 487
142 578
142 648
142 716
142 797
142 830
142 859
142 861
142 876
142 878
142 902
142 908
142 914
142 953
142 957
142 963
143 150
143 152
143 164
143 180
143 188
143 297
143 301
143 323
143 360
143 375
143 381
143 387
143 442
143 517
143 584
143 651
143 662
143 673
143 701
143 750
143 765
143 819
143 865
143 893
143 897
143 922
143 947
144 192
144 347
144 353
144 404
144 424
144 441
144 514
144 527
144 531
144 535
144 588
144 629
144 789
144 805
144 844
144 927
145 154
145 229
145 419
145 448
145 543
145 831
145 842
145 957
146 148
146 165
146 169
146 236
146 258
146 304
146 326
146 347
146 352
146 426
146 464
146 582
146 637
146 666
146 670
146 718
146 749
146 780
146 952
147 151
147 169
147 233
147 247
147 459
147 590
147 688
147 728
147 738
147 739
147 779
147 830
147 906
147 916
147 949
148 243
148 253
148 403
148 490
148 514
148 531
148 560
148 562
148 719
148 735
148 782
148 798
148 849
149 173
149 290
149 299
149 301
149 304
149 317
149 331
149 346
149 354
149 401
149 416
149 430
149 452
149 473
149 609
149 660
149 679
149 800
149 809
149 813
149 900
149 926
150 177
150 457
150 688
150 695
150 715
150 734
150 748
150 774
150 780
150 798
150 802
150 852
150 856
150 962
151 196
151 233
151 263
151 283
151 286
151 387
151 446
151 620
151 662
151 786
151 802
151 903
151 952
151 986
152 203
152 204
152 301
152 312
152 316
152 323
152 352
152 434
152 486
152 558
152 564
152 568
152 590
152 599
152 600
152 608
152 649
152 655
152 664
152 677
152 688
152 698
152 743
152 752
152 765
152 768
152 819
152 844
152 858
152 865
152 881
152 883
152 893
152 896
152 920
152 924
152 937
152 982
153 184
153 191
153 206
153 271
153 291
153 304
153 347
153 364
153 387
153 433
153 456
153 465
153 523
153 530
153 556
153 562
153 563
153 584
153 603
153 622
153 662
153 713
153 724
153 749
153 822
153 857
153 872
153 876
153 911
153 912
153 946
153 997
154 189
154 199
154 236
154 375
154 550
154 610
154 627
154 702
154 812
154 815
154 900
154 922
154 946
154 958
154 963
155 159
155 203
155 230
155 275
155 341
155 415
155 422
155 437
155 473
155 527
155 595
155 602
155 626
155 711
155 817
155 849
155 866
155 891
155 941
155 943
155 957
155 963
156 235
156 285
156 301
156 383
156 631
156 636
156 704
156 739
156 761
156 801
156 897
156 998
157 247
157 266
157 297
157 418
157 477
157 534
157 555
157 591
157 595
157 670
157 677
157 699
157 759
157 851
157 871
157 904
157 907
157 918
157 942
157 963
157 984
158 278
158 279
158 382
158 415
158 442
158 466
158 489
158 615
158 649
158 724
158 728
158 798
159 160
159 175
159 191
159 246
159 260
159 272
159 295
159 320
159 340
159 387
159 404
159 411
159 458
159 530
159 552
159 560
159 563
159 581
159 582
159 584
159 588
159 589
159 592
159 639
159 656
159 658
159 742
159 743
159 749
159 816
159 840
159 856
159 870
159 939
159 949
159 968
160 175
160 223
160 320
160 340
160 353
160 362
160 373
160 390
160 395
160 411
160 422
160 474
160 512
160 513
160 519
160 525
160 530
160 531
160 571
160 578
160 584
160 602
160 617
160 640
160 649
160 653
160 671
160 676
160 767
160 793
160 838
160 855
160 860
160 870
160 876
160 892
160 894
160 895
160 929
160 939
160 954
161 171
161 236
161 247
161 261
161 448
161 547
161 637
161 755
161 791
161 813
161 818
161 846
162 264
162 308
162 329
162 380
162 432
162 457
162 508
162 514
162 575
162 960
163 228
163 271
163 289
163 364
163 391
163 439
163 570
163 588
163 628
163 672
163 693
163 758
163 765
163 824
163 898
163 974
164 291
164 398
164 494
164 559
164 561
164 567
164 570
164 624
164 629
164 664
164 728
164 805
164 823
164 869
164 898
164 914
164 927
164 931
165 170
165 172
165 176
165 181
165 183
165 190
165 240
165 261
165 288
165 321
165 332
165 358
165 365
165 367
165 373
165 375
165 406
165 451
165 454
165 455
165 472
165 488
165 512
165 553
165 604
165 649
165 671
165 693
165 699
165 705
165 722
165 726
165 765
165 772
165 773
165 780
165 783
165 790
165 794
165 806
165 807
165 811
165 835
165 843
165 847
165 848
165 849
165 882
165 890
165 895
165 903
165 926
165 930
165 934
165 936
165 937
165 938
165 955
165 982
166 329
166 346
166 358
166 538
166 561
166 570
166 588
166 624
166 629
166 661
166 684
166 790
166 851
166 983
167 414
167 527
167 539
167 544
167 547
167 595
167 643
167 654
167 684
167 723
167 749
167 885
167 909
167 912
167 930
167 936
167 962
168 188
168 273
168 285
168 387
168 485
168 564
168 569
168 572
168 667
168 749
168 902
168 970
169 222
169 238
169 247
169 286
169 295
169 300
169 357
169 404
169 453
169 488
169 567
169 581
169 653
169 680
169 702
169 715
169 754
169 791
169 907
169 936
169 937
170 176
170 197
170 240
170 300
170 340
170 351
170 368
170 406
170 438
170 454
170 472
170 493
170 551
170 577
170 589
170 600
170 624
170 676
170 702
170 721
170 730
170 755
170 778
170 811
170 827
170 829
170 831
170 835
170 843
170 848
170 866
170 892
170 893
170 913
170 915
170 932
170 954
170 955
170 974
171 345
171 348
171 362
171 410
171 580
171 605
171 626
171 637
171 685
171 717
171 765
172 178
172 228
172 235
172 250
172 261
172 298
172 345
172 350
172 404
172 410
172 437
172 443
172 466
172 585
172 605
172 606
172 656
172 661
172 682
172 695
172 840
172 849
172 869
172 874
172 884
172 946
172 970
173 290
173 295
173 299
173 303
173 317
173 554
173 609
173 620
173 625
173 645
173 709
173 770
173 775
173 900
173 986
174 220
174 327
174 349
174 373
174 532
174 545
174 549
174 555
174 587
174 605
174 626
174 672
174 880
175 183
175 193
175 295
175 324
175 359
175 368
175 387
175 410
175 463
175 555
175 578
175 581
175 587
175 645
175 666
175 785
175 824
175 835
175 839
175 864
175 935
175 963
176 184
176 254
176 297
176 440
176 534
176 557
176 575
176 759
176 767
176 789
176 794
176 812
176 818
176 983
177 191
177 198
177 231
177 232
177 246
177 266
177 274
177 289
177 296
177 306
177 314
177 338
177 339
177 345
177 350
177 351
177 369
177 392
177 410
177 435
177 446
177 503
177 571
177 572
177 646
177 684
177 696
177 723
177 743
177 752
177 769
177 781
177 815
177 830
177 838
177 869
177 874
177 906
177 932
177 950
178 215
178 228
178 251
178 334
178 346
178 348
178 362
178 376
178 513
178 517
178 575
178 651
178 669
178 717
178 805
178 914
178 920
178 941
178 957
178 997
179 247
179 262
179 323
179 334
179 336
179 380
179 385
179 457
179 461
179 583
179 666
179 695
179 757
179 790
179 795
179 832
179 846
179 932
179 938
179 960
180 182
180 214
180 254
180 275
180 289
180 306
180 335
180 369
180 373
180 449
180 488
180 539
180 574
180 576
180 612
180 683
180 710
180 824
180 861
180 862
180 895
180 956
180 976
181 214
181 344
181 539
181 562
181 607
181 637
181 795
181 804
181 919
182 233
182 259
182 334
182 371
182 375
182 380
182 449
182 452
182 500
182 630
182 649
182 670
182 688
182 695
182 766
182 870
182 912
182 977
182 983
183 190
183 245
183 271
183 294
183 332
183 351
183 423
183 429
183 568
183 607
183 617
183 644
183 688
183 765
183 797
183 831
183 843
183 893
183 915
183 988
183 1000
184 260
184 295
184 314
184 333
184 402
184 411
184 443
184 459
184 466
184 530
184 555
184 560
184 568
184 584
184 602
184 622
184 649
184 652
184 678
184 687
184 718
184 804
184 838
184 870
184 897
184 925
184 989
185 221
185 223
185 247
185 249
185 265
185 297
185 500
185 515
185 810
185 881
185 914
185 924
185 997
186 209
186 215
186 289
186 339
186 356
186 360
186 369
186 383
186 414
186 438
186 456
186 539
186 565
186 598
186 607
186 647
186 668
186 769
186 819
186 821
186 825
186 912
186 962
187 252
187 253
187 303
187 368
187 422
187 454
187 486
187 509
187 535
187 540
187 597
187 646
187 697
187 710
187 728
187 763
187 782
187 787
187 880
187 885
187 892
187 901
187 912
187 951
187 956
188 201
188 215
188 219
188 239
188 432
188 483
188 491
188 531
188 571
188 593
188 656
188 675
188 698
188 728
188 763
188 782
188 811
188 819
188 916
188 922
188 984
189 378
189 429
189 484
189 505
189 527
189 712
189 713
189 719
189 733
189 749
189 828
189 945
190 311
190 313
190 332
190 338
190 373
190 377
190 406
190 605
190 656
190 705
190 765
190 795
190 835
190 953
191 242
191 257
191 263
191 305
191 310
191 314
191 315
191 368
191 390
191 391
191 392
191 394
191 402
191 421
191 458
191 469
191 474
191 523
191 530
191 532
191 562
191 571
191 578
191 586
191 589
191 591
191 600
191 602
191 609
191 617
191 620
191 654
191 658
191 669
191 702
191 712
191 714
191 767
191 769
191 771
191 801
191 848
191 860
191 870
191 902
191 929
191 932
191 946
192 223
192 257
192 282
192 315
192 352
192 361
192 365
192 492
192 498
192 539
192 578
192 599
192 708
192 728
192 737
192 776
192 792
192 803
192 849
192 898
192 942
192 950
192 989
193 221
193 229
193 350
193 559
193 616
193 726
193 766
193 770
193 783
193 854
193 859
193 881
193 908
193 924
193 985
193 993
194 222
194 228
194 231
194 242
194 261
194 291
194 294
194 295
194 311
194 329
194 399
194 417
194 425
194 489
194 490
194 569
194 587
194 653
194 664
194 701
194 776
194 783
194 808
194 814
194 843
194 855
194 905
194 955
195 218
195 373
195 436
195 492
195 550
195 559
195 666
195 675
195 803
195 820
195 824
195 892
195 995
196 202
196 242
196 267
196 409
196 439
196 460
196 463
196 539
196 562
196 574
196 729
196 742
196 776
196 779
196 787
196 829
196 881
196 891
196 910
196 931
196 947
196 977
197 247
197 293
197 367
197 469
197 479
197 707
197 810
197 841
197 900
198 212
198 215
198 239
198 267
198 338
198 341
198 352
198 354
198 406
198 514
198 517
198 555
198 569
198 650
198 678
198 692
198 766
198 830
198 871
198 905
198 906
198 919
198 933
198 975
198 978
199 229
199 307
199 319
199 327
199 364
199 388
199 405
199 420
199 432
199 482
199 496
199 531
199 540
199 564
199 588
199 601
199 610
199 634
199 655
199 671
199 747
199 816
199 861
199 955
200 234
200 248
200 265
200 276
200 317
200 350
200 368
200 370
200 459
200 527
200 533
200 640
200 661
200 716
200 728
200 747
200 854
200 859
200 876
200 881
200 885
200 886
200 898
200 908
200 993
200 997
201 260
201 345
201 401
201 402
201 424
201 545
201 629
201 669
201 808
201 903
201 943
201 944
202 396
202 524
202 547
202 560
202 562
202 676
202 779
202 808
202 887
202 892
202 912
202 943
202 976
202 985
203 235
203 239
203 262
203 306
203 343
203 464
203 486
203 527
203 558
203 580
203 639
203 642
203 744
203 746
203 752
203 852
203 858
204 213
204 237
204 257
204 382
204 432
204 479
204 492
204 494
204 565
204 599
204 728
204 781
204 782
204 803
204 824
204 829
204 857
204 865
204 905
204 906
204 923
205 233
205 246
205 293
205 310
205 341
205 431
205 496
205 510
205 548
205 550
205 616
205 729
205 758
205 762
205 810
205 814
205 815
205 906
205 967
206 239
206 310
206 358
206 458
206 504
206 552
206 571
206 610
206 628
206 637
206 639
206 743
206 751
206 773
206 780
206 836
207 271
207 281
207 315
207 343
207 411
207 427
207 452
207 470
207 486
207 539
207 542
207 547
207 569
207 670
207 797
207 822
207 890
208 245
208 252
208 317
208 411
208 491
208 531
208 657
208 697
208 710
208 756
208 787
208 807
208 886
208 908
208 972
209 216
209 245
209 268
209 298
209 319
209 325
209 398
209 412
209 433
209 475
209 476
209 514
209 546
209 824
209 826
209 928
210 212
210 272
210 330
210 409
210 426
210 444
210 482
210 666
210 704
210 716
210 765
210 779
210 884
210 918
210 919
210 933
211 262
211 301
211 457
211 655
211 752
211 882
211 960
211 989
212 214
212 218
212 225
212 232
212 245
212 274
212 324
212 330
212 359
212 419
212 420
212 421
212 459
212 497
212 514
212 531
212 539
212 573
212 582
212 597
212 603
212 691
212 725
212 748
212 761
212 763
212 765
212 800
212 802
212 846
212 918
212 921
212 933
212 973
213 216
213 247
213 323
213 348
213 352
213 381
213 384
213 404
213 408
213 411
213 415
213 437
213 595
213 605
213 611
213 634
213 640
213 674
213 693
213 714
213 716
213 728
213 742
213 859
213 869
213 926
213 936
213 943
213 966
213 976
213 982
214 265
214 333
214 383
214 386
214 410
214 452
214 527
214 539
214 562
214 574
214 614
214 730
214 745
214 772
214 800
214 918
214 944
214 985
214 993
215 239
215 265
215 283
215 370
215 395
215 472
215 490
215 491
215 531
215 601
215 624
215 693
215 697
215 710
215 728
215 764
215 775
215 787
215 799
215 872
215 922
215 966
215 984
215 999
216 259
216 368
216 419
216 550
216 560
216 648
216 695
216 769
216 881
217 231
217 343
217 368
217 534
217 545
217 547
217 587
217 701
217 808
217 970
217 996
218 259
218 315
218 333
218 347
218 406
218 441
218 475
218 480
218 529
218 550
218 590
218 691
218 716
218 824
218 832
218 911
218 955
219 478
219 486
219 496
219 518
219 545
219 587
219 808
219 986
220 233
220 376
220 478
220 480
220 516
220 526
220 647
220 701
220 794
220 812
220 857
220 909
220 927
220 981
221 234
221 241
221 315
221 354
221 405
221 426
221 459
221 464
221 466
221 501
221 505
221 515
221 533
221 564
221 569
221 608
221 609
221 620
221 626
221 732
221 743
221 756
221 787
221 797
221 802
221 806
221 867
221 876
221 879
221 881
221 908
221 924
221 928
222 227
222 292
222 340
222 377
222 601
222 733
222 790
222 791
222 797
222 813
222 817
222 872
222 905
222 935
222 942
222 1000
223 257
223 259
223 272
223 282
223 284
223 317
223 351
223 352
223 370
223 383
223 432
223 444
223 445
223 448
223 469
223 498
223 528
223 542
223 547
223 665
223 715
223 734
223 739
223 747
223 758
223 764
223 784
223 799
223 809
223 819
223 865
223 873
223 888
223 942
223 944
223 961
224 248
224 275
224 355
224 383
224 405
224 415
224 444
224 584
224 666
224 787
224 865
224 889
224 890
225 232
225 234
225 254
225 470
225 490
225 514
225 517
225 522
225 563
225 681
225 691
225 706
225 849
225 920
226 270
226 368
226 433
226 516
226 528
226 547
226 548
226 575
226 815
226 942
227 236
227 273
227 300
227 399
227 418
227 488
227 504
227 728
227 852
227 862
227 981
228 277
228 319
228 399
228 404
228 410
228 437
228 442
228 468
228 518
228 589
228 595
228 597
228 619
228 640
228 661
228 669
228 685
228 714
228 809
228 834
228 881
228 957
229 240
229 316
229 449
229 492
229 514
229 583
229 632
229 711
229 806
229 833
229 971
230 247
230 254
230 307
230 347
230 375
230 399
230 483
230 488
230 550
230 791
230 917
230 949
231 266
231 289
231 338
231 356
231 370
231 392
231 499
231 503
231 515
231 539
231 564
231 624
231 638
231 675
231 694
231 715
231 729
231 740
231 741
231 779
231 826
231 830
231 871
231 890
231 911
231 933
231 938
231 975
232 245
232 257
232 272
232 324
232 330
232 359
232 535
232 711
232 748
233 236
233 237
233 266
233 276
233 283
233 286
233 306
233 330
233 380
233 388
233 428
233 477
233 480
233 516
233 520
233 524
233 525
233 536
233 547
233 586
233 591
233 613
233 620
233 662
233 679
233 681
233 737
233 744
233 751
233 775
233 780
233 793
233 802
233 815
233 857
233 881
233 948
233 952
233 953
233 954
234 241
234 273
234 539
234 553
234 594
234 608
234 618
234 628
234 648
234 684
234 746
234 757
234 790
234 884
234 915
234 924
234 949
234 964
234 986
235 272
235 362
235 482
235 484
235 514
235 568
235 657
235 689
235 691
235 717
235 750
235 815
235 884
235 953
236 332
236 334
236 418
236 424
236 462
236 488
236 626
236 654
236 791
236 896
236 928
236 931
236 943
237 270
237 286
237 323
237 384
237 428
237 493
237 662
237 701
237 762
237 799
237 905
237 924
238 362
238 437
238 453
238 493
238 526
238 544
238 595
238 645
238 685
238 777
238 904
238 922
238 971
239 244
239 249
239 252
239 258
239 266
239 379
239 478
239 481
239 494
239 530
239 543
239 566
239 579
239 640
239 665
239 666
239 697
239 724
239 804
239 839
239 875
239 888
239 940
239 951
239 956
239 967
239 972
239 978
239 984
239 990
239 998
240 253
240 336
240 378
240 427
240 429
240 447
240 493
240 535
240 599
240 646
240 692
240 765
240 818
240 848
240 885
241 277
241 335
241 360
241 459
241 510
241 528
241 567
241 636
241 653
241 712
241 720
241 737
241 792
241 829
241 854
241 855
241 879
241 953
241 979
241 997
242 251
242 376
242 397
242 398
242 434
242 486
242 488
242 569
242 590
242 592
242 689
242 815
242 830
242 867
242 870
242 923
242 957
243 267
243 276
243 280
243 301
243 359
243 375
243 412
243 441
243 442
243 483
243 518
243 549
243 622
243 630
243 635
243 663
243 742
243 746
243 764
243 771
243 803
243 817
243 821
243 844
243 856
243 864
243 877
243 885
243 896
243 920
243 925
244 308
244 314
244 316
244 442
244 490
244 508
244 544
244 551
244 556
244 595
244 697
244 722
244 757
245 343
245 359
245 485
245 490
245 512
245 577
245 630
245 717
245 727
245 768
245 785
245 800
245 944
245 991
246 299
246 360
246 435
246 740
246 781
246 857
246 962
247 262
247 269
247 292
247 332
247 340
247 347
247 357
247 398
247 399
247 402
247 424
247 447
247 484
247 488
247 495
247 534
247 541
247 559
247 604
247 680
247 709
247 791
247 800
247 802
247 813
247 840
247 890
247 917
247 922
247 923
247 928
247 930
247 936
247 997
247 1000
248 269
248 453
248 518
248 575
248 643
248 676
248 690
248 743
248 780
248 817
248 825
248 857
248 890
248 892
248 933
248 937
248 963
248 988
249 274
249 381
249 585
249 711
249 776
249 780
249 788
249 851
249 870
249 923
249 941
249 970
249 992
249 994
250 285
250 322
250 328
250 329
250 378
250 406
250 437
250 439
250 552
250 564
250 582
250 620
250 649
250 694
250 735
250 784
250 787
250 826
250 855
250 958
250 975
251 504
251 514
251 550
251 569
251 675
251 712
251 753
251 781
251 786
251 799
251 830
251 933
251 944
252 264
252 364
252 469
252 540
252 542
252 679
252 724
252 728
252 748
252 756
252 763
252 782
252 787
252 811
252 844
252 957
253 256
253 298
253 340
253 402
253 506
253 565
253 623
253 681
253 696
253 697
253 739
253 815
253 817
253 874
253 994
254 268
254 279
254 449
254 452
254 466
254 488
254 539
254 562
254 618
254 641
254 885
254 892
254 921
254 933
254 936
254 942
255 264
255 368
255 478
255 597
255 603
255 690
255 705
255 800
255 806
255 866
255 875
255 920
255 973
256 296
256 324
256 343
256 514
256 522
256 569
256 570
256 623
256 767
256 810
256 891
256 920
256 944
257 349
257 352
257 365
257 382
257 464
257 494
257 542
257 550
257 624
257 634
257 693
257 713
257 784
257 840
257 901
257 913
257 931
257 944
257 975
257 992
258 329
258 460
258 468
258 518
258 583
258 609
258 618
258 695
258 816
258 863
258 864
258 890
258 935
259 268
259 273
259 282
259 309
259 318
259 364
259 385
259 403
259 451
259 529
259 534
259 548
259 550
259 572
259 599
259 630
259 706
259 757
259 889
259 943
260 281
260 347
260 387
260 532
260 571
260 581
260 593
260 600
260 674
260 729
260 739
260 742
260 749
260 785
260 786
260 794
260 890
260 985
260 997
261 278
261 288
261 300
261 346
261 351
261 426
261 437
261 455
261 573
261 612
261 675
261 720
261 761
261 772
261 780
261 790
261 806
261 835
261 840
261 843
261 847
261 925
261 938
261 955
261 965
262 275
262 307
262 349
262 366
262 373
262 380
262 407
262 450
262 457
262 473
262 511
262 535
262 538
262 555
262 579
262 618
262 619
262 671
262 676
262 681
262 696
262 716
262 730
262 773
262 795
262 846
262 868
262 905
262 918
263 295
263 315
263 336
263 338
263 383
263 387
263 394
263 480
263 555
263 674
263 687
263 690
263 767
263 805
263 842
263 891
263 897
263 907
263 920
263 929
264 304
264 341
264 348
264 365
264 373
264 389
264 536
264 578
264 587
264 635
264 678
264 725
264 742
264 866
265 286
265 289
265 333
265 350
265 358
265 359
265 383
265 416
265 454
265 463
265 495
265 506
265 515
265 567
265 713
265 854
265 855
265 861
265 881
265 980
265 986
266 289
266 293
266 296
266 311
266 365
266 392
266 398
266 429
266 436
266 480
266 495
266 517
266 527
266 650
266 702
266 815
266 830
266 832
266 919
266 933
266 959
267 290
267 363
267 371
267 477
267 563
267 641
267 705
267 718
267 794
267 810
267 889
267 890
268 320
268 361
268 403
268 517
268 529
268 605
268 649
268 751
268 762
268 799
268 816
268 844
268 982
269 368
269 483
269 501
269 515
269 518
269 537
269 571
269 746
269 817
269 824
269 889
269 890
269 961
269 981
270 283
270 307
270 388
270 451
270 520
270 575
270 587
270 588
270 591
270 662
270 747
270 750
270 802
270 848
270 857
270 952
270 973
270 1000
271 309
271 329
271 342
271 554
271 593
271 599
271 772
271 789
271 804
271 831
271 841
271 846
271 896
271 919
271 962
272 359
272 371
272 391
272 442
272 450
272 451
272 481
272 490
272 522
272 536
272 603
272 680
272 689
272 717
272 727
272 881
272 918
272 943
272 952
272 973
273 328
273 342
273 391
273 403
273 464
273 753
273 756
273 758
273 778
273 798
273 848
273 893
273 898
273 902
273 936
273 954
274 394
274 419
274 535
274 546
274 549
274 560
274 583
274 679
274 703
274 737
274 745
274 746
274 775
274 777
274 890
274 941
275 303
275 364
275 375
275 384
275 410
275 422
275 487
275 581
275 588
275 605
275 637
275 651
275 680
275 708
275 792
275 871
275 904
275 909
276 282
276 337
276 371
276 373
276 399
276 583
276 660
276 738
276 859
276 899
276 926
277 309
277 367
277 417
277 433
277 455
277 493
277 704
277 709
277 724
277 772
277 780
277 811
277 813
277 841
277 912
278 351
278 364
278 429
278 441
278 464
278 563
278 569
278 587
278 710
278 787
278 861
278 909
278 920
278 951
278 981
278 984
278 990
279 308
279 442
279 456
279 499
279 507
279 508
279 634
279 688
279 711
279 753
279 754
279 815
279 844
279 881
279 898
279 939
279 995
280 432
280 442
280 471
280 499
280 577
280 617
280 666
280 672
280 697
280 735
280 743
280 788
280 797
280 844
281 297
281 339
281 467
281 519
281 534
281 665
281 687
281 768
281 779
281 811
281 900
282 332
282 364
282 403
282 539
282 564
282 565
282 580
282 601
282 604
282 606
282 669
282 720
282 824
282 826
282 834
282 981
283 285
283 380
283 428
283 480
283 485
283 591
283 643
283 656
283 712
283 807
283 848
283 862
283 996
284 324
284 327
284 331
284 344
284 349
284 352
284 361
284 376
284 382
284 494
284 532
284 550
284 565
284 616
284 693
284 715
284 724
284 733
284 739
284 747
284 773
284 810
284 883
284 901
284 905
284 935
284 961
284 975
284 979
285 312
285 373
285 384
285 395
285 444
285 486
285 491
285 494
285 496
285 515
285 535
285 555
285 596
285 611
285 630
285 674
285 691
285 698
285 753
285 798
285 812
285 813
285 824
285 832
285 894
285 899
285 902
285 911
285 973
286 457
286 591
286 621
286 647
286 701
286 744
286 782
286 808
286 909
286 937
286 948
287 299
287 342
287 349
287 380
287 457
287 461
287 558
287 591
287 795
287 846
287 887
287 960
288 300
288 304
288 429
288 505
288 549
288 620
288 640
288 721
288 728
288 780
288 783
288 848
288 900
288 987
289 293
289 327
289 346
289 410
289 434
289 435
289 486
289 547
289 569
289 572
289 574
289 675
289 803
289 815
289 828
289 830
289 913
289 933
289 989
290 304
290 309
290 317
290 400
290 401
290 416
290 426
290 450
290 511
290 519
290 532
290 573
290 609
290 627
290 660
290 697
290 746
290 790
290 852
290 900
290 926
291 304
291 452
291 648
291 700
291 722
291 772
291 783
291 790
291 808
291 827
291 848
291 849
291 873
291 894
291 923
292 418
292 486
292 488
292 507
292 627
292 715
292 813
292 916
292 928
292 969
292 995
293 382
293 397
293 408
293 420
293 446
293 517
293 558
293 605
293 608
293 623
293 654
293 815
293 819
293 830
293 889
293 906
293 921
293 933
293 983
294 374
294 661
294 682
294 686
294 697
294 704
294 762
294 790
294 849
294 889
294 930
294 953
295 298
295 340
295 368
295 391
295 419
295 483
295 486
295 488
295 517
295 525
295 530
295 537
295 547
295 559
295 560
295 563
295 592
295 617
295 647
295 658
295 750
295 751
295 757
295 770
295 785
295 820
295 822
295 838
295 870
295 874
295 886
295 909
295 911
295 919
295 925
295 932
295 968
295 986
295 995
296 309
296 310
296 320
296 324
296 367
296 369
296 392
296 397
296 406
296 435
296 517
296 550
296 581
296 613
296 666
296 721
296 781
296 783
296 799
296 815
296 893
296 895
296 923
296 936
296 992
297 302
297 405
297 429
297 441
297 455
297 466
297 534
297 580
297 603
297 628
297 666
297 669
297 687
297 716
297 724
297 740
297 772
297 776
297 794
297 849
298 380
298 407
298 411
298 474
298 553
298 648
298 707
298 731
298 737
298 792
298 860
298 892
298 946
298 960
299 317
299 389
299 395
299 398
299 455
299 494
299 573
299 593
299 609
299 660
299 677
299 681
299 682
299 693
299 775
299 789
299 880
299 900
299 906
299 924
299 986
300 309
300 316
300 380
300 413
300 415
300 429
300 433
300 455
300 498
300 516
300 521
300 636
300 663
300 722
300 760
300 765
300 835
300 837
300 841
300 856
300 913
300 938
301 312
301 316
301 631
301 637
301 639
301 664
301 824
301 850
301 853
302 420
302 441
302 480
302 519
302 523
302 534
302 536
302 541
302 625
302 638
302 664
302 670
302 783
302 786
302 792
302 798
302 802
302 831
302 836
302 902
302 987
303 314
303 471
303 487
303 508
303 521
303 543
303 551
303 554
303 556
303 586
303 749
303 768
303 813
303 866
303 872
304 317
304 402
304 416
304 444
304 479
304 573
304 584
304 609
304 660
304 681
304 789
304 899
304 926
304 986
304 995
305 315
305 378
305 444
305 523
305 532
305 534
305 563
305 581
305 656
305 699
305 739
305 811
305 822
305 876
306 428
306 513
306 592
306 648
306 675
306 685
306 701
306 754
306 778
306 787
306 850
306 896
306 948
307 373
307 412
307 539
307 550
307 613
307 749
307 872
308 315
308 507
308 521
308 554
308 561
308 577
308 579
308 634
308 700
308 736
308 741
308 769
308 775
308 797
308 803
308 808
308 822
308 844
308 907
308 920
308 952
308 963
308 964
308 968
309 329
309 388
309 416
309 472
309 475
309 523
309 567
309 605
309 691
309 702
309 722
309 754
309 772
309 780
309 783
309 790
309 806
309 820
309 837
309 885
309 888
309 890
309 913
309 938
309 940
310 317
310 331
310 339
310 397
310 411
310 441
310 504
310 525
310 526
310 530
310 532
310 543
310 551
310 567
310 571
310 639
310 647
310 648
310 656
310 699
310 712
310 723
310 726
310 775
310 811
310 818
310 820
310 862
310 876
310 946
311 329
311 383
311 405
311 413
311 491
311 523
311 691
311 722
311 747
311 783
311 831
312 316
312 419
312 460
312 570
312 603
312 652
312 688
312 858
312 916
313 330
313 359
313 415
313 455
313 469
313 514
313 536
313 547
313 605
313 636
313 680
313 750
313 761
313 776
313 831
313 844
313 849
313 919
313 954
313 971
314 328
314 494
314 505
314 507
314 545
314 554
314 569
314 674
314 697
314 741
314 793
314 824
314 827
314 833
314 844
314 906
314 964
314 995
315 364
315 378
315 389
315 391
315 403
315 405
315 425
315 452
315 458
315 526
315 532
315 552
315 581
315 600
315 604
315 645
315 684
315 699
315 709
315 712
315 760
315 767
315 770
315 773
315 779
315 802
315 838
315 863
315 880
315 909
315 935
315 939
315 986
316 357
316 609
316 637
316 819
316 893
316 921
317 342
317 343
317 401
317 416
317 430
317 446
317 451
317 471
317 517
317 573
317 593
317 601
317 609
317 647
317 660
317 702
317 734
317 775
317 799
317 901
317 907
317 926
317 986
318 359
318 363
318 530
318 553
318 567
318 570
318 578
318 589
318 624
318 672
318 810
318 845
318 899
318 909
319 359
319 370
319 374
319 446
319 466
319 492
319 534
319 704
319 723
319 746
319 850
319 985
320 465
320 526
320 531
320 532
320 571
320 616
320 645
320 654
320 723
320 876
320 909
320 928
320 996
321 364
321 369
321 518
321 538
321 701
321 737
321 746
321 908
322 550
322 599
322 603
322 689
322 745
322 815
322 859
322 886
322 994
323 324
323 343
323 401
323 434
323 462
323 518
323 557
323 572
323 732
323 858
323 905
323 969
324 330
324 334
324 385
324 514
324 542
324 566
324 582
324 597
324 663
324 895
324 919
324 920
324 921
324 954
325 371
325 441
325 463
325 552
325 562
325 574
325 645
325 647
325 653
325 779
325 798
325 885
325 926
325 947
326 333
326 403
326 488
326 500
326 504
326 604
326 681
326 790
326 810
326 813
326 895
327 368
327 377
327 389
327 528
327 541
327 545
327 548
327 587
327 618
327 652
327 661
327 771
327 776
327 793
327 797
327 808
327 837
327 840
327 880
327 983
328 434
328 481
328 488
328 556
328 658
328 792
328 872
328 911
328 958
328 975
328 991
329 339
329 351
329 355
329 367
329 377
329 397
329 407
329 426
329 429
329 433
329 451
329 454
329 472
329 483
329 488
329 496
329 508
329 544
329 581
329 635
329 640
329 674
329 720
329 722
329 755
329 772
329 777
329 790
329 806
329 807
329 821
329 835
329 848
329 882
329 895
329 900
329 905
329 906
329 913
329 915
329 930
329 942
329 953
329 954
329 999
329 1000
330 332
330 333
330 392
330 421
330 557
330 576
330 582
330 629
330 675
330 689
330 690
330 697
330 717
330 744
330 748
330 772
330 843
330 845
330 919
330 920
330 923
330 970
330 973
331 406
331 457
331 488
331 567
331 650
331 660
331 765
331 775
331 780
331 790
331 814
331 838
331 848
331 849
331 860
331 910
331 953
331 994
332 351
332 437
332 546
332 604
332 632
332 699
332 722
332 746
332 755
332 768
332 780
332 790
332 849
332 854
333 368
333 375
333 502
333 539
333 562
333 571
333 641
333 670
333 712
333 729
333 732
333 885
333 947
333 985
333 991
333 993
334 470
334 483
334 496
334 514
334 564
334 582
334 597
334 632
334 633
334 681
334 689
334 690
334 707
334 800
334 845
334 884
334 911
334 918
334 920
334 957
334 960
334 973
335 367
335 410
335 442
335 521
335 551
335 556
335 605
335 618
335 679
335 737
335 739
335 756
335 774
335 783
335 852
336 509
336 543
336 567
336 627
336 629
336 686
336 750
336 838
336 967
336 994
337 407
337 506
337 559
337 570
337 609
337 615
337 622
337 686
337 785
337 851
337 892
337 898
337 924
337 927
338 446
338 462
338 464
338 517
338 604
338 628
338 700
338 724
338 781
338 864
338 923
339 356
339 377
339 410
339 414
339 647
339 663
339 825
339 889
339 907
339 911
339 943
339 962
339 975
340 370
340 526
340 581
340 629
340 712
340 746
340 770
340 853
340 860
341 434
341 503
341 542
341 545
341 615
341 635
341 652
341 721
341 724
341 756
341 802
341 825
341 866
341 867
341 910
341 915
341 949
342 371
342 373
342 378
342 406
342 527
342 562
342 598
342 614
342 646
342 660
342 925
342 944
342 969
343 426
343 467
343 480
343 520
343 558
343 569
343 608
343 630
343 637
343 655
343 664
343 677
343 688
343 728
343 781
343 782
343 827
343 848
343 852
343 858
343 913
343 947
343 971
343 982
344 381
344 436
344 565
344 599
344 617
344 660
344 679
344 693
344 739
344 761
344 786
344 857
344 865
344 882
344 909
344 989
345 347
345 356
345 362
345 363
345 366
345 376
345 408
345 410
345 413
345 415
345 488
345 496
345 637
345 644
345 655
345 682
345 693
345 715
345 822
345 838
345 863
345 967
346 465
346 531
346 546
346 581
346 600
346 656
346 770
346 916
347 371
347 535
347 546
347 731
348 476
348 606
348 610
348 633
348 659
348 871
348 904
348 957
348 983
348 991
349 533
349 582
349 634
349 647
349 695
349 735
349 824
349 889
349 892
349 912
349 946
349 960
349 971
350 368
350 387
350 527
350 545
350 599
350 607
350 627
350 736
350 813
350 826
350 838
350 844
350 879
350 881
350 908
350 924
350 971
351 367
351 391
351 406
351 413
351 433
351 454
351 472
351 580
351 656
351 698
351 700
351 713
351 725
351 765
351 772
351 780
351 790
351 848
351 849
351 876
351 882
351 909
351 988
352 457
352 482
352 616
352 637
352 679
352 715
352 770
352 781
352 788
352 810
352 848
352 865
353 566
353 571
353 584
353 602
353 627
353 645
353 712
353 721
353 757
353 802
353 838
353 971
354 376
354 410
354 431
354 437
354 442
354 533
354 577
354 605
354 626
354 661
354 685
354 708
354 729
354 757
354 765
354 772
354 774
354 777
354 801
354 829
354 844
354 871
354 914
354 924
354 957
355 606
355 697
355 772
355 802
355 838
355 844
355 868
355 877
355 977
355 992
355 995
356 414
356 436
356 447
356 456
356 537
356 553
356 614
356 684
356 755
356 849
356 871
356 907
356 962
357 402
357 488
357 530
357 644
357 692
357 737
357 804
357 840
357 847
357 896
357 920
357 922
357 961
358 487
358 586
358 592
358 608
358 633
358 697
358 700
358 745
358 746
358 814
358 855
358 881
358 888
358 908
358 919
358 924
358 985
358 997
359 365
359 409
359 421
359 470
359 490
359 493
359 514
359 520
359 522
359 582
359 599
359 673
359 690
359 691
359 701
359 719
359 750
359 778
359 793
359 800
359 874
359 919
359 920
359 997
360 545
360 636
360 660
360 662
360 802
360 848
360 907
360 909
360 962
361 382
361 413
361 432
361 479
361 492
361 559
361 562
361 599
361 704
361 715
361 776
361 817
361 865
361 905
361 938
361 944
361 945
361 948
361 961
361 975
362 384
362 445
362 708
362 777
362 791
362 805
362 807
362 892
362 920
362 924
362 957
362 966
362 967
363 486
363 507
363 509
363 514
363 600
363 750
363 779
363 823
363 883
363 968
363 982
364 373
364 428
364 491
364 630
364 653
364 757
364 764
364 816
364 876
364 882
364 899
365 470
365 492
365 560
365 575
365 681
365 705
365 764
365 802
365 816
365 841
365 849
365 865
365 905
365 942
365 944
365 989
366 478
366 521
366 538
366 570
366 605
366 721
366 773
366 901
366 980
367 439
367 472
367 532
367 545
367 561
367 615
367 635
367 697
367 722
367 751
367 780
367 790
367 835
367 838
367 974
368 376
368 390
368 402
368 411
368 453
368 472
368 475
368 498
368 526
368 560
368 571
368 582
368 584
368 602
368 615
368 639
368 648
368 656
368 660
368 684
368 709
368 723
368 742
368 770
368 784
368 786
368 796
368 818
368 842
368 909
368 935
368 939
369 383
369 442
369 449
369 463
369 477
369 522
369 539
369 547
369 574
369 578
369 632
369 642
369 706
369 767
369 786
369 896
369 932
369 936
369 957
369 974
369 983
369 985
370 469
370 492
370 540
370 542
370 546
370 569
370 636
370 713
370 715
370 799
370 870
370 901
370 909
371 378
371 390
371 495
371 500
371 508
371 518
371 560
371 603
371 622
371 624
371 662
371 663
371 676
371 746
371 771
371 864
371 889
371 890
371 922
372 383
372 414
372 419
372 475
372 511
372 647
372 962
372 966
372 999
373 404
373 406
373 420
373 444
373 496
373 525
373 550
373 581
373 592
373 601
373 604
373 621
373 713
373 726
373 747
373 749
373 752
373 764
373 778
373 797
373 852
373 872
373 879
373 884
373 887
373 894
373 945
373 969
374 483
374 547
374 589
374 621
374 651
374 657
374 681
374 755
374 780
374 829
374 830
374 837
374 849
374 857
374 915
374 917
374 943
375 537
375 539
375 545
375 574
375 724
375 818
375 874
375 940
375 966
375 985
376 408
376 569
376 570
376 606
376 777
376 832
376 877
376 922
376 937
376 957
376 970
376 971
377 433
377 576
377 708
377 752
377 776
377 778
377 779
377 780
377 848
377 955
377 975
377 982
378 399
378 418
378 527
378 643
378 724
378 737
378 798
378 824
378 826
378 939
378 940
379 380
379 402
379 451
379 567
379 574
379 623
379 704
379 711
379 739
379 891
379 945
379 964
380 425
380 426
380 450
380 461
380 473
380 487
380 494
380 504
380 534
380 542
380 576
380 617
380 639
380 666
380 728
380 737
380 773
380 795
380 815
380 857
380 860
380 887
380 960
380 962
380 981
381 385
381 419
381 432
381 451
381 623
381 636
381 709
381 746
382 415
382 421
382 463
382 613
382 635
382 652
382 673
382 739
382 744
382 784
382 819
382 844
382 890
382 942
382 944
382 989
383 386
383 421
383 463
383 503
383 539
383 541
383 547
383 552
383 599
383 605
383 618
383 641
383 653
383 659
383 667
383 711
383 885
383 910
383 936
383 977
383 985
383 989
384 410
384 525
384 550
384 605
384 795
384 868
384 871
384 926
384 967
384 970
385 387
385 440
385 453
385 470
385 550
385 552
385 564
385 566
385 590
385 646
385 678
385 711
385 778
385 804
385 820
385 892
385 897
385 962
386 403
386 509
386 534
386 554
386 569
386 586
386 637
386 675
386 688
386 729
386 748
386 786
386 795
386 910
386 957
387 448
387 458
387 497
387 500
387 532
387 551
387 552
387 560
387 584
387 617
387 628
387 645
387 648
387 723
387 737
387 746
387 829
387 868
387 917
387 932
387 990
388 428
388 466
388 701
388 783
388 802
388 851
388 902
388 954
388 973
389 459
389 460
389 492
389 504
389 545
389 587
389 634
389 744
389 784
389 808
389 817
389 846
389 941
390 514
390 555
390 571
390 631
390 696
390 736
390 757
390 767
390 770
390 876
391 429
391 555
391 557
391 560
391 578
391 581
391 592
391 713
391 798
391 874
391 911
391 940
391 948
391 959
391 995
392 455
392 514
392 526
392 539
392 598
392 799
392 821
392 933
393 501
393 527
393 535
393 551
393 575
393 593
393 606
393 715
393 844
393 997
394 395
394 467
394 530
394 540
394 556
394 584
394 777
394 955
394 997
395 411
395 449
395 518
395 526
395 576
395 581
395 584
395 639
395 712
395 791
395 849
395 876
395 909
395 934
396 434
396 569
396 669
396 743
396 850
396 854
396 906
397 398
397 444
397 522
397 569
397 716
397 723
397 799
397 905
397 906
397 923
398 445
398 485
398 493
398 517
398 522
398 569
398 571
398 572
398 609
398 627
398 739
398 756
398 811
398 815
398 830
398 836
398 869
398 875
398 933
398 939
398 940
398 963
398 973
398 988
399 423
399 488
399 499
399 504
399 653
399 697
399 724
399 742
399 751
399 837
399 906
399 919
399 928
399 975
400 461
400 488
400 543
400 724
400 833
400 952
401 430
401 441
401 453
401 516
401 537
401 609
401 660
401 667
401 775
401 789
401 926
401 932
401 986
402 505
402 513
402 530
402 532
402 535
402 560
402 563
402 581
402 584
402 648
402 656
402 712
402 742
402 939
402 944
402 954
402 998
403 517
403 527
403 550
403 605
403 621
403 647
403 688
403 747
403 749
403 759
403 766
403 783
403 793
403 809
403 830
403 844
403 906
403 953
404 410
404 415
404 537
404 544
404 605
404 606
404 607
404 658
404 749
404 757
404 765
404 802
404 900
405 453
405 470
405 553
405 924
405 935
405 980
405 986
405 993
406 409
406 415
406 429
406 466
406 475
406 492
406 493
406 515
406 531
406 555
406 559
406 564
406 615
406 640
406 676
406 684
406 705
406 720
406 722
406 725
406 765
406 776
406 780
406 790
406 797
406 834
406 835
406 843
406 849
406 881
406 887
406 911
406 930
406 942
406 946
406 1000
407 489
407 507
407 737
407 837
407 885
407 955
407 957
407 975
408 410
408 540
408 626
408 633
408 715
408 730
408 776
408 843
408 865
409 416
409 417
409 421
409 488
409 508
409 514
409 603
409 627
409 652
409 688
409 727
409 750
409 771
409 787
409 920
409 972
409 999
410 431
410 457
410 521
410 547
410 553
410 595
410 607
410 626
410 637
410 651
410 681
410 685
410 696
410 761
410 777
410 824
410 869
410 870
410 881
410 883
410 904
410 941
410 957
410 966
410 970
410 971
410 991
411 527
411 555
411 602
411 636
411 639
411 658
411 660
411 712
411 731
411 820
412 437
412 507
412 518
412 523
412 545
412 618
412 701
412 755
412 889
412 890
412 995
413 425
413 428
413 514
413 685
413 720
413 755
413 765
413 849
413 980
413 988
413 994
414 436
414 438
414 451
414 456
414 485
414 518
414 562
414 598
414 647
414 659
414 686
414 759
414 825
414 850
414 907
414 924
414 962
415 530
415 548
415 605
415 611
415 661
415 700
415 775
415 777
415 841
415 868
415 874
415 943
416 436
416 592
416 646
416 690
416 767
416 775
416 789
416 889
416 900
416 986
417 555
417 589
417 630
417 720
417 753
417 783
417 828
417 831
417 865
417 883
417 994
418 426
418 455
418 488
418 527
418 533
418 566
418 629
418 652
418 802
418 813
418 899
418 922
419 423
419 482
419 582
419 629
419 653
419 685
419 802
419 897
419 913
419 920
419 933
420 421
420 480
420 593
420 696
420 739
420 942
420 954
421 454
421 482
421 484
421 490
421 597
421 598
421 613
421 648
421 678
421 681
421 710
421 717
421 725
421 748
421 808
421 841
421 919
421 934
422 438
422 555
422 569
422 605
422 611
422 633
422 637
422 657
422 757
422 768
422 794
422 888
422 891
422 897
422 924
422 938
422 957
422 958
422 993
423 640
423 672
423 700
423 707
423 877
423 879
424 488
424 791
424 813
424 889
424 907
424 917
424 949
424 951
424 952
424 958
424 996
425 514
425 555
425 662
425 786
425 857
425 861
426 464
426 606
426 620
426 756
427 448
427 473
427 476
427 543
427 550
427 724
427 728
427 902
427 904
428 460
428 532
428 613
428 659
428 662
428 701
428 744
428 772
428 786
428 800
428 832
428 849
428 857
428 899
428 992
429 564
429 596
429 697
429 705
429 714
429 722
429 831
429 838
429 849
429 945
429 988
430 465
430 514
430 589
430 613
430 629
430 639
430 770
430 775
430 789
430 801
430 803
430 918
430 923
430 926
431 524
431 534
431 574
431 581
431 626
431 633
431 728
431 747
431 871
431 874
431 935
431 965
431 970
431 971
432 445
432 469
432 565
432 588
432 616
432 680
432 709
432 715
432 731
432 733
432 749
432 758
432 759
432 784
432 792
432 801
432 811
432 865
432 867
432 901
432 905
432 911
432 942
432 966
432 975
432 989
432 994
433 434
433 531
433 534
433 542
433 593
433 783
433 849
433 944
434 435
434 514
434 541
434 569
434 572
434 696
434 716
434 925
434 933
434 981
435 440
435 627
435 650
435 658
435 740
435 795
435 830
435 924
435 946
436 469
436 498
436 542
436 607
436 664
436 758
436 784
436 797
436 810
436 842
436 865
436 975
436 1000
437 468
437 486
437 519
437 544
437 626
437 639
437 649
437 651
437 682
437 716
437 738
437 758
437 807
437 824
437 844
437 848
437 861
437 874
437 888
437 904
437 908
437 941
437 943
437 944
437 963
437 967
437 971
437 991
438 609
438 668
438 761
438 911
438 921
438 944
439 453
439 509
439 513
439 514
439 555
439 602
439 641
439 730
439 921
439 932
439 936
439 947
439 985
440 444
440 521
440 580
440 585
440 638
440 662
440 756
440 781
440 792
440 813
440 833
440 850
440 965
441 502
441 567
441 570
441 672
441 679
441 851
441 893
441 953
442 486
442 489
442 492
442 505
442 508
442 551
442 556
442 586
442 591
442 654
442 749
442 769
442 787
442 803
442 885
442 936
442 964
443 565
443 582
443 599
443 679
443 684
443 723
443 769
443 786
443 842
443 844
443 942
443 946
443 989
444 562
444 567
444 590
444 601
444 712
444 741
444 745
444 749
444 839
444 902
445 450
445 502
445 551
445 565
445 659
445 765
445 810
445 835
445 860
445 944
445 989
446 450
446 464
446 577
446 662
446 675
446 830
446 906
446 908
447 449
447 479
447 516
447 529
447 536
447 539
447 674
447 697
447 779
447 802
447 843
447 918
447 989
448 530
448 550
448 552
448 555
448 584
448 656
448 674
448 787
448 788
448 799
448 962
449 452
449 475
449 496
449 498
449 536
449 547
449 551
449 574
449 642
449 712
449 723
449 729
449 769
449 779
449 904
449 983
449 985
450 456
450 511
450 518
450 666
450 687
450 792
450 905
450 960
450 992
451 463
451 508
451 571
451 580
451 647
451 673
451 780
451 812
451 844
451 905
451 907
451 936
452 466
452 501
452 509
452 562
452 574
452 576
452 599
452 626
452 642
452 704
452 716
452 743
452 758
452 759
452 779
452 885
452 912
452 936
452 976
453 455
453 515
453 533
453 553
453 574
453 621
453 627
453 650
453 708
453 787
453 881
453 974
453 997
454 517
454 589
454 662
454 687
454 722
454 736
454 776
454 780
454 807
454 812
454 827
454 841
454 852
454 873
454 887
454 901
454 960
455 514
455 702
455 727
455 790
455 807
455 835
455 841
456 473
456 496
456 594
456 808
456 890
456 914
456 981
457 500
457 541
457 583
457 587
457 610
457 617
457 659
457 662
457 708
457 886
457 991
458 571
458 599
458 639
458 649
458 650
458 712
458 865
458 885
458 897
459 483
459 537
459 553
459 589
459 745
459 918
459 924
459 946
459 997
460 462
460 464
460 471
460 587
460 590
460 623
460 678
460 689
460 808
460 824
461 473
461 518
461 534
461 792
461 823
461 917
462 530
462 732
462 741
462 743
462 935
462 997
463 495
463 537
463 539
463 548
463 568
463 632
463 642
463 657
463 674
463 707
463 936
464 478
464 531
464 543
464 614
464 636
464 669
464 674
464 688
464 694
464 697
464 724
464 728
464 787
464 809
464 825
464 865
464 959
464 973
465 499
465 555
465 628
465 684
465 740
465 824
465 897
465 990
465 993
466 475
466 493
466 495
466 515
466 553
466 557
466 567
466 596
466 649
466 833
466 876
466 880
466 924
466 946
466 983
467 540
467 615
467 669
467 830
467 857
467 875
467 959
468 506
468 507
468 533
468 735
468 760
468 765
468 924
468 997
469 471
469 518
469 543
469 586
469 591
469 605
469 608
469 633
469 641
469 645
469 673
469 715
469 739
469 765
469 800
469 803
469 823
469 906
469 928
469 942
469 988
470 522
470 527
470 543
470 717
470 727
470 915
470 973
471 494
471 542
471 638
471 679
471 710
471 739
471 767
471 797
471 823
471 905
471 909
471 944
471 962
471 966
471 975
472 561
472 592
472 637
472 765
472 776
472 790
472 827
472 909
472 918
473 493
473 511
473 608
473 661
473 664
473 721
473 758
473 796
473 805
473 898
474 552
474 555
474 592
474 632
474 639
474 649
474 712
474 786
475 533
475 624
475 636
475 680
475 726
475 778
475 786
475 890
475 927
475 940
476 516
476 524
476 567
476 620
476 744
476 764
476 765
476 770
476 802
476 817
476 848
476 857
477 515
477 551
477 566
477 571
477 574
477 580
477 760
477 960
478 484
478 532
478 534
478 539
478 597
478 656
478 733
478 790
478 922
479 492
479 609
479 692
479 706
479 708
479 715
479 724
479 905
479 940
479 942
479 975
480 485
480 486
480 506
480 516
480 520
480 524
480 536
480 611
480 618
480 676
480 701
480 733
480 744
480 802
480 857
480 878
480 932
480 950
480 952
480 981
481 505
481 539
481 562
481 621
481 637
481 689
481 728
481 787
481 838
481 899
482 490
482 509
482 514
482 664
482 681
482 717
482 719
482 761
482 798
482 804
482 879
482 884
482 919
482 920
483 530
483 532
483 594
483 624
483 639
483 713
483 731
483 746
483 756
483 817
483 834
484 488
484 539
484 590
484 592
484 601
484 607
484 612
484 791
484 806
484 840
484 848
484 928
484 957
485 553
485 654
485 662
485 701
485 735
485 802
485 922
486 508
486 564
486 567
486 579
486 618
486 652
486 667
486 749
486 767
486 826
486 884
486 922
486 960
487 489
487 497
487 519
487 564
487 579
487 586
487 603
487 634
487 658
487 709
487 721
487 803
487 822
487 828
487 835
487 844
487 889
487 895
487 896
487 919
488 489
488 495
488 497
488 540
488 565
488 586
488 608
488 661
488 662
488 665
488 679
488 694
488 772
488 791
488 840
488 846
488 893
488 922
488 930
488 996
489 510
489 551
489 612
489 736
489 803
489 844
489 872
489 981
489 995
489 998
490 492
490 495
490 514
490 565
490 567
490 582
490 641
490 653
490 681
490 690
490 730
490 749
490 884
490 918
490 919
490 920
491 495
491 508
491 529
491 531
491 556
491 653
491 656
491 697
491 710
491 728
491 752
491 787
491 790
491 861
491 942
491 948
491 956
491 972
492 498
492 499
492 535
492 565
492 616
492 621
492 649
492 652
492 734
492 739
492 758
492 759
492 784
492 836
492 844
492 868
492 873
492 883
492 901
492 942
492 992
493 611
493 662
493 690
493 772
493 780
493 783
493 801
493 814
493 827
493 830
493 849
493 903
493 914
494 528
494 535
494 615
494 616
494 693
494 777
494 789
494 790
494 795
494 810
494 865
494 901
494 944
494 956
494 975
495 519
495 692
495 728
495 808
495 840
495 922
495 978
496 601
496 621
496 647
496 700
496 706
496 752
496 775
496 777
496 791
496 814
496 852
496 863
496 899
496 910
496 920
496 944
496 946
496 947
496 975
497 507
497 514
497 522
497 574
497 690
497 695
497 901
497 920
497 938
497 961
497 983
498 615
498 616
498 667
498 708
498 784
498 810
498 814
498 877
498 905
498 942
498 985
498 989
499 508
499 538
499 554
499 586
499 656
499 755
499 769
499 835
499 844
499 920
500 517
500 626
500 633
500 815
500 830
500 904
500 923
500 933
500 964
501 506
501 508
501 534
501 563
501 594
501 596
501 652
501 881
501 906
501 924
501 999
502 525
502 539
502 555
502 636
502 646
502 649
502 654
502 817
502 818
502 838
502 868
502 879
502 892
502 929
503 550
503 553
503 572
503 603
503 621
503 765
503 787
503 830
503 904
504 543
504 554
504 701
504 730
504 752
504 815
504 843
504 889
504 905
505 551
505 577
505 835
505 861
505 882
505 962
505 991
506 562
506 615
506 624
506 679
506 724
506 784
506 875
506 914
507 508
507 521
507 551
507 741
507 754
507 769
507 803
507 834
507 840
507 864
507 990
507 993
507 995
508 521
508 527
508 579
508 654
508 672
508 676
508 733
508 746
508 769
508 779
508 804
508 844
508 901
508 959
508 977
508 981
509 572
509 574
509 641
509 903
509 962
510 539
510 553
510 562
510 717
510 908
510 924
510 938
510 967
510 968
511 529
511 547
511 576
511 733
511 795
511 840
511 846
511 967
511 1000
512 550
512 567
512 601
512 727
512 802
512 898
513 645
513 704
513 718
513 723
513 828
513 887
513 901
514 522
514 582
514 597
514 603
514 662
514 681
514 689
514 690
514 692
514 717
514 725
514 727
514 740
514 745
514 750
514 761
514 777
514 800
514 802
514 829
514 865
514 883
514 884
514 918
514 920
514 927
514 973
515 553
515 579
515 596
515 664
515 781
515 807
515 852
515 859
515 881
515 924
515 964
515 968
515 980
515 997
516 520
516 620
516 671
516 701
516 755
516 775
516 802
516 811
517 559
517 569
517 590
517 615
517 641
517 650
517 675
517 678
517 762
517 783
517 812
517 815
517 906
517 933
517 934
517 944
518 526
518 676
518 699
518 717
518 738
518 745
518 793
518 856
518 890
519 532
519 571
519 687
519 699
519 806
519 978
520 536
520 633
520 635
520 679
520 701
520 756
520 780
520 802
520 815
520 862
520 973
520 983
521 551
521 554
521 577
521 647
521 673
521 769
521 803
521 844
521 917
522 543
522 603
522 623
522 628
522 690
522 704
522 746
522 767
522 790
522 809
522 920
522 933
522 942
522 952
522 977
523 563
523 622
523 639
523 695
523 716
523 726
523 838
523 842
523 861
523 867
523 877
523 890
523 909
523 961
523 996
523 997
524 559
524 628
524 662
524 701
524 744
524 895
524 932
524 972
525 526
525 559
525 571
525 581
525 594
525 639
525 665
525 674
525 712
525 787
525 818
525 820
525 839
525 842
525 909
526 560
526 563
526 604
526 628
526 634
526 704
526 712
526 770
526 863
526 922
526 949
527 550
527 564
527 569
527 605
527 682
527 749
527 778
527 795
527 800
527 826
527 839
527 893
527 944
527 975
528 531
528 669
528 670
528 674
528 728
528 787
528 824
528 933
528 995
529 689
529 698
529 736
529 792
529 799
529 800
529 815
529 824
529 832
529 835
529 881
529 885
529 889
529 940
529 945
529 988
530 551
530 571
530 578
530 584
530 592
530 602
530 677
530 712
530 723
530 755
530 767
530 770
530 830
530 838
530 897
530 941
530 946
531 534
531 540
531 543
531 669
531 719
531 724
531 728
531 737
531 760
531 763
531 803
531 830
531 839
531 897
531 919
531 940
531 948
531 949
531 951
531 955
531 956
531 969
531 978
531 989
531 990
531 999
531 1000
532 571
532 578
532 579
532 581
532 587
532 592
532 617
532 656
532 674
532 765
532 767
532 791
532 871
532 909
532 954
532 959
533 553
533 570
533 579
533 584
533 609
533 824
533 854
533 858
533 908
533 982
533 996
533 997
534 575
534 604
534 620
534 633
534 638
534 658
534 665
534 687
534 740
534 741
534 792
534 794
534 809
534 833
534 848
534 965
534 969
534 986
535 540
535 541
535 607
535 699
535 764
535 775
535 815
535 846
535 872
535 925
535 933
535 935
535 964
536 701
536 781
536 802
536 849
536 856
536 857
536 952
537 560
537 584
537 605
537 607
537 626
537 633
537 661
537 688
537 777
537 787
537 869
537 957
537 967
537 1000
538 705
538 707
538 737
538 744
538 793
538 807
538 813
539 547
539 562
539 576
539 600
539 641
539 653
539 656
539 659
539 662
539 670
539 711
539 726
539 729
539 894
539 912
539 918
539 936
539 947
539 985
539 986
540 543
540 669
540 697
540 719
540 752
540 787
540 789
540 812
540 818
540 846
540 972
540 978
540 984
541 616
541 703
541 838
541 840
541 989
542 609
542 790
542 865
542 886
543 577
543 609
543 633
543 643
543 651
543 694
543 697
543 698
543 724
543 732
543 754
543 771
543 777
543 782
543 800
543 853
543 857
543 865
543 949
543 951
543 984
543 985
544 605
544 607
544 626
544 637
544 651
544 830
544 868
544 943
544 957
544 963
544 967
544 975
544 991
544 999
545 548
545 578
545 587
545 609
545 615
545 619
545 635
545 652
545 656
545 699
545 702
545 713
545 808
545 857
545 866
545 867
545 869
545 876
545 880
545 923
545 932
545 955
546 607
546 641
546 647
546 754
546 777
546 893
546 909
547 567
547 572
547 576
547 618
547 632
547 738
547 745
547 761
547 779
547 934
547 970
547 977
547 983
547 985
548 577
548 578
548 608
548 898
548 992
549 583
549 599
549 603
549 647
549 746
549 794
549 889
549 890
549 901
549 968
550 564
550 610
550 614
550 621
550 667
550 706
550 718
550 719
550 758
550 761
550 808
550 811
550 812
550 861
550 865
550 870
550 881
550 894
550 914
550 937
550 945
550 953
550 990
551 577
551 634
551 654
551 788
551 808
551 841
551 844
551 850
551 870
551 890
551 942
551 964
551 968
552 564
552 571
552 585
552 592
552 607
552 638
552 656
552 658
552 676
552 687
552 709
552 822
552 845
552 848
552 849
552 898
552 910
553 575
553 608
553 619
553 625
553 634
553 694
553 744
553 756
553 787
553 797
553 852
553 854
553 861
553 870
553 881
553 897
553 914
553 921
553 924
553 980
553 991
553 993
553 997
554 579
554 586
554 600
554 618
554 634
554 803
555 560
555 571
555 581
555 584
555 585
555 602
555 622
555 637
555 645
555 658
555 709
555 722
555 723
555 726
555 767
555 770
555 785
555 820
555 832
555 842
555 855
555 862
555 864
555 868
555 894
555 929
555 939
555 951
555 997
556 561
556 664
556 668
556 741
556 769
556 771
556 788
556 804
556 814
556 844
556 860
556 874
556 890
556 914
556 952
556 968
557 575
557 606
557 731
557 794
557 836
557 946
558 568
558 657
558 677
558 686
558 693
558 705
558 779
558 787
558 799
558 814
558 944
558 957
558 982
559 653
559 672
559 760
559 762
559 826
559 845
559 857
559 863
559 935
560 581
560 582
560 622
560 626
560 674
560 680
560 684
560 695
560 703
560 796
560 862
560 868
560 908
560 909
560 942
560 954
561 567
561 570
561 629
561 719
561 778
561 780
561 791
561 823
561 825
561 851
561 875
561 887
561 906
561 931
561 935
562 576
562 581
562 590
562 605
562 608
562 641
562 642
562 653
562 659
562 668
562 699
562 729
562 760
562 779
562 800
562 809
562 920
562 922
562 923
562 936
562 943
562 947
562 948
562 967
562 983
562 985
562 997
563 571
563 584
563 602
563 636
563 645
563 726
563 749
563 818
563 891
563 924
564 605
564 621
564 624
564 674
564 678
564 683
564 706
564 718
564 749
564 770
564 811
564 834
564 897
564 920
564 937
564 947
565 599
565 640
565 673
565 678
565 758
565 784
565 812
565 865
565 904
565 943
565 994
566 659
566 686
566 697
566 724
566 756
566 900
566 956
566 958
567 588
567 672
567 686
567 716
567 742
567 823
567 837
567 845
567 851
567 898
567 927
567 939
568 606
568 660
568 664
568 677
568 688
568 712
568 718
568 819
568 853
568 879
568 892
568 893
568 910
568 990
568 999
569 572
569 609
569 657
569 709
569 781
569 799
569 830
569 923
569 952
569 975
569 991
570 588
570 602
570 624
570 686
570 696
570 779
570 822
570 823
570 845
570 945
570 979
571 584
571 617
571 622
571 638
571 639
571 649
571 661
571 663
571 701
571 721
571 726
571 752
571 763
571 818
571 842
571 859
571 867
571 868
571 876
571 897
571 909
571 911
571 953
572 695
572 696
572 830
572 903
572 937
573 609
573 684
573 775
573 789
573 818
573 837
573 986
574 624
574 633
574 670
574 725
574 729
574 756
574 802
574 897
574 933
574 976
574 980
574 989
575 580
575 662
575 688
575 699
575 709
575 779
575 792
575 793
575 794
575 833
575 836
575 850
575 866
575 913
575 933
575 941
575 973
576 631
576 679
576 685
576 729
576 776
576 779
576 821
576 829
576 985
576 992
577 579
577 614
577 685
577 704
577 795
577 803
577 839
577 844
577 857
577 947
577 995
578 585
578 601
578 703
578 755
578 897
578 906
578 953
579 617
579 628
579 634
579 640
579 742
579 758
579 769
579 776
579 807
579 819
579 844
579 988
579 995
580 617
580 692
580 697
580 712
580 768
580 925
581 588
581 616
581 648
581 651
581 723
581 767
581 785
581 821
581 831
581 838
581 842
581 868
581 886
581 903
581 929
581 935
582 665
582 681
582 717
582 727
582 918
582 920
583 618
583 651
583 653
583 713
583 749
583 766
583 817
583 889
583 890
583 994
584 592
584 602
584 622
584 629
584 649
584 674
584 703
584 796
584 801
584 814
584 818
584 838
584 844
584 862
584 868
584 889
584 935
584 959
584 1000
585 591
585 746
585 776
585 926
585 955
586 587
586 591
586 632
586 659
586 769
586 788
586 804
586 827
586 960
586 997
587 615
587 623
587 640
587 709
587 723
587 725
587 730
587 749
587 791
587 821
587 870
587 880
587 944
587 997
588 672
588 711
588 764
588 769
588 801
588 851
588 923
588 925
588 927
588 931
588 952
588 974
589 614
589 737
589 790
589 829
589 831
589 849
589 934
589 953
589 986
590 712
590 908
591 663
591 802
591 857
591 923
592 613
592 617
592 703
592 723
592 756
592 857
592 902
592 925
592 933
593 660
593 712
593 749
593 758
593 775
593 789
593 883
593 900
593 986
594 605
594 730
594 881
594 908
594 920
594 924
595 596
595 606
595 607
595 644
595 651
595 879
595 941
595 966
595 987
596 608
596 712
596 784
596 838
596 861
596 881
596 899
596 924
596 968
596 989
596 996
596 997
597 616
597 662
597 725
597 850
597 925
597 934
598 620
598 647
598 675
598 739
598 758
598 844
598 907
598 962
599 693
599 739
599 810
599 845
599 865
599 905
600 620
600 645
600 648
600 674
600 683
600 701
600 705
600 709
600 766
600 838
600 948
601 749
601 775
601 842
601 848
601 899
601 902
601 963
601 985
602 655
602 674
602 712
602 767
602 787
602 838
602 842
602 915
602 940
602 954
602 956
602 980
603 614
603 648
603 681
603 717
603 881
603 918
603 920
603 938
603 950
604 639
604 642
604 835
604 901
604 947
604 959
604 983
605 606
605 611
605 626
605 633
605 637
605 645
605 682
605 708
605 714
605 738
605 747
605 757
605 783
605 821
605 824
605 854
605 871
605 878
605 888
605 891
605 927
605 942
605 946
605 970
605 987
605 991
606 611
606 708
606 728
606 757
606 777
606 837
606 874
606 876
606 891
606 904
606 963
606 967
607 661
607 694
607 757
607 777
607 847
607 871
607 957
607 966
607 991
608 662
608 719
608 780
608 785
608 861
608 881
608 986
609 660
609 711
609 727
609 789
609 900
609 903
609 926
609 976
610 614
610 620
610 646
610 683
610 749
610 766
610 778
610 866
610 872
610 902
610 911
610 941
611 626
611 637
611 671
611 672
611 695
611 723
611 766
611 775
611 869
611 938
611 957
612 636
612 707
612 865
612 887
612 894
612 923
612 928
613 667
613 710
613 889
613 915
613 958
614 624
615 626
615 802
615 808
616 679
616 751
616 759
616 775
616 802
616 803
616 804
616 845
616 873
616 944
616 977
616 989
617 649
617 674
617 771
617 848
617 880
617 909
618 650
618 722
618 933
619 653
619 665
619 698
619 716
619 736
619 737
619 780
619 960
620 743
620 744
620 749
620 802
620 824
620 932
620 968
621 630
621 660
621 678
621 681
621 692
621 752
621 794
621 826
621 874
621 878
621 927
621 944
621 956
622 628
622 635
622 656
622 674
622 763
622 814
622 838
623 656
623 665
623 775
623 781
623 784
623 856
623 888
623 924
623 979
624 629
624 672
624 815
624 848
624 852
624 872
624 905
624 927
624 931
625 708
625 859
625 873
625 935
625 957
625 993
626 628
626 648
626 655
626 679
626 682
626 757
626 869
626 871
626 966
626 991
627 687
627 710
627 741
627 746
627 824
627 826
627 902
627 969
628 658
628 720
628 818
628 980
629 688
629 819
629 886
630 746
630 817
630 864
630 890
631 640
631 704
631 753
631 835
631 845
631 954
632 704
632 759
632 765
632 779
632 825
632 878
632 883
632 910
632 915
632 925
632 977
632 995
633 688
633 711
633 714
633 792
633 811
633 957
633 971
634 663
634 674
634 690
634 717
634 741
634 749
634 754
634 766
634 790
634 844
634 884
634 964
635 822
635 872
636 657
636 704
636 719
636 725
636 785
636 828
636 859
636 879
636 889
636 950
636 985
637 685
637 701
637 722
637 728
637 892
637 895
637 908
637 921
637 941
637 957
637 966
638 676
638 699
638 792
638 794
639 648
639 785
639 812
639 838
639 925
639 952
639 954
640 656
640 657
640 801
640 878
640 880
640 899
640 960
641 670
641 715
641 723
641 737
641 742
641 869
641 882
642 720
642 824
642 863
643 718
643 751
643 828
643 920
643 977
643 978
644 676
644 678
644 741
644 745
644 799
644 801
644 817
644 960
645 656
645 658
645 674
645 767
645 786
645 868
645 909
645 921
645 937
645 939
646 749
646 795
646 961
646 981
647 668
647 721
647 741
647 823
647 837
647 847
647 855
647 971
647 980
648 658
648 684
648 756
648 894
648 925
648 954
649 656
649 677
649 723
649 724
649 767
649 901
649 960
649 976
650 656
650 675
650 830
650 831
650 881
650 887
650 902
651 682
651 777
651 802
651 865
651 900
651 970
651 975
652 702
652 716
652 728
652 752
652 769
652 826
652 874
653 700
653 706
653 836
653 942
653 977
654 694
654 771
654 803
654 808
654 844
654 889
654 923
654 963
655 705
655 795
655 842
655 852
655 866
655 867
656 770
656 772
656 820
656 842
656 854
656 887
656 895
656 901
656 909
656 919
657 749
657 780
657 806
657 810
657 957
657 970
657 978
657 988
658 712
658 942
659 673
659 727
659 779
659 841
659 885
659 936
659 985
660 775
660 789
660 900
660 926
660 942
660 986
661 682
661 778
661 830
661 871
661 888
662 681
662 685
662 688
662 701
662 793
662 824
662 857
662 909
662 927
662 950
662 951
662 989
663 684
663 716
663 755
663 756
663 765
663 790
663 824
663 844
663 845
663 857
663 902
663 967
664 740
664 849
664 868
664 893
664 982
665 687
665 697
665 699
665 713
665 715
665 746
665 761
665 794
665 830
665 922
666 846
666 890
667 701
667 764
667 849
667 872
667 908
667 966
668 740
668 780
668 824
668 852
668 889
668 948
668 962
668 966
668 996
669 673
669 714
669 732
669 746
669 758
669 779
669 787
669 834
669 854
669 857
669 970
669 978
670 711
670 779
670 864
670 947
670 983
671 706
671 841
671 906
671 966
671 968
672 805
672 821
672 877
673 679
673 733
673 767
673 784
673 799
673 899
673 944
673 947
674 677
674 720
674 722
674 723
674 729
674 755
674 820
674 904
674 909
674 940
674 946
674 971
675 688
675 743
675 759
675 781
675 815
675 857
676 722
676 738
676 746
676 786
676 796
676 817
676 890
676 923
676 948
676 951
676 994
676 998
677 688
677 701
677 830
678 710
678 826
678 864
678 872
679 693
679 695
679 717
679 757
679 758
679 759
679 810
679 844
679 865
679 877
679 942
679 952
679 961
679 989
679 994
680 707
680 813
680 920
680 941
680 982
681 690
681 691
681 705
681 717
681 750
681 751
681 788
681 881
681 919
681 921
682 732
682 758
682 759
682 777
682 793
682 813
682 889
682 891
682 904
682 970
683 739
683 824
683 914
683 971
683 976
683 997
684 790
684 829
684 871
684 970
684 992
684 998
685 714
685 828
685 829
685 888
685 891
685 963
686 689
686 701
686 749
686 794
686 805
686 809
686 811
686 823
686 878
686 898
686 927
686 931
687 695
687 762
687 833
687 899
688 716
688 761
688 768
688 774
688 808
688 819
688 852
688 853
688 907
688 911
688 924
688 945
688 995
689 710
689 725
689 727
689 938
689 973
689 986
689 991
690 691
690 717
690 749
690 761
690 772
690 775
690 783
690 907
690 914
690 919
690 920
690 955
690 957
690 973
690 995
690 996
691 723
691 872
691 918
691 920
692 698
692 809
692 813
692 917
692 947
692 989
693 717
693 753
693 783
693 944
693 961
693 979
694 697
694 756
694 787
694 987
694 990
695 974
696 697
696 729
696 808
696 830
696 890
697 724
697 728
697 732
697 747
697 756
697 763
697 766
697 776
697 787
697 829
697 860
697 863
697 912
697 951
697 969
697 970
697 984
697 990
697 999
698 704
698 708
698 728
698 737
698 914
698 979
699 779
699 792
699 794
699 830
699 836
699 842
699 907
699 957
699 965
699 970
699 982
700 795
700 858
700 929
700 990
701 711
701 717
701 763
701 778
701 786
701 802
701 823
701 828
701 857
701 948
701 952
701 955
701 956
701 980
701 988
702 780
702 825
702 826
702 847
702 928
702 1000
703 715
703 742
703 767
703 775
703 791
703 838
703 850
703 877
703 897
703 919
703 924
703 946
704 812
704 827
704 828
704 941
704 963
705 720
705 760
705 780
705 847
705 915
705 927
706 844
706 852
706 889
706 899
706 902
706 957
706 959
706 985
707 737
707 798
707 897
707 932
708 752
708 868
708 869
708 943
708 957
708 970
709 728
709 729
709 765
709 767
709 867
709 891
710 724
710 853
711 756
711 782
712 714
712 726
712 735
712 749
712 796
712 831
712 836
712 838
712 876
712 909
712 910
712 914
712 939
713 727
713 738
713 777
713 810
713 877
713 901
713 924
713 944
713 989
714 757
714 891
714 956
714 970
714 1000
715 739
715 758
715 766
715 810
715 865
715 867
715 877
715 901
715 942
715 944
715 951
715 972
715 975
716 752
716 801
716 895
716 960
716 997
717 725
717 727
717 783
717 829
717 854
717 918
717 919
717 920
717 973
717 975
718 780
718 917
719 720
719 724
719 728
719 756
719 779
719 798
719 910
719 952
719 966
719 994
720 772
720 780
720 784
720 811
720 831
720 847
720 849
720 884
720 929
720 938
720 965
720 974
721 725
721 823
721 831
721 888
721 909
721 945
722 772
722 783
722 790
722 814
722 831
722 835
722 848
722 851
722 907
722 912
722 983
722 998
723 940
723 946
724 803
724 857
724 937
724 956
724 972
724 984
725 727
725 738
725 898
725 924
725 973
725 997
726 729
726 739
726 767
726 876
726 942
726 973
727 734
727 764
727 765
727 858
727 919
727 920
728 730
728 732
728 751
728 755
728 756
728 763
728 773
728 787
728 827
728 897
728 945
728 954
728 956
728 978
728 984
728 990
728 1000
729 906
729 912
730 789
730 814
730 827
730 870
730 988
731 735
731 826
731 838
731 889
731 955
731 960
733 810
733 865
733 896
733 944
733 975
733 977
734 820
734 843
734 865
734 895
734 944
734 989
735 763
735 795
735 808
735 960
736 849
736 881
736 897
736 936
737 850
737 960
738 814
738 890
739 758
739 760
739 784
739 787
739 789
739 865
739 877
739 908
739 942
739 989
740 754
740 794
740 837
740 889
740 913
740 962
741 788
741 856
741 960
741 962
741 968
741 995
742 842
742 909
742 911
742 935
742 969
743 781
743 833
743 985
743 993
744 760
744 762
744 769
744 932
744 942
744 967
745 746
745 771
745 840
745 841
745 845
745 877
745 889
745 947
745 955
745 972
746 856
746 864
746 889
746 890
746 897
746 915
746 949
746 950
747 772
747 786
748 820
748 865
748 895
748 947
748 979
749 765
749 816
749 823
749 826
749 832
749 899
749 919
749 948
750 774
750 787
750 866
750 868
750 918
750 923
751 786
751 802
751 843
751 890
751 952
752 938
752 963
753 817
753 987
753 995
754 804
754 823
754 844
754 882
754 923
755 767
755 780
755 827
755 829
755 831
755 839
755 857
755 892
756 760
756 787
756 871
756 876
756 956
756 985
756 999
757 777
757 808
757 815
757 871
758 865
758 877
758 942
758 975
758 994
759 810
759 865
759 881
759 923
759 989
760 763
760 790
760 845
760 906
760 957
761 762
761 810
761 904
761 919
761 920
761 960
762 770
762 830
762 853
762 971
763 787
764 780
764 861
764 894
764 977
765 783
765 793
765 806
765 831
765 849
765 895
765 900
765 903
765 934
765 938
765 955
765 974
765 983
765 1000
766 824
766 831
766 967
767 810
767 818
767 820
767 870
767 876
767 944
768 803
768 881
769 782
769 806
769 844
769 845
769 981
770 776
770 782
770 796
770 805
770 909
770 921
770 967
771 817
771 829
771 844
771 889
771 890
771 935
771 973
772 780
772 790
772 835
772 838
772 843
772 849
772 933
773 847
773 874
774 817
774 856
774 864
774 887
774 890
774 953
774 998
775 789
775 861
776 790
776 814
776 831
776 841
776 847
776 870
776 938
776 953
776 962
776 974
777 904
777 957
778 826
778 889
779 862
779 883
779 885
779 912
779 935
779 976
779 977
779 983
780 813
780 814
780 829
780 868
780 882
780 895
780 938
780 988
781 799
781 815
781 830
781 838
781 906
781 921
781 933
782 842
782 859
782 903
782 977
783 790
783 806
783 831
783 848
783 930
783 953
783 955
783 987
784 871
784 877
784 907
784 942
784 943
784 944
784 959
784 961
785 823
785 834
785 929
785 942
785 966
786 796
786 802
786 824
786 857
786 889
786 890
786 921
786 928
786 932
786 952
787 811
787 816
787 846
787 914
787 941
787 949
787 951
787 956
787 976
787 978
788 799
788 803
788 844
788 890
788 912
788 965
788 982
789 865
789 878
789 900
789 926
789 963
789 975
789 986
790 837
790 843
790 849
790 868
790 882
790 915
790 942
790 957
790 966
791 812
791 854
791 926
791 951
792 808
792 831
792 833
792 850
793 882
793 913
793 932
793 936
793 937
793 952
794 839
794 946
794 957
795 981
796 825
796 897
796 909
796 935
796 964
796 984
796 989
797 842
797 847
797 879
797 908
797 924
797 989
798 824
798 880
799 838
799 865
799 933
800 920
800 946
801 915
802 818
802 857
802 862
802 921
802 948
802 952
803 804
803 808
803 871
803 946
803 964
803 968
803 981
803 995
803 999
805 809
805 814
805 847
805 931
806 848
806 894
806 957
806 959
807 813
807 848
807 895
807 915
807 921
807 974
807 975
807 988
807 994
808 867
808 880
808 926
808 982
809 844
809 898
809 906
809 917
809 931
809 960
809 965
810 873
810 914
810 942
810 944
810 989
811 855
811 915
811 927
811 938
812 884
812 969
813 840
813 850
813 857
813 975
813 996
814 831
814 841
814 843
814 849
814 878
814 930
814 953
815 833
815 955
816 931
816 953
817 856
817 886
817 890
817 902
818 933
818 947
819 881
819 898
819 915
820 821
821 824
821 889
821 904
822 885
822 960
822 980
823 857
823 898
823 912
824 829
824 893
824 894
824 899
824 942
824 969
824 997
825 898
825 899
825 907
825 933
825 992
825 997
826 839
826 898
826 940
826 960
826 973
827 848
827 890
827 912
827 938
828 864
828 992
829 848
829 903
829 917
829 919
829 930
829 938
829 985
830 834
830 892
830 904
830 914
830 951
830 952
831 847
831 848
831 868
831 871
831 901
831 915
831 930
831 957
831 967
832 924
832 980
833 849
833 856
833 999
834 903
835 849
835 863
835 949
835 1000
836 933
836 993
837 849
838 862
838 868
838 876
838 881
838 899
838 911
838 927
838 960
840 848
840 899
840 900
841 915
841 938
841 943
842 925
842 936
842 946
843 864
843 903
843 982
844 900
844 968
845 918
845 993
846 873
846 960
847 849
847 874
847 882
847 892
847 904
847 960
848 872
848 875
848 895
848 909
848 940
848 942
849 916
849 920
849 930
849 931
849 934
849 988
850 942
851 853
851 918
851 931
851 951
852 872
852 1000
853 919
853 955
853 975
854 879
854 881
854 907
854 914
854 978
854 979
857 881
857 932
857 935
857 948
857 950
857 952
858 959
858 962
858 982
859 879
859 924
859 950
859 969
859 988
860 892
860 898
861 881
861 969
861 974
861 997
862 882
863 890
863 960
863 989
864 890
864 985
865 877
865 880
865 905
865 934
865 942
865 944
865 985
866 873
866 878
866 887
866 924
868 878
868 924
869 957
869 967
869 970
869 998
870 954
870 978
870 1000
871 904
871 908
871 941
871 963
871 978
872 912
872 983
873 942
873 944
873 961
874 891
874 904
874 909
874 944
874 966
874 971
875 970
876 895
876 902
876 923
876 929
876 964
877 901
877 925
878 922
879 979
879 997
880 957
881 897
881 914
881 924
881 931
881 973
881 980
881 993
882 889
882 903
882 915
882 988
882 990
883 912
884 914
884 920
884 980
885 985
886 924
887 909
888 951
888 967
888 987
889 890
889 901
889 998
890 998
891 912
891 922
891 924
891 943
891 981
892 983
893 942
894 947
894 976
895 915
895 936
895 966
896 982
896 993
897 909
897 939
897 954
897 975
899 954
899 968
899 969
899 974
900 938
900 944
900 986
901 905
901 946
901 989
901 991
901 994
902 959
903 913
903 953
903 960
903 987
904 914
904 957
904 966
904 971
905 942
905 962
905 979
906 923
906 933
907 915
907 969
907 991
908 933
908 997
909 916
909 925
909 929
909 939
909 944
910 982
911 926
912 916
913 975
914 924
914 979
915 959
916 996
917 922
917 928
917 951
917 958
918 921
918 977
918 987
919 921
920 921
920 933
920 953
920 985
921 973
922 925
922 952
922 957
923 953
923 990
923 994
923 997
924 962
924 993
924 996
924 997
925 967
926 986
928 949
928 974
929 946
930 975
933 957
933 971
933 988
934 938
935 991
936 937
936 985
938 970
940 967
941 982
942 961
942 962
943 957
943 966
943 970
943 980
944 988
944 994
945 970
948 950
948 952
951 972
952 974
952 989
953 999
957 958
957 966
957 967
957 970
957 991
957 997
960 996
961 971
962 967
964 981
965 990
966 967
966 968
966 970
966 983
966 991
966 1000
970 987
971 990
971 997
972 999
973 979
975 989
976 983
976 985
978 985
979 980
979 997
980 986
980 997
985 996
986 989
987 993
989 994
997 1000
