# LFR benchmark graph: regime=B mu=0.4 realization=1
# undirected, unweighted; 1-based node ids; each edge listed once.
1 111
1 112
1 123
1 156
1 162
1 183
1 206
1 214
1 215
1 217
1 228
1 238
1 254
1 271
1 381
1 401
1 402
1 414
1 419
1 427
1 440
1 443
1 459
1 508
1 558
1 560
1 592
1 612
1 624
1 670
1 681
1 693
1 703
1 733
1 751
1 835
1 842
1 855
1 871
1 881
1 882
1 913
1 924
1 932
1 952
1 968
1 980
1 990
1 996
2 103
2 194
2 218
2 223
2 234
2 342
2 359
2 397
2 524
2 533
2 539
2 554
2 705
2 844
2 849
2 984
3 119
3 148
3 166
3 347
3 454
3 490
3 517
3 545
3 661
3 756
3 798
3 858
3 999
4 46
4 112
4 162
4 171
4 200
4 215
4 238
4 240
4 316
4 335
4 389
4 401
4 417
4 437
4 467
4 481
4 522
4 536
4 550
4 642
4 650
4 690
4 711
4 753
4 766
4 802
4 803
4 911
4 960
4 970
4 974
4 980
4 999
5 38
5 111
5 124
5 148
5 204
5 250
5 329
5 351
5 375
5 385
5 399
5 457
5 475
5 511
5 562
5 578
5 612
5 654
5 756
5 785
5 884
5 901
6 13
6 21
6 35
6 37
6 54
6 57
6 74
6 144
6 279
6 289
6 370
6 407
6 451
6 512
6 517
6 525
6 528
6 542
6 549
6 574
6 629
6 637
6 843
6 849
6 853
6 892
6 926
6 943
6 963
6 973
7 24
7 29
7 42
7 44
7 133
7 151
7 156
7 161
7 199
7 205
7 269
7 336
7 391
7 517
7 583
7 590
7 603
7 612
7 647
8 25
8 56
8 84
8 90
8 116
8 220
8 258
8 272
8 344
8 367
8 397
8 489
8 511
8 560
8 585
8 609
8 627
8 687
8 715
8 718
8 772
8 776
8 823
9 46
9 53
9 71
9 105
9 132
9 137
9 157
9 172
9 268
9 280
9 325
9 329
9 514
9 578
9 624
9 650
9 654
9 678
9 706
9 737
10 46
10 132
10 137
10 151
10 157
10 162
10 246
10 303
10 313
10 319
10 326
10 329
10 344
10 367
10 379
10 455
10 461
10 465
10 554
10 569
10 621
10 636
10 643
10 678
10 705
10 708
10 806
10 888
10 971
11 50
11 87
11 109
11 112
11 148
11 171
11 177
11 181
11 193
11 206
11 227
11 240
11 252
11 254
11 276
11 315
11 333
11 347
11 349
11 357
11 360
11 414
11 446
11 454
11 467
11 471
11 540
11 545
11 629
11 654
11 671
11 689
11 704
11 731
11 780
11 786
11 836
11 857
11 905
11 924
11 944
11 948
11 964
11 967
11 987
11 988
11 994
11 996
12 20
12 23
12 38
12 40
12 91
12 105
12 112
12 117
12 142
12 148
12 191
12 224
12 241
12 245
12 246
12 259
12 265
12 275
12 322
12 344
12 504
12 574
12 626
12 652
12 664
12 696
12 699
12 705
12 752
12 838
12 891
12 938
13 35
13 37
13 57
13 185
13 193
13 201
13 469
13 514
13 542
13 549
13 567
13 572
13 633
13 662
13 694
13 768
13 774
13 811
13 923
13 940
13 965
13 993
14 30
14 77
14 79
14 84
14 134
14 144
14 152
14 167
14 190
14 252
14 374
14 380
14 396
14 452
14 527
14 547
14 601
14 628
14 771
14 772
14 829
14 951
14 957
14 963
15 39
15 119
15 129
15 130
15 135
15 203
15 218
15 286
15 376
15 392
15 480
15 507
15 532
15 551
15 554
15 585
15 667
15 675
15 804
15 807
15 835
15 881
15 926
15 932
15 985
16 21
16 29
16 35
16 54
16 57
16 74
16 96
16 161
16 184
16 258
16 289
16 342
16 361
16 365
16 425
16 450
16 457
16 458
16 460
16 466
16 489
16 549
16 620
16 706
16 724
16 843
16 892
17 38
17 43
17 102
17 124
17 128
17 148
17 149
17 154
17 158
17 179
17 216
17 243
17 266
17 291
17 299
17 358
17 366
17 371
17 442
17 462
17 480
17 484
17 511
17 515
17 562
17 578
17 592
17 608
17 620
17 622
17 623
17 630
17 639
17 655
17 664
17 667
17 720
17 726
17 727
17 733
17 756
17 759
17 808
17 841
17 880
17 884
17 888
17 896
17 903
17 924
17 936
17 963
17 973
17 983
18 82
18 112
18 138
18 161
18 225
18 299
18 328
18 478
18 509
18 574
18 586
18 622
18 630
18 695
18 713
18 773
18 864
18 899
18 975
19 48
19 130
19 175
19 188
19 203
19 278
19 376
19 409
19 423
19 522
19 538
19 548
19 569
19 738
19 749
19 795
19 868
19 902
19 912
19 926
19 958
19 994
20 85
20 137
20 223
20 236
20 277
20 289
20 354
20 358
20 362
20 364
20 373
20 385
20 418
20 430
20 490
20 518
20 598
20 678
20 735
20 748
20 805
20 808
20 914
20 929
20 942
20 990
20 994
21 33
21 37
21 54
21 74
21 179
21 289
21 359
21 393
21 397
21 412
21 445
21 514
21 528
21 535
21 542
21 549
21 626
21 637
21 664
21 708
21 768
21 800
21 870
21 999
22 79
22 115
22 245
22 324
22 385
22 475
22 520
22 564
22 573
22 620
22 631
22 658
22 667
22 702
22 772
22 775
22 810
22 835
22 851
22 900
22 929
22 943
22 960
22 979
22 993
23 29
23 36
23 37
23 144
23 201
23 267
23 293
23 383
23 418
23 511
23 517
23 589
23 592
23 599
23 611
23 745
23 769
23 832
23 966
23 971
24 29
24 42
24 50
24 51
24 57
24 74
24 118
24 191
24 300
24 304
24 369
24 517
24 647
24 705
24 750
24 832
24 909
24 987
24 997
25 39
25 71
25 97
25 98
25 196
25 204
25 314
25 475
25 531
25 557
25 607
25 637
25 671
25 676
25 845
25 860
25 879
25 896
25 934
25 967
26 52
26 80
26 130
26 204
26 501
26 531
26 587
26 678
26 759
26 772
26 879
26 948
26 979
27 76
27 134
27 135
27 169
27 396
27 415
27 536
27 557
27 601
27 655
27 817
27 832
27 837
27 926
27 963
27 990
28 120
28 213
28 269
28 336
28 363
28 431
28 479
28 514
28 601
28 617
28 618
28 763
28 860
28 863
28 885
28 897
28 924
29 38
29 51
29 76
29 84
29 110
29 127
29 177
29 193
29 264
29 267
29 321
29 343
29 344
29 352
29 355
29 391
29 392
29 495
29 509
29 510
29 516
29 517
29 551
29 557
29 590
29 637
29 640
29 647
29 745
29 798
29 800
29 832
29 864
30 104
30 109
30 134
30 144
30 152
30 161
30 167
30 245
30 316
30 344
30 404
30 522
30 567
30 576
30 601
30 768
30 771
30 825
30 943
30 954
30 980
31 142
31 289
31 535
31 604
31 736
31 818
31 826
31 838
31 865
31 942
31 944
31 953
32 58
32 150
32 158
32 164
32 212
32 259
32 266
32 306
32 325
32 384
32 441
32 442
32 477
32 501
32 549
32 569
32 582
32 589
32 600
32 635
32 651
32 660
32 668
32 685
32 708
32 713
32 731
32 772
32 782
32 792
32 799
32 814
32 848
32 915
32 921
32 979
33 37
33 57
33 111
33 114
33 133
33 238
33 258
33 276
33 279
33 289
33 355
33 373
33 450
33 512
33 514
33 521
33 528
33 572
33 587
33 610
33 706
33 776
33 831
33 864
33 892
33 934
33 986
33 996
34 97
34 142
34 145
34 149
34 168
34 253
34 375
34 385
34 436
34 480
34 484
34 514
34 562
34 570
34 623
34 676
34 756
34 773
34 800
34 878
34 896
34 901
34 973
34 983
35 37
35 54
35 57
35 61
35 74
35 95
35 136
35 144
35 266
35 289
35 336
35 422
35 449
35 450
35 512
35 526
35 570
35 572
35 619
35 648
35 650
35 658
35 730
35 746
35 792
35 817
35 871
35 892
35 932
35 938
35 949
36 66
36 133
36 329
36 351
36 484
36 535
36 673
36 694
36 724
36 737
36 927
36 962
36 975
36 983
37 57
37 81
37 84
37 168
37 197
37 258
37 279
37 319
37 337
37 512
37 514
37 519
37 528
37 549
37 648
37 768
37 797
37 819
37 840
37 864
37 868
37 889
37 957
37 993
38 57
38 111
38 126
38 128
38 148
38 149
38 173
38 176
38 179
38 203
38 216
38 235
38 243
38 244
38 253
38 262
38 270
38 282
38 301
38 366
38 371
38 375
38 385
38 401
38 415
38 462
38 480
38 482
38 484
38 485
38 498
38 503
38 546
38 562
38 583
38 623
38 680
38 718
38 725
38 726
38 733
38 756
38 788
38 847
38 854
38 864
38 865
38 880
38 884
38 887
38 896
38 901
38 938
38 956
38 962
38 983
38 992
39 55
39 62
39 101
39 116
39 119
39 129
39 130
39 133
39 176
39 184
39 214
39 224
39 233
39 244
39 270
39 278
39 427
39 428
39 445
39 449
39 467
39 519
39 522
39 524
39 532
39 548
39 563
39 603
39 615
39 618
39 625
39 632
39 658
39 680
39 732
39 916
39 995
40 59
40 104
40 171
40 209
40 222
40 224
40 276
40 305
40 313
40 357
40 363
40 442
40 450
40 454
40 467
40 544
40 611
40 645
40 658
40 690
40 765
40 794
40 818
40 821
40 885
40 985
41 71
41 100
41 117
41 180
41 198
41 199
41 202
41 363
41 370
41 389
41 393
41 407
41 414
41 419
41 439
41 451
41 481
41 482
41 624
41 659
41 673
41 693
41 700
41 703
41 732
41 866
41 883
41 974
41 999
42 201
42 217
42 237
42 264
42 288
42 314
42 329
42 391
42 517
42 546
42 584
42 590
42 592
42 647
42 671
42 766
42 823
42 924
42 979
43 59
43 75
43 78
43 105
43 126
43 219
43 441
43 499
43 530
43 541
43 570
43 572
43 600
43 687
43 913
43 916
44 66
44 111
44 166
44 233
44 241
44 281
44 354
44 382
44 446
44 484
44 578
44 580
44 658
44 772
44 775
44 817
44 911
44 939
45 66
45 131
45 137
45 144
45 151
45 161
45 252
45 280
45 329
45 392
45 416
45 526
45 567
45 597
45 610
45 643
45 678
45 751
45 953
46 53
46 137
46 149
46 166
46 198
46 361
46 379
46 398
46 440
46 459
46 476
46 477
46 553
46 624
46 654
46 748
46 804
46 939
47 145
47 203
47 278
47 280
47 427
47 519
47 522
47 532
47 538
47 553
47 569
47 574
47 642
47 664
47 772
47 884
47 911
47 917
48 80
48 103
48 116
48 129
48 139
48 161
48 203
48 226
48 278
48 355
48 376
48 409
48 424
48 427
48 516
48 522
48 532
48 590
48 635
48 674
48 709
48 735
48 765
48 798
48 800
48 806
48 832
48 985
49 64
49 112
49 117
49 124
49 195
49 200
49 215
49 217
49 237
49 401
49 414
49 440
49 453
49 469
49 481
49 542
49 599
49 624
49 674
49 732
49 747
49 800
49 926
49 952
49 969
49 974
49 987
50 66
50 182
50 185
50 191
50 199
50 208
50 248
50 371
50 384
50 411
50 448
50 531
50 532
50 541
50 559
50 608
50 610
50 717
50 815
50 817
50 824
50 847
50 870
50 901
50 945
50 958
51 90
51 267
51 292
51 305
51 314
51 394
51 454
51 475
51 485
51 677
51 703
51 709
51 725
51 766
51 810
51 832
51 947
52 120
52 135
52 198
52 334
52 371
52 424
52 595
52 614
52 618
52 636
52 668
52 752
52 765
52 771
52 830
52 949
52 967
52 994
53 122
53 131
53 137
53 151
53 238
53 253
53 280
53 284
53 286
53 303
53 329
53 352
53 379
53 449
53 469
53 506
53 523
53 552
53 658
53 674
53 695
53 804
53 861
53 899
53 932
54 57
54 59
54 73
54 74
54 83
54 91
54 105
54 122
54 141
54 201
54 234
54 258
54 279
54 289
54 352
54 386
54 442
54 450
54 489
54 514
54 542
54 549
54 568
54 572
54 589
54 601
54 619
54 627
54 648
54 669
54 709
54 717
54 729
54 730
54 793
54 838
54 843
54 864
54 993
54 998
55 104
55 191
55 270
55 299
55 308
55 346
55 382
55 424
55 493
55 636
55 642
55 650
55 729
55 743
55 760
55 948
56 59
56 71
56 75
56 107
56 134
56 158
56 183
56 185
56 193
56 200
56 216
56 248
56 276
56 306
56 333
56 374
56 440
56 502
56 559
56 579
56 598
56 623
56 711
56 747
56 767
56 916
56 954
57 68
57 74
57 83
57 124
57 164
57 201
57 228
57 258
57 259
57 279
57 286
57 352
57 358
57 406
57 450
57 489
57 503
57 512
57 514
57 525
57 542
57 549
57 587
57 591
57 648
57 649
57 711
57 739
57 768
57 771
57 799
57 806
57 842
57 843
57 864
57 892
57 993
57 998
58 86
58 98
58 121
58 164
58 205
58 288
58 293
58 339
58 365
58 421
58 608
58 628
58 647
58 649
58 664
58 677
58 699
58 748
58 754
58 755
58 953
59 125
59 279
59 287
59 288
59 312
59 321
59 331
59 351
59 420
59 439
59 512
59 596
59 666
59 723
59 739
59 876
59 915
59 961
60 62
60 95
60 151
60 159
60 165
60 214
60 249
60 260
60 586
60 588
60 611
60 779
60 850
60 925
61 62
61 100
61 105
61 139
61 146
61 184
61 275
61 421
61 468
61 540
61 609
61 626
61 702
61 727
61 827
61 860
61 901
61 953
62 107
62 120
62 170
62 183
62 206
62 213
62 222
62 225
62 233
62 290
62 293
62 368
62 378
62 384
62 416
62 479
62 493
62 516
62 521
62 566
62 569
62 580
62 590
62 597
62 600
62 603
62 610
62 611
62 618
62 634
62 636
62 642
62 644
62 645
62 668
62 765
62 778
62 881
62 941
63 80
63 160
63 188
63 227
63 275
63 328
63 456
63 520
63 585
63 618
63 636
63 798
63 809
63 888
63 924
63 940
63 955
64 88
64 175
64 234
64 359
64 390
64 432
64 504
64 524
64 533
64 554
64 557
64 615
64 621
64 626
64 653
64 705
64 810
64 844
64 849
64 976
64 993
65 85
65 100
65 204
65 215
65 280
65 357
65 435
65 475
65 512
65 557
65 722
65 777
65 809
65 859
65 879
65 900
65 994
66 166
66 172
66 173
66 185
66 193
66 216
66 258
66 271
66 375
66 402
66 411
66 425
66 431
66 437
66 445
66 520
66 524
66 527
66 544
66 561
66 577
66 602
66 606
66 614
66 695
66 700
66 707
66 717
66 741
66 772
66 782
66 785
66 817
66 832
66 854
66 870
66 898
66 927
66 958
66 962
66 974
67 70
67 92
67 157
67 165
67 377
67 435
67 438
67 509
67 669
67 889
67 902
67 939
68 110
68 137
68 151
68 216
68 285
68 329
68 430
68 507
68 565
68 567
68 678
68 702
68 753
68 775
68 777
68 804
68 888
68 985
69 76
69 170
69 244
69 255
69 450
69 456
69 461
69 576
69 630
69 673
69 749
69 812
69 829
69 834
69 866
69 910
69 923
69 971
70 83
70 84
70 113
70 143
70 245
70 276
70 289
70 310
70 334
70 340
70 363
70 374
70 419
70 428
70 432
70 456
70 479
70 537
70 540
70 544
70 555
70 568
70 589
70 620
70 633
70 649
70 654
70 724
70 762
70 791
70 809
70 812
70 823
70 829
70 840
70 862
70 864
70 881
70 936
70 968
70 972
70 979
70 994
71 75
71 97
71 98
71 166
71 210
71 249
71 263
71 311
71 382
71 398
71 487
71 497
71 531
71 540
71 557
71 597
71 616
71 637
71 655
71 730
71 743
71 798
71 807
71 820
71 875
71 879
71 885
71 947
71 961
71 996
72 103
72 117
72 118
72 134
72 158
72 194
72 234
72 298
72 304
72 353
72 359
72 449
72 451
72 513
72 524
72 533
72 538
72 612
72 615
72 683
72 705
72 737
72 740
72 783
72 844
72 957
73 113
73 115
73 143
73 196
73 236
73 237
73 244
73 247
73 259
73 266
73 291
73 308
73 319
73 339
73 378
73 508
73 525
73 564
73 583
73 624
73 688
73 690
73 696
73 712
73 739
73 740
73 759
73 775
73 795
73 834
73 837
73 848
73 908
73 914
73 965
73 994
74 115
74 117
74 201
74 257
74 572
74 627
74 648
74 680
74 719
74 833
74 849
74 959
74 988
75 93
75 141
75 145
75 149
75 154
75 160
75 161
75 190
75 191
75 200
75 242
75 248
75 258
75 294
75 297
75 302
75 306
75 333
75 345
75 364
75 374
75 377
75 400
75 428
75 429
75 444
75 486
75 493
75 539
75 545
75 559
75 579
75 590
75 672
75 681
75 684
75 718
75 744
75 765
75 796
75 863
75 864
75 872
75 916
75 929
75 956
75 974
75 979
76 104
76 105
76 193
76 268
76 271
76 284
76 318
76 323
76 340
76 367
76 387
76 389
76 410
76 458
76 476
76 493
76 506
76 514
76 589
76 607
76 623
76 640
76 656
76 657
76 659
76 702
76 721
76 749
76 761
76 852
76 861
76 897
76 932
76 934
76 964
76 969
77 104
77 137
77 219
77 226
77 240
77 263
77 406
77 457
77 566
77 574
77 600
77 636
77 637
77 645
77 660
77 728
77 760
77 774
77 834
77 842
77 974
78 95
78 105
78 125
78 153
78 184
78 203
78 207
78 230
78 245
78 274
78 308
78 384
78 454
78 471
78 477
78 509
78 530
78 582
78 635
78 651
78 657
78 674
78 679
78 688
78 719
78 721
78 723
78 727
78 730
78 754
78 778
78 789
78 792
78 810
78 825
78 853
78 876
78 878
78 909
78 917
78 924
78 946
78 948
78 952
78 954
78 978
78 992
78 996
79 120
79 134
79 143
79 151
79 187
79 364
79 404
79 406
79 432
79 547
79 601
79 667
79 716
79 754
79 770
80 178
80 197
80 315
80 340
80 386
80 446
80 469
80 545
80 568
80 572
80 590
80 630
80 713
80 763
80 777
80 809
80 814
80 846
80 851
80 857
80 872
80 888
80 924
80 931
80 975
80 987
81 129
81 136
81 159
81 171
81 201
81 216
81 225
81 228
81 274
81 319
81 336
81 365
81 416
81 476
81 524
81 574
81 603
81 650
81 728
81 747
81 758
81 763
81 792
81 821
81 831
81 983
82 93
82 96
82 99
82 138
82 155
82 191
82 261
82 264
82 275
82 280
82 311
82 319
82 387
82 395
82 422
82 540
82 586
82 605
82 613
82 641
82 662
82 667
82 695
82 698
82 699
82 737
82 777
82 854
82 860
82 868
82 901
82 969
82 981
83 84
83 113
83 123
83 163
83 269
83 334
83 344
83 407
83 429
83 432
83 456
83 488
83 509
83 537
83 562
83 568
83 571
83 626
83 649
83 654
83 796
83 812
83 819
83 831
83 836
83 979
84 87
84 91
84 113
84 137
84 139
84 157
84 164
84 171
84 218
84 310
84 358
84 422
84 428
84 432
84 456
84 479
84 531
84 541
84 555
84 568
84 573
84 575
84 589
84 649
84 724
84 743
84 749
84 755
84 791
84 812
84 820
84 823
84 829
84 839
84 840
84 862
84 979
85 99
85 138
85 155
85 180
85 249
85 271
85 328
85 414
85 553
85 601
85 807
85 924
86 89
86 100
86 106
86 174
86 203
86 207
86 273
86 288
86 393
86 400
86 411
86 493
86 498
86 501
86 512
86 541
86 573
86 860
86 873
86 910
86 918
86 928
86 953
87 178
87 195
87 334
87 345
87 370
87 434
87 492
87 512
87 528
87 537
87 568
87 572
87 573
87 589
87 626
87 654
87 715
87 722
87 724
87 736
87 827
87 829
87 857
87 885
87 979
88 122
88 138
88 182
88 193
88 196
88 233
88 250
88 271
88 276
88 334
88 347
88 348
88 369
88 386
88 410
88 497
88 528
88 568
88 571
88 573
88 584
88 596
88 607
88 616
88 641
88 646
88 649
88 665
88 667
88 673
88 677
88 692
88 694
88 714
88 747
88 759
88 801
88 810
88 815
88 819
88 834
88 853
88 866
88 899
88 935
88 947
88 949
88 972
89 285
89 424
89 509
89 557
89 560
89 635
89 678
89 682
89 806
89 816
89 855
89 932
89 965
89 971
90 135
90 233
90 433
90 515
90 517
90 590
90 624
90 640
90 642
90 723
90 796
90 797
90 890
90 900
90 924
90 984
91 115
91 126
91 146
91 188
91 218
91 315
91 414
91 456
91 467
91 695
91 737
91 746
91 765
91 788
91 870
91 875
91 962
92 95
92 170
92 243
92 260
92 349
92 356
92 409
92 422
92 430
92 507
92 517
92 532
92 599
92 643
92 657
92 680
92 713
92 779
92 834
92 863
92 889
92 912
92 942
92 955
93 105
93 177
93 191
93 195
93 242
93 265
93 300
93 309
93 340
93 376
93 411
93 433
93 502
93 518
93 559
93 571
93 590
93 769
93 867
93 918
93 981
93 994
94 106
94 125
94 138
94 154
94 214
94 229
94 304
94 362
94 425
94 434
94 543
94 574
94 599
94 600
94 662
94 705
94 772
94 782
94 805
94 842
94 878
94 971
94 993
95 111
95 121
95 242
95 259
95 260
95 261
95 366
95 387
95 396
95 405
95 414
95 430
95 446
95 450
95 473
95 488
95 507
95 535
95 547
95 556
95 577
95 741
95 776
95 782
95 829
95 850
95 867
95 899
95 924
95 925
95 930
95 942
95 955
95 985
95 996
96 222
96 229
96 345
96 370
96 441
96 494
96 507
96 567
96 574
96 610
96 640
96 656
96 752
96 757
96 761
96 789
96 821
96 834
96 902
96 974
96 986
97 98
97 256
97 419
97 530
97 629
97 650
97 692
97 769
97 808
97 857
97 879
97 920
97 927
97 974
98 102
98 119
98 125
98 211
98 292
98 317
98 366
98 380
98 390
98 475
98 491
98 557
98 583
98 629
98 670
98 774
98 779
98 879
98 885
98 902
98 997
99 138
99 209
99 316
99 328
99 361
99 365
99 542
99 695
99 882
99 975
100 148
100 215
100 285
100 421
100 699
100 756
100 824
100 852
100 953
101 122
101 141
101 158
101 160
101 202
101 282
101 345
101 348
101 397
101 428
101 449
101 585
101 630
101 651
101 754
101 893
101 909
101 971
101 972
102 108
102 256
102 483
102 530
102 557
102 774
102 792
102 879
102 900
102 968
102 974
103 118
103 153
103 195
103 217
103 234
103 300
103 306
103 311
103 315
103 359
103 483
103 497
103 524
103 601
103 615
103 621
103 662
103 705
103 808
103 844
103 865
103 910
103 953
103 964
104 120
104 202
104 371
104 499
104 530
104 575
104 599
104 627
104 636
104 645
104 669
104 720
104 729
104 789
104 815
104 888
104 963
104 985
105 140
105 147
105 171
105 204
105 220
105 243
105 260
105 287
105 300
105 320
105 333
105 334
105 336
105 337
105 338
105 378
105 395
105 397
105 407
105 445
105 473
105 534
105 597
105 623
105 637
105 667
105 681
105 708
105 719
105 730
105 752
105 755
105 760
105 774
105 782
105 783
105 792
105 819
105 826
105 889
105 909
105 915
105 943
105 978
105 982
106 270
106 283
106 336
106 341
106 421
106 454
106 540
106 610
106 692
106 860
106 953
107 120
107 171
107 222
107 224
107 233
107 250
107 345
107 348
107 368
107 442
107 515
107 538
107 541
107 610
107 618
107 640
107 642
107 645
107 689
107 690
107 694
107 701
107 732
107 742
107 760
107 782
107 791
107 799
107 835
107 884
107 912
107 997
108 115
108 117
108 130
108 133
108 134
108 159
108 192
108 205
108 210
108 214
108 223
108 235
108 247
108 262
108 268
108 287
108 289
108 317
108 319
108 323
108 326
108 333
108 361
108 373
108 403
108 428
108 461
108 488
108 504
108 539
108 625
108 670
108 718
108 739
108 758
108 765
108 795
108 815
108 851
108 869
108 996
108 997
109 116
109 121
109 178
109 241
109 292
109 349
109 362
109 399
109 421
109 479
109 560
109 609
109 646
109 675
109 696
109 706
109 725
109 777
109 823
109 828
109 883
109 937
109 958
109 971
110 142
110 171
110 242
110 289
110 314
110 426
110 476
110 478
110 514
110 553
110 560
110 602
110 609
110 612
110 627
110 715
110 768
110 776
110 852
110 854
110 907
110 914
110 923
110 933
110 938
110 958
110 980
111 115
111 124
111 128
111 149
111 158
111 216
111 235
111 251
111 291
111 299
111 333
111 371
111 375
111 385
111 400
111 457
111 462
111 464
111 484
111 511
111 562
111 578
111 639
111 690
111 695
111 698
111 724
111 746
111 756
111 781
111 785
111 805
111 855
111 880
111 901
111 953
111 963
111 973
111 983
111 989
111 998
112 117
112 156
112 178
112 183
112 191
112 200
112 223
112 240
112 251
112 256
112 257
112 276
112 331
112 400
112 413
112 414
112 419
112 423
112 440
112 451
112 452
112 459
112 546
112 595
112 630
112 681
112 693
112 696
112 751
112 753
112 766
112 780
112 881
112 882
112 913
112 939
112 952
112 960
112 967
112 968
112 970
112 980
113 234
113 247
113 268
113 310
113 337
113 479
113 568
113 586
113 672
113 730
113 732
113 862
113 964
113 979
114 204
114 233
114 246
114 250
114 322
114 381
114 415
114 434
114 501
114 591
114 607
114 627
114 676
114 694
114 710
114 971
115 144
115 146
115 155
115 159
115 196
115 229
115 245
115 246
115 262
115 269
115 297
115 304
115 311
115 397
115 416
115 418
115 452
115 463
115 477
115 485
115 504
115 564
115 572
115 579
115 598
115 600
115 622
115 625
115 631
115 644
115 650
115 658
115 670
115 678
115 709
115 718
115 719
115 739
115 745
115 775
115 791
115 795
115 842
115 902
115 906
115 928
115 929
115 936
115 955
115 981
115 990
115 994
116 127
116 143
116 203
116 213
116 246
116 250
116 278
116 409
116 424
116 522
116 658
116 680
116 702
116 708
116 781
116 807
116 917
117 131
117 132
117 156
117 160
117 161
117 162
117 180
117 199
117 215
117 222
117 240
117 283
117 356
117 367
117 397
117 440
117 452
117 481
117 504
117 628
117 633
117 656
117 677
117 703
117 738
117 751
117 765
117 898
117 913
117 968
117 970
117 990
117 1000
118 159
118 324
118 359
118 363
118 386
118 420
118 530
118 533
118 552
118 615
118 621
118 623
118 664
118 736
118 770
118 844
118 849
118 910
118 976
119 129
119 131
119 203
119 238
119 383
119 428
119 463
119 498
119 573
119 776
119 807
119 819
120 170
120 210
120 213
120 224
120 241
120 263
120 272
120 288
120 361
120 367
120 401
120 417
120 431
120 476
120 493
120 549
120 593
120 603
120 610
120 645
120 674
120 694
120 704
120 768
120 774
120 799
120 811
120 849
120 856
120 882
120 890
120 904
120 986
120 989
121 191
121 224
121 260
121 326
121 365
121 375
121 393
121 620
121 643
121 667
121 933
121 986
121 997
122 165
122 168
122 170
122 244
122 256
122 263
122 345
122 353
122 363
122 369
122 409
122 424
122 434
122 440
122 455
122 458
122 492
122 500
122 527
122 546
122 621
122 624
122 657
122 659
122 665
122 681
122 685
122 696
122 734
122 741
122 759
122 813
122 819
122 820
122 825
122 846
122 872
122 891
122 908
122 932
122 934
122 935
122 965
122 972
122 977
123 149
123 161
123 175
123 190
123 193
123 215
123 363
123 381
123 437
123 440
123 443
123 534
123 587
123 633
123 867
123 890
123 960
124 128
124 149
124 179
124 195
124 312
124 314
124 366
124 375
124 385
124 410
124 427
124 454
124 513
124 639
124 652
124 666
124 723
124 726
124 747
124 782
124 969
124 999
125 163
125 230
125 258
125 260
125 298
125 364
125 367
125 383
125 415
125 434
125 435
125 437
125 438
125 439
125 496
125 570
125 600
125 631
125 662
125 688
125 708
125 772
125 782
125 822
125 832
125 844
125 879
125 966
126 138
126 188
126 195
126 219
126 234
126 241
126 266
126 328
126 345
126 537
126 669
126 695
126 719
126 730
126 968
127 174
127 372
127 410
127 472
127 517
127 633
127 647
127 781
127 832
127 862
127 871
127 921
127 932
128 130
128 148
128 149
128 179
128 210
128 246
128 304
128 360
128 371
128 454
128 509
128 637
128 640
128 684
128 760
128 846
128 880
128 908
128 963
129 130
129 193
129 203
129 278
129 282
129 303
129 345
129 359
129 371
129 374
129 380
129 519
129 522
129 538
129 541
129 569
129 658
129 694
129 812
129 882
129 915
129 978
130 144
130 176
130 203
130 244
130 276
130 336
130 373
130 374
130 397
130 424
130 427
130 522
130 532
130 548
130 561
130 625
130 632
130 807
130 844
130 932
130 936
130 969
131 132
131 137
131 157
131 303
131 325
131 329
131 378
131 497
131 613
131 636
131 774
131 804
131 998
132 137
132 246
132 280
132 303
132 313
132 329
132 346
132 362
132 400
132 428
132 464
132 510
132 519
132 552
132 643
132 645
132 761
132 850
132 876
132 888
132 965
133 153
133 250
133 326
133 349
133 354
133 399
133 494
133 544
133 644
133 817
133 851
133 852
133 870
133 958
134 138
134 144
134 152
134 167
134 189
134 404
134 406
134 449
134 499
134 502
134 553
134 576
134 601
134 658
134 686
134 757
134 771
134 793
134 803
134 917
134 932
134 987
135 214
135 221
135 262
135 266
135 268
135 304
135 450
135 570
135 597
135 788
135 793
135 810
135 903
135 906
135 914
135 971
136 143
136 151
136 258
136 289
136 393
136 492
136 493
136 514
136 542
136 606
136 615
136 788
136 861
136 940
136 980
136 993
136 996
137 157
137 173
137 219
137 234
137 280
137 289
137 303
137 313
137 325
137 329
137 344
137 379
137 567
137 575
137 595
137 613
137 631
137 652
137 678
137 727
137 743
137 770
137 804
137 807
137 809
137 852
137 912
137 930
137 955
137 997
138 145
138 146
138 188
138 202
138 209
138 218
138 236
138 269
138 270
138 328
138 395
138 469
138 500
138 586
138 652
138 690
138 698
138 708
138 711
138 730
138 737
138 740
138 749
138 806
138 810
138 841
138 854
138 868
138 884
138 907
138 954
138 966
138 975
138 986
139 285
139 417
139 427
139 452
139 471
139 476
139 498
139 536
139 664
139 667
139 745
139 748
139 775
139 791
139 860
140 355
140 360
140 378
140 382
140 384
140 446
140 455
140 474
140 499
140 505
140 523
140 527
140 529
140 556
140 561
140 637
140 656
140 671
140 694
140 729
140 772
140 777
140 782
140 789
140 808
140 814
140 836
140 874
140 909
140 958
141 172
141 186
141 187
141 195
141 198
141 224
141 237
141 259
141 262
141 265
141 294
141 297
141 300
141 305
141 327
141 341
141 374
141 392
141 421
141 444
141 460
141 470
141 489
141 495
141 513
141 525
141 527
141 571
141 573
141 579
141 601
141 608
141 613
141 630
141 654
141 660
141 711
141 738
141 787
141 796
141 817
141 819
141 820
141 874
141 886
141 889
141 974
141 983
141 995
141 996
142 178
142 226
142 241
142 450
142 456
142 480
142 487
142 508
142 518
142 578
142 602
142 626
142 657
142 742
142 772
142 793
142 807
142 842
142 867
142 903
142 915
142 927
142 933
143 145
143 154
143 161
143 191
143 198
143 237
143 257
143 364
143 365
143 447
143 499
143 518
143 527
143 571
143 605
143 637
143 643
143 647
143 667
143 672
143 686
143 713
143 721
143 744
143 858
143 895
143 989
144 148
144 162
144 167
144 191
144 263
144 269
144 271
144 287
144 295
144 343
144 404
144 547
144 551
144 576
144 596
144 601
144 624
144 677
144 680
144 769
144 771
144 793
144 901
144 920
144 961
145 195
145 275
145 294
145 300
145 314
145 326
145 364
145 445
145 516
145 525
145 579
145 643
145 680
145 691
145 704
145 712
145 738
145 785
145 880
145 916
146 147
146 159
146 198
146 205
146 214
146 245
146 250
146 298
146 463
146 486
146 559
146 674
146 679
146 696
146 758
146 777
146 819
146 859
146 913
147 159
147 184
147 322
147 374
147 405
147 473
147 495
147 513
147 538
147 617
147 701
147 707
147 752
147 914
148 158
148 174
148 179
148 184
148 215
148 253
148 299
148 307
148 366
148 375
148 408
148 415
148 460
148 462
148 480
148 481
148 491
148 502
148 557
148 578
148 631
148 639
148 693
148 725
148 736
148 756
148 884
148 901
148 963
148 985
149 246
149 320
149 375
149 538
149 539
149 612
149 756
149 784
149 799
149 811
149 884
149 969
149 1000
150 308
150 391
150 427
150 439
150 514
150 600
150 690
150 703
150 853
150 869
150 878
150 915
150 921
150 981
151 244
151 276
151 280
151 281
151 303
151 329
151 345
151 446
151 495
151 567
151 571
151 573
151 613
151 657
151 678
151 852
151 963
152 179
152 250
152 308
152 341
152 352
152 396
152 500
152 547
152 601
152 604
152 633
152 705
152 717
152 946
153 159
153 194
153 196
153 245
153 388
153 417
153 425
153 445
153 459
153 580
153 637
153 658
153 699
153 779
153 820
153 853
153 923
153 936
153 969
153 970
153 985
153 994
154 170
154 219
154 242
154 300
154 322
154 327
154 360
154 365
154 391
154 400
154 444
154 445
154 470
154 502
154 551
154 579
154 625
154 684
154 747
154 751
154 784
154 785
154 840
154 867
154 907
154 989
155 159
155 275
155 328
155 486
155 502
155 533
155 541
155 653
155 695
155 735
155 849
155 975
156 163
156 182
156 199
156 256
156 389
156 414
156 419
156 433
156 437
156 440
156 443
156 444
156 445
156 461
156 612
156 616
156 620
156 693
156 703
156 732
156 766
156 789
156 800
156 819
156 832
156 881
156 884
156 915
156 931
156 941
156 960
156 970
156 990
156 1000
157 186
157 303
157 367
157 422
157 463
157 709
157 915
157 940
157 964
158 179
158 215
158 235
158 297
158 448
158 542
158 557
158 593
158 695
158 787
158 835
158 901
158 963
158 973
158 998
159 224
159 229
159 262
159 263
159 269
159 292
159 304
159 310
159 312
159 333
159 346
159 373
159 402
159 403
159 413
159 420
159 483
159 496
159 564
159 576
159 588
159 589
159 620
159 641
159 658
159 662
159 664
159 685
159 691
159 709
159 739
159 746
159 751
159 758
159 773
159 797
159 805
159 806
159 830
159 838
159 906
159 911
159 940
159 943
159 965
159 979
159 984
159 988
159 990
160 161
160 182
160 222
160 288
160 365
160 366
160 381
160 414
160 437
160 470
160 474
160 542
160 602
160 619
160 655
160 732
160 733
160 739
160 766
160 768
160 776
160 882
160 948
160 985
161 199
161 217
161 227
161 300
161 359
161 363
161 439
161 451
161 481
161 487
161 546
161 623
161 703
161 732
161 751
161 798
161 800
161 834
161 882
161 884
162 180
162 199
162 211
162 215
162 233
162 250
162 282
162 381
162 443
162 453
162 459
162 490
162 514
162 581
162 660
162 674
162 696
162 700
162 732
162 742
162 755
162 843
162 858
162 881
162 882
162 966
162 968
162 980
163 199
163 202
163 232
163 250
163 280
163 288
163 298
163 302
163 330
163 340
163 348
163 373
163 455
163 467
163 471
163 501
163 543
163 646
163 657
163 710
163 734
163 801
163 815
163 819
163 831
163 835
163 836
163 870
163 871
163 893
163 934
163 970
163 972
164 324
164 386
164 448
164 482
164 484
164 570
164 587
164 650
164 653
164 772
164 824
165 191
165 211
165 233
165 246
165 248
165 260
165 271
165 272
165 307
165 337
165 341
165 349
165 356
165 372
165 405
165 410
165 411
165 505
165 546
165 556
165 577
165 589
165 599
165 621
165 634
165 676
165 781
165 799
165 824
165 826
165 830
165 867
165 872
165 912
165 925
165 928
165 930
165 947
165 954
165 980
166 203
166 431
166 450
166 527
166 562
166 598
166 602
166 650
166 742
166 817
166 870
166 915
167 186
167 223
167 309
167 313
167 356
167 396
167 404
167 467
167 479
167 509
167 547
167 553
167 560
167 581
167 601
167 626
167 639
167 706
167 710
167 751
167 823
167 876
167 938
167 994
168 174
168 244
168 295
168 336
168 367
168 397
168 430
168 466
168 475
168 494
168 557
168 561
168 599
168 615
168 619
168 631
168 647
168 730
168 754
168 785
168 787
168 817
168 822
168 828
168 842
168 880
168 921
168 937
168 945
169 198
169 248
169 309
169 327
169 364
169 365
169 518
169 525
169 549
169 565
169 571
169 660
169 711
169 729
169 938
169 973
169 996
170 271
170 448
170 491
170 597
170 658
170 667
170 681
170 744
170 775
170 800
170 845
170 872
170 900
170 912
170 919
170 974
171 224
171 296
171 301
171 318
171 323
171 393
171 418
171 516
171 521
171 546
171 572
171 574
171 641
171 668
171 690
171 695
171 715
171 734
171 765
171 778
171 827
171 833
171 834
171 851
172 185
172 273
172 312
172 445
172 545
172 557
172 622
172 632
172 694
172 841
172 857
172 866
172 870
172 907
172 962
172 999
173 226
173 261
173 441
173 445
173 561
173 599
173 689
173 693
173 722
173 742
173 844
173 934
173 961
174 307
174 322
174 324
174 346
174 425
174 437
174 458
174 487
174 583
174 585
174 632
174 699
174 718
174 798
174 805
174 908
175 182
175 214
175 233
175 294
175 391
175 435
175 444
175 540
175 630
175 667
175 671
175 731
175 778
175 788
175 817
175 896
175 953
175 997
176 188
176 204
176 335
176 478
176 522
176 548
176 569
176 584
176 594
176 747
176 914
176 966
176 975
177 181
177 246
177 254
177 283
177 284
177 301
177 315
177 335
177 350
177 374
177 381
177 391
177 394
177 396
177 397
177 404
177 446
177 454
177 456
177 464
177 469
177 471
177 498
177 499
177 591
177 620
177 685
177 686
177 687
177 711
177 713
177 728
177 733
177 753
177 754
177 759
177 770
177 790
177 800
177 839
177 905
177 924
177 940
177 987
177 988
177 995
178 190
178 241
178 276
178 344
178 367
178 413
178 560
178 600
178 694
178 707
178 766
178 872
178 894
179 216
179 235
179 258
179 299
179 366
179 480
179 484
179 505
179 511
179 513
179 518
179 521
179 545
179 562
179 578
179 601
179 623
179 689
179 712
179 733
179 755
179 756
179 829
179 845
179 854
179 855
179 871
179 884
179 886
179 887
179 901
179 967
179 969
179 983
180 183
180 199
180 268
180 346
180 414
180 459
180 511
180 534
180 633
180 636
180 685
180 693
180 703
180 748
180 764
180 800
180 848
180 854
180 881
180 883
180 913
180 940
180 951
180 952
180 980
180 1000
181 314
181 350
181 507
181 621
181 688
181 738
181 805
181 924
181 956
181 961
181 987
181 995
182 183
182 196
182 200
182 215
182 223
182 282
182 304
182 331
182 401
182 440
182 449
182 452
182 453
182 467
182 507
182 512
182 529
182 560
182 610
182 618
182 620
182 631
182 633
182 639
182 693
182 703
182 704
182 707
182 725
182 732
182 766
182 800
182 817
182 848
182 849
182 882
182 895
182 958
182 966
182 970
182 971
182 974
182 980
183 195
183 200
183 229
183 265
183 354
183 363
183 374
183 389
183 451
183 592
183 626
183 630
183 633
183 750
183 751
183 799
183 848
183 858
183 881
183 882
183 925
183 963
183 974
184 294
184 403
184 421
184 542
184 571
184 827
184 860
184 895
184 929
184 934
185 195
185 215
185 219
185 425
185 431
185 446
185 544
185 567
185 610
185 614
185 622
185 713
185 817
185 847
185 886
185 898
185 962
186 327
186 333
186 342
186 364
186 365
186 408
186 439
186 518
186 579
186 582
186 624
186 635
186 697
186 832
186 852
186 916
186 954
186 982
187 363
187 391
187 444
187 518
187 545
187 562
187 624
187 650
187 670
187 677
187 701
187 713
187 722
187 770
187 798
187 809
187 839
187 873
187 927
187 940
187 999
188 257
188 315
188 328
188 351
188 494
188 518
188 695
188 697
188 713
188 805
188 840
188 913
188 943
188 975
189 465
189 508
189 537
189 552
189 560
189 612
189 626
189 627
189 696
189 794
189 815
189 914
189 929
189 959
190 193
190 235
190 266
190 267
190 327
190 342
190 365
190 374
190 417
190 418
190 489
190 513
190 518
190 524
190 525
190 779
190 821
190 823
190 851
190 982
190 996
191 196
191 198
191 249
191 290
191 297
191 300
191 306
191 333
191 342
191 364
191 365
191 378
191 399
191 404
191 417
191 444
191 447
191 470
191 486
191 495
191 518
191 547
191 571
191 630
191 640
191 657
191 716
191 721
191 747
191 764
191 785
191 796
191 806
191 816
191 835
191 846
191 858
191 866
191 867
191 890
191 892
191 920
191 931
191 937
191 938
191 954
191 963
191 980
191 984
191 991
192 222
192 266
192 271
192 292
192 299
192 326
192 334
192 354
192 361
192 370
192 389
192 410
192 551
192 580
192 616
192 658
192 778
192 782
192 788
192 829
192 908
192 993
193 198
193 225
193 242
193 265
193 309
193 327
193 329
193 333
193 336
193 365
193 417
193 446
193 473
193 486
193 495
193 518
193 525
193 599
193 709
193 787
193 797
193 915
193 938
193 984
193 990
193 996
193 999
194 206
194 234
194 245
194 325
194 348
194 359
194 475
194 518
194 533
194 539
194 596
194 612
194 613
194 615
194 695
194 697
194 705
194 769
194 781
194 809
194 824
194 831
194 844
194 849
194 857
194 910
195 198
195 297
195 309
195 327
195 363
195 374
195 497
195 513
195 525
195 556
195 567
195 579
195 697
195 873
195 892
195 918
195 957
196 274
196 324
196 326
196 403
196 421
196 454
196 500
196 549
196 567
196 598
196 696
196 718
196 748
196 776
196 805
196 808
196 864
196 928
196 929
197 232
197 238
197 295
197 335
197 339
197 341
197 379
197 386
197 412
197 428
197 454
197 497
197 520
197 533
197 545
197 554
197 565
197 616
197 637
197 686
197 713
197 728
197 750
197 753
197 797
197 798
197 857
197 887
197 891
197 927
197 933
197 940
197 969
197 974
197 987
197 990
198 216
198 237
198 245
198 248
198 267
198 273
198 307
198 344
198 402
198 415
198 417
198 429
198 444
198 447
198 470
198 490
198 495
198 538
198 559
198 565
198 579
198 621
198 627
198 672
198 688
198 697
198 721
198 738
198 746
198 749
198 767
198 772
198 784
198 796
198 854
198 867
198 900
198 956
198 962
198 975
198 978
198 989
199 233
199 275
199 319
199 336
199 424
199 445
199 502
199 639
199 815
199 817
199 913
199 980
199 989
200 237
200 238
200 330
200 376
200 414
200 419
200 453
200 484
200 495
200 539
200 555
200 623
200 654
200 674
200 693
200 703
200 802
200 863
200 881
200 882
200 883
200 980
200 998
201 279
201 286
201 413
201 450
201 512
201 514
201 560
201 600
201 606
201 618
201 642
201 892
201 906
201 975
202 257
202 279
202 363
202 430
202 433
202 559
202 564
202 705
202 757
202 790
202 872
203 208
203 223
203 268
203 326
203 337
203 376
203 427
203 519
203 522
203 535
203 537
203 538
203 599
203 807
203 823
203 929
204 211
204 237
204 249
204 311
204 393
204 421
204 475
204 534
204 545
204 557
204 629
204 758
204 762
204 810
204 875
204 879
204 882
204 883
204 900
205 261
205 262
205 266
205 276
205 292
205 326
205 354
205 416
205 425
205 439
205 461
205 462
205 464
205 504
205 521
205 522
205 527
205 542
205 543
205 580
205 620
205 625
205 638
205 657
205 666
205 699
205 706
205 707
205 720
205 758
205 779
205 780
205 795
205 810
205 816
205 830
205 843
205 857
205 928
205 943
206 268
206 292
206 307
206 434
206 485
206 649
206 694
206 798
206 898
206 911
206 940
206 987
206 994
206 995
207 289
207 303
207 321
207 413
207 525
207 570
207 600
207 635
207 639
207 681
207 761
207 777
207 783
207 931
207 937
207 952
207 973
207 983
208 250
208 344
208 426
208 437
208 560
208 626
208 627
208 750
208 758
208 796
208 805
208 834
208 907
208 938
208 963
209 356
209 423
209 594
209 599
209 663
209 695
209 854
209 868
209 968
209 975
209 976
210 211
210 283
210 344
210 364
210 452
210 475
210 531
210 557
210 655
210 879
210 900
210 973
211 304
211 377
211 475
211 495
211 528
211 574
211 620
211 629
211 687
211 744
211 780
211 811
211 875
211 879
211 940
211 983
211 995
212 219
212 302
212 365
212 397
212 506
212 604
212 642
212 656
212 734
212 821
212 822
212 825
212 826
212 841
212 878
212 906
212 936
212 943
212 961
213 224
213 225
213 288
213 327
213 363
213 364
213 365
213 416
213 441
213 449
213 515
213 526
213 560
213 574
213 577
213 584
213 622
213 645
213 650
213 715
213 725
213 761
213 772
213 991
213 1000
214 245
214 319
214 324
214 336
214 365
214 382
214 398
214 428
214 508
214 560
214 588
214 631
214 688
214 743
214 791
214 806
214 851
214 878
214 911
215 220
215 231
215 284
215 295
215 389
215 418
215 425
215 440
215 443
215 448
215 451
215 453
215 633
215 639
215 673
215 683
215 732
215 749
215 755
215 766
215 865
215 866
215 882
215 883
215 952
215 963
215 971
215 974
215 991
216 366
216 371
216 434
216 446
216 470
216 493
216 574
216 603
216 631
216 639
216 643
216 654
216 756
216 901
216 963
216 995
217 273
217 290
217 335
217 344
217 414
217 436
217 463
217 499
217 546
217 624
217 672
217 703
217 744
217 848
217 952
217 960
217 966
217 981
218 238
218 242
218 258
218 261
218 338
218 371
218 502
218 530
218 546
218 570
218 639
218 645
218 689
218 772
219 280
219 326
219 342
219 371
219 372
219 438
219 465
219 556
219 618
219 679
219 733
219 752
219 810
219 934
219 942
219 951
219 955
219 959
219 964
220 233
220 258
220 412
220 464
220 492
220 533
220 663
220 667
220 763
220 819
220 845
220 878
220 922
221 222
221 340
221 504
221 543
221 545
221 644
221 704
221 739
221 780
221 815
221 924
221 940
221 987
222 441
222 453
222 514
222 515
222 566
222 580
222 634
222 643
222 689
222 697
222 702
222 729
222 752
222 761
222 791
222 817
222 842
222 891
223 292
223 388
223 404
223 445
223 520
223 632
223 644
223 673
223 720
223 722
223 810
223 990
223 994
223 999
224 225
224 234
224 296
224 303
224 335
224 397
224 405
224 493
224 514
224 515
224 525
224 603
224 618
224 636
224 668
224 729
224 774
224 775
224 778
224 794
224 797
224 811
224 818
224 821
224 838
224 901
224 940
224 947
224 977
224 986
224 991
224 997
225 249
225 305
225 336
225 347
225 358
225 410
225 449
225 493
225 511
225 521
225 574
225 685
225 690
225 729
225 763
225 792
225 811
225 834
225 899
225 921
226 227
226 252
226 298
226 314
226 320
226 322
226 424
226 445
226 469
226 494
226 573
226 598
226 626
226 636
226 694
226 715
226 754
226 757
226 781
226 812
226 871
226 907
226 916
226 952
227 262
227 304
227 393
227 397
227 433
227 500
227 515
227 545
227 609
227 613
227 641
227 697
227 754
227 756
227 876
227 877
227 914
227 941
228 245
228 250
228 313
228 369
228 372
228 406
228 521
228 543
228 610
228 630
228 646
228 676
228 781
228 798
228 900
228 971
229 296
229 388
229 447
229 463
229 503
229 508
229 540
229 546
229 595
229 608
229 661
229 744
229 922
229 943
230 360
230 401
230 426
230 427
230 487
230 624
230 639
230 679
230 680
230 696
230 730
230 732
230 747
230 772
230 811
230 853
231 232
231 317
231 318
231 329
231 362
231 397
231 408
231 435
231 436
231 465
231 466
231 478
231 490
231 537
231 560
231 617
231 627
231 716
231 750
231 786
231 790
231 836
231 918
231 933
231 979
231 993
232 328
232 446
232 545
232 646
232 722
232 787
232 796
232 872
232 934
233 255
233 263
233 267
233 271
233 294
233 323
233 342
233 347
233 358
233 366
233 369
233 377
233 402
233 437
233 455
233 484
233 503
233 535
233 596
233 597
233 640
233 679
233 706
233 725
233 806
233 815
233 816
233 829
233 861
233 864
233 866
233 872
233 888
233 907
233 917
233 964
233 990
233 994
234 279
234 283
234 329
234 531
234 533
234 539
234 574
234 591
234 615
234 621
234 656
234 703
234 705
234 824
234 831
234 844
234 910
234 971
234 976
235 243
235 253
235 260
235 288
235 291
235 352
235 371
235 385
235 412
235 457
235 513
235 556
235 565
235 623
235 651
235 678
235 691
235 707
235 725
235 726
235 736
235 740
235 756
235 785
235 816
235 860
235 880
235 884
235 896
235 910
235 915
235 918
235 973
236 287
236 311
236 594
236 613
236 616
236 619
236 682
236 930
236 997
237 294
237 327
237 336
237 338
237 365
237 374
237 389
237 469
237 490
237 502
237 525
237 605
237 680
237 739
237 794
237 846
237 979
237 981
238 239
238 243
238 407
238 437
238 546
238 551
238 623
238 624
238 694
238 703
238 751
238 772
238 806
238 881
238 882
238 883
238 908
238 911
238 994
239 335
239 427
239 434
239 439
239 456
239 572
239 722
239 795
239 816
239 834
239 870
239 901
239 911
239 958
239 963
239 995
240 381
240 414
240 443
240 451
240 452
240 454
240 552
240 553
240 689
240 703
240 732
240 751
240 800
240 882
241 270
241 469
241 664
241 707
241 750
241 754
241 757
241 787
241 840
241 856
241 882
241 901
241 914
241 943
241 988
242 248
242 277
242 327
242 333
242 339
242 364
242 365
242 374
242 381
242 413
242 444
242 490
242 493
242 525
242 559
242 570
242 579
242 614
242 626
242 651
242 690
242 716
242 724
242 738
242 778
242 787
242 793
242 796
242 838
242 839
242 846
242 930
242 981
242 995
243 327
243 342
243 365
243 366
243 500
243 513
243 547
243 639
243 728
243 761
243 901
243 905
243 963
244 260
244 410
244 417
244 422
244 450
244 492
244 505
244 507
244 596
244 610
244 681
244 758
244 771
244 774
244 775
244 815
244 819
244 820
244 850
244 917
244 971
245 246
245 268
245 319
245 324
245 364
245 425
245 428
245 480
245 499
245 551
245 554
245 583
245 638
245 658
245 664
245 701
245 755
245 767
245 779
245 824
245 873
245 919
245 987
245 990
245 994
246 271
246 346
246 358
246 425
246 481
246 525
246 543
246 584
246 699
246 809
246 832
246 877
246 901
246 902
246 920
246 929
247 306
247 483
247 486
247 580
247 594
247 601
247 660
247 679
247 693
247 712
247 765
247 769
247 807
247 816
247 866
247 929
247 958
247 997
248 294
248 314
248 328
248 378
248 443
248 485
248 525
248 677
248 686
248 694
248 701
248 775
248 798
248 843
248 881
248 968
248 989
249 271
249 310
249 319
249 328
249 336
249 365
249 435
249 444
249 475
249 531
249 557
249 565
249 625
249 650
249 711
249 786
249 862
249 879
249 900
249 965
250 256
250 263
250 311
250 323
250 330
250 356
250 376
250 385
250 412
250 434
250 480
250 482
250 483
250 503
250 543
250 564
250 574
250 584
250 596
250 597
250 604
250 636
250 658
250 687
250 692
250 693
250 736
250 757
250 764
250 801
250 821
250 844
250 894
250 933
250 943
250 964
250 971
250 977
250 989
251 257
251 330
251 332
251 368
251 397
251 464
251 469
251 547
251 570
251 597
251 609
251 626
251 701
251 735
251 790
251 947
251 975
252 271
252 275
252 340
252 414
252 450
252 453
252 454
252 492
252 523
252 545
252 652
252 695
252 798
252 810
252 905
252 924
252 940
252 985
252 999
253 257
253 396
253 484
253 579
253 639
253 713
253 756
253 884
253 896
254 275
254 333
254 348
254 402
254 458
254 474
254 502
254 563
254 593
254 655
254 722
254 877
255 263
255 304
255 388
255 389
255 418
255 458
255 463
255 494
255 517
255 550
255 559
255 580
255 587
255 617
255 627
255 644
255 677
255 707
255 739
255 876
256 322
256 439
256 445
256 452
256 490
256 579
256 624
256 909
256 910
256 966
257 272
257 291
257 367
257 477
257 481
257 500
257 525
257 553
257 624
257 639
257 663
257 694
257 695
257 698
257 737
257 774
257 842
257 848
257 854
257 868
257 872
257 884
258 289
258 421
258 450
258 549
258 572
258 640
258 672
258 729
258 771
258 805
258 863
258 864
258 883
258 892
258 897
258 932
258 993
259 268
259 361
259 389
259 403
259 438
259 474
259 550
259 568
259 598
259 618
259 670
259 738
259 744
259 749
259 802
259 806
259 869
259 912
259 994
260 261
260 287
260 356
260 360
260 373
260 430
260 466
260 467
260 507
260 509
260 546
260 553
260 556
260 570
260 577
260 643
260 820
260 850
260 869
260 877
260 912
260 913
260 921
260 925
260 930
260 942
260 954
260 965
260 997
261 272
261 403
261 416
261 436
261 480
261 527
261 529
261 574
261 582
261 590
261 599
261 622
261 700
261 769
261 779
261 875
261 995
262 304
262 307
262 430
262 488
262 545
262 631
262 636
262 667
262 684
262 763
262 810
262 833
262 837
262 846
262 874
262 997
263 315
263 370
263 416
263 445
263 506
263 547
263 584
263 660
263 743
263 819
263 833
263 876
264 378
264 560
264 570
264 622
264 686
264 688
264 715
264 743
264 745
264 832
264 884
264 969
265 282
265 342
265 350
265 364
265 399
265 448
265 450
265 465
265 473
265 518
265 525
265 571
265 605
265 622
265 711
265 744
265 765
265 887
265 929
265 932
265 938
265 955
266 268
266 292
266 304
266 326
266 332
266 422
266 441
266 498
266 525
266 577
266 626
266 639
266 645
266 669
266 795
266 806
266 957
266 987
267 276
267 471
267 517
267 526
267 529
267 632
267 647
267 814
267 827
267 945
268 274
268 277
268 304
268 338
268 378
268 471
268 509
268 623
268 667
268 713
268 778
268 810
268 910
268 928
268 997
269 293
269 304
269 456
269 482
269 564
269 583
269 631
269 699
269 912
269 962
269 970
269 990
269 997
270 367
270 469
270 512
270 525
270 609
270 838
270 860
271 323
271 353
271 358
271 381
271 412
271 414
271 542
271 596
271 641
271 659
271 664
271 665
271 705
271 714
271 738
271 741
271 786
271 805
271 831
271 884
271 924
272 309
272 328
272 396
272 432
272 547
272 648
272 695
272 731
272 907
272 913
272 967
272 980
273 327
273 374
273 434
273 492
273 642
273 656
273 668
273 729
273 825
273 905
273 934
274 307
274 323
274 337
274 364
274 438
274 479
274 599
274 704
274 925
274 942
275 280
275 290
275 315
275 335
275 352
275 386
275 494
275 602
275 626
275 671
275 677
275 713
275 722
275 796
275 824
275 880
275 927
275 951
275 970
275 976
276 336
276 357
276 387
276 392
276 446
276 551
276 584
276 600
276 604
276 630
276 646
276 659
276 692
276 815
276 819
276 820
276 835
276 851
276 858
276 932
276 934
276 935
277 281
277 299
277 314
277 318
277 342
277 441
277 472
277 506
277 516
277 554
277 566
277 581
277 645
277 668
277 669
277 689
277 691
277 717
277 761
277 834
277 845
277 853
277 874
277 928
277 935
277 941
277 967
278 339
278 376
278 407
278 416
278 424
278 489
278 519
278 532
278 548
278 588
278 684
278 697
278 768
278 785
278 867
278 952
278 979
278 982
279 286
279 330
279 364
279 444
279 514
279 528
279 552
279 639
279 665
279 706
279 707
279 709
279 762
279 843
279 856
279 979
279 982
279 993
279 998
280 291
280 307
280 329
280 335
280 340
280 500
280 508
280 541
280 544
280 567
280 620
280 734
280 804
280 808
280 933
281 345
281 363
281 414
281 417
281 440
281 441
281 469
281 528
281 600
281 655
281 689
281 690
281 706
281 708
281 805
282 363
282 382
282 432
282 541
282 650
282 668
282 690
282 724
282 830
282 851
282 896
282 967
283 335
283 419
283 446
283 545
283 550
283 627
283 645
283 683
283 699
283 809
283 891
283 912
283 940
283 977
283 995
284 309
284 335
284 377
284 388
284 413
284 454
284 499
284 676
284 705
284 858
284 918
284 989
284 995
285 339
285 421
285 470
285 526
285 626
285 661
285 838
285 879
285 953
285 999
286 344
286 489
286 512
286 572
286 586
286 587
286 639
286 648
286 710
286 761
286 908
286 929
287 299
287 335
287 388
287 452
287 570
287 608
287 662
287 796
287 800
287 853
287 876
287 897
287 980
288 395
288 414
288 421
288 434
288 533
288 607
288 667
288 732
288 967
288 974
288 981
289 298
289 322
289 324
289 334
289 421
289 429
289 446
289 459
289 486
289 512
289 514
289 523
289 572
289 587
289 590
289 625
289 648
289 711
289 730
289 843
289 892
289 901
289 995
289 998
290 342
290 345
290 363
290 368
290 555
290 636
290 645
290 851
290 861
290 891
290 897
291 394
291 415
291 491
291 513
291 570
291 578
291 633
291 644
291 726
291 732
291 745
291 777
291 822
291 889
291 901
291 918
291 931
291 963
291 969
291 976
292 301
292 304
292 319
292 326
292 403
292 461
292 494
292 504
292 508
292 573
292 588
292 607
292 623
292 638
292 663
292 748
292 779
292 932
292 990
293 366
293 414
293 421
293 486
293 533
293 703
293 746
293 756
293 813
293 860
293 870
293 872
293 873
294 319
294 364
294 365
294 434
294 473
294 525
294 684
294 713
294 716
294 768
294 810
294 814
294 859
294 987
294 998
295 314
295 499
295 687
295 712
295 751
295 830
295 836
295 907
295 944
295 976
296 416
296 464
296 589
296 645
296 668
296 818
296 819
296 890
296 896
296 914
296 951
297 304
297 327
297 338
297 364
297 365
297 374
297 375
297 417
297 456
297 457
297 483
297 525
297 559
297 858
297 916
297 966
298 345
298 360
298 434
298 545
298 630
298 640
298 646
298 665
298 732
298 760
298 775
298 779
298 831
298 873
298 946
298 971
298 979
299 356
299 365
299 371
299 375
299 380
299 385
299 415
299 432
299 484
299 513
299 578
299 600
299 604
299 725
299 733
299 814
299 838
299 839
299 880
299 884
299 900
299 901
299 929
300 309
300 327
300 364
300 399
300 417
300 428
300 436
300 444
300 493
300 518
300 525
300 563
300 585
300 666
300 707
300 747
300 858
300 897
300 916
300 981
300 982
300 996
301 452
301 512
301 520
301 574
301 632
301 636
301 645
301 646
301 658
301 694
301 713
301 778
301 805
301 834
301 856
301 863
301 872
302 385
302 503
302 530
302 576
302 584
302 596
302 646
302 656
302 659
302 740
302 786
302 819
302 871
302 991
303 313
303 325
303 328
303 329
303 366
303 427
303 441
303 446
303 533
303 552
303 567
303 571
303 581
303 599
303 630
303 678
303 694
303 737
303 745
303 888
303 903
303 985
303 993
304 325
304 326
304 354
304 373
304 377
304 417
304 485
304 574
304 617
304 620
304 625
304 627
304 638
304 644
304 658
304 660
304 708
304 711
304 739
304 778
304 805
304 806
304 814
304 824
304 835
304 876
304 881
304 902
304 906
304 919
304 936
304 943
304 945
304 987
304 994
305 309
305 335
305 350
305 363
305 448
305 467
305 515
305 531
305 547
305 579
305 624
305 643
305 645
305 650
305 689
305 722
305 761
305 784
305 821
305 858
306 338
306 468
306 473
306 499
306 548
306 561
306 665
306 679
306 681
306 710
306 730
306 760
306 782
306 783
306 800
306 825
306 878
306 938
306 963
306 983
307 372
307 454
307 509
307 682
307 708
307 722
307 848
307 851
307 952
307 995
308 439
308 530
308 656
308 664
308 668
308 694
308 710
308 772
308 826
308 985
309 316
309 365
309 368
309 399
309 447
309 486
309 495
309 574
309 584
309 738
309 757
309 804
309 838
309 916
309 937
309 980
309 981
309 984
310 368
310 428
310 432
310 441
310 479
310 487
310 557
310 562
310 568
310 589
310 760
310 762
310 770
310 823
310 911
310 979
311 405
311 775
311 831
311 896
311 924
312 345
312 349
312 473
312 493
312 521
312 566
312 571
312 636
312 735
312 761
312 763
312 918
313 329
313 379
313 479
313 517
313 547
313 561
313 567
313 597
313 613
313 674
313 765
313 770
313 829
313 923
313 937
313 963
313 964
314 318
314 321
314 322
314 344
314 353
314 367
314 476
314 593
314 641
314 694
314 713
314 779
314 787
314 838
314 844
314 851
315 336
315 339
315 341
315 365
315 384
315 393
315 394
315 446
315 454
315 542
315 577
315 616
315 675
315 705
315 708
315 713
315 797
315 838
315 893
315 930
315 940
316 340
316 428
316 508
316 586
316 656
316 683
316 695
316 723
316 737
316 803
316 932
317 409
317 410
317 426
317 433
317 560
317 585
317 627
317 651
317 658
317 730
317 737
317 770
317 772
317 812
317 838
317 849
317 941
317 955
318 332
318 338
318 387
318 414
318 466
318 469
318 494
318 648
318 694
318 724
318 747
318 750
318 758
318 838
318 905
318 933
318 975
319 388
319 419
319 426
319 461
319 474
319 484
319 508
319 574
319 695
319 699
319 806
319 817
319 887
319 888
319 929
319 955
319 990
320 426
320 469
320 520
320 560
320 579
320 582
320 617
320 783
320 838
320 906
320 914
320 981
321 323
321 351
321 367
321 479
321 545
321 560
321 653
321 663
321 691
321 701
321 706
321 707
321 735
321 790
321 855
321 891
321 909
321 915
322 351
322 362
322 386
322 397
322 506
322 617
322 627
322 630
322 662
322 687
322 696
322 720
322 754
322 845
322 914
322 936
323 476
323 483
323 519
323 525
323 543
323 629
323 630
323 667
323 674
323 697
323 758
323 779
323 790
323 890
324 425
324 645
324 682
324 925
324 951
324 981
324 990
325 470
325 522
325 567
325 837
325 840
325 999
326 362
326 403
326 458
326 508
326 564
326 573
326 592
326 617
326 631
326 636
326 645
326 658
326 699
326 712
326 739
326 743
326 769
326 795
326 810
326 822
326 853
326 927
326 929
326 944
326 994
326 996
327 342
327 358
327 365
327 380
327 403
327 475
327 481
327 486
327 494
327 495
327 524
327 525
327 546
327 559
327 565
327 571
327 579
327 581
327 584
327 605
327 622
327 646
327 674
327 681
327 684
327 744
327 765
327 787
327 796
327 806
327 835
327 849
327 859
327 867
327 896
327 902
327 981
327 982
327 987
328 334
328 395
328 500
328 522
328 580
328 586
328 663
328 724
328 725
328 740
328 822
328 868
328 912
328 937
328 948
328 975
328 985
329 341
329 348
329 375
329 379
329 523
329 533
329 552
329 564
329 567
329 586
329 613
329 651
329 658
329 678
329 754
329 756
329 764
329 772
329 804
329 832
329 888
329 938
329 957
329 989
330 409
330 601
330 657
330 705
330 711
330 713
330 762
330 900
330 902
331 386
331 446
331 469
331 626
331 664
331 707
331 796
331 838
331 898
331 905
331 914
332 367
332 423
332 469
332 487
332 541
332 560
332 626
332 640
332 670
332 696
332 771
332 783
332 833
332 933
332 964
332 980
333 334
333 365
333 375
333 421
333 429
333 490
333 502
333 535
333 597
333 605
333 656
333 680
333 684
333 744
333 784
333 798
333 919
333 954
333 996
334 338
334 366
334 391
334 428
334 438
334 456
334 537
334 542
334 550
334 555
334 568
334 572
334 573
334 582
334 589
334 642
334 649
334 654
334 688
334 697
334 724
334 729
334 774
334 812
334 823
334 862
334 865
334 876
334 921
334 969
334 979
335 340
335 352
335 407
335 416
335 451
335 465
335 471
335 472
335 524
335 627
335 669
335 670
335 676
335 677
335 709
335 713
335 722
335 737
335 746
335 773
335 797
335 798
335 817
335 857
335 886
335 909
335 911
335 931
335 932
335 957
335 966
335 972
335 973
335 999
336 391
336 406
336 413
336 462
336 480
336 493
336 516
336 556
336 574
336 590
336 593
336 636
336 642
336 645
336 650
336 685
336 715
336 759
336 763
336 765
336 784
336 816
336 819
336 863
336 922
336 967
336 971
336 985
337 397
337 448
337 459
337 477
337 509
337 558
337 615
337 703
337 708
337 719
337 723
337 876
337 981
337 983
338 339
338 524
338 536
338 606
338 626
338 874
338 876
338 911
339 381
339 408
339 417
339 421
339 449
339 509
339 512
339 513
339 588
339 667
339 722
339 793
339 838
339 953
339 1000
340 351
340 354
340 435
340 496
340 521
340 538
340 545
340 549
340 601
340 712
340 738
340 774
340 798
340 857
340 870
340 900
340 927
340 957
340 991
340 999
341 356
341 360
341 390
341 394
341 408
341 471
341 532
341 604
341 676
341 697
341 713
341 724
341 756
341 769
341 798
341 839
341 865
341 924
341 940
341 951
341 957
341 967
342 399
342 430
342 444
342 502
342 507
342 511
342 571
342 579
342 638
342 661
342 701
342 738
342 747
342 754
342 760
342 787
342 796
342 801
342 900
342 924
342 940
342 964
343 480
343 511
343 517
343 549
343 644
343 647
343 795
343 824
343 878
343 936
343 989
344 352
344 353
344 355
344 362
344 364
344 367
344 375
344 396
344 459
344 468
344 496
344 499
344 503
344 518
344 560
344 590
344 606
344 609
344 655
344 664
344 685
344 701
344 737
344 753
344 764
344 790
344 863
344 949
344 955
344 960
344 971
345 360
345 370
345 383
345 416
345 417
345 428
345 515
345 516
345 555
345 585
345 603
345 611
345 627
345 645
345 664
345 667
345 691
345 696
345 707
345 715
345 723
345 731
345 744
345 752
345 756
345 761
345 765
345 789
345 791
345 818
345 834
345 890
345 897
345 904
345 930
345 936
345 941
345 946
345 950
345 981
345 985
346 370
346 557
346 580
346 588
346 595
346 607
346 612
346 631
346 682
346 715
346 721
346 722
346 752
346 834
346 844
346 847
346 862
346 873
346 931
346 997
347 401
347 449
347 450
347 589
347 630
347 667
347 699
347 739
347 761
347 768
347 831
347 934
347 971
348 454
348 467
348 493
348 567
348 613
348 622
348 630
348 721
348 734
348 801
348 868
348 872
348 896
348 945
348 971
348 990
348 999
348 1000
349 386
349 577
349 625
349 701
349 750
349 870
349 900
349 903
349 911
349 924
349 982
349 999
350 446
350 574
350 593
350 647
350 676
350 760
350 778
350 870
350 924
350 928
350 940
350 964
350 978
350 987
350 999
351 357
351 422
351 448
351 473
351 482
351 519
351 522
351 534
351 600
351 622
351 772
351 789
351 814
351 964
351 999
352 365
352 454
352 567
352 621
352 704
352 718
352 855
352 914
352 940
352 995
352 997
352 999
353 420
353 434
353 440
353 574
353 578
353 582
353 607
353 624
353 667
353 708
353 737
353 770
353 838
353 847
353 954
353 971
354 386
354 580
354 584
354 644
354 682
354 699
354 861
354 908
354 910
355 401
355 456
355 512
355 536
355 560
355 694
355 914
355 945
355 993
356 357
356 383
356 652
356 667
356 710
356 852
356 914
356 916
356 925
356 931
356 940
356 973
357 530
357 607
357 667
357 676
357 695
357 731
358 376
358 388
358 433
358 462
358 467
358 525
358 637
358 658
358 722
358 762
358 798
358 856
358 868
358 980
359 360
359 414
359 417
359 524
359 539
359 554
359 591
359 612
359 618
359 621
359 637
359 660
359 698
359 705
359 730
359 755
359 809
359 844
359 849
359 868
359 910
359 941
359 981
360 386
360 425
360 631
360 798
360 891
360 987
360 995
361 494
361 537
361 617
361 631
361 633
361 687
361 731
361 817
361 873
361 875
361 930
361 948
361 956
362 404
362 592
362 664
362 670
362 675
362 729
362 737
362 750
362 773
362 791
362 846
362 893
362 933
363 389
363 411
363 442
363 449
363 454
363 516
363 566
363 589
363 595
363 633
363 636
363 641
363 650
363 667
363 677
363 689
363 715
363 742
363 752
363 772
363 774
363 781
363 799
363 827
363 835
363 857
363 874
363 891
363 904
363 917
363 962
363 977
364 399
364 409
364 417
364 436
364 440
364 457
364 469
364 470
364 495
364 518
364 522
364 525
364 541
364 559
364 571
364 605
364 697
364 721
364 727
364 738
364 744
364 747
364 755
364 817
364 826
364 832
364 846
364 856
364 885
364 887
364 918
364 928
364 929
364 954
364 955
364 958
364 981
364 982
364 984
364 989
365 399
365 401
365 518
365 527
365 559
365 561
365 579
365 605
365 622
365 684
365 729
365 738
365 740
365 744
365 747
365 785
365 846
365 858
365 884
365 903
365 912
365 919
365 981
365 982
366 441
366 454
366 480
366 513
366 578
366 587
366 639
366 667
366 698
366 733
366 887
366 901
366 902
366 915
366 921
366 939
366 963
366 976
366 983
366 994
367 389
367 395
367 423
367 426
367 437
367 457
367 466
367 487
367 500
367 501
367 554
367 593
367 609
367 619
367 635
367 637
367 661
367 671
367 674
367 687
367 694
367 705
367 729
367 750
367 793
367 855
367 869
367 933
367 986
367 989
367 992
368 410
368 524
368 552
368 590
368 631
368 680
368 771
368 799
368 805
368 884
368 903
368 914
369 434
369 439
369 473
369 487
369 507
369 517
369 543
369 574
369 630
369 636
369 640
369 852
370 426
370 435
370 574
370 593
370 611
370 623
370 634
370 645
370 703
370 746
370 814
370 821
370 875
370 950
370 974
371 383
371 415
371 444
371 513
371 555
371 562
371 622
371 627
371 733
371 755
371 839
371 887
371 901
371 967
371 983
372 399
372 429
372 443
372 475
372 535
372 649
372 680
372 713
372 730
372 854
372 882
372 886
372 936
372 997
373 416
373 424
373 639
373 684
373 699
373 758
373 769
373 779
373 800
373 886
373 893
373 897
373 902
373 934
373 990
374 394
374 417
374 433
374 434
374 441
374 470
374 476
374 490
374 493
374 511
374 525
374 537
374 552
374 559
374 565
374 571
374 572
374 635
374 672
374 684
374 697
374 738
374 744
374 746
374 767
374 784
374 785
374 787
374 846
374 850
374 859
374 867
374 892
374 928
374 954
374 956
374 981
375 385
375 388
375 390
375 395
375 457
375 462
375 466
375 480
375 511
375 544
375 578
375 647
375 657
375 658
375 660
375 674
375 696
375 712
375 725
375 726
375 803
375 880
375 884
375 901
375 932
375 939
375 941
375 957
375 963
375 969
375 973
375 978
376 409
376 499
376 501
376 519
376 522
376 548
376 584
376 585
376 671
376 684
376 694
376 751
376 913
376 987
376 988
377 378
377 388
377 402
377 425
377 431
377 699
377 775
377 805
377 824
377 873
377 931
377 984
378 448
378 485
378 530
378 667
378 758
378 787
378 853
378 878
378 893
378 936
379 403
379 436
379 497
379 552
379 567
379 621
379 632
379 682
379 693
379 808
379 840
379 961
380 459
380 531
380 557
380 626
380 655
380 819
380 879
380 900
380 957
380 974
381 439
381 495
381 512
381 580
381 611
381 703
381 874
381 882
381 913
381 966
381 970
381 974
381 980
381 1000
382 582
382 629
382 630
382 655
382 853
382 879
382 916
382 951
383 407
383 622
383 645
383 729
383 761
383 763
383 888
383 985
384 402
384 482
384 483
384 522
384 581
384 599
384 674
384 679
384 695
384 708
384 753
384 755
384 760
384 814
384 915
385 390
385 484
385 552
385 565
385 624
385 639
385 726
385 748
385 857
385 924
385 973
386 388
386 446
386 459
386 473
386 501
386 509
386 527
386 592
386 619
386 631
386 639
386 676
386 703
386 704
386 713
386 828
386 839
386 841
386 857
386 905
386 907
386 927
386 940
386 962
386 987
386 988
386 995
386 1000
387 403
387 433
387 451
387 464
387 549
387 590
387 667
387 680
387 710
387 804
387 979
388 482
388 536
388 574
388 588
388 631
388 639
388 644
388 658
388 682
388 695
388 712
388 733
388 749
388 758
388 773
388 785
388 799
388 805
388 816
388 851
388 906
388 920
388 957
389 583
389 633
389 645
389 703
389 737
389 800
389 831
389 853
389 878
389 882
389 885
389 910
389 924
389 925
390 438
390 478
390 498
390 504
390 523
390 617
390 676
390 704
390 713
390 756
390 872
390 879
390 911
390 917
391 418
391 470
391 473
391 517
391 590
391 639
391 645
391 690
391 714
391 785
391 846
391 963
392 416
392 468
392 498
392 640
392 646
392 657
392 680
392 775
392 916
393 404
393 438
393 553
393 589
393 599
393 608
393 623
393 755
393 777
394 454
394 713
394 788
394 813
394 876
394 913
394 998
395 507
395 511
395 586
395 692
395 695
395 740
395 815
395 871
395 881
395 890
395 975
396 404
396 406
396 541
396 547
396 576
396 581
396 601
396 602
396 655
396 668
396 741
396 742
396 765
396 771
396 855
396 902
396 942
397 502
397 507
397 511
397 518
397 561
397 600
397 626
397 654
397 664
397 675
397 676
397 696
397 706
397 707
397 711
397 727
397 821
397 836
397 844
397 871
397 888
397 900
397 949
397 998
398 557
398 566
398 568
398 655
398 662
398 695
398 712
398 722
398 783
398 879
398 997
399 412
399 417
399 428
399 492
399 507
399 522
399 525
399 579
399 664
399 684
399 695
399 701
399 706
399 731
399 732
399 747
399 783
399 794
399 883
399 989
399 995
400 434
400 446
400 570
400 838
400 901
400 914
401 414
401 419
401 445
401 452
401 459
401 481
401 546
401 575
401 590
401 624
401 683
401 732
401 752
401 837
401 881
401 952
401 964
401 980
402 537
402 709
402 712
402 767
402 769
402 831
402 929
403 425
403 475
403 477
403 503
403 600
403 627
403 640
403 644
403 663
403 739
403 777
403 805
403 902
403 983
403 997
404 413
404 446
404 451
404 536
404 547
404 549
404 553
404 574
404 581
404 601
404 636
404 658
404 757
404 771
404 870
404 887
404 899
404 905
404 919
404 981
405 514
405 667
405 676
405 707
405 771
405 798
405 817
405 836
405 875
405 966
406 520
406 595
406 603
406 639
406 771
406 799
406 820
406 900
406 911
406 916
406 945
406 966
407 548
407 558
407 680
407 688
407 795
407 935
408 446
408 479
408 486
408 508
408 532
408 579
408 683
408 713
408 767
408 802
408 857
408 924
408 940
408 999
409 416
409 427
409 522
409 549
409 569
409 585
409 864
409 913
409 926
409 960
410 445
410 454
410 633
410 706
410 715
410 775
410 797
410 917
410 934
410 999
411 471
411 488
411 525
411 606
411 643
411 750
411 817
411 847
411 862
411 870
411 898
411 987
412 503
412 514
412 543
412 768
412 973
413 417
413 473
413 506
413 549
413 558
413 731
413 759
413 772
413 813
413 831
413 853
413 876
414 451
414 452
414 499
414 563
414 573
414 588
414 599
414 683
414 693
414 703
414 745
414 789
414 790
414 800
414 801
414 881
414 883
414 907
414 909
414 913
414 959
414 966
415 884
415 901
415 936
415 963
415 983
416 417
416 418
416 449
416 503
416 510
416 618
416 636
416 686
416 691
416 715
416 717
416 729
416 774
416 787
416 788
416 792
416 802
416 811
416 821
416 863
416 897
416 904
416 906
417 424
417 487
417 490
417 502
417 552
417 571
417 579
417 605
417 636
417 680
417 688
417 699
417 703
417 711
417 714
417 747
417 767
417 778
417 784
417 785
417 796
417 798
417 846
417 858
417 912
417 916
417 956
417 965
417 981
418 434
418 557
418 558
418 598
418 693
418 712
418 714
418 810
418 833
418 842
418 877
418 971
419 437
419 443
419 459
419 652
419 681
419 756
419 795
419 800
419 832
419 848
419 907
419 952
420 474
420 509
420 533
420 554
420 563
420 604
420 645
420 651
420 699
420 708
420 719
420 841
421 431
421 485
421 536
421 540
421 628
421 695
421 791
421 845
421 860
421 939
421 953
421 961
421 998
422 461
422 524
422 546
422 619
422 630
422 772
422 773
422 786
422 837
422 853
422 855
422 872
422 995
423 469
423 487
423 537
423 619
423 626
423 644
423 645
423 652
423 687
423 751
423 862
423 958
423 969
423 975
423 977
424 519
424 522
424 548
424 563
424 616
424 688
424 690
424 698
424 768
424 889
424 894
424 926
424 974
425 557
425 646
425 671
425 675
425 683
425 712
425 720
425 725
425 801
425 836
425 873
425 895
425 928
425 942
425 944
426 516
426 623
426 626
426 629
426 650
426 684
426 707
426 736
426 838
426 858
426 882
426 956
426 978
427 429
427 450
427 480
427 519
427 526
427 548
427 569
427 658
427 698
427 735
427 751
427 791
427 827
427 828
427 998
428 432
428 479
428 555
428 568
428 573
428 804
428 823
428 829
428 849
428 862
428 920
428 945
428 979
429 514
429 518
429 525
429 653
429 686
429 715
429 778
429 896
429 957
429 973
429 983
430 469
430 507
430 570
430 599
430 655
430 831
430 842
430 932
430 982
431 465
431 498
431 518
431 611
431 704
431 720
431 766
431 817
431 826
431 870
431 898
432 433
432 567
432 649
432 654
432 762
432 823
432 829
432 860
432 862
432 870
432 974
432 979
433 436
433 631
433 658
433 775
433 776
433 805
433 920
434 456
434 460
434 486
434 500
434 574
434 582
434 636
434 640
434 646
434 647
434 657
434 667
434 754
434 759
434 766
434 772
434 798
434 819
434 824
434 856
434 861
434 875
434 893
434 922
434 945
434 970
434 981
435 520
435 785
435 798
435 830
435 894
435 927
435 943
435 957
436 452
436 544
436 565
436 570
436 578
436 787
436 796
436 800
436 916
437 443
437 452
437 524
437 548
437 552
437 564
437 624
437 627
437 644
437 738
437 771
437 848
437 855
437 874
437 882
437 890
437 944
437 952
437 966
437 970
437 987
438 478
438 480
438 513
438 522
438 533
438 561
438 584
438 636
438 732
438 759
438 818
438 878
438 914
438 925
438 942
438 955
438 987
439 516
439 529
439 570
439 651
439 666
439 674
439 679
439 699
439 716
439 731
439 751
439 755
439 782
439 794
439 847
439 878
439 914
439 937
439 949
439 976
440 443
440 444
440 467
440 494
440 608
440 637
440 743
440 774
440 800
440 848
440 852
440 905
440 929
440 960
440 980
441 462
441 509
441 521
441 575
441 593
441 622
441 636
441 645
441 669
441 675
441 690
441 692
441 719
441 763
441 821
441 866
441 924
441 930
441 960
441 995
442 521
442 574
442 631
442 714
442 729
442 761
442 774
442 821
442 933
443 452
443 455
443 473
443 571
443 605
443 620
443 677
443 683
443 693
443 732
443 743
443 777
443 800
443 938
444 517
444 552
444 566
444 599
444 684
444 741
444 746
444 752
444 870
444 879
444 885
444 989
445 454
445 530
445 573
445 606
445 622
445 657
445 717
445 781
445 817
445 844
445 853
445 953
446 461
446 494
446 522
446 545
446 559
446 588
446 592
446 615
446 713
446 722
446 780
446 782
446 797
446 802
446 846
446 857
446 870
446 873
446 905
446 940
446 947
446 958
446 987
446 990
447 494
447 518
447 549
447 564
447 571
447 628
447 637
447 811
447 947
447 981
448 499
448 560
448 584
448 592
448 606
448 627
448 667
448 775
448 845
448 886
448 922
449 484
449 634
449 765
449 790
449 809
449 834
449 843
449 888
449 953
449 986
450 470
450 489
450 512
450 514
450 534
450 546
450 560
450 572
450 576
450 641
450 949
450 963
450 981
450 998
451 468
451 480
451 499
451 540
451 571
451 607
451 623
451 694
451 703
451 812
451 848
451 910
451 913
451 980
451 982
451 990
451 997
452 459
452 504
452 535
452 615
452 633
452 677
452 766
452 800
452 839
452 846
452 882
452 904
452 968
452 970
452 980
452 995
453 485
453 585
453 732
453 737
453 885
453 960
453 966
453 973
453 974
453 977
454 464
454 471
454 501
454 508
454 509
454 520
454 566
454 568
454 644
454 645
454 661
454 669
454 671
454 676
454 679
454 696
454 722
454 724
454 822
454 851
454 905
454 907
454 912
454 922
454 932
454 956
454 988
454 995
454 999
455 525
455 567
455 579
455 630
455 775
455 798
455 831
455 838
455 933
456 558
456 568
456 573
456 600
456 724
456 742
456 762
456 823
456 933
456 979
457 480
457 572
457 620
457 639
457 643
457 694
457 829
457 862
457 884
457 901
457 948
457 963
457 979
458 502
458 630
458 640
458 781
458 787
458 891
459 497
459 602
459 732
459 795
459 803
459 806
459 848
459 960
459 963
460 732
460 888
460 899
460 910
460 911
460 925
460 936
460 958
461 631
461 668
461 682
461 712
461 731
461 733
461 754
461 769
461 825
461 874
461 997
462 472
462 484
462 513
462 540
462 574
462 583
462 613
462 639
462 707
462 755
462 794
462 977
463 493
463 696
463 779
463 842
463 884
463 939
464 597
464 669
464 704
464 732
464 750
464 798
464 954
465 469
465 482
465 494
465 626
465 645
465 648
465 678
465 680
465 687
465 707
465 764
465 838
465 889
465 907
465 940
466 469
466 471
466 560
466 570
466 579
466 617
466 626
466 912
467 501
467 525
467 550
467 556
467 599
467 636
467 677
467 811
467 821
467 863
467 975
468 659
468 697
468 914
468 983
468 997
469 487
469 520
469 560
469 570
469 571
469 585
469 609
469 648
469 652
469 687
469 694
469 705
469 719
469 742
469 750
469 754
469 778
469 783
469 790
469 828
469 842
469 895
469 904
469 914
469 918
469 922
469 933
469 941
469 954
469 967
469 999
470 565
470 579
470 586
470 611
470 654
470 744
470 768
470 906
470 908
470 930
470 949
470 981
471 543
471 550
471 708
471 710
471 782
471 989
472 492
472 639
472 671
472 726
472 730
472 765
472 820
472 828
472 875
472 876
472 879
473 480
473 503
473 509
473 530
473 570
473 622
473 637
473 695
473 708
473 710
473 727
473 731
473 741
473 761
473 777
473 793
473 853
473 865
473 874
473 929
473 939
473 994
474 480
474 488
474 509
474 614
474 674
474 679
474 725
474 776
474 853
474 874
474 918
475 541
475 654
475 655
475 679
475 730
475 749
475 810
475 865
475 876
475 879
475 885
475 899
475 983
476 518
476 580
476 754
476 855
476 865
476 914
476 933
476 971
476 998
476 1000
477 529
477 606
477 680
477 695
477 781
477 864
477 911
477 914
477 943
477 974
477 975
478 573
478 652
478 695
478 756
478 805
478 839
478 925
478 975
479 499
479 568
479 573
479 576
479 639
479 640
479 645
479 691
479 759
479 829
480 484
480 511
480 556
480 570
480 578
480 652
480 725
480 726
480 733
480 756
480 765
480 771
480 781
480 831
480 880
480 898
480 901
480 959
480 963
480 983
480 989
481 572
481 624
481 629
481 703
481 751
481 770
481 800
481 864
481 881
481 980
481 981
482 501
482 555
482 644
482 696
482 705
482 787
482 820
482 837
482 883
482 922
482 939
482 968
483 488
483 543
483 647
483 783
483 784
483 831
483 840
483 876
483 908
483 953
484 491
484 513
484 623
484 624
484 636
484 639
484 683
484 684
484 726
484 749
484 754
484 872
484 887
484 901
484 951
484 956
484 957
484 969
484 974
485 500
485 508
485 631
485 650
485 695
485 699
485 798
485 821
485 851
486 507
486 554
486 573
486 674
486 684
486 784
486 796
486 834
486 867
486 957
487 539
487 560
487 609
487 692
487 694
487 701
487 707
487 848
488 550
488 610
488 663
488 757
488 824
488 848
488 870
488 901
488 958
488 978
489 512
489 542
489 605
489 980
490 571
490 578
490 639
490 658
490 695
490 747
490 787
490 923
490 987
491 543
491 578
491 597
491 659
491 674
491 695
491 756
491 809
491 842
491 853
491 854
491 884
491 901
491 963
492 498
492 543
492 553
492 584
492 597
492 599
492 650
492 652
492 667
492 692
492 713
492 732
492 784
492 819
492 826
492 852
492 872
492 967
493 515
493 517
493 528
493 560
493 574
493 605
493 610
493 636
493 643
493 645
493 650
493 687
493 699
493 715
493 794
493 824
493 834
493 863
493 890
493 892
494 504
494 529
494 543
494 560
494 600
494 628
494 650
494 664
494 671
494 674
494 675
494 685
494 707
494 710
494 818
494 827
494 937
494 946
494 981
494 999
495 537
495 571
495 594
495 630
495 697
495 714
495 721
495 952
495 981
495 998
496 758
496 761
496 809
496 901
496 923
496 924
496 999
497 517
497 695
497 749
497 775
497 816
497 821
497 879
497 937
498 510
498 572
498 622
498 857
498 940
498 953
498 978
498 987
499 570
499 594
499 604
499 620
499 622
499 635
499 647
499 654
499 660
499 666
499 675
499 701
499 723
499 728
499 808
499 815
499 830
499 853
499 876
499 878
499 914
499 929
499 952
499 959
499 971
499 978
499 985
500 626
500 669
500 765
500 843
500 975
501 626
501 810
501 914
501 938
502 518
502 556
502 559
502 579
502 639
502 683
502 703
502 716
502 738
502 796
502 798
502 918
502 932
502 986
502 989
503 584
503 607
503 630
503 640
503 665
503 668
503 689
503 707
503 729
503 737
503 757
503 783
503 785
503 814
503 819
503 852
503 866
503 895
503 917
503 934
503 964
503 984
504 508
504 512
504 534
504 593
504 620
504 658
504 937
504 952
504 997
505 573
505 594
505 599
505 651
505 668
505 671
505 815
505 827
505 910
505 925
505 999
506 533
506 545
506 564
506 575
506 596
506 631
506 699
506 722
506 879
506 904
506 917
506 994
507 534
507 577
507 701
507 746
507 811
507 847
507 869
507 905
507 921
507 925
508 538
508 564
508 584
508 587
508 588
508 590
508 616
508 665
508 712
508 744
508 798
508 808
508 828
508 833
508 896
508 936
508 957
508 959
508 967
508 994
508 997
509 523
509 529
509 530
509 534
509 564
509 570
509 582
509 601
509 604
509 631
509 641
509 671
509 674
509 681
509 683
509 708
509 730
509 792
509 814
509 825
509 841
509 857
509 876
509 914
509 993
509 994
510 525
510 531
510 557
510 590
510 639
510 679
510 832
510 888
511 522
511 558
511 709
511 741
511 748
511 756
511 809
511 849
511 862
511 963
511 983
512 531
512 539
512 542
512 549
512 551
512 587
512 595
512 624
512 755
512 768
512 864
512 867
512 892
512 895
512 908
512 998
513 578
513 639
513 720
513 733
513 809
513 836
513 862
513 880
513 884
513 885
513 887
513 963
513 969
514 528
514 549
514 572
514 587
514 648
514 657
514 709
514 715
514 733
514 765
514 776
514 809
514 818
514 978
515 521
515 541
515 547
515 564
515 581
515 603
515 650
515 694
515 697
515 729
515 752
515 763
515 774
515 799
515 868
515 875
515 901
516 560
516 585
516 605
516 645
516 696
516 791
516 871
516 881
516 916
516 937
517 563
517 575
517 590
517 592
517 664
517 731
517 745
517 924
518 525
518 565
518 573
518 579
518 605
518 644
518 679
518 711
518 744
518 771
518 784
518 787
518 795
518 817
518 867
518 886
518 900
518 931
518 973
518 981
519 522
519 532
519 538
519 539
519 632
519 757
519 794
519 876
519 936
519 941
519 954
520 566
520 659
520 698
520 706
520 782
520 798
520 802
520 876
520 898
520 940
520 995
521 532
521 596
521 616
521 643
521 691
521 712
521 735
521 752
521 753
521 760
521 774
521 778
521 933
521 963
521 985
521 991
522 544
522 548
522 563
522 569
522 584
522 588
522 632
522 799
522 876
522 890
522 926
522 980
523 559
523 570
523 653
523 666
523 756
523 772
523 789
523 827
523 853
523 866
523 877
523 915
523 939
523 958
523 969
524 529
524 533
524 554
524 591
524 615
524 705
524 844
524 849
524 904
524 976
524 998
525 541
525 559
525 563
525 615
525 668
525 697
525 721
525 737
525 738
525 784
525 785
525 832
525 846
525 851
525 867
525 937
525 956
525 966
525 972
525 982
525 984
526 583
526 590
526 630
526 647
526 736
526 745
526 858
526 924
526 935
527 528
527 561
527 569
527 614
527 817
527 870
527 898
527 981
528 739
528 771
528 843
528 863
528 926
528 933
528 990
528 993
528 998
529 653
529 679
529 681
529 731
529 765
529 792
529 826
529 878
529 931
529 964
529 986
530 570
530 604
530 635
530 637
530 660
530 681
530 727
530 776
530 801
530 853
530 972
530 997
531 533
531 557
531 655
531 690
531 757
531 815
531 841
531 879
532 540
532 563
532 565
532 640
532 708
532 729
532 734
532 764
532 849
532 926
532 947
533 539
533 554
533 591
533 595
533 599
533 612
533 615
533 621
533 638
533 691
533 705
533 736
533 738
533 777
533 805
533 844
533 849
533 910
533 936
533 966
533 990
534 622
534 660
534 679
534 688
534 708
534 723
534 725
534 732
534 772
534 810
534 876
535 678
535 758
535 850
535 856
535 869
535 925
536 547
536 576
536 622
536 751
536 757
536 775
536 844
536 860
536 927
536 964
536 980
537 555
537 570
537 573
537 589
537 649
537 783
537 823
537 829
537 894
537 979
538 606
538 625
538 632
538 867
538 914
538 915
538 926
538 932
538 936
539 554
539 579
539 591
539 604
539 615
539 705
539 840
539 842
539 844
539 849
539 859
539 976
539 985
540 590
540 628
540 670
540 788
540 836
540 860
540 943
541 636
541 707
541 765
541 773
541 774
541 778
541 904
542 549
542 635
542 696
542 750
542 798
542 853
542 940
543 564
543 597
543 607
543 635
543 640
543 657
543 677
543 681
543 682
543 696
543 708
543 716
543 721
543 737
543 747
543 749
543 750
543 795
543 819
543 821
543 825
543 826
543 837
543 871
543 934
543 946
543 980
544 588
544 817
544 898
544 960
545 568
545 655
545 658
545 669
545 672
545 688
545 713
545 729
545 760
545 783
545 797
545 809
545 837
545 853
545 860
545 864
545 895
545 924
545 940
545 947
545 987
545 988
546 575
546 581
546 621
546 644
546 657
546 693
546 732
546 751
546 808
546 848
546 882
546 883
546 952
546 966
546 1000
547 565
547 601
547 679
547 754
547 771
547 838
547 880
547 920
547 925
547 971
547 995
547 1000
548 563
548 682
548 703
548 722
548 730
548 878
548 926
549 572
549 580
549 587
549 632
549 845
549 889
549 892
550 569
550 717
550 784
550 817
550 854
550 870
550 944
550 958
551 590
551 600
551 828
551 851
552 678
552 705
552 804
552 961
553 581
553 601
553 638
553 757
553 771
553 872
553 886
553 922
554 579
554 593
554 615
554 617
554 621
554 705
554 839
554 844
554 849
554 910
554 922
554 967
554 995
555 573
555 654
555 690
555 762
555 765
555 812
555 823
555 840
555 845
555 849
555 862
555 971
555 979
556 599
556 705
556 751
556 907
556 915
556 936
557 599
557 629
557 655
557 725
557 763
557 795
557 855
557 860
557 864
557 879
557 885
557 889
557 900
557 918
557 964
557 989
558 633
558 634
558 637
558 653
558 703
558 779
558 805
558 825
558 862
558 925
558 978
559 649
559 682
559 706
559 711
559 785
559 796
559 918
559 956
559 993
560 609
560 628
560 682
560 685
560 688
560 707
560 710
560 716
560 722
560 733
560 750
560 754
560 760
560 765
560 828
560 838
560 861
560 876
560 893
560 900
560 913
560 919
560 933
560 937
560 961
560 976
560 990
560 992
560 999
561 566
561 573
561 836
561 847
561 870
561 925
561 954
562 580
562 623
562 626
562 632
562 748
562 756
562 893
562 901
562 925
562 963
562 973
562 975
562 981
562 986
562 995
563 574
563 677
563 766
563 779
564 594
564 615
564 625
564 627
564 658
564 748
564 868
564 943
564 979
564 990
565 576
565 615
565 738
565 767
565 800
565 842
565 852
565 853
565 981
565 989
566 593
566 645
566 668
566 689
566 885
566 933
567 613
567 678
567 789
567 876
568 575
568 579
568 654
568 809
568 810
568 832
568 840
568 888
568 979
568 995
569 594
569 612
569 629
569 788
569 969
570 579
570 597
570 598
570 634
570 635
570 652
570 660
570 672
570 679
570 680
570 720
570 738
570 805
570 816
570 825
570 830
570 832
570 855
570 856
570 874
570 915
570 922
570 929
570 942
571 694
571 711
571 716
571 724
571 742
571 767
571 785
571 795
571 844
571 858
571 882
571 918
571 929
571 938
571 981
572 594
572 595
572 598
572 620
572 843
572 844
572 996
572 998
573 591
573 649
573 654
573 724
573 812
573 823
573 855
573 862
573 882
573 886
573 907
573 938
574 585
574 595
574 610
574 617
574 625
574 636
574 645
574 650
574 690
574 728
574 752
574 808
574 835
574 891
574 908
574 941
574 959
574 986
575 581
575 679
575 710
575 761
575 765
575 778
575 861
575 865
575 870
575 955
576 581
576 677
576 771
576 804
576 813
576 886
576 911
576 920
576 971
577 635
577 647
577 671
577 696
577 728
577 731
577 838
577 851
577 979
578 725
578 726
578 853
578 930
578 994
579 605
579 610
579 664
579 672
579 686
579 711
579 721
579 725
579 744
579 746
579 767
579 784
579 785
579 789
579 867
579 878
579 888
579 897
579 944
579 956
579 981
579 982
580 591
580 633
580 655
580 658
580 699
580 779
580 824
580 842
580 917
581 589
581 601
581 643
581 676
581 748
581 771
581 804
581 805
581 834
581 888
581 901
581 996
582 606
582 651
582 654
582 708
582 710
582 814
582 856
582 878
582 916
583 639
583 694
583 696
583 790
583 867
583 988
583 994
584 641
584 669
584 673
584 692
584 759
584 799
584 822
584 846
584 865
584 918
584 945
584 977
585 636
585 650
585 728
585 863
585 897
585 949
585 950
585 985
585 999
586 760
586 799
586 835
586 864
587 698
587 858
587 938
587 997
588 590
588 625
588 751
588 759
588 771
588 901
588 928
588 964
589 618
589 717
589 840
589 862
589 891
589 924
589 979
590 592
590 607
590 680
590 684
590 832
590 929
590 968
590 998
591 612
591 670
591 699
591 705
591 736
591 738
591 834
591 844
591 849
591 898
591 910
591 915
592 717
592 737
592 745
592 959
592 999
593 636
593 715
593 760
593 774
593 796
593 930
594 660
594 690
594 712
594 729
594 867
594 872
594 922
594 926
595 646
595 650
595 668
595 715
595 765
595 929
595 985
596 640
596 667
596 669
596 694
596 744
596 781
596 807
596 863
596 871
596 875
596 893
596 909
596 914
597 793
597 800
597 807
597 850
597 860
597 952
598 616
598 638
598 667
598 684
598 835
598 934
598 937
598 943
598 949
598 979
598 990
598 997
599 643
599 681
599 751
599 869
599 912
599 925
599 949
599 986
599 997
600 604
600 635
600 637
600 675
600 680
600 702
600 730
600 731
600 785
600 789
600 820
600 841
600 876
600 915
600 936
600 973
601 685
601 704
601 750
601 771
601 777
601 834
601 883
601 886
601 927
601 956
602 630
602 700
602 738
602 745
602 817
602 849
602 958
603 689
603 715
603 723
603 728
603 729
603 750
603 820
603 851
603 883
603 891
603 909
603 1000
604 624
604 726
604 774
604 936
604 986
605 697
605 700
605 808
605 812
605 858
605 886
605 967
605 981
606 614
606 703
606 867
606 870
606 872
606 917
606 963
607 640
607 648
607 659
607 673
607 685
607 699
607 759
607 789
607 794
607 813
607 831
607 866
607 895
607 934
607 949
607 958
608 672
608 763
608 821
608 862
608 953
609 613
609 617
609 627
609 660
609 687
609 694
609 735
609 795
609 821
609 836
609 881
609 909
609 933
610 634
610 638
610 645
610 703
610 718
610 774
610 907
610 985
611 645
611 691
611 735
611 752
611 797
611 799
611 819
611 834
611 843
611 890
611 992
612 705
612 736
612 838
612 959
612 973
612 987
613 636
613 678
613 812
613 853
613 955
614 627
614 772
614 791
614 828
614 896
614 937
614 986
615 621
615 634
615 696
615 716
615 781
615 838
615 841
615 844
615 852
615 910
615 913
615 961
615 967
616 655
616 688
616 707
616 856
616 857
616 873
616 929
616 930
616 937
616 961
617 626
617 664
617 774
617 790
617 885
617 894
617 913
617 919
617 933
617 937
617 973
617 988
618 634
618 645
618 715
618 717
618 739
618 817
619 664
619 695
619 707
619 778
619 838
619 847
619 855
619 897
619 966
619 980
620 625
620 636
620 712
620 805
620 806
620 823
620 824
620 853
620 902
620 958
620 997
621 640
621 705
621 736
621 808
621 811
621 841
621 844
622 630
622 679
622 688
622 716
622 719
622 726
622 727
622 772
622 808
622 853
622 878
623 670
623 826
623 880
623 922
623 963
624 633
624 683
624 703
624 751
624 813
624 859
624 882
624 883
624 898
624 913
624 934
624 952
624 970
624 980
624 1000
625 714
625 795
625 805
625 877
625 932
625 967
625 997
626 628
626 635
626 664
626 666
626 694
626 707
626 711
626 721
626 735
626 828
626 830
626 836
626 852
626 903
626 912
626 922
626 926
626 936
626 954
627 675
627 742
627 745
627 764
627 835
627 838
627 869
627 907
627 914
627 923
627 971
627 974
627 984
628 670
628 706
628 746
628 825
628 913
628 953
628 1000
629 655
629 720
629 763
629 848
629 879
629 913
629 931
629 995
630 637
630 640
630 642
630 659
630 667
630 673
630 699
630 705
630 714
630 734
630 754
630 758
630 774
630 792
630 865
630 866
630 872
630 899
630 932
630 945
630 992
630 1000
631 663
631 712
631 743
631 752
631 795
631 798
631 803
631 813
631 899
631 906
631 928
631 944
631 968
631 997
632 688
632 756
632 822
633 636
633 732
633 794
633 818
633 883
633 913
633 918
633 946
633 952
633 960
633 966
633 974
633 980
634 645
634 765
634 833
634 876
634 887
634 967
635 662
635 673
635 681
635 706
635 708
635 710
635 731
635 876
635 878
635 890
635 915
636 640
636 647
636 668
636 701
636 723
636 728
636 743
636 752
636 760
636 764
636 767
636 774
636 776
636 788
636 802
636 806
636 821
636 838
636 904
636 913
636 967
636 976
636 985
636 995
637 662
637 716
637 730
637 748
637 771
637 775
637 782
637 786
637 792
637 803
637 814
637 856
637 862
637 869
637 939
638 658
638 758
638 844
638 851
638 940
638 961
638 982
638 996
639 645
639 707
639 725
639 732
639 733
639 756
639 780
639 782
639 788
639 858
639 882
639 884
639 896
639 901
639 957
639 963
639 973
639 984
640 641
640 659
640 661
640 684
640 700
640 727
640 734
640 738
640 739
640 741
640 775
640 801
640 803
640 819
640 823
640 859
640 861
640 893
640 894
640 910
640 915
640 921
640 971
640 972
640 973
641 692
641 755
641 775
641 813
641 971
641 995
642 650
642 752
642 945
642 975
643 669
643 994
644 671
644 682
644 703
644 718
644 803
644 813
644 833
644 860
644 936
644 943
644 994
645 666
645 729
645 732
645 740
645 763
645 773
645 820
645 826
645 830
645 834
645 837
645 863
645 882
645 901
645 932
645 945
645 959
645 991
646 745
646 798
646 859
646 929
646 933
646 934
646 935
646 940
646 952
646 955
646 961
646 964
646 995
647 868
647 919
647 980
648 694
648 751
648 762
649 654
649 812
649 823
649 826
649 849
649 862
649 979
649 987
650 679
650 683
650 775
650 794
650 795
650 818
650 821
650 875
650 950
650 985
650 986
650 991
650 992
650 996
651 674
651 708
651 712
651 754
651 792
651 808
651 815
651 955
652 682
652 706
652 836
652 844
652 961
653 667
653 668
653 680
653 705
653 728
653 773
653 839
653 853
653 858
653 981
654 701
654 724
654 754
654 762
654 817
654 829
654 862
654 979
654 988
655 692
655 700
655 718
655 833
655 836
655 875
655 879
655 885
656 659
656 699
656 784
657 665
657 741
657 781
657 872
657 904
657 916
657 997
658 670
658 679
658 699
658 758
658 769
658 780
658 782
658 805
658 806
658 828
658 837
658 845
658 922
658 929
658 936
658 939
658 940
658 944
658 976
658 983
658 994
659 829
659 874
659 893
659 920
659 934
659 945
659 975
660 689
660 730
660 856
660 863
660 990
661 699
661 703
661 708
661 749
661 777
661 809
661 872
661 885
661 944
662 663
662 666
662 691
662 714
662 772
662 783
662 862
662 998
663 695
663 752
663 761
663 899
663 914
663 932
663 955
663 975
663 989
664 685
664 687
664 742
664 751
664 778
664 793
664 811
664 828
664 836
664 898
664 919
664 932
664 946
664 965
664 982
665 749
665 769
665 775
665 782
665 819
665 822
665 853
665 872
665 913
665 915
666 679
666 700
666 712
666 772
666 783
666 799
666 830
666 854
666 915
667 674
667 687
667 699
667 749
667 764
667 781
667 831
667 849
667 879
667 905
667 917
667 934
667 949
667 972
667 975
668 728
668 730
668 752
668 822
668 939
668 950
669 763
669 853
669 924
669 937
669 947
669 974
670 672
670 699
670 767
670 805
670 851
670 936
670 969
670 997
671 697
671 701
671 791
671 798
671 847
671 866
671 871
671 885
671 924
671 938
671 943
671 987
672 716
672 734
672 767
672 785
672 792
672 867
672 879
672 969
672 989
673 732
673 819
673 873
673 894
673 925
673 966
674 790
674 915
674 978
675 725
675 750
675 858
675 866
675 933
675 991
676 696
676 771
676 832
676 853
676 857
676 859
676 933
676 940
676 977
676 995
677 713
677 722
677 728
677 798
677 948
677 987
678 713
678 774
678 797
678 838
678 872
678 888
678 940
679 680
679 731
679 755
679 775
679 792
679 821
679 826
679 846
679 874
679 878
679 909
679 933
679 960
679 990
680 710
680 715
680 777
680 781
680 782
680 789
680 808
680 815
680 828
680 841
680 857
680 868
680 874
680 877
680 878
680 953
680 978
681 730
681 770
681 772
681 813
681 829
681 853
681 861
681 911
681 959
681 971
681 978
682 712
682 824
682 940
683 732
683 913
683 914
683 974
684 814
684 846
684 867
684 954
684 981
685 694
685 752
685 835
685 882
685 925
686 704
686 727
686 809
686 859
686 894
686 999
687 688
687 762
687 811
687 838
687 876
687 907
687 945
687 966
688 730
688 772
688 782
688 796
688 856
688 873
688 939
688 978
689 696
689 834
689 835
689 864
689 897
689 934
689 986
689 987
689 995
690 728
690 740
690 760
690 769
690 834
690 898
690 935
690 941
691 725
691 727
691 752
691 798
691 832
691 834
691 967
692 694
692 709
692 712
692 714
692 775
692 786
692 800
692 806
692 819
692 822
692 907
692 937
692 940
693 745
693 757
693 820
693 895
693 906
693 957
693 961
693 995
694 707
694 735
694 742
694 754
694 773
694 790
694 793
694 806
694 903
694 919
694 923
694 938
694 977
694 992
695 705
695 737
695 776
695 789
695 808
695 829
695 856
695 868
695 909
695 915
695 969
695 975
695 981
695 995
696 700
696 704
696 707
696 750
696 789
696 795
696 817
696 821
696 838
696 950
696 957
697 720
697 775
697 787
697 867
698 751
698 764
698 936
698 975
699 709
699 774
699 788
699 789
699 807
699 899
699 922
699 928
699 936
699 990
700 825
700 843
700 866
700 954
700 958
700 960
700 962
701 702
701 750
701 762
701 838
701 855
701 914
702 776
702 790
702 909
702 953
703 741
703 751
703 766
703 800
703 809
703 811
703 817
703 894
703 934
703 938
703 960
703 970
703 974
704 710
704 715
704 747
704 755
704 795
704 797
704 819
704 842
704 891
704 897
704 899
704 907
704 924
704 937
704 940
704 947
704 949
704 951
704 987
704 999
705 717
705 736
705 796
705 824
705 844
705 848
705 849
705 851
705 856
705 884
705 889
705 910
705 923
705 976
706 733
706 746
706 773
706 832
706 851
706 895
706 901
706 916
706 933
706 994
707 821
707 831
707 835
707 864
707 893
707 897
707 919
707 938
707 944
707 992
708 743
708 811
708 814
708 841
708 856
708 876
708 937
708 964
708 984
709 779
709 782
709 810
709 847
709 915
710 755
710 803
710 838
710 855
710 934
710 936
710 940
710 961
711 730
711 739
711 746
711 796
711 815
711 883
711 893
711 917
711 952
712 744
712 762
712 793
712 810
712 916
712 964
712 975
713 757
713 765
713 770
713 780
713 821
713 822
713 916
713 988
714 725
714 831
714 833
714 908
714 961
714 964
714 981
715 759
715 811
715 897
715 904
715 941
715 950
715 974
716 745
716 758
716 790
716 804
716 826
716 858
716 867
716 914
716 946
716 963
716 989
717 755
717 958
718 781
718 888
718 923
719 721
719 823
719 878
719 931
720 805
720 834
720 929
720 960
721 885
721 972
721 981
721 996
722 773
722 798
722 802
722 839
722 847
722 849
722 857
722 876
722 879
722 908
722 940
722 943
722 951
723 772
723 786
723 821
723 827
723 921
724 765
724 829
724 840
724 841
725 726
725 729
725 851
725 868
725 880
725 924
725 982
726 799
726 833
727 734
727 853
727 876
727 887
727 939
727 989
727 992
728 752
728 778
728 780
728 808
728 821
728 873
728 874
728 885
728 924
728 986
729 774
729 801
729 821
729 835
729 878
729 937
729 940
729 985
730 755
730 762
730 763
730 777
730 782
730 797
730 807
730 821
730 959
731 733
731 772
731 777
731 808
731 839
731 855
731 869
731 877
731 878
731 885
731 929
731 978
731 984
731 998
732 754
732 779
732 882
732 926
732 970
733 739
733 750
733 779
733 792
733 874
733 901
733 921
733 963
733 983
734 819
734 852
734 899
734 945
735 750
735 773
735 853
735 889
736 746
736 769
736 792
736 844
736 910
736 985
737 767
737 975
737 979
738 739
738 746
738 766
738 779
738 785
738 798
738 808
738 816
738 844
738 867
738 916
738 954
738 956
738 964
738 979
738 982
738 984
738 989
738 990
739 743
739 752
739 758
739 763
739 788
739 797
739 805
739 824
739 833
739 873
739 891
739 902
739 929
739 960
740 758
740 843
740 904
740 975
740 998
741 774
741 775
741 819
741 840
741 872
741 879
741 891
741 945
741 964
741 980
742 838
742 841
742 844
742 908
742 911
742 912
742 940
742 980
743 786
743 832
743 861
743 872
743 913
743 917
743 929
743 936
743 994
744 747
744 766
744 787
744 796
744 918
744 953
744 959
744 981
745 832
746 950
746 965
746 981
746 982
747 787
747 852
747 867
747 903
747 915
747 957
747 995
748 772
748 784
748 851
748 953
748 954
749 872
749 945
750 813
750 828
750 875
750 907
750 933
750 938
751 758
751 831
751 844
751 848
751 872
751 875
751 879
751 881
751 882
751 950
751 952
751 960
751 968
751 976
751 980
752 760
752 761
752 763
752 764
752 777
752 779
752 781
752 802
752 817
752 818
752 835
752 855
752 927
753 756
753 864
753 957
753 999
754 823
754 914
755 853
755 867
755 877
755 878
755 961
756 768
756 772
756 807
756 873
756 887
756 895
756 930
756 963
756 973
757 815
757 920
757 968
758 769
758 886
758 887
758 929
758 960
759 775
760 765
760 776
760 794
760 799
761 778
761 781
761 811
761 836
761 941
761 949
761 961
762 840
762 854
762 969
762 979
763 780
763 821
763 833
763 876
763 921
763 936
763 937
763 947
763 950
763 967
764 776
764 913
765 778
765 799
765 851
765 863
765 874
765 891
765 909
765 929
765 950
765 963
767 834
767 872
767 918
768 785
768 809
769 806
769 859
769 864
770 776
770 798
770 801
770 809
770 857
770 920
770 940
770 957
770 958
770 987
771 800
771 806
771 886
771 902
771 920
771 933
771 990
772 792
772 803
772 807
772 826
772 855
772 878
772 915
772 918
772 961
772 968
773 813
773 914
773 930
773 931
773 953
774 794
774 835
774 878
774 896
774 898
775 819
775 834
775 848
775 850
775 866
775 872
775 881
775 917
775 945
776 809
776 854
776 867
776 989
776 997
777 792
777 853
777 995
777 998
778 818
778 838
778 840
778 878
778 935
778 950
778 975
779 805
779 851
779 872
779 936
779 937
779 982
780 911
780 942
780 963
780 995
781 812
781 822
781 853
781 871
781 898
781 917
781 934
781 935
781 961
781 964
781 976
781 990
782 806
782 814
782 919
783 791
783 792
783 877
783 907
783 988
784 818
784 850
784 887
784 987
785 864
785 899
785 981
785 992
786 866
786 875
786 942
786 958
786 995
787 819
787 842
788 792
788 824
788 997
789 924
789 951
790 814
790 836
790 873
790 937
791 831
791 858
791 976
792 826
792 845
792 874
792 955
793 821
793 831
793 907
793 939
793 969
793 975
793 995
794 819
794 912
794 942
794 986
795 849
795 951
796 867
796 879
797 800
797 819
797 948
798 802
798 813
798 848
798 900
798 911
798 940
798 947
798 948
798 957
798 972
798 987
798 999
799 806
799 808
799 861
799 941
799 985
800 820
800 881
800 953
800 974
801 886
801 932
801 971
801 986
802 864
802 884
802 889
802 917
802 940
802 943
802 995
803 882
803 899
804 823
804 970
805 806
805 822
805 839
805 853
805 908
805 912
805 922
805 928
806 818
806 822
806 824
806 845
806 880
806 965
806 967
806 981
806 994
807 872
807 918
807 920
807 926
808 915
808 943
808 948
809 822
809 832
809 846
809 860
809 933
809 947
809 956
809 957
809 988
809 999
810 837
810 851
810 936
810 978
810 990
810 997
810 1000
811 819
811 821
811 835
811 891
811 918
811 922
811 967
812 823
812 862
812 870
812 979
813 850
813 852
813 872
813 891
813 900
813 915
813 938
814 865
814 943
814 994
815 932
815 980
816 967
817 848
817 870
817 908
817 958
817 962
818 821
818 827
818 937
818 979
819 831
819 994
820 857
820 867
820 872
820 906
820 967
820 981
820 986
821 834
821 863
821 903
821 913
821 916
821 941
821 967
821 985
821 986
822 832
822 889
822 999
823 829
823 862
823 979
823 1000
824 837
824 851
824 862
824 902
824 912
824 922
824 965
824 997
825 840
825 876
825 987
825 990
826 841
826 978
827 853
827 860
827 867
827 905
827 926
827 953
827 961
828 838
828 946
829 840
829 862
829 932
829 969
829 979
829 985
830 831
830 853
830 936
831 854
831 859
831 865
831 871
831 924
831 931
831 945
831 967
831 990
832 975
833 867
833 870
833 944
833 981
834 841
834 863
834 939
834 941
834 965
834 969
834 985
836 846
836 894
836 915
836 933
836 938
836 944
837 882
837 908
837 944
837 945
838 867
838 903
838 907
838 932
838 933
838 943
838 946
838 973
839 914
839 987
840 979
840 985
841 878
841 882
841 935
841 973
842 862
842 901
842 907
842 930
842 966
843 881
844 848
844 849
844 863
844 976
844 992
844 997
845 961
845 975
846 931
846 933
846 954
847 894
847 958
848 855
848 876
848 902
848 952
848 974
848 1000
849 892
849 910
849 962
850 912
850 961
850 968
851 874
851 994
852 894
852 949
852 971
852 1000
853 855
853 874
853 879
853 889
853 890
853 918
853 939
853 981
853 995
854 884
855 869
855 974
855 976
857 863
857 888
857 896
857 924
857 940
857 987
858 874
858 981
859 863
859 866
859 912
859 971
859 975
860 869
860 902
860 913
860 953
861 901
861 972
861 977
862 979
862 981
863 942
864 940
865 949
865 985
865 987
866 908
866 991
866 999
868 881
868 932
868 975
869 921
869 942
869 990
870 898
870 955
870 958
870 962
872 874
872 894
872 917
872 932
872 942
872 945
872 953
872 977
873 890
873 929
873 968
873 994
874 959
875 879
875 944
875 973
876 878
876 881
876 904
876 909
876 942
876 952
877 878
877 936
877 946
877 963
877 979
878 914
878 931
878 957
879 885
879 889
879 900
880 901
881 913
881 968
881 970
882 883
882 933
882 952
882 954
882 966
882 967
882 974
882 980
882 985
883 886
883 910
883 952
883 968
883 974
884 887
884 901
884 916
884 942
884 973
884 976
884 978
885 900
885 910
885 937
885 954
887 932
887 963
888 974
889 960
890 975
890 986
891 899
891 917
891 924
891 929
892 963
893 971
893 979
894 964
895 940
895 987
895 999
896 901
898 958
898 996
899 922
899 949
899 950
899 966
899 971
900 933
900 996
901 941
901 963
902 996
904 986
905 969
905 970
905 995
905 996
906 986
907 934
907 946
908 935
908 967
909 999
910 976
911 921
911 961
911 963
911 995
912 925
912 971
913 974
913 1000
914 924
914 933
914 937
914 942
914 946
914 949
914 981
917 971
917 997
918 996
919 929
919 991
920 977
921 925
921 952
921 963
921 999
922 925
922 944
924 967
924 995
925 955
925 983
925 992
926 947
926 948
927 995
927 999
929 943
929 977
929 990
929 997
931 934
932 945
932 971
932 974
933 934
933 938
934 986
936 977
936 997
937 953
937 957
940 978
940 981
940 987
940 988
940 995
943 957
944 985
944 986
944 994
944 997
945 972
948 957
948 963
948 982
948 995
949 959
950 994
951 995
952 966
952 970
952 974
952 981
953 961
954 969
954 984
957 966
957 987
957 990
957 994
958 998
960 974
961 963
961 999
962 985
963 973
963 977
963 983
964 971
965 994
966 968
966 974
966 991
968 971
969 983
971 972
973 976
974 975
980 1000
982 987
985 986
986 991
987 995
994 1000
