# LFR benchmark graph: regime=B mu=0.4 realization=0
# undirected, unweighted; 1-based node ids; each edge listed once.
1 58
1 92
1 103
1 124
1 202
1 205
1 211
1 223
1 246
1 270
1 291
1 310
1 354
1 402
1 407
1 433
1 459
1 495
1 596
1 609
1 617
1 627
1 665
1 670
1 721
1 763
1 831
1 848
1 859
1 876
1 892
1 991
1 1000
2 33
2 55
2 70
2 141
2 144
2 154
2 164
2 167
2 169
2 206
2 218
2 241
2 247
2 256
2 257
2 280
2 325
2 341
2 410
2 451
2 453
2 481
2 495
2 510
2 517
2 550
2 581
2 602
2 636
2 646
2 662
2 746
2 776
2 803
2 839
2 841
2 863
2 902
2 915
2 938
3 19
3 37
3 69
3 100
3 230
3 318
3 326
3 347
3 445
3 509
3 543
3 585
3 591
3 606
3 647
3 651
3 679
3 714
3 760
3 804
3 845
3 909
3 928
3 930
3 943
3 945
3 965
4 79
4 113
4 126
4 273
4 370
4 455
4 560
4 576
4 619
4 642
4 724
4 833
4 843
5 8
5 15
5 81
5 105
5 141
5 157
5 167
5 174
5 225
5 276
5 355
5 395
5 454
5 477
5 478
5 489
5 506
5 518
5 587
5 614
5 628
5 636
5 690
5 691
5 710
5 743
5 760
5 863
5 918
5 935
5 972
5 974
5 986
6 60
6 107
6 143
6 228
6 251
6 264
6 310
6 321
6 355
6 422
6 459
6 493
6 495
6 521
6 533
6 647
6 863
6 869
6 899
6 990
7 14
7 65
7 191
7 225
7 263
7 302
7 303
7 312
7 348
7 381
7 391
7 432
7 438
7 444
7 471
7 474
7 497
7 559
7 585
7 610
7 638
7 722
7 753
7 784
7 792
7 862
7 863
7 865
7 882
7 901
7 922
7 939
7 942
8 32
8 34
8 47
8 86
8 131
8 277
8 283
8 298
8 320
8 334
8 365
8 422
8 463
8 468
8 595
8 608
8 666
8 685
8 722
8 761
8 776
8 833
8 845
8 895
8 901
8 930
8 994
9 24
9 31
9 72
9 84
9 147
9 220
9 230
9 233
9 250
9 259
9 266
9 330
9 384
9 465
9 475
9 493
9 513
9 518
9 584
9 650
9 661
9 750
9 754
9 815
9 846
9 862
9 975
9 995
10 42
10 136
10 157
10 189
10 200
10 225
10 234
10 235
10 240
10 263
10 266
10 291
10 293
10 296
10 298
10 311
10 347
10 404
10 406
10 410
10 474
10 481
10 497
10 524
10 549
10 558
10 614
10 655
10 656
10 677
10 700
10 713
10 718
10 758
10 760
10 766
10 769
10 781
10 798
10 808
10 809
10 864
10 894
10 917
10 962
10 984
11 15
11 21
11 36
11 62
11 99
11 128
11 129
11 130
11 134
11 155
11 221
11 256
11 276
11 310
11 330
11 352
11 355
11 392
11 406
11 476
11 498
11 527
11 613
11 615
11 618
11 630
11 634
11 644
11 669
11 738
11 741
11 757
11 761
11 763
11 766
11 781
11 786
11 806
11 833
11 863
11 871
11 874
11 879
11 970
12 25
12 91
12 131
12 253
12 264
12 300
12 381
12 410
12 453
12 485
12 495
12 573
12 598
12 633
12 651
12 693
12 789
12 915
12 967
13 40
13 71
13 84
13 89
13 99
13 178
13 199
13 245
13 263
13 385
13 578
13 598
13 622
13 752
13 853
13 869
13 887
13 917
13 980
14 42
14 63
14 142
14 244
14 254
14 329
14 381
14 488
14 582
14 599
14 649
14 697
14 788
14 938
14 955
14 956
15 23
15 72
15 405
15 433
15 450
15 475
15 556
15 587
15 644
15 687
15 845
15 907
15 1000
16 44
16 139
16 154
16 182
16 186
16 272
16 421
16 444
16 451
16 455
16 550
16 579
16 592
16 612
16 633
16 636
16 639
16 646
16 865
16 891
16 975
17 25
17 31
17 41
17 412
17 529
17 531
17 600
17 609
17 636
17 679
17 793
17 795
17 797
17 848
17 873
17 915
17 956
17 966
18 53
18 72
18 75
18 113
18 170
18 188
18 223
18 267
18 317
18 319
18 338
18 345
18 530
18 558
18 594
18 629
18 635
18 642
18 679
18 806
18 814
18 838
18 860
19 33
19 96
19 97
19 98
19 102
19 133
19 181
19 326
19 362
19 377
19 483
19 563
19 584
19 694
19 705
19 811
19 815
19 849
19 872
19 932
20 25
20 272
20 276
20 315
20 357
20 363
20 395
20 403
20 477
20 578
20 609
20 638
20 887
21 41
21 42
21 64
21 98
21 99
21 104
21 197
21 300
21 366
21 408
21 426
21 473
21 527
21 583
21 618
21 649
21 659
21 674
21 679
21 757
21 786
21 808
21 827
21 843
21 863
21 896
21 915
21 923
21 958
21 960
22 65
22 80
22 87
22 88
22 135
22 153
22 173
22 212
22 347
22 353
22 361
22 386
22 414
22 485
22 573
22 576
22 608
22 705
22 757
22 812
22 859
22 868
22 896
22 934
22 954
22 984
23 33
23 56
23 120
23 133
23 140
23 145
23 156
23 171
23 232
23 265
23 326
23 381
23 421
23 593
23 635
23 645
23 671
23 694
23 705
23 706
23 740
23 788
23 801
23 811
23 827
23 837
23 886
23 956
24 31
24 48
24 63
24 84
24 89
24 154
24 179
24 220
24 233
24 263
24 266
24 275
24 282
24 464
24 514
24 516
24 522
24 523
24 533
24 543
24 545
24 580
24 584
24 588
24 657
24 728
24 736
24 752
24 804
24 959
24 972
24 975
24 998
25 37
25 73
25 94
25 163
25 186
25 194
25 288
25 292
25 393
25 446
25 505
25 518
25 525
25 533
25 597
25 662
25 688
25 772
25 776
25 787
25 793
25 820
25 842
25 889
25 918
25 964
25 975
26 106
26 133
26 135
26 175
26 176
26 179
26 231
26 236
26 263
26 430
26 432
26 519
26 533
26 574
26 581
26 606
26 616
26 641
26 646
26 658
26 684
26 689
26 767
26 769
26 851
26 883
26 958
27 82
27 86
27 256
27 261
27 271
27 326
27 411
27 416
27 423
27 469
27 477
27 479
27 664
27 721
27 724
27 725
27 774
27 775
27 790
27 799
27 872
27 880
27 912
27 941
27 989
27 990
28 38
28 71
28 100
28 277
28 301
28 343
28 359
28 385
28 396
28 512
28 549
28 561
28 568
28 588
28 622
28 703
28 734
28 745
28 746
28 752
28 830
28 879
28 887
28 980
29 48
29 63
29 103
29 166
29 222
29 237
29 243
29 244
29 287
29 319
29 375
29 447
29 471
29 513
29 551
29 625
29 680
29 694
29 704
29 725
29 902
29 916
29 963
30 35
30 101
30 119
30 185
30 221
30 239
30 260
30 265
30 278
30 347
30 411
30 459
30 463
30 529
30 555
30 562
30 571
30 590
30 628
30 645
30 763
30 773
30 786
30 804
30 813
30 970
30 976
30 982
31 84
31 138
31 153
31 196
31 219
31 220
31 226
31 230
31 233
31 234
31 247
31 248
31 250
31 268
31 277
31 282
31 330
31 331
31 338
31 361
31 394
31 397
31 465
31 468
31 484
31 491
31 502
31 516
31 518
31 543
31 563
31 580
31 584
31 588
31 639
31 659
31 671
31 678
31 685
31 709
31 732
31 736
31 739
31 754
31 763
31 784
31 785
31 846
31 867
31 870
31 882
31 975
31 999
32 48
32 117
32 145
32 149
32 173
32 180
32 188
32 203
32 204
32 220
32 240
32 311
32 340
32 417
32 421
32 454
32 594
32 648
32 675
32 716
32 718
32 753
32 785
32 836
32 853
32 865
32 897
32 923
32 970
33 95
33 120
33 133
33 174
33 188
33 192
33 238
33 248
33 252
33 294
33 308
33 309
33 326
33 393
33 428
33 434
33 457
33 496
33 512
33 547
33 557
33 628
33 635
33 640
33 657
33 661
33 668
33 694
33 720
33 723
33 738
33 794
33 811
33 813
33 822
33 830
33 870
33 888
33 898
33 912
33 963
34 169
34 181
34 258
34 270
34 330
34 359
34 432
34 512
34 531
34 659
34 688
34 733
34 858
34 876
34 878
34 956
34 958
34 975
35 50
35 86
35 109
35 119
35 147
35 151
35 173
35 185
35 248
35 276
35 333
35 382
35 445
35 462
35 490
35 539
35 555
35 613
35 645
35 648
35 670
35 730
35 738
35 741
35 749
35 764
35 769
35 780
35 788
35 804
35 814
35 863
35 867
35 877
35 889
35 902
35 912
35 928
35 934
35 941
35 988
36 197
36 220
36 238
36 265
36 290
36 326
36 362
36 694
36 708
36 720
36 739
36 757
36 807
36 811
36 860
36 918
37 44
37 109
37 321
37 347
37 349
37 367
37 379
37 433
37 447
37 462
37 471
37 488
37 490
37 509
37 553
37 558
37 565
37 591
37 607
37 610
37 645
37 659
37 662
37 663
37 689
37 698
37 732
37 773
37 777
37 780
37 804
37 813
37 818
37 843
37 888
37 918
37 922
37 926
38 40
38 70
38 71
38 108
38 199
38 241
38 274
38 301
38 334
38 378
38 396
38 487
38 490
38 547
38 583
38 622
38 631
38 696
38 700
38 703
38 745
38 752
38 843
38 869
38 887
38 936
39 75
39 188
39 220
39 230
39 233
39 250
39 259
39 266
39 310
39 336
39 339
39 465
39 543
39 584
39 666
39 723
39 739
39 751
39 829
39 846
39 998
40 199
40 385
40 474
40 622
40 689
40 727
40 752
40 792
40 804
40 817
40 864
40 869
40 872
40 887
40 914
41 62
41 64
41 68
41 79
41 98
41 114
41 121
41 129
41 130
41 140
41 190
41 197
41 201
41 221
41 242
41 243
41 270
41 310
41 391
41 431
41 476
41 488
41 494
41 498
41 510
41 517
41 527
41 539
41 549
41 557
41 582
41 583
41 595
41 624
41 626
41 650
41 717
41 757
41 766
41 778
41 781
41 786
41 793
41 863
41 874
41 983
42 181
42 229
42 254
42 276
42 286
42 348
42 391
42 620
42 666
42 839
42 886
42 897
42 922
43 66
43 168
43 177
43 180
43 182
43 209
43 230
43 293
43 308
43 347
43 434
43 435
43 507
43 645
43 683
43 684
43 702
43 713
43 738
43 891
43 932
43 964
43 972
44 181
44 279
44 350
44 470
44 511
44 512
44 531
44 697
44 727
44 758
44 873
44 883
44 946
45 61
45 72
45 89
45 273
45 286
45 291
45 312
45 319
45 367
45 372
45 423
45 424
45 590
45 602
45 771
45 789
45 823
45 829
45 848
45 852
45 876
45 905
45 970
46 91
46 152
46 288
46 415
46 503
46 519
46 524
46 535
46 563
46 577
46 688
46 708
46 744
46 783
46 786
46 793
46 798
46 822
46 836
46 880
47 170
47 201
47 207
47 229
47 258
47 267
47 564
47 567
47 613
47 697
47 698
47 714
47 781
47 874
47 895
47 898
47 967
47 984
48 99
48 456
48 525
48 552
48 570
48 604
48 626
48 636
48 853
48 901
48 936
49 143
49 187
49 192
49 254
49 265
49 315
49 360
49 361
49 372
49 393
49 414
49 437
49 450
49 458
49 460
49 470
49 475
49 493
49 536
49 661
49 663
49 673
49 706
49 737
49 770
49 789
49 818
49 855
49 875
49 905
49 952
50 66
50 101
50 151
50 173
50 204
50 234
50 254
50 304
50 318
50 347
50 350
50 409
50 427
50 447
50 549
50 555
50 567
50 569
50 601
50 804
50 813
50 874
50 899
50 920
50 932
51 103
51 107
51 111
51 114
51 168
51 177
51 181
51 202
51 219
51 243
51 264
51 293
51 307
51 308
51 434
51 435
51 440
51 546
51 553
51 578
51 587
51 598
51 658
51 683
51 691
51 828
51 867
51 871
51 916
51 939
51 964
52 286
52 320
52 393
52 575
52 609
52 621
52 630
52 700
52 800
52 801
52 844
52 913
52 915
52 962
53 83
53 214
53 219
53 274
53 317
53 320
53 350
53 483
53 654
53 684
53 687
53 749
53 795
53 859
53 905
53 960
53 991
53 992
54 181
54 237
54 242
54 303
54 375
54 380
54 494
54 511
54 515
54 545
54 548
54 551
54 564
54 625
54 662
54 918
55 208
55 237
55 244
55 359
55 392
55 431
55 458
55 487
55 510
55 614
55 661
55 667
55 678
55 693
55 759
55 812
55 929
55 943
56 59
56 91
56 109
56 147
56 327
56 344
56 361
56 367
56 443
56 450
56 499
56 704
56 707
56 765
56 816
56 826
56 916
56 965
56 969
57 136
57 144
57 157
57 175
57 183
57 294
57 310
57 333
57 344
57 391
57 411
57 418
57 439
57 481
57 514
57 655
57 682
57 684
57 790
57 847
57 860
57 900
57 904
57 984
58 81
58 124
58 134
58 170
58 187
58 211
58 225
58 321
58 459
58 609
58 617
58 630
58 665
58 770
58 794
58 806
58 828
58 831
58 848
58 850
58 918
58 920
58 976
58 991
59 73
59 77
59 85
59 91
59 147
59 159
59 225
59 228
59 251
59 254
59 274
59 310
59 313
59 326
59 327
59 354
59 361
59 399
59 426
59 450
59 452
59 465
59 469
59 516
59 643
59 689
59 711
59 717
59 737
59 773
59 802
59 804
59 813
59 832
59 906
59 949
59 967
60 93
60 139
60 265
60 292
60 333
60 360
60 380
60 393
60 406
60 439
60 462
60 470
60 515
60 528
60 551
60 560
60 597
60 625
60 666
60 667
60 708
60 782
60 914
60 942
60 998
61 72
61 85
61 89
61 106
61 146
61 172
61 208
61 214
61 303
61 307
61 319
61 344
61 367
61 381
61 389
61 423
61 424
61 443
61 446
61 527
61 593
61 637
61 668
61 683
61 690
61 730
61 740
61 768
61 799
61 834
61 876
61 966
61 978
62 64
62 93
62 128
62 140
62 170
62 219
62 242
62 347
62 442
62 488
62 498
62 518
62 523
62 546
62 564
62 615
62 624
62 626
62 639
62 700
62 741
62 863
63 129
63 131
63 193
63 244
63 255
63 279
63 292
63 346
63 451
63 470
63 572
63 727
63 782
63 832
63 869
64 67
64 98
64 121
64 130
64 133
64 140
64 152
64 188
64 247
64 274
64 410
64 425
64 488
64 527
64 576
64 604
64 613
64 624
64 634
64 724
64 757
64 766
64 792
64 843
64 929
65 67
65 87
65 88
65 119
65 152
65 153
65 165
65 172
65 212
65 219
65 281
65 290
65 369
65 373
65 430
65 485
65 528
65 585
65 608
65 618
65 638
65 687
65 703
65 710
65 739
65 784
65 793
65 858
65 871
65 954
65 957
65 977
66 68
66 91
66 102
66 118
66 150
66 196
66 208
66 209
66 245
66 258
66 289
66 304
66 313
66 329
66 342
66 375
66 382
66 427
66 461
66 480
66 484
66 485
66 493
66 538
66 557
66 577
66 603
66 663
66 734
66 735
66 783
66 815
66 824
66 843
66 847
66 855
66 866
66 877
66 879
66 910
66 967
66 978
66 983
66 994
67 87
67 108
67 153
67 212
67 244
67 290
67 438
67 506
67 523
67 674
67 693
67 774
67 864
67 920
67 958
67 990
68 109
68 119
68 258
68 316
68 452
68 501
68 652
68 661
68 677
68 708
68 735
68 753
68 784
68 802
68 844
68 905
68 931
68 969
69 102
69 153
69 212
69 281
69 292
69 356
69 369
69 460
69 476
69 485
69 528
69 573
69 577
69 662
69 788
70 96
70 113
70 118
70 128
70 170
70 217
70 321
70 345
70 373
70 374
70 467
70 538
70 594
70 642
70 645
70 679
70 786
70 868
70 894
70 909
70 961
71 100
71 293
71 325
71 352
71 438
71 549
71 677
71 765
71 773
71 799
71 869
71 887
71 915
71 967
72 89
72 90
72 106
72 108
72 139
72 172
72 214
72 254
72 277
72 286
72 288
72 291
72 307
72 319
72 335
72 344
72 346
72 367
72 389
72 423
72 424
72 443
72 484
72 542
72 547
72 548
72 593
72 598
72 668
72 684
72 687
72 690
72 723
72 730
72 735
72 792
72 799
72 808
72 829
72 844
72 876
72 969
73 77
73 86
73 91
73 145
73 146
73 147
73 159
73 184
73 187
73 228
73 251
73 271
73 274
73 313
73 327
73 354
73 361
73 399
73 410
73 419
73 450
73 455
73 564
73 673
73 687
73 704
73 706
73 711
73 741
73 783
73 801
73 824
73 953
73 959
73 967
73 990
73 994
74 97
74 112
74 123
74 164
74 205
74 256
74 267
74 332
74 345
74 379
74 530
74 554
74 579
74 642
74 658
74 679
74 790
74 797
74 853
74 866
74 873
74 905
74 961
74 988
75 135
75 140
75 157
75 191
75 217
75 220
75 226
75 256
75 259
75 261
75 282
75 284
75 296
75 330
75 351
75 417
75 464
75 465
75 468
75 482
75 491
75 502
75 505
75 518
75 523
75 531
75 537
75 543
75 563
75 580
75 584
75 588
75 614
75 674
75 682
75 685
75 709
75 736
75 740
75 751
75 837
75 892
75 975
75 979
75 998
76 314
76 382
76 574
76 664
76 707
76 738
76 818
76 856
76 923
76 970
77 85
77 91
77 121
77 145
77 159
77 184
77 228
77 251
77 262
77 263
77 282
77 313
77 324
77 327
77 352
77 361
77 381
77 385
77 399
77 421
77 450
77 469
77 525
77 539
77 579
77 618
77 628
77 663
77 673
77 677
77 711
77 850
77 879
77 906
77 953
77 965
77 967
78 85
78 131
78 212
78 329
78 369
78 509
78 568
78 628
78 674
78 811
78 899
78 922
78 954
79 154
79 186
79 189
79 232
79 259
79 268
79 370
79 457
79 535
79 587
79 681
79 759
79 922
79 980
80 153
80 168
80 288
80 290
80 366
80 457
80 485
80 528
80 673
80 771
80 821
81 91
81 124
81 127
81 187
81 201
81 205
81 246
81 270
81 323
81 342
81 371
81 422
81 459
81 474
81 545
81 570
81 609
81 687
81 766
81 831
81 832
81 848
81 991
81 994
82 86
82 137
82 178
82 187
82 211
82 265
82 366
82 394
82 396
82 411
82 517
82 528
82 586
82 665
82 775
82 790
82 939
82 962
83 125
83 256
83 322
83 336
83 352
83 467
83 502
83 530
83 532
83 577
83 625
83 656
83 698
83 759
83 805
83 917
83 983
84 117
84 127
84 185
84 220
84 397
84 465
84 499
84 522
84 523
84 543
84 561
84 562
84 580
84 586
84 597
84 675
84 691
84 713
84 732
84 739
84 740
84 747
84 814
84 837
84 925
84 975
84 998
85 91
85 111
85 135
85 159
85 184
85 228
85 274
85 312
85 333
85 361
85 373
85 450
85 518
85 615
85 640
85 768
85 804
85 877
85 887
85 953
85 967
86 105
86 166
86 201
86 204
86 207
86 208
86 270
86 333
86 336
86 358
86 378
86 411
86 416
86 443
86 469
86 477
86 479
86 517
86 527
86 539
86 548
86 586
86 632
86 647
86 695
86 731
86 774
86 775
86 790
86 843
86 881
86 888
86 898
86 912
86 939
86 943
86 968
87 89
87 129
87 153
87 212
87 251
87 326
87 332
87 398
87 416
87 440
87 449
87 471
87 485
87 545
87 558
87 689
87 699
87 730
87 818
87 868
87 905
87 994
88 149
88 212
88 310
88 349
88 396
88 447
88 485
88 517
88 528
88 585
88 610
88 708
88 954
89 106
89 286
89 303
89 315
89 319
89 324
89 335
89 367
89 377
89 389
89 397
89 407
89 412
89 413
89 423
89 424
89 443
89 479
89 524
89 542
89 547
89 593
89 608
89 668
89 827
89 829
89 876
89 899
89 965
89 970
89 988
89 996
90 102
90 131
90 196
90 393
90 398
90 475
90 585
90 602
90 618
90 631
90 668
90 670
90 693
90 735
90 779
90 792
90 957
91 124
91 146
91 147
91 154
91 159
91 169
91 271
91 274
91 313
91 315
91 327
91 354
91 361
91 438
91 445
91 450
91 460
91 550
91 564
91 573
91 690
91 704
91 711
91 719
91 728
91 731
91 742
91 767
91 884
91 906
91 929
91 953
91 965
91 987
92 175
92 302
92 359
92 518
92 524
92 635
92 649
92 663
92 696
92 753
92 759
92 768
92 824
92 942
93 202
93 243
93 325
93 327
93 361
93 449
93 469
93 517
93 551
93 608
93 609
93 638
93 730
93 749
93 796
93 945
93 966
93 995
94 195
94 208
94 267
94 327
94 342
94 374
94 389
94 455
94 535
94 556
94 662
94 814
94 815
94 824
94 840
94 951
95 126
95 161
95 171
95 258
95 271
95 288
95 320
95 490
95 508
95 514
95 559
95 580
95 595
95 604
95 617
95 621
95 644
95 656
95 734
95 804
95 805
95 820
95 869
95 911
95 913
95 937
95 947
95 952
95 962
95 966
95 981
95 990
96 102
96 113
96 170
96 181
96 256
96 267
96 291
96 326
96 327
96 485
96 579
96 629
96 638
96 642
96 789
96 915
96 1000
97 170
97 230
97 256
97 267
97 277
97 310
97 345
97 369
97 380
97 404
97 460
97 489
97 535
97 554
97 627
97 642
97 671
97 716
97 800
97 860
97 876
97 895
97 909
97 956
98 213
98 402
98 474
98 527
98 583
98 621
98 624
98 662
98 691
98 694
98 757
98 789
98 863
98 923
98 952
98 980
99 128
99 209
99 239
99 243
99 295
99 310
99 353
99 393
99 406
99 488
99 510
99 545
99 615
99 618
99 624
99 650
99 701
99 702
99 726
99 750
99 757
99 773
99 786
99 792
99 811
99 815
99 863
99 993
100 103
100 106
100 107
100 108
100 121
100 156
100 199
100 258
100 308
100 332
100 421
100 460
100 549
100 582
100 583
100 586
100 703
100 712
100 713
100 752
100 869
100 872
100 887
100 900
100 920
100 939
100 976
101 160
101 183
101 185
101 197
101 254
101 278
101 308
101 324
101 326
101 347
101 378
101 445
101 490
101 503
101 526
101 539
101 560
101 567
101 573
101 574
101 583
101 596
101 625
101 626
101 703
101 716
101 738
101 776
101 799
101 807
101 818
101 824
101 916
101 920
101 945
101 970
102 116
102 130
102 174
102 192
102 193
102 195
102 203
102 204
102 254
102 272
102 289
102 296
102 303
102 336
102 342
102 353
102 409
102 421
102 423
102 434
102 457
102 459
102 461
102 462
102 486
102 499
102 509
102 582
102 605
102 607
102 658
102 687
102 734
102 745
102 761
102 779
102 787
102 794
102 820
102 835
102 843
102 845
102 847
102 862
102 874
102 884
102 932
102 957
102 983
103 135
103 199
103 301
103 622
103 647
103 703
103 752
103 807
103 845
103 887
103 958
104 133
104 219
104 223
104 238
104 285
104 326
104 424
104 438
104 539
104 585
104 716
104 719
104 943
105 139
105 176
105 207
105 238
105 321
105 333
105 347
105 351
105 384
105 411
105 517
105 586
105 650
105 768
105 774
105 790
105 939
106 248
106 258
106 273
106 286
106 303
106 335
106 367
106 368
106 423
106 493
106 668
106 687
106 761
106 788
106 799
106 852
106 870
106 984
107 191
107 244
107 264
107 295
107 390
107 411
107 440
107 452
107 473
107 493
107 549
107 560
107 620
107 694
107 725
107 791
107 810
107 899
107 918
108 134
108 156
108 206
108 344
108 356
108 396
108 524
108 549
108 570
108 601
108 619
108 703
108 736
108 744
108 752
108 869
108 887
108 905
109 159
109 181
109 185
109 213
109 223
109 229
109 316
109 319
109 328
109 337
109 350
109 392
109 413
109 425
109 445
109 503
109 539
109 571
109 574
109 590
109 591
109 601
109 627
109 630
109 681
109 707
109 722
109 738
109 749
109 768
109 771
109 783
109 855
109 879
109 914
109 919
109 920
109 945
109 988
110 219
110 327
110 361
110 372
110 455
110 505
110 535
110 547
110 560
110 646
110 662
110 698
110 707
110 824
110 946
110 970
111 136
111 168
111 248
111 293
111 367
111 435
111 497
111 546
111 578
111 579
111 652
111 683
111 714
111 715
111 819
111 964
112 263
112 292
112 381
112 449
112 559
112 606
112 733
112 832
112 900
112 943
112 958
113 201
113 256
113 334
113 410
113 413
113 519
113 579
113 629
113 679
113 682
113 718
113 776
113 787
113 817
113 844
113 855
113 860
113 920
114 156
114 221
114 359
114 411
114 488
114 503
114 527
114 571
114 579
114 698
114 811
114 821
114 863
114 920
115 162
115 258
115 270
115 334
115 368
115 369
115 371
115 387
115 460
115 484
115 539
115 577
115 641
115 658
115 684
115 707
115 727
115 731
115 778
115 810
115 841
115 845
115 856
115 907
115 910
115 932
116 187
116 223
116 246
116 348
116 454
116 459
116 497
116 500
116 551
116 601
116 609
116 617
116 683
116 718
116 752
116 921
116 925
116 948
116 991
117 141
117 244
117 253
117 273
117 308
117 428
117 433
117 495
117 580
117 599
117 763
117 773
117 988
118 204
118 253
118 368
118 447
118 583
118 585
118 605
118 612
118 618
118 630
118 738
118 794
118 905
118 939
118 962
119 154
119 180
119 208
119 213
119 233
119 251
119 272
119 280
119 306
119 328
119 365
119 393
119 405
119 428
119 445
119 453
119 462
119 463
119 494
119 501
119 526
119 555
119 565
119 567
119 601
119 608
119 651
119 652
119 659
119 670
119 676
119 689
119 696
119 700
119 707
119 754
119 771
119 780
119 794
119 796
119 807
119 813
119 823
119 841
119 845
119 854
119 873
119 882
119 945
119 954
119 970
119 988
120 162
120 206
120 326
120 362
120 394
120 635
120 660
120 694
120 786
120 811
120 831
120 863
121 154
121 242
121 307
121 310
121 378
121 453
121 465
121 527
121 613
121 650
121 687
121 757
121 761
121 786
121 936
122 181
122 186
122 232
122 252
122 253
122 260
122 489
122 596
122 694
122 741
122 744
122 750
122 790
122 883
122 946
122 969
123 148
123 179
123 181
123 197
123 209
123 229
123 301
123 359
123 380
123 459
123 527
123 548
123 579
123 645
123 659
123 722
123 792
123 826
123 860
123 881
124 187
124 205
124 212
124 246
124 330
124 398
124 459
124 519
124 533
124 543
124 551
124 589
124 609
124 617
124 630
124 665
124 709
124 734
124 769
124 853
124 859
124 879
124 944
124 991
125 223
125 240
125 258
125 283
125 289
125 291
125 326
125 339
125 432
125 469
125 549
125 566
125 612
125 652
125 658
125 684
125 708
125 711
125 712
125 726
125 735
125 772
125 786
125 824
125 843
125 856
125 871
125 935
126 186
126 204
126 349
126 376
126 381
126 400
126 410
126 551
126 687
126 695
126 763
126 782
126 790
126 899
126 940
127 187
127 223
127 246
127 288
127 340
127 390
127 421
127 492
127 596
127 609
127 617
127 669
127 831
127 848
127 905
127 909
127 946
128 178
128 221
128 244
128 411
128 428
128 488
128 498
128 686
128 863
128 906
129 142
129 246
129 355
129 430
129 439
129 493
129 521
129 620
129 658
129 891
129 904
129 920
129 970
129 980
129 992
129 1000
130 134
130 140
130 190
130 286
130 310
130 360
130 395
130 396
130 409
130 411
130 488
130 527
130 585
130 613
130 618
130 749
130 754
130 766
130 786
130 863
130 918
130 969
131 132
131 179
131 372
131 521
131 565
131 606
131 658
131 684
131 900
132 251
132 255
132 267
132 306
132 328
132 344
132 394
132 396
132 420
132 492
132 509
132 519
132 533
132 553
132 606
132 632
132 641
132 830
132 841
132 851
132 900
132 958
132 989
132 998
133 188
133 201
133 231
133 238
133 260
133 315
133 326
133 350
133 362
133 480
133 533
133 556
133 628
133 636
133 640
133 681
133 712
133 720
133 733
133 811
133 816
133 838
133 889
134 154
134 167
134 299
134 385
134 410
134 646
134 756
134 783
134 822
134 852
135 190
135 248
135 314
135 421
135 543
135 675
135 796
135 863
135 864
135 919
135 958
135 984
136 145
136 157
136 160
136 175
136 235
136 252
136 256
136 286
136 296
136 303
136 306
136 321
136 367
136 376
136 396
136 404
136 474
136 489
136 499
136 519
136 524
136 555
136 558
136 649
136 671
136 696
136 705
136 708
136 713
136 737
136 743
136 758
136 767
136 769
136 821
136 849
136 907
136 937
136 996
137 165
137 287
137 343
137 359
137 383
137 417
137 438
137 441
137 512
137 531
137 601
137 656
137 700
137 727
137 728
137 792
137 856
137 869
137 883
137 887
137 922
138 154
138 162
138 387
138 453
138 495
138 522
138 536
138 550
138 577
138 659
138 687
138 693
138 832
138 861
138 909
139 144
139 241
139 245
139 252
139 261
139 269
139 307
139 344
139 392
139 521
139 688
139 704
139 781
139 863
139 868
139 895
139 922
139 926
139 948
139 992
140 150
140 221
140 232
140 310
140 323
140 351
140 355
140 372
140 387
140 406
140 488
140 510
140 545
140 613
140 626
140 634
140 681
140 719
140 720
140 757
140 784
140 786
140 806
140 863
140 869
140 874
140 896
140 929
141 154
141 220
141 227
141 259
141 349
141 410
141 413
141 484
141 495
141 538
141 670
141 716
141 811
142 216
142 285
142 292
142 433
142 502
142 521
142 557
142 572
142 579
142 624
142 708
142 709
142 899
142 1000
143 156
143 227
143 254
143 258
143 268
143 285
143 307
143 357
143 386
143 405
143 407
143 443
143 446
143 458
143 494
143 530
143 537
143 577
143 630
143 631
143 661
143 673
143 693
143 737
143 759
143 765
143 789
143 842
143 844
143 874
143 894
143 905
143 934
143 942
143 944
143 948
143 952
144 155
144 156
144 166
144 178
144 347
144 393
144 398
144 663
144 668
144 681
144 687
144 759
144 778
144 816
144 853
144 905
144 933
144 944
144 952
144 958
145 167
145 204
145 239
145 245
145 277
145 279
145 291
145 299
145 349
145 368
145 369
145 400
145 525
145 607
145 615
145 718
145 719
145 824
145 834
145 856
145 858
145 920
145 975
146 158
146 159
146 168
146 184
146 204
146 234
146 274
146 361
146 381
146 506
146 620
146 622
146 668
146 711
146 945
146 947
146 962
146 965
146 967
147 159
147 228
147 251
147 271
147 274
147 327
147 361
147 493
147 573
147 609
147 620
147 711
147 713
147 730
147 813
147 877
147 949
147 967
148 158
148 186
148 301
148 359
148 371
148 376
148 602
148 673
148 754
148 883
149 287
149 314
149 376
149 382
149 396
149 409
149 437
149 438
149 468
149 508
149 511
149 512
149 531
149 536
149 545
149 583
149 594
149 599
149 681
149 730
149 746
149 748
149 794
149 798
149 806
149 819
149 823
149 843
149 878
150 287
150 291
150 339
150 361
150 366
150 423
150 521
150 555
150 573
150 577
150 593
150 639
150 687
150 708
150 824
150 827
150 879
151 174
151 255
151 273
151 333
151 341
151 347
151 353
151 421
151 429
151 447
151 449
151 456
151 463
151 502
151 521
151 522
151 526
151 545
151 612
151 624
151 659
151 689
151 707
151 745
151 775
151 785
151 791
151 804
151 813
151 882
151 918
151 919
151 935
151 976
152 186
152 194
152 279
152 332
152 346
152 363
152 428
152 505
152 535
152 540
152 560
152 615
152 621
152 675
152 688
152 714
152 771
152 791
152 793
152 825
152 839
152 842
152 893
153 164
153 212
153 219
153 239
153 281
153 290
153 316
153 369
153 428
153 480
153 485
153 490
153 528
153 541
153 569
153 702
153 752
153 817
153 858
153 954
153 990
154 167
154 184
154 188
154 203
154 204
154 208
154 210
154 213
154 220
154 253
154 280
154 301
154 405
154 410
154 451
154 495
154 534
154 536
154 540
154 633
154 636
154 756
154 777
154 801
154 858
154 955
154 995
155 183
155 188
155 210
155 254
155 260
155 279
155 285
155 305
155 352
155 363
155 370
155 393
155 408
155 596
155 619
155 654
155 663
155 664
155 687
155 697
155 706
155 716
155 890
155 937
156 167
156 178
156 183
156 210
156 241
156 244
156 254
156 263
156 285
156 297
156 387
156 393
156 431
156 458
156 517
156 524
156 552
156 563
156 583
156 588
156 663
156 691
156 693
156 770
156 778
156 841
156 905
156 915
156 952
156 960
156 966
156 970
156 971
156 977
156 997
157 185
157 263
157 352
157 625
157 645
157 744
157 777
157 898
157 965
157 984
158 181
158 221
158 359
158 370
158 376
158 388
158 391
158 468
158 511
158 521
158 609
158 622
158 628
158 670
158 726
158 748
158 784
158 819
158 883
158 906
159 178
159 184
159 186
159 229
159 233
159 246
159 251
159 271
159 274
159 301
159 307
159 313
159 326
159 327
159 341
159 354
159 361
159 366
159 368
159 399
159 432
159 450
159 463
159 502
159 505
159 534
159 566
159 657
159 704
159 711
159 819
159 820
159 906
159 912
159 953
159 965
159 967
159 976
160 205
160 263
160 311
160 457
160 471
160 524
160 543
160 683
160 696
160 698
160 711
160 713
160 731
160 897
160 921
160 989
161 217
161 316
161 460
161 479
161 601
161 617
161 624
161 662
161 757
161 834
161 913
162 164
162 331
162 373
162 420
162 495
162 533
162 536
162 633
162 659
162 689
162 915
162 960
162 1000
163 174
163 218
163 232
163 310
163 363
163 474
163 477
163 498
163 508
163 535
163 662
163 694
163 709
163 775
163 946
164 180
164 242
164 289
164 344
164 362
164 391
164 410
164 495
164 550
164 889
164 903
164 935
164 955
165 185
165 200
165 366
165 416
165 499
165 573
165 588
165 602
165 627
165 658
165 684
165 687
165 727
165 735
165 778
165 834
165 850
165 913
165 983
166 168
166 207
166 244
166 305
166 350
166 352
166 395
166 437
166 438
166 483
166 484
166 487
166 546
166 552
166 646
166 653
166 663
166 677
166 681
166 740
166 816
166 863
166 933
166 937
166 998
166 999
167 410
167 451
167 483
167 489
167 536
167 572
167 614
167 644
167 694
167 808
167 836
167 913
167 929
167 941
168 186
168 209
168 219
168 282
168 293
168 308
168 336
168 424
168 434
168 435
168 474
168 500
168 542
168 546
168 553
168 585
168 587
168 621
168 683
168 702
168 761
168 774
168 805
168 828
168 853
168 892
168 905
168 964
169 362
169 405
169 423
169 469
169 495
169 504
169 536
169 639
169 646
169 850
169 905
170 253
170 256
170 267
170 345
170 517
170 554
170 579
170 602
170 629
170 679
170 694
170 816
170 846
171 254
171 276
171 317
171 320
171 335
171 419
171 465
171 533
171 644
171 663
171 814
171 817
171 913
171 966
172 205
172 221
172 227
172 286
172 315
172 319
172 333
172 391
172 409
172 429
172 443
172 542
172 572
172 593
172 595
172 668
172 681
172 690
172 719
172 730
172 741
172 777
172 799
172 816
172 876
172 967
173 192
173 219
173 277
173 284
173 299
173 315
173 319
173 338
173 340
173 351
173 372
173 382
173 402
173 467
173 488
173 525
173 544
173 556
173 570
173 598
173 604
173 607
173 629
173 653
173 718
173 771
173 785
173 799
173 802
173 835
173 853
173 876
173 890
173 921
173 947
173 979
173 981
173 999
174 190
174 225
174 245
174 264
174 283
174 284
174 312
174 319
174 364
174 367
174 369
174 386
174 401
174 413
174 438
174 463
174 496
174 497
174 500
174 559
174 572
174 575
174 601
174 610
174 620
174 685
174 700
174 701
174 764
174 784
174 804
174 827
174 836
174 872
174 926
174 950
174 954
174 957
174 972
174 983
175 186
175 238
175 240
175 301
175 382
175 399
175 449
175 476
175 550
175 555
175 559
175 591
175 632
175 654
175 655
175 663
175 713
175 743
175 804
175 868
175 876
175 923
175 941
175 984
175 998
176 415
176 562
176 565
176 574
176 591
176 594
176 645
176 659
176 731
176 796
176 886
176 896
176 920
177 209
177 216
177 308
177 434
177 435
177 503
177 683
177 702
177 812
177 828
177 892
177 935
178 210
178 230
178 254
178 260
178 309
178 339
178 458
178 488
178 538
178 677
178 737
178 789
178 808
178 872
178 887
178 995
179 210
179 231
179 293
179 354
179 382
179 383
179 394
179 421
179 519
179 533
179 551
179 616
179 632
179 641
179 735
179 809
179 812
179 851
179 889
179 900
179 917
179 958
179 963
180 243
180 374
180 380
180 424
180 471
180 551
180 625
180 668
180 710
180 736
180 895
180 915
180 964
181 255
181 266
181 268
181 303
181 359
181 376
181 388
181 397
181 416
181 425
181 427
181 531
181 538
181 545
181 605
181 661
181 688
181 748
181 798
181 819
181 829
181 973
182 186
182 247
182 363
182 517
182 584
182 585
182 638
182 677
182 678
182 698
182 757
182 798
182 816
182 821
182 849
183 303
183 343
183 348
183 398
183 414
183 437
183 515
183 530
183 536
183 607
183 629
183 681
183 689
183 759
183 765
183 770
184 268
184 271
184 327
184 330
184 354
184 361
184 395
184 399
184 450
184 498
184 542
184 596
184 673
184 681
184 704
184 711
184 765
184 789
184 824
184 849
184 861
184 880
184 883
184 965
184 967
185 193
185 258
185 462
185 539
185 555
185 610
185 650
185 676
185 700
185 707
185 748
185 803
185 818
185 923
185 945
186 218
186 237
186 295
186 339
186 357
186 358
186 363
186 365
186 370
186 455
186 456
186 503
186 532
186 544
186 547
186 556
186 579
186 601
186 621
186 628
186 661
186 688
186 711
186 715
186 718
186 729
186 744
186 747
186 775
186 805
186 814
186 818
186 822
186 836
186 842
186 848
186 888
186 889
186 918
186 930
186 934
186 987
186 991
187 204
187 205
187 246
187 270
187 313
187 327
187 343
187 367
187 485
187 489
187 492
187 596
187 609
187 612
187 617
187 640
187 665
187 762
187 793
187 837
187 848
187 850
187 859
187 923
187 935
187 963
187 972
187 991
187 997
188 273
188 314
188 324
188 362
188 447
188 565
188 628
188 694
188 695
188 744
188 757
188 777
188 881
189 208
189 210
189 254
189 257
189 343
189 407
189 412
189 421
189 460
189 505
189 527
189 530
189 551
189 622
189 663
189 682
189 744
189 797
189 816
189 880
189 903
189 951
190 244
190 310
190 312
190 362
190 463
190 498
190 506
190 527
190 595
190 624
190 693
190 741
190 786
190 809
190 813
190 837
190 914
190 956
191 242
191 296
191 312
191 327
191 386
191 424
191 462
191 558
191 669
191 895
191 936
192 326
192 342
192 362
192 454
192 568
192 570
192 574
192 609
192 628
192 705
192 822
192 826
192 931
193 310
193 317
193 325
193 634
193 660
193 711
193 832
193 966
194 220
194 277
194 339
194 431
194 452
194 481
194 556
194 604
194 614
194 629
194 684
194 745
194 753
194 777
194 800
194 843
194 914
194 916
194 918
194 945
194 963
195 258
195 336
195 450
195 480
195 499
195 506
195 560
195 585
195 602
195 656
195 708
195 727
195 779
195 824
195 865
195 870
195 878
195 891
195 898
195 948
195 974
196 220
196 275
196 311
196 473
196 503
196 514
196 637
196 658
196 800
196 814
196 821
196 862
196 910
196 983
197 254
197 267
197 286
197 471
197 492
197 527
197 545
197 644
197 771
197 786
197 863
197 885
197 946
197 976
198 200
198 206
198 276
198 344
198 410
198 487
198 524
198 540
198 545
198 554
198 587
198 710
198 711
198 767
198 795
198 854
198 881
198 948
199 301
199 347
199 348
199 385
199 390
199 393
199 396
199 436
199 488
199 495
199 536
199 549
199 583
199 617
199 622
199 686
199 752
199 796
199 869
199 879
199 895
199 913
199 928
199 977
199 980
200 266
200 396
200 423
200 437
200 468
200 578
200 595
200 645
200 713
200 720
200 744
200 787
200 842
200 887
200 948
200 984
200 986
201 238
201 256
201 318
201 326
201 359
201 443
201 504
201 518
201 525
201 545
201 548
201 584
201 628
201 635
201 694
201 705
201 714
201 716
201 810
201 956
202 220
202 230
202 275
202 313
202 350
202 384
202 462
202 475
202 527
202 539
202 565
202 569
202 683
202 693
202 771
202 777
202 883
202 920
202 994
203 204
203 285
203 316
203 332
203 349
203 427
203 456
203 497
203 570
203 606
203 674
203 699
203 816
203 909
203 923
204 220
204 257
204 277
204 308
204 312
204 422
204 456
204 463
204 480
204 525
204 528
204 534
204 625
204 633
204 672
204 714
204 800
204 827
204 914
204 923
204 952
204 992
205 211
205 223
205 234
205 270
205 288
205 304
205 366
205 416
205 466
205 492
205 560
205 609
205 617
205 669
205 673
205 698
205 699
205 729
205 777
205 831
205 848
205 850
205 859
205 892
205 935
205 945
205 950
205 991
205 997
206 428
206 460
206 465
206 473
206 502
206 509
206 525
206 530
206 542
206 643
206 739
206 773
206 785
206 839
206 964
207 212
207 333
207 362
207 411
207 464
207 489
207 504
207 517
207 577
207 672
207 724
207 729
207 774
207 790
207 881
207 939
208 260
208 332
208 343
208 387
208 408
208 414
208 532
208 552
208 556
208 759
208 770
208 842
208 913
208 919
208 947
208 956
209 293
209 298
209 377
209 386
209 435
209 491
209 509
209 546
209 547
209 578
209 674
209 702
209 735
209 745
209 752
209 876
209 963
209 964
209 990
210 244
210 268
210 324
210 393
210 398
210 424
210 462
210 499
210 544
210 552
210 611
210 614
210 620
210 631
210 660
210 667
210 673
210 735
210 744
210 770
210 789
210 816
210 821
210 873
210 884
210 903
210 929
210 943
211 238
211 270
211 307
211 330
211 336
211 349
211 451
211 471
211 492
211 565
211 596
211 609
211 665
211 721
211 727
211 731
211 799
211 991
212 231
212 238
212 268
212 281
212 298
212 403
212 463
212 474
212 555
212 573
212 577
212 579
212 635
212 644
212 649
212 684
212 750
212 786
212 858
212 954
212 965
213 232
213 318
213 447
213 464
213 487
213 491
213 684
213 689
213 814
213 891
213 905
214 260
214 286
214 319
214 335
214 338
214 343
214 423
214 424
214 668
214 730
214 746
214 806
214 818
214 829
214 876
214 941
215 254
215 270
215 300
215 343
215 352
215 362
215 372
215 379
215 414
215 486
215 535
215 563
215 653
215 667
215 737
215 770
215 801
215 857
215 884
215 903
216 270
216 283
216 392
216 401
216 414
216 432
216 437
216 498
216 566
216 570
216 578
216 631
216 665
216 707
216 710
216 823
216 830
216 880
216 895
216 902
216 945
216 957
217 256
217 267
217 279
217 318
217 335
217 518
217 594
217 626
217 629
217 642
217 764
217 771
217 961
218 259
218 274
218 332
218 374
218 487
218 649
218 662
218 735
218 744
218 940
219 230
219 290
219 546
219 570
219 573
219 585
219 618
219 658
219 691
219 811
219 856
219 858
219 876
219 933
220 230
220 240
220 250
220 266
220 282
220 308
220 316
220 391
220 462
220 464
220 480
220 482
220 493
220 502
220 516
220 518
220 523
220 537
220 543
220 561
220 563
220 580
220 584
220 588
220 603
220 638
220 663
220 705
220 709
220 720
220 736
220 739
220 753
220 814
220 837
220 840
220 904
220 916
220 924
220 943
220 970
220 986
220 998
220 999
221 242
221 310
221 311
221 417
221 438
221 455
221 461
221 474
221 488
221 490
221 584
221 594
221 624
221 634
221 650
221 677
221 699
221 721
221 741
221 757
221 766
221 771
221 781
221 786
221 797
221 824
221 896
221 940
222 271
222 297
222 316
222 374
222 386
222 390
222 473
222 493
222 562
222 606
222 663
222 685
222 686
222 734
222 762
222 891
222 904
223 225
223 243
223 270
223 276
223 433
223 541
223 609
223 617
223 712
223 766
223 780
223 782
223 818
223 848
223 859
223 907
223 991
224 229
224 276
224 343
224 385
224 402
224 452
224 470
224 549
224 565
224 667
224 685
224 760
224 862
224 889
224 936
224 988
225 243
225 258
225 282
225 307
225 324
225 405
225 419
225 520
225 524
225 531
225 611
225 661
225 662
225 693
225 796
225 800
225 839
225 843
225 854
225 902
225 922
225 926
225 933
225 976
226 230
226 251
226 275
226 330
226 360
226 392
226 456
226 481
226 536
226 543
226 584
226 644
226 714
226 732
226 739
226 802
226 844
227 244
227 257
227 268
227 270
227 285
227 299
227 336
227 352
227 379
227 386
227 430
227 436
227 437
227 459
227 460
227 530
227 629
227 681
227 682
227 693
227 737
227 792
227 844
227 857
227 895
227 918
227 921
227 934
227 938
227 943
227 952
228 234
228 271
228 327
228 340
228 375
228 425
228 481
228 605
228 644
228 659
228 711
228 736
228 802
228 939
228 996
229 348
229 397
229 428
229 448
229 483
229 538
229 539
229 540
229 569
229 598
229 666
229 710
229 719
229 722
229 733
229 814
229 818
229 901
230 232
230 233
230 330
230 332
230 352
230 464
230 488
230 516
230 517
230 523
230 543
230 555
230 563
230 565
230 583
230 589
230 660
230 724
230 736
230 748
230 765
230 774
230 960
230 975
230 999
231 361
231 363
231 421
231 533
231 599
231 663
231 827
231 868
231 958
231 966
232 242
232 295
232 336
232 340
232 374
232 435
232 477
232 504
232 532
232 535
232 660
232 662
232 675
232 726
232 729
232 744
232 764
232 780
232 842
232 849
232 898
232 918
232 946
232 965
232 972
232 978
232 983
233 384
233 493
233 510
233 518
233 523
233 537
233 543
233 609
233 720
233 751
233 961
233 975
234 235
234 244
234 263
234 290
234 303
234 365
234 374
234 449
234 607
234 633
234 642
234 678
234 964
234 984
235 488
235 512
235 561
235 617
235 713
235 878
235 943
236 330
236 386
236 401
236 421
236 434
236 519
236 533
236 587
236 606
236 644
236 694
236 829
236 887
236 900
236 958
236 969
237 276
237 277
237 470
237 583
237 612
237 772
237 857
237 885
237 959
237 970
238 243
238 257
238 326
238 362
238 391
238 397
238 486
238 536
238 539
238 562
238 694
238 705
238 717
238 723
238 736
238 813
238 886
238 917
238 945
238 956
239 243
239 314
239 331
239 343
239 374
239 403
239 471
239 519
239 611
239 645
239 703
239 754
239 813
239 953
239 975
239 981
240 263
240 291
240 344
240 422
240 444
240 449
240 452
240 615
240 654
240 700
240 914
240 936
241 317
241 337
241 350
241 399
241 438
241 535
241 542
241 643
241 707
241 868
241 871
241 883
241 915
241 927
241 975
242 339
242 361
242 488
242 603
242 613
242 757
242 769
242 861
242 863
242 888
243 270
243 276
243 297
243 306
243 333
243 375
243 380
243 407
243 470
243 494
243 513
243 551
243 572
243 596
243 611
243 612
243 743
243 751
243 801
243 820
243 827
243 838
243 875
243 876
243 886
243 942
243 947
243 954
243 966
243 979
244 254
244 392
244 395
244 412
244 414
244 419
244 423
244 460
244 463
244 486
244 487
244 505
244 515
244 517
244 552
244 561
244 598
244 657
244 661
244 663
244 667
244 672
244 681
244 693
244 695
244 718
244 770
244 778
244 841
244 859
244 879
244 925
244 937
244 943
244 976
244 977
245 313
245 340
245 343
245 345
245 349
245 368
245 369
245 379
245 391
245 394
245 402
245 408
245 454
245 529
245 598
245 607
245 640
245 659
245 677
245 733
245 754
245 785
245 823
245 825
245 930
245 997
246 270
246 273
246 286
246 303
246 391
246 484
246 492
246 596
246 609
246 617
246 632
246 665
246 684
246 708
246 762
246 780
246 813
246 848
246 850
246 859
246 880
246 906
246 987
246 991
246 997
246 998
247 271
247 276
247 380
247 391
247 693
247 785
247 840
247 940
247 952
247 983
248 263
248 284
248 309
248 326
248 330
248 344
248 462
248 482
248 600
248 628
248 641
248 688
248 694
248 705
248 708
248 752
248 805
248 834
248 870
248 886
248 888
248 971
249 292
249 340
249 343
249 485
249 500
249 513
249 515
249 551
249 569
249 594
249 613
249 625
249 650
249 801
249 816
249 864
249 961
250 255
250 259
250 518
250 533
250 543
250 584
250 705
250 739
250 975
250 990
251 327
251 349
251 361
251 447
251 450
251 596
251 867
251 873
251 921
251 945
251 991
252 258
252 355
252 407
252 525
252 533
252 664
252 685
252 742
252 868
252 897
253 256
253 351
253 410
253 468
253 778
253 792
253 955
254 255
254 258
254 260
254 285
254 312
254 336
254 353
254 360
254 372
254 386
254 391
254 397
254 398
254 408
254 452
254 463
254 475
254 486
254 519
254 537
254 582
254 613
254 632
254 653
254 661
254 663
254 673
254 713
254 717
254 737
254 755
254 759
254 765
254 789
254 790
254 816
254 842
254 851
254 879
254 924
254 943
254 970
254 977
255 283
255 315
255 397
255 472
255 605
255 708
255 779
255 801
255 835
255 887
255 927
255 932
256 263
256 267
256 337
256 345
256 554
256 579
256 594
256 616
256 629
256 663
256 679
256 690
256 696
256 733
256 796
256 800
256 859
256 860
256 909
256 961
256 967
257 258
257 305
257 313
257 323
257 329
257 352
257 367
257 393
257 398
257 408
257 414
257 438
257 458
257 466
257 525
257 558
257 566
257 606
257 609
257 617
257 642
257 664
257 667
257 677
257 693
257 706
257 791
257 804
257 808
257 830
257 857
257 902
257 944
257 952
257 975
257 995
258 289
258 310
258 352
258 367
258 420
258 425
258 450
258 461
258 466
258 485
258 499
258 501
258 585
258 603
258 630
258 647
258 648
258 653
258 684
258 687
258 735
258 761
258 790
258 824
258 847
258 884
258 938
258 958
258 960
259 282
259 307
259 319
259 516
259 522
259 580
259 584
259 694
259 732
259 739
259 833
260 286
260 300
260 348
260 400
260 417
260 423
260 450
260 514
260 539
260 543
260 554
260 574
260 590
260 601
260 621
260 645
260 667
260 670
260 671
260 689
260 710
260 725
260 738
260 740
260 780
260 785
260 804
260 813
260 820
260 928
260 934
260 941
260 945
260 970
260 973
260 976
260 988
261 288
261 319
261 328
261 403
261 570
261 773
261 783
261 790
261 799
261 824
261 900
262 266
262 370
262 420
262 437
262 489
262 490
262 548
262 568
262 574
262 590
262 601
262 645
262 659
262 768
262 777
262 845
262 872
262 919
262 947
263 296
263 340
263 353
263 386
263 404
263 422
263 437
263 449
263 488
263 494
263 554
263 558
263 655
263 681
263 693
263 696
263 713
263 729
263 758
263 767
263 768
263 769
263 787
263 808
263 894
263 898
263 917
263 928
264 343
264 346
264 355
264 406
264 493
264 540
264 562
264 620
264 647
264 651
264 658
264 679
264 682
264 694
264 711
264 774
264 899
264 904
264 990
265 276
265 355
265 372
265 395
265 430
265 463
265 487
265 526
265 576
265 614
265 620
265 625
265 653
265 663
265 768
265 841
265 856
266 279
266 330
266 437
266 516
266 518
266 537
266 543
266 554
266 640
266 823
266 829
266 837
266 849
266 889
266 927
266 944
266 975
267 275
267 296
267 345
267 354
267 421
267 507
267 554
267 579
267 594
267 679
267 742
267 751
267 778
267 793
267 844
267 860
267 868
267 878
267 909
267 949
267 961
267 967
267 979
268 272
268 280
268 285
268 352
268 393
268 530
268 610
268 614
268 663
268 681
268 699
268 811
268 820
268 841
268 857
268 978
268 998
269 274
269 281
269 414
269 512
269 520
269 537
269 582
269 644
269 657
269 739
269 954
270 339
270 340
270 387
270 413
270 421
270 488
270 498
270 596
270 609
270 617
270 720
270 762
270 850
270 859
270 991
271 274
271 289
271 304
271 313
271 361
271 449
271 484
271 495
271 504
271 582
271 639
271 644
271 649
271 686
271 711
271 745
271 895
271 954
271 967
272 274
272 277
272 278
272 291
272 294
272 328
272 367
272 373
272 406
272 408
272 410
272 429
272 526
272 567
272 574
272 591
272 593
272 607
272 610
272 648
272 670
272 688
272 703
272 707
272 727
272 738
272 804
272 813
272 873
272 876
272 935
273 378
273 384
273 412
273 418
273 447
273 496
273 526
273 556
273 565
273 607
273 645
273 659
273 682
273 704
273 728
273 771
273 777
273 832
273 886
273 919
273 922
273 970
273 980
274 313
274 384
274 450
274 638
274 711
274 807
274 906
274 917
274 953
275 291
275 325
275 334
275 370
275 426
275 487
275 557
275 577
275 652
275 708
275 720
275 726
275 727
275 773
275 865
275 879
275 885
275 907
276 299
276 305
276 379
276 381
276 386
276 401
276 466
276 485
276 493
276 520
276 538
276 566
276 608
276 647
276 686
276 714
276 724
276 727
276 754
276 783
276 807
276 825
276 834
276 839
276 862
276 866
276 921
276 928
276 935
276 950
276 986
277 289
277 292
277 302
277 357
277 370
277 417
277 569
277 570
277 595
277 598
277 605
277 681
277 719
277 785
277 826
277 827
277 932
278 462
278 553
278 555
278 565
278 574
278 591
278 651
278 731
278 738
278 771
278 869
278 915
278 920
278 930
279 291
279 342
279 359
279 438
279 484
279 518
279 531
279 545
279 741
279 819
279 883
279 887
279 923
279 931
280 429
280 447
280 472
280 495
280 499
280 527
280 636
280 687
280 748
280 913
280 915
281 290
281 413
281 485
281 520
281 528
281 541
281 573
281 590
281 645
281 649
281 650
281 824
281 896
281 948
281 954
282 380
282 466
282 492
282 518
282 523
282 543
282 617
282 628
282 681
282 739
282 740
282 763
282 804
282 824
282 882
282 975
283 524
283 567
283 580
283 645
283 668
283 757
283 787
283 957
283 989
284 291
284 329
284 366
284 403
284 438
284 439
284 471
284 499
284 526
284 624
284 695
284 727
284 739
284 770
284 806
284 1000
285 423
285 431
285 488
285 527
285 530
285 552
285 566
285 593
285 610
285 614
285 616
285 670
285 673
285 677
285 695
285 698
285 762
285 766
285 770
285 816
285 844
285 905
285 924
285 944
286 303
286 306
286 319
286 324
286 325
286 329
286 335
286 367
286 389
286 423
286 424
286 542
286 551
286 593
286 596
286 657
286 668
286 674
286 683
286 690
286 730
286 734
286 771
286 799
286 876
286 954
287 350
287 359
287 372
287 376
287 387
287 435
287 438
287 641
287 658
287 789
287 840
287 841
287 862
287 883
287 962
287 995
288 324
288 388
288 407
288 446
288 501
288 513
288 543
288 574
288 620
288 654
288 681
288 697
288 714
288 735
288 749
288 850
289 291
289 293
289 358
289 382
289 441
289 556
289 569
289 580
289 596
289 727
289 837
289 860
289 873
289 907
289 965
290 326
290 485
290 504
290 506
290 541
290 573
290 626
290 638
290 656
290 661
290 670
290 755
290 783
290 804
290 885
290 899
290 913
290 927
290 954
290 999
291 304
291 319
291 321
291 383
291 452
291 466
291 501
291 505
291 506
291 558
291 569
291 585
291 605
291 617
291 657
291 663
291 678
291 684
291 687
291 689
291 706
291 716
291 745
291 788
291 809
291 832
291 845
291 869
291 872
291 913
291 982
291 991
292 297
292 323
292 331
292 360
292 364
292 412
292 418
292 431
292 471
292 472
292 494
292 497
292 505
292 513
292 515
292 548
292 588
292 611
292 612
292 618
292 663
292 683
292 692
292 699
292 725
292 747
292 782
292 801
292 803
292 818
292 831
292 967
292 974
292 978
292 979
293 304
293 366
293 435
293 480
293 486
293 499
293 553
293 683
293 699
293 702
293 765
293 828
293 920
293 930
293 964
293 975
293 991
294 323
294 365
294 438
294 510
294 512
294 526
294 565
294 574
294 599
294 605
294 645
294 646
294 690
294 781
294 782
294 855
294 887
294 945
294 994
295 350
295 366
295 374
295 495
295 500
295 594
295 668
295 720
295 744
295 771
295 836
295 849
295 854
295 946
296 422
296 449
296 498
296 505
296 544
296 600
296 682
296 713
296 757
296 767
296 799
296 848
296 961
297 315
297 326
297 380
297 387
297 499
297 613
297 625
297 726
297 740
297 792
297 801
297 808
298 371
298 398
298 512
298 677
298 698
298 733
298 776
298 806
298 824
299 325
299 337
299 381
299 417
299 422
299 475
299 546
299 548
299 575
299 642
299 645
299 659
299 699
299 716
299 776
299 810
299 914
299 947
299 982
300 348
300 433
300 533
300 590
300 598
300 616
300 645
300 777
300 804
300 868
300 917
300 920
300 997
301 324
301 385
301 576
301 583
301 703
301 728
301 773
301 778
301 869
301 887
301 915
301 994
302 369
302 392
302 480
302 515
302 530
302 560
302 570
302 719
302 756
302 785
302 800
302 821
302 853
302 864
302 920
302 975
303 319
303 335
303 358
303 367
303 379
303 407
303 498
303 551
303 575
303 668
303 713
303 799
303 853
303 876
303 966
303 995
304 314
304 342
304 369
304 374
304 452
304 549
304 551
304 630
304 645
304 757
304 804
304 870
304 904
304 994
305 343
305 365
305 387
305 390
305 487
305 525
305 530
305 570
305 696
305 813
305 816
305 830
305 886
305 900
305 952
305 970
305 984
306 345
306 708
306 724
306 727
306 759
306 768
306 773
306 811
306 868
306 935
306 984
307 350
307 355
307 361
307 452
307 482
307 489
307 532
307 565
307 583
307 618
307 651
307 689
307 697
307 722
307 757
307 776
307 779
307 836
307 839
307 847
307 848
307 885
307 895
307 902
307 908
307 922
307 926
307 930
307 936
307 951
307 982
307 986
308 435
308 462
308 474
308 505
308 525
308 533
308 546
308 553
308 578
308 587
308 683
308 828
308 838
308 841
308 863
308 871
308 910
308 964
309 310
309 324
309 326
309 398
309 423
309 631
309 662
309 675
309 694
309 705
309 811
309 827
309 883
309 904
309 981
309 988
310 323
310 342
310 373
310 391
310 399
310 442
310 471
310 477
310 526
310 563
310 613
310 615
310 618
310 651
310 706
310 716
310 757
310 774
310 781
310 786
310 802
310 806
310 808
310 874
310 875
310 898
310 939
310 995
311 340
311 357
311 402
311 417
311 425
311 456
311 469
311 500
311 520
311 525
311 529
311 538
311 548
311 566
311 575
311 579
311 581
311 598
311 627
311 642
311 710
311 718
311 738
311 785
311 802
311 807
311 811
311 820
311 823
311 826
311 853
311 880
311 890
311 946
311 951
311 957
311 992
312 350
312 355
312 401
312 407
312 424
312 478
312 488
312 560
312 568
312 701
312 725
312 744
312 849
312 856
312 866
312 895
312 900
312 927
312 946
312 973
313 327
313 354
313 361
313 464
313 716
313 818
313 831
313 919
313 954
313 958
313 967
314 344
314 420
314 433
314 444
314 533
314 572
314 677
314 708
314 735
314 779
314 960
314 966
315 335
315 360
315 448
315 642
315 678
315 692
315 712
315 744
315 801
316 400
316 429
316 452
316 516
316 522
316 546
316 552
316 574
316 590
316 591
316 648
316 670
316 685
316 934
317 435
317 550
317 644
317 757
317 829
317 913
317 962
318 347
318 352
318 390
318 475
318 505
318 526
318 556
318 558
318 612
318 693
318 723
318 745
318 781
318 785
318 804
318 840
318 844
318 920
318 949
319 335
319 344
319 360
319 370
319 372
319 384
319 389
319 400
319 423
319 452
319 496
319 498
319 541
319 542
319 547
319 593
319 611
319 668
319 681
319 690
319 730
319 769
319 799
319 829
319 845
319 876
319 887
319 956
320 378
320 442
320 530
320 595
320 644
320 650
320 761
320 853
320 905
320 913
320 923
320 962
320 966
321 325
321 380
321 484
321 555
321 559
321 585
321 687
321 727
321 735
321 785
321 861
322 331
322 555
322 716
322 769
322 785
322 826
322 834
322 954
322 966
322 992
323 380
323 418
323 525
323 698
323 757
323 801
323 883
323 920
323 928
323 969
324 326
324 384
324 398
324 433
324 487
324 551
324 590
324 661
324 667
324 668
324 677
324 723
324 782
324 952
324 954
325 342
325 366
325 383
325 461
325 484
325 514
325 561
325 582
325 606
325 617
325 629
325 667
325 685
325 727
325 745
325 784
325 810
325 811
325 835
325 843
325 894
325 930
325 961
325 975
325 983
325 985
326 362
326 380
326 433
326 482
326 488
326 503
326 628
326 635
326 640
326 641
326 671
326 682
326 696
326 697
326 714
326 723
326 727
326 728
326 758
326 785
326 811
326 821
326 870
326 871
326 888
326 956
326 971
326 993
327 329
327 354
327 361
327 369
327 399
327 450
327 480
327 524
327 558
327 564
327 585
327 663
327 711
327 714
327 882
327 953
327 967
328 365
328 425
328 438
328 462
328 539
328 574
328 595
328 645
328 659
328 661
328 670
328 838
328 913
328 945
329 412
329 417
329 478
329 530
329 552
329 663
329 710
329 711
329 737
329 757
329 759
329 816
329 841
329 899
329 907
329 911
329 952
330 429
330 443
330 486
330 518
330 522
330 537
330 543
330 569
330 574
330 584
330 588
330 589
330 592
330 595
330 649
330 656
330 727
330 732
330 736
330 770
330 867
330 878
330 913
330 975
330 998
331 352
331 380
331 388
331 504
331 521
331 547
331 782
331 783
331 801
331 817
331 824
331 850
331 1000
332 380
332 431
332 439
332 455
332 480
332 493
332 532
332 535
332 538
332 619
332 630
332 660
332 673
332 675
332 792
332 797
332 822
332 842
332 865
332 895
332 907
332 942
332 946
332 958
332 993
333 358
333 384
333 388
333 411
333 414
333 416
333 586
333 730
333 781
333 785
333 790
333 801
333 820
333 884
333 939
334 385
334 396
334 425
334 509
334 549
334 583
334 622
334 752
334 771
334 948
334 954
334 970
334 980
334 982
335 362
335 367
335 387
335 389
335 423
335 424
335 443
335 507
335 547
335 577
335 593
335 648
335 668
335 679
335 690
335 730
335 732
335 757
335 787
335 829
335 844
335 855
335 898
335 901
335 988
335 995
336 374
336 396
336 454
336 491
336 514
336 541
336 563
336 705
336 713
336 727
336 845
336 910
336 945
336 986
337 374
337 376
337 386
337 429
337 462
337 539
337 569
337 574
337 655
337 659
337 705
337 740
337 803
338 585
338 662
338 675
338 678
338 774
338 882
338 889
338 891
338 942
338 946
339 353
339 374
339 423
339 428
339 455
339 488
339 503
339 532
339 619
339 620
339 644
339 659
339 662
339 663
339 684
339 744
339 747
339 762
339 822
339 842
339 845
339 893
339 996
340 342
340 410
340 422
340 485
340 529
340 544
340 547
340 557
340 570
340 581
340 595
340 597
340 636
340 674
340 689
340 700
340 754
340 768
340 777
340 785
340 817
340 826
340 835
340 900
340 902
340 910
340 923
340 945
340 964
341 423
341 545
341 570
341 585
341 617
341 623
341 667
341 730
341 836
341 956
342 347
342 391
342 499
342 516
342 560
342 577
342 591
342 639
342 686
342 777
342 918
343 360
343 372
343 387
343 410
343 424
343 430
343 431
343 455
343 475
343 487
343 530
343 646
343 661
343 667
343 721
343 737
343 745
343 749
343 779
343 789
343 811
343 841
343 865
343 905
343 937
343 979
344 368
344 378
344 390
344 445
344 473
344 505
344 624
344 655
344 660
344 696
344 713
344 731
344 743
344 757
344 758
344 767
344 768
344 819
344 821
344 894
344 899
344 917
344 948
344 965
344 969
344 984
344 987
345 366
345 554
345 587
345 620
345 642
345 716
345 735
345 909
345 961
346 517
346 535
346 539
346 662
346 858
346 901
346 918
346 921
347 442
347 492
347 526
347 536
347 569
347 645
347 689
347 729
347 733
347 748
347 824
347 865
347 919
347 920
347 987
348 386
348 391
348 598
348 698
348 713
348 722
348 746
348 792
348 795
348 868
348 922
348 937
349 391
349 402
349 434
349 436
349 505
349 512
349 524
349 525
349 529
349 575
349 597
349 598
349 607
349 613
349 633
349 654
349 672
349 699
349 716
349 719
349 735
349 746
349 754
349 774
349 785
349 798
349 802
349 826
349 827
349 846
349 853
349 856
349 869
349 875
349 881
349 923
349 931
349 988
350 388
350 507
350 594
350 611
350 646
350 657
350 729
350 831
350 853
350 962
351 467
351 572
351 754
351 778
351 785
351 830
351 848
351 926
352 387
352 398
352 408
352 418
352 426
352 431
352 460
352 475
352 486
352 503
352 653
352 663
352 681
352 682
352 693
352 729
352 732
352 765
352 851
352 854
352 881
352 904
352 925
352 930
352 999
353 372
353 387
353 430
353 439
353 486
353 508
353 516
353 574
353 586
353 648
353 677
353 688
353 695
353 696
353 863
354 361
354 362
354 393
354 449
354 557
354 967
355 508
355 567
355 650
355 684
355 698
355 703
355 722
355 740
355 745
355 783
355 790
355 791
355 856
355 862
355 899
355 930
355 936
355 980
356 367
356 421
356 562
356 626
356 667
356 724
356 777
356 830
356 867
356 900
356 958
356 972
357 455
357 495
357 504
357 628
357 680
357 729
357 752
357 773
357 814
357 818
358 411
358 416
358 420
358 442
358 452
358 493
358 517
358 530
358 547
358 586
358 595
358 623
358 631
358 647
358 689
358 714
358 724
358 731
358 746
358 760
358 774
358 775
358 968
359 376
359 378
359 383
359 409
359 428
359 438
359 439
359 441
359 442
359 468
359 499
359 508
359 512
359 531
359 545
359 564
359 572
359 584
359 589
359 590
359 599
359 600
359 615
359 643
359 658
359 670
359 681
359 728
359 732
359 819
359 881
359 883
359 906
359 922
359 967
359 973
359 982
359 993
360 400
360 433
360 448
360 470
360 471
360 515
360 521
360 525
360 533
360 551
360 572
360 577
360 610
360 612
360 625
360 680
360 704
360 782
360 992
361 374
361 399
361 447
361 450
361 511
361 553
361 568
361 577
361 604
361 704
361 709
361 713
361 770
361 772
361 810
361 868
361 906
361 936
361 949
361 953
361 965
361 992
362 377
362 418
362 491
362 498
362 527
362 628
362 635
362 637
362 640
362 642
362 643
362 647
362 648
362 670
362 671
362 694
362 712
362 720
362 723
362 770
362 785
362 811
362 813
362 866
362 870
362 884
362 903
362 942
362 951
362 956
362 971
363 374
363 412
363 454
363 479
363 532
363 552
363 558
363 560
363 579
363 580
363 638
363 677
363 678
363 718
363 729
363 744
363 805
363 822
363 830
363 832
363 842
363 849
363 863
363 914
363 931
363 984
363 995
364 407
364 496
364 504
364 639
364 726
364 745
364 750
364 784
364 805
364 879
364 957
364 981
365 388
365 498
365 651
365 653
365 689
365 708
365 713
366 420
366 452
366 485
366 508
366 529
366 577
366 581
366 585
366 605
366 658
366 666
366 773
366 792
366 824
366 843
366 858
366 871
366 900
366 910
366 921
366 924
366 929
366 985
367 376
367 416
367 423
367 424
367 435
367 439
367 477
367 579
367 593
367 625
367 668
367 679
367 690
367 730
367 744
367 761
367 799
367 876
367 883
367 898
367 918
367 967
367 977
368 422
368 473
368 492
368 525
368 570
368 598
368 607
368 625
368 674
368 703
368 755
368 777
368 783
368 785
368 786
368 805
368 857
368 879
368 914
368 923
368 939
368 950
369 458
369 485
369 529
369 581
369 647
369 729
369 752
369 812
369 934
369 940
370 374
370 424
370 443
370 455
370 519
370 560
370 586
370 592
370 596
370 609
370 662
370 729
370 747
370 762
370 768
370 795
370 804
370 814
370 833
370 835
370 968
370 987
371 377
371 403
371 433
371 456
371 514
371 515
371 540
371 616
371 631
371 708
371 735
371 744
371 753
371 784
371 869
371 896
372 380
372 431
372 437
372 451
372 460
372 475
372 482
372 530
372 540
372 661
372 681
372 682
372 693
372 723
372 728
372 749
372 766
372 770
372 778
372 789
372 790
372 837
372 843
372 875
372 901
372 913
372 915
372 952
373 504
373 517
373 538
373 606
373 692
373 735
373 808
373 900
373 938
373 952
374 383
374 392
374 411
374 419
374 522
374 532
374 533
374 535
374 560
374 588
374 625
374 666
374 718
374 744
374 793
374 799
374 805
374 814
374 840
374 842
374 865
374 878
374 945
374 971
374 987
375 380
375 383
375 406
375 438
375 470
375 513
375 638
375 644
375 689
375 708
375 749
375 813
375 851
375 882
376 382
376 478
376 512
376 531
376 536
376 545
376 561
376 564
376 609
376 622
376 639
376 643
376 664
376 670
376 731
376 738
376 742
376 758
376 814
376 822
376 857
376 881
376 911
376 948
377 628
377 694
377 738
377 811
377 832
377 886
377 892
377 946
378 526
378 539
378 625
378 642
378 659
378 771
378 777
378 804
378 828
378 867
378 896
379 606
379 687
379 714
379 868
379 887
380 382
380 390
380 398
380 470
380 497
380 511
380 515
380 526
380 536
380 548
380 551
380 572
380 611
380 625
380 638
380 661
380 692
380 713
380 742
380 759
380 778
380 779
380 782
380 785
380 801
380 832
380 838
380 861
380 875
380 885
380 942
380 968
380 978
380 979
381 385
381 391
381 465
381 475
381 503
381 518
381 528
381 577
381 617
381 685
381 686
381 746
381 792
381 804
381 823
381 826
381 878
381 897
381 908
381 912
381 951
381 974
382 451
382 507
382 600
382 604
382 643
382 688
382 710
382 718
382 719
382 799
382 808
382 813
383 429
383 438
383 487
383 631
383 719
383 978
383 997
384 445
384 447
384 462
384 492
384 521
384 539
384 670
384 671
384 676
384 780
384 813
384 822
384 913
384 920
384 945
385 396
385 549
385 578
385 583
385 622
385 624
385 677
385 678
385 689
385 695
385 703
385 752
385 825
385 869
385 887
385 923
385 944
385 951
385 980
386 398
386 401
386 426
386 439
386 444
386 465
386 477
386 478
386 520
386 550
386 563
386 666
386 689
386 719
386 776
386 787
386 806
386 878
386 901
386 919
386 923
386 930
386 974
386 980
387 413
387 467
387 474
387 484
387 552
387 585
387 653
387 654
387 661
387 679
387 681
387 693
387 704
387 711
387 739
387 759
387 761
387 789
387 807
387 808
387 810
387 828
387 844
387 897
387 905
387 952
388 441
388 481
388 489
388 497
388 503
388 511
388 512
388 545
388 559
388 561
388 592
388 599
388 616
388 643
388 667
388 719
388 723
388 776
388 805
388 907
388 909
388 962
388 967
388 976
389 394
389 399
389 423
389 424
389 443
389 547
389 615
389 668
389 690
389 730
389 809
389 973
390 434
390 477
390 493
390 521
390 530
390 603
390 620
390 790
390 811
390 815
390 920
390 931
390 972
391 440
391 496
391 520
391 608
391 663
391 701
391 726
391 733
391 738
391 761
391 764
391 772
391 784
391 798
391 804
391 836
391 844
391 859
391 886
391 901
391 933
391 936
391 945
391 982
392 407
392 438
392 465
392 532
392 565
392 572
392 659
392 673
392 787
393 412
393 413
393 431
393 456
393 460
393 467
393 474
393 475
393 543
393 601
393 610
393 614
393 648
393 653
393 657
393 663
393 673
393 677
393 682
393 691
393 693
393 694
393 695
393 698
393 721
393 729
393 757
393 770
393 782
393 789
393 840
393 878
393 903
393 905
393 943
393 989
394 421
394 497
394 519
394 533
394 534
394 599
394 606
394 636
394 713
394 719
394 738
394 813
394 864
395 487
395 530
395 535
395 616
395 621
395 691
395 718
395 770
395 789
395 800
395 884
395 892
395 928
395 972
396 407
396 469
396 549
396 551
396 583
396 621
396 622
396 703
396 745
396 752
396 813
396 869
396 887
396 980
397 398
397 462
397 518
397 549
397 588
397 635
397 744
397 757
397 770
397 771
397 845
397 875
397 989
398 438
398 475
398 599
398 669
398 681
398 693
398 786
398 879
399 424
399 477
399 479
399 490
399 493
399 616
399 674
399 711
399 750
399 851
399 905
399 953
399 965
399 967
399 981
400 438
400 447
400 462
400 519
400 526
400 565
400 569
400 601
400 700
400 738
400 796
400 852
400 920
400 925
400 976
401 591
401 625
401 662
401 663
401 685
401 743
401 746
401 776
401 803
401 923
401 945
401 971
401 986
402 524
402 544
402 608
402 674
402 766
402 774
402 800
402 885
402 888
402 954
402 963
403 451
403 460
403 484
403 536
403 649
403 658
403 775
403 885
404 496
404 524
404 565
404 728
404 837
404 848
404 878
404 987
405 442
405 453
405 514
405 536
405 537
405 646
405 757
405 970
405 975
405 983
406 411
406 488
406 499
406 527
406 634
406 863
406 939
407 432
407 436
407 478
407 571
407 600
407 643
407 780
407 783
407 788
407 795
407 813
407 815
407 926
407 930
407 936
407 937
407 951
407 972
408 487
408 582
408 612
408 653
408 673
408 690
408 737
408 789
408 820
408 890
408 936
408 943
409 438
409 512
409 596
409 599
409 674
409 741
409 788
409 856
410 421
410 431
410 439
410 453
410 495
410 534
410 550
410 565
410 706
410 737
410 767
410 768
410 778
410 788
410 803
410 866
410 919
410 947
410 961
411 416
411 467
411 469
411 474
411 479
411 498
411 586
411 623
411 628
411 644
411 647
411 683
411 724
411 738
411 742
411 758
411 774
411 790
411 843
411 898
411 912
411 939
411 941
411 943
411 968
411 993
412 447
412 457
412 460
412 552
412 620
412 625
412 646
412 681
412 682
412 927
412 978
413 414
413 518
413 610
413 639
413 646
413 658
413 659
413 661
413 663
413 694
413 811
413 851
413 905
413 943
413 957
413 991
414 487
414 571
414 586
414 614
414 651
414 667
414 673
414 694
414 697
414 770
414 787
414 816
414 876
415 557
415 613
415 639
415 684
415 687
415 690
415 694
415 711
415 756
415 794
416 514
416 517
416 549
416 607
416 617
416 728
416 774
416 790
416 824
416 865
416 898
416 939
417 525
417 598
417 654
417 663
417 672
417 853
417 857
417 881
417 923
417 970
417 986
418 426
418 470
418 472
418 508
418 544
418 551
418 608
418 625
418 697
418 725
418 737
418 744
418 782
418 835
418 885
418 891
418 923
418 942
418 964
418 978
419 492
419 620
419 683
419 744
419 843
419 930
419 980
420 436
420 452
420 565
420 755
420 784
420 792
420 920
420 978
421 432
421 484
421 519
421 533
421 553
421 575
421 604
421 632
421 634
421 669
421 685
421 719
421 761
421 795
421 811
421 851
421 882
421 894
421 900
421 932
421 958
422 498
422 527
422 570
422 575
422 606
422 719
422 761
422 823
422 828
422 841
422 853
422 862
422 891
422 923
423 436
423 482
423 542
423 547
423 587
423 589
423 593
423 638
423 648
423 668
423 678
423 730
423 747
423 799
423 829
423 862
423 876
423 884
423 965
423 996
424 436
424 448
424 464
424 517
424 524
424 542
424 547
424 638
424 668
424 703
424 711
424 797
424 827
424 829
424 876
424 958
424 971
424 988
425 427
425 521
425 545
425 550
425 574
425 714
425 773
425 783
425 791
425 841
425 883
425 936
425 970
426 439
426 440
426 493
426 518
426 521
426 582
426 606
426 654
426 693
426 722
426 761
426 891
426 899
426 904
426 972
426 990
427 585
427 586
427 638
427 728
427 742
427 819
427 881
427 883
427 917
427 945
428 465
428 503
428 505
428 535
428 572
428 574
428 744
428 849
428 859
428 918
428 927
428 946
428 993
429 539
429 540
429 569
429 613
429 645
429 761
429 769
429 776
429 780
429 896
429 928
430 448
430 526
430 585
430 590
430 610
430 653
430 663
430 698
430 737
430 744
430 883
430 890
430 976
430 984
431 438
431 475
431 548
431 695
431 714
431 754
431 773
431 815
431 952
432 492
432 512
432 519
432 533
432 606
432 716
432 739
432 790
432 900
433 451
433 525
433 549
433 574
433 576
433 602
433 625
433 634
433 952
434 534
434 546
434 587
434 683
434 702
434 727
434 740
434 799
434 828
434 950
434 977
435 453
435 496
435 500
435 578
435 587
435 614
435 683
435 697
435 722
435 785
435 828
435 900
435 964
436 539
436 685
436 698
436 703
436 776
436 856
437 460
437 487
437 529
437 530
437 551
437 663
437 677
437 688
437 737
437 770
437 816
437 819
437 895
437 900
437 981
437 987
438 441
438 447
438 456
438 468
438 507
438 511
438 512
438 530
438 539
438 545
438 564
438 573
438 699
438 713
438 793
438 819
438 824
438 825
438 843
438 863
438 881
438 912
438 913
438 915
438 920
438 922
438 938
438 973
438 997
439 440
439 451
439 554
439 567
439 572
439 602
439 620
439 700
439 832
439 849
439 976
439 981
439 990
440 471
440 473
440 493
440 520
440 521
440 545
440 620
440 687
440 716
440 725
440 815
440 877
440 882
440 889
440 904
440 953
440 990
441 472
441 512
441 531
441 545
441 555
441 570
441 577
441 643
441 684
441 798
441 819
441 883
441 938
442 462
442 487
442 527
442 574
442 671
442 689
442 818
442 919
442 920
442 999
443 515
443 542
443 624
443 625
443 744
443 767
443 795
443 799
443 859
443 876
443 923
444 525
444 609
444 626
444 659
444 698
445 462
445 512
445 526
445 555
445 565
445 567
445 569
445 574
445 577
445 813
446 460
446 469
446 506
446 590
446 619
446 663
446 667
446 693
446 706
446 718
446 759
446 770
446 972
447 462
447 487
447 499
447 539
447 555
447 556
447 565
447 567
447 569
447 578
447 610
447 620
447 630
447 651
447 660
447 670
447 723
447 738
447 767
447 769
447 773
447 796
447 804
447 812
447 832
447 879
447 917
447 919
447 920
447 935
447 960
447 976
448 460
448 471
448 526
448 881
448 920
448 923
448 936
449 487
449 617
449 686
449 713
449 800
449 811
449 843
449 902
449 917
449 963
449 984
450 473
450 508
450 687
450 711
450 810
450 824
450 884
450 906
450 953
451 468
451 495
451 633
451 659
451 686
451 922
451 938
452 457
452 462
452 484
452 485
452 502
452 522
452 576
452 583
452 585
452 588
452 605
452 630
452 631
452 650
452 658
452 726
452 730
452 734
452 786
452 791
452 810
452 843
452 852
452 872
452 907
452 916
452 919
452 989
453 612
453 627
453 663
453 738
453 915
454 509
454 557
454 560
454 570
454 575
454 654
454 716
454 923
454 934
454 981
455 532
455 551
455 568
455 577
455 602
455 633
455 642
455 662
455 675
455 687
455 689
455 694
455 722
455 729
455 737
455 754
455 791
455 814
455 849
455 869
455 897
455 909
456 460
456 525
456 540
456 570
456 575
456 607
456 627
456 636
456 655
456 656
456 699
456 708
456 719
456 756
456 800
456 826
456 854
456 882
456 926
456 996
457 477
457 499
457 653
457 687
457 727
457 772
457 790
457 818
457 824
457 878
457 981
458 487
458 520
458 559
458 590
458 605
458 653
458 661
458 662
458 665
458 667
458 673
458 768
458 895
458 921
458 997
459 501
459 756
459 785
459 810
459 848
459 859
459 991
459 997
460 467
460 475
460 485
460 487
460 492
460 530
460 558
460 580
460 589
460 604
460 621
460 637
460 693
460 695
460 703
460 737
460 738
460 770
460 773
460 778
460 789
460 813
460 816
460 850
460 852
460 857
460 884
460 905
460 909
460 925
460 927
460 937
460 944
460 977
461 512
461 577
461 630
461 631
461 770
461 874
461 927
462 542
462 565
462 569
462 572
462 600
462 645
462 652
462 659
462 669
462 680
462 700
462 736
462 764
462 804
462 818
462 831
462 885
462 891
462 928
462 931
462 979
463 513
463 550
463 573
463 698
463 706
463 813
463 921
463 952
464 475
464 482
464 516
464 543
464 563
464 590
464 627
464 634
464 691
464 709
465 482
465 491
465 502
465 516
465 518
465 580
465 584
465 659
465 720
465 732
465 736
465 751
465 777
465 797
465 837
465 966
465 967
465 988
466 587
466 630
466 684
466 687
466 694
466 745
466 794
466 879
466 900
466 967
467 475
467 538
467 668
467 677
467 943
467 959
467 980
467 993
468 545
468 560
468 561
468 567
468 604
468 734
468 756
468 819
468 874
468 875
468 883
468 913
468 931
469 479
469 494
469 515
469 517
469 586
469 647
469 668
469 674
469 681
469 731
469 759
469 774
469 775
469 790
469 815
469 898
469 912
469 916
469 941
469 989
470 498
470 561
470 574
470 579
470 719
470 726
470 884
471 488
471 515
471 551
471 638
471 647
471 678
471 708
471 737
471 772
471 844
471 867
471 879
471 943
472 508
472 515
472 535
472 548
472 551
472 555
472 625
472 630
472 637
472 666
472 685
472 816
473 496
473 521
473 530
473 579
473 620
473 653
473 684
473 738
473 782
473 849
473 882
473 891
473 899
473 921
473 990
474 524
474 572
474 609
474 622
474 630
474 652
474 683
474 696
474 713
474 743
474 752
474 760
474 767
474 860
474 878
474 894
474 913
474 990
475 582
475 584
475 591
475 604
475 673
475 687
475 693
475 744
475 789
475 804
475 992
476 488
476 520
476 561
476 613
476 618
476 624
476 635
476 676
476 757
476 760
476 781
476 823
476 874
476 881
477 478
477 517
477 540
477 556
477 685
477 768
477 878
477 940
477 952
477 987
478 518
478 577
478 713
478 776
478 789
478 862
478 991
479 517
479 537
479 583
479 586
479 630
479 700
479 763
479 774
479 784
479 820
479 939
479 961
480 489
480 494
480 672
480 684
480 737
480 772
480 782
480 825
481 696
481 713
481 781
481 801
481 948
481 984
482 516
482 518
482 543
482 726
482 807
482 813
482 815
482 866
482 876
482 880
482 994
483 515
483 578
483 636
483 639
483 644
483 718
483 752
483 793
483 913
483 917
484 499
484 587
484 630
484 684
484 687
484 724
484 737
484 799
484 824
484 843
484 845
484 898
485 505
485 525
485 560
485 572
485 586
485 755
485 789
485 809
485 868
485 917
485 954
485 956
485 995
486 536
486 573
486 663
486 708
486 759
486 778
486 788
486 816
487 504
487 524
487 617
487 626
487 677
487 682
487 721
487 739
487 750
487 765
487 770
487 810
487 814
487 857
487 909
487 925
487 933
487 943
487 983
488 506
488 510
488 517
488 550
488 595
488 613
488 618
488 624
488 626
488 634
488 650
488 741
488 757
488 781
488 786
488 802
488 806
488 827
488 848
488 863
488 874
488 898
488 925
488 972
489 496
489 578
489 590
489 658
489 698
489 754
489 854
489 895
489 905
489 930
490 509
490 526
490 545
490 554
490 645
490 659
490 804
490 813
490 821
490 879
490 945
491 518
491 522
491 589
491 628
491 659
491 739
491 847
491 943
491 990
492 596
492 609
492 617
492 627
492 665
492 682
492 787
492 792
492 817
492 848
492 850
492 859
492 991
493 496
493 514
493 516
493 521
493 533
493 562
493 620
493 669
493 724
493 727
493 756
493 795
493 802
493 810
493 815
493 891
493 899
493 904
493 937
493 980
493 990
493 999
494 518
494 601
494 622
494 638
494 801
494 804
494 889
494 905
494 920
494 939
495 504
495 542
495 553
495 593
495 596
495 633
495 646
495 651
495 703
495 737
495 769
495 775
495 787
495 794
495 915
495 955
495 999
496 562
496 569
496 620
496 711
496 724
496 750
496 833
496 899
496 987
496 990
497 520
497 608
497 662
497 675
497 699
497 765
497 847
497 870
497 897
497 915
497 924
497 936
497 944
498 518
498 519
498 611
498 618
498 624
498 634
498 650
498 656
498 702
498 741
498 759
498 786
498 807
498 896
498 944
498 956
498 1000
499 562
499 577
499 585
499 650
499 658
499 708
499 727
499 742
499 772
499 779
499 824
499 831
499 872
499 927
499 947
499 957
500 546
500 553
500 578
500 587
500 683
500 709
500 744
500 787
501 528
501 576
501 653
501 727
501 735
501 770
501 793
501 794
501 843
501 912
501 939
501 988
502 522
502 533
502 543
502 739
502 896
502 975
503 505
503 508
503 535
503 567
503 636
503 662
503 720
503 747
503 773
503 777
503 795
503 809
503 842
503 848
503 876
503 918
503 931
503 946
504 552
504 560
504 633
504 636
504 646
504 737
504 804
504 861
504 867
504 887
504 928
504 947
505 524
505 532
505 535
505 540
505 542
505 560
505 620
505 623
505 662
505 688
505 701
505 744
505 814
505 822
505 824
505 911
505 918
505 955
505 972
505 991
506 574
506 577
506 595
506 630
506 722
506 745
506 779
507 545
507 677
507 698
507 815
507 819
507 838
507 844
507 883
507 899
508 545
508 579
508 643
508 745
508 754
508 818
508 883
508 989
508 997
509 526
509 565
509 567
509 574
509 593
509 621
509 658
509 662
509 671
509 722
509 771
509 773
509 779
509 818
509 831
509 845
509 907
509 916
509 919
509 945
509 955
510 527
510 586
510 618
510 650
510 682
510 812
510 826
511 531
511 545
511 561
511 577
511 731
511 841
511 883
511 905
512 534
512 543
512 545
512 557
512 590
512 599
512 600
512 643
512 645
512 667
512 704
512 708
512 728
512 740
512 741
512 754
512 767
512 769
512 794
512 798
512 799
512 844
512 878
512 881
512 883
512 1000
513 515
513 682
513 689
513 692
513 698
513 868
513 992
514 577
514 585
514 649
514 652
514 687
514 690
514 708
514 735
514 747
514 761
514 779
514 820
514 880
514 887
514 909
514 910
514 911
514 983
515 561
515 586
515 612
515 638
515 640
515 655
515 783
515 942
516 523
516 526
516 543
516 580
516 649
516 669
516 736
516 820
516 821
516 975
517 573
517 586
517 623
517 647
517 704
517 724
517 731
517 774
517 775
517 776
517 790
517 866
517 898
517 912
517 939
517 941
517 968
518 523
518 530
518 543
518 563
518 580
518 588
518 589
518 594
518 604
518 670
518 705
518 709
518 736
518 739
518 792
518 837
518 846
518 896
518 925
518 930
518 975
518 997
518 998
518 999
519 533
519 537
519 552
519 651
519 669
519 698
519 712
519 719
519 851
519 855
519 949
520 528
520 535
520 711
520 740
520 764
520 771
520 783
520 788
520 800
520 825
520 849
520 869
520 956
521 620
521 651
521 783
521 809
521 812
521 815
521 922
521 976
522 523
522 580
522 588
522 589
522 659
522 662
522 739
522 751
522 864
522 926
522 998
523 537
523 543
523 589
523 659
523 678
523 709
523 710
523 740
523 741
523 797
524 533
524 627
524 649
524 655
524 660
524 679
524 729
524 739
524 821
524 865
524 931
524 948
525 564
525 570
525 581
525 593
525 646
525 716
525 718
525 728
525 785
525 791
525 823
525 834
525 835
525 888
525 890
525 919
525 957
525 963
525 981
526 539
526 569
526 601
526 610
526 645
526 666
526 676
526 688
526 689
526 722
526 736
526 738
526 773
526 786
526 804
526 813
526 925
526 934
526 941
526 945
526 970
527 543
527 591
527 608
527 613
527 615
527 624
527 630
527 634
527 650
527 682
527 737
527 757
527 777
527 797
527 806
527 809
527 816
527 829
527 861
527 863
527 874
527 889
527 893
527 896
527 926
527 996
528 797
528 812
528 950
529 570
529 590
529 598
529 633
529 654
529 660
529 716
529 718
529 719
529 726
529 754
529 856
529 914
529 936
529 937
529 958
529 986
530 591
530 661
530 663
530 677
530 681
530 691
530 749
530 789
530 816
530 828
530 856
530 903
530 905
530 937
530 951
531 561
531 599
531 638
531 663
531 706
531 819
531 882
531 883
531 898
531 990
532 566
532 570
532 638
532 659
532 662
532 793
532 805
532 849
533 539
533 606
533 616
533 632
533 647
533 660
533 668
533 812
533 830
533 844
533 845
533 851
533 864
533 900
533 958
533 988
533 989
534 536
534 619
534 622
534 624
534 633
534 779
534 803
534 945
535 540
535 541
535 573
535 585
535 628
535 715
535 729
535 744
535 748
535 756
535 764
535 793
535 805
535 814
535 836
535 842
535 849
535 868
535 893
535 908
535 946
536 550
536 633
536 636
536 646
536 799
536 803
536 838
536 948
536 952
537 606
537 612
537 674
537 739
537 740
537 745
537 790
537 842
537 905
537 912
537 922
537 975
537 998
538 552
538 553
538 556
538 579
538 657
538 714
538 741
538 746
538 792
538 914
538 919
538 970
539 567
539 574
539 593
539 623
539 645
539 670
539 700
539 714
539 742
539 773
539 785
539 786
539 804
539 818
539 855
539 863
539 889
539 894
539 897
539 927
539 932
539 970
539 985
540 661
540 776
540 971
541 569
541 713
541 829
541 855
541 868
542 572
542 625
542 664
542 668
542 690
542 730
542 790
542 799
542 829
542 876
543 544
543 563
543 575
543 588
543 589
543 633
543 651
543 679
543 709
543 725
543 739
543 740
543 827
543 831
543 837
543 846
543 860
543 941
543 975
543 999
544 672
544 716
544 727
544 759
544 879
544 923
544 945
544 952
545 564
545 570
545 599
545 600
545 620
545 662
545 721
545 728
545 740
545 746
545 784
545 832
545 883
545 887
545 896
545 898
545 899
545 918
545 973
546 587
546 602
546 683
546 687
546 690
546 732
546 806
546 818
546 923
546 936
546 939
547 566
547 587
547 592
547 668
547 690
547 799
547 840
547 876
547 898
547 907
547 917
548 562
548 659
548 782
548 784
548 951
549 583
549 586
549 631
549 703
549 737
549 741
549 752
549 857
549 869
549 887
549 894
549 932
549 980
549 1000
550 580
550 589
550 613
550 624
550 636
550 646
550 651
550 915
550 917
550 921
550 968
551 560
551 572
551 638
551 680
551 727
551 801
551 822
551 838
551 929
551 944
551 946
551 977
551 994
552 576
552 631
552 673
552 693
552 744
552 802
552 836
552 923
552 943
552 950
552 963
552 977
553 578
553 587
553 663
553 683
553 871
553 974
554 579
554 594
554 613
554 642
554 849
554 869
554 870
554 906
554 909
554 997
555 574
555 699
555 738
555 773
555 838
555 867
555 908
555 919
555 935
555 970
555 1000
556 560
556 561
556 662
556 664
556 744
556 814
556 871
556 889
556 893
556 939
556 952
556 958
557 570
557 575
557 598
557 674
557 691
557 726
557 770
557 853
557 856
557 963
557 988
557 992
558 683
558 799
558 945
558 948
559 621
559 661
559 718
559 721
559 749
559 862
559 913
559 933
560 649
560 662
560 678
560 717
560 724
560 744
560 747
560 793
560 797
560 804
560 815
560 826
560 840
560 852
560 865
560 946
560 959
560 963
560 967
560 972
560 978
560 987
560 993
561 564
561 600
561 649
561 662
561 788
561 872
561 873
561 916
561 920
561 929
561 956
561 962
561 998
562 620
562 662
562 709
562 714
562 738
562 806
562 831
562 882
562 990
563 635
563 705
563 708
563 709
563 713
563 736
563 879
563 932
563 985
563 998
564 595
564 709
564 834
564 975
565 567
565 610
565 621
565 624
565 629
565 648
565 670
565 696
565 700
565 714
565 723
565 737
565 738
565 749
565 769
565 780
565 804
565 807
565 842
565 852
565 861
565 919
565 934
565 935
565 945
566 599
566 776
566 783
566 863
567 663
567 676
567 697
567 738
567 742
567 804
567 989
568 574
568 580
568 670
568 689
568 692
568 867
568 876
568 912
568 920
568 966
569 645
569 648
569 653
569 670
569 689
569 755
569 769
569 770
569 771
569 828
569 892
570 583
570 598
570 604
570 611
570 674
570 675
570 718
570 719
570 732
570 742
570 759
570 797
570 823
570 834
570 854
570 907
570 981
570 996
571 584
571 620
571 621
571 639
571 644
571 731
571 770
571 950
571 966
572 612
572 801
572 876
572 883
572 900
573 620
573 661
573 668
573 687
573 733
573 803
573 810
573 825
573 895
573 935
574 579
574 590
574 591
574 613
574 648
574 651
574 670
574 738
574 748
574 761
574 780
574 799
574 813
574 818
574 825
574 954
575 605
575 711
575 759
575 782
575 789
575 808
575 874
575 914
575 988
575 995
576 577
576 585
576 687
576 689
576 784
576 797
576 877
576 883
576 927
576 957
576 984
576 989
577 582
577 585
577 602
577 639
577 641
577 652
577 655
577 669
577 684
577 692
577 726
577 735
577 744
577 745
577 752
577 769
577 772
577 784
577 820
577 843
577 851
577 857
577 858
577 866
577 872
577 884
577 911
577 954
577 969
578 584
578 587
578 683
578 828
578 856
578 871
578 938
578 944
578 959
578 964
578 972
578 992
579 629
579 741
579 759
579 909
579 930
580 584
580 683
580 703
580 739
580 749
580 869
580 938
581 597
581 699
581 719
581 789
581 853
581 859
581 871
581 884
581 954
582 641
582 654
582 814
582 831
582 841
582 877
582 879
582 975
583 621
583 622
583 698
583 703
583 775
583 856
583 869
583 872
583 884
583 887
584 618
584 732
584 751
584 781
584 795
584 837
584 846
584 912
584 974
584 975
585 590
585 603
585 653
585 654
585 658
585 687
585 726
585 777
585 784
585 787
585 797
585 801
585 804
585 824
585 843
585 872
585 877
585 916
585 932
585 985
585 994
586 623
586 710
586 731
586 774
586 775
586 790
586 802
586 824
586 912
586 941
586 956
586 976
587 639
587 654
587 674
587 683
587 702
587 729
587 756
587 779
587 934
588 608
588 728
588 847
588 916
588 930
588 975
589 641
589 657
589 681
589 686
589 820
589 856
589 957
590 601
590 625
590 642
590 651
590 670
590 676
590 738
590 749
590 780
590 804
590 854
590 928
590 934
590 945
590 948
590 973
591 629
591 645
591 665
591 669
591 689
591 707
591 793
591 796
591 920
591 934
591 948
591 954
591 957
591 988
592 654
592 783
592 798
592 865
592 918
593 645
593 670
593 698
593 781
593 799
593 845
593 939
594 629
594 642
594 785
594 822
594 860
594 961
594 989
595 635
595 654
595 678
595 686
595 901
595 947
596 609
596 617
596 624
596 665
596 745
596 766
596 848
596 850
596 891
596 972
596 991
597 600
597 645
597 739
597 785
597 851
597 854
597 856
597 863
597 923
597 924
597 978
598 692
598 736
598 754
598 856
598 864
598 890
598 899
599 600
599 636
599 651
599 657
599 673
599 700
599 798
599 965
599 984
600 819
600 831
600 925
600 976
601 622
601 645
601 649
601 651
601 659
601 666
601 676
601 686
601 771
601 821
601 845
601 920
601 934
601 935
602 605
602 630
602 664
602 699
602 708
602 727
602 778
602 782
602 810
602 827
602 832
602 843
602 898
602 907
602 910
602 916
602 969
602 985
603 630
603 677
603 727
603 824
603 829
603 903
603 945
603 967
603 999
604 608
604 785
604 790
604 800
604 812
604 845
604 853
604 856
604 905
604 916
604 986
605 622
605 631
605 642
605 653
605 694
605 702
605 735
605 757
605 824
605 876
605 898
605 911
605 967
605 972
606 685
606 745
606 758
606 771
606 779
606 815
606 900
606 986
607 613
607 622
607 642
607 659
607 672
607 682
607 807
607 836
607 903
607 952
607 957
608 658
608 697
608 710
608 711
608 733
608 776
608 788
608 800
608 839
608 892
608 930
608 974
608 982
609 617
609 655
609 665
609 677
609 704
609 711
609 762
609 808
609 826
609 831
609 848
609 850
609 859
609 872
609 885
609 892
609 942
609 991
609 997
610 645
610 662
610 771
610 789
610 801
610 806
610 813
610 907
610 908
610 962
610 988
611 629
611 636
611 657
611 727
611 756
611 843
611 902
611 927
611 932
611 991
612 625
612 727
612 808
612 856
612 942
613 624
613 775
613 863
613 865
613 892
613 951
614 663
614 681
614 759
614 765
614 796
614 813
614 905
614 920
614 924
614 943
614 956
614 970
615 774
615 781
615 786
615 813
615 863
615 869
615 953
615 978
615 988
615 997
616 786
616 900
616 923
616 946
616 996
616 997
617 762
617 767
617 792
617 831
617 833
617 848
617 850
617 884
617 939
617 976
617 991
617 997
618 659
618 757
618 803
618 806
618 849
618 856
618 863
618 896
618 1000
619 655
619 662
619 744
619 792
619 799
619 864
620 750
620 758
620 778
620 829
620 854
620 882
620 891
620 899
620 904
620 990
620 991
621 644
621 708
621 720
621 817
621 893
621 913
621 925
621 932
621 938
621 957
621 960
621 964
621 966
622 662
622 697
622 752
622 773
622 817
622 854
622 863
622 980
622 1000
623 647
623 774
623 790
623 898
623 902
623 939
624 639
624 710
624 757
624 763
624 766
624 781
624 786
624 806
624 843
624 863
624 938
624 947
624 984
625 647
625 675
625 703
625 731
625 745
625 801
625 826
625 828
625 833
625 921
626 629
626 644
626 731
626 742
626 786
626 787
626 863
626 984
627 633
627 681
627 719
627 739
627 856
627 862
627 928
627 992
628 694
628 713
628 738
628 886
628 888
629 860
629 864
629 919
629 961
629 991
630 631
630 639
630 648
630 652
630 685
630 708
630 714
630 734
630 735
630 782
630 818
630 824
630 845
630 855
630 910
630 911
630 957
630 983
630 985
630 992
631 691
631 708
631 734
631 813
631 824
631 832
631 842
631 855
631 868
631 930
632 708
632 779
632 900
633 636
633 646
633 657
633 738
633 798
633 803
633 904
633 915
633 928
633 938
633 989
634 693
634 730
634 816
634 874
635 640
635 653
635 671
635 694
635 705
635 720
635 732
635 767
635 796
635 811
635 830
635 859
635 921
635 956
636 637
636 643
636 646
636 785
636 819
636 843
636 858
636 859
636 915
636 933
636 948
636 955
636 975
636 993
637 683
637 697
637 846
637 883
637 924
637 932
637 958
637 962
638 667
638 735
638 764
638 783
638 794
638 801
638 838
638 878
639 645
639 655
639 687
639 708
639 723
639 734
639 759
639 792
639 826
639 843
639 845
639 847
639 851
639 898
639 910
639 911
639 915
639 985
639 991
639 994
640 694
640 720
640 800
640 842
640 917
640 943
641 711
641 790
641 848
641 855
641 876
641 958
641 966
642 679
642 759
642 864
642 909
642 912
642 961
643 659
643 735
643 757
643 758
643 811
643 881
643 883
643 905
643 914
643 920
643 927
643 983
643 984
644 699
644 751
644 809
644 813
644 817
644 818
644 824
644 898
644 913
644 942
644 947
644 959
644 960
644 962
644 966
644 1000
645 659
645 661
645 689
645 749
645 777
645 788
645 792
645 804
645 807
645 818
645 892
645 919
645 922
645 928
645 929
645 934
645 976
646 664
646 763
646 800
646 817
646 819
646 909
646 915
646 938
646 981
647 706
647 724
647 759
647 908
647 912
647 917
647 921
647 939
647 968
648 760
648 811
648 813
648 818
648 895
648 920
648 975
649 660
649 717
649 800
649 856
649 918
650 739
650 773
650 782
650 806
650 854
650 863
650 925
650 939
650 999
651 659
651 663
651 685
651 702
651 773
651 792
651 813
651 818
651 951
652 665
652 684
652 708
652 729
652 801
652 840
652 879
653 663
653 682
653 734
653 759
653 789
653 879
653 925
653 952
654 677
654 687
654 719
654 720
654 785
655 791
655 984
656 682
656 762
656 854
656 967
657 693
658 666
658 684
658 708
658 726
658 735
658 745
658 754
658 761
658 766
658 787
658 872
658 884
658 910
658 911
658 915
658 929
658 978
658 985
658 986
659 669
659 713
659 728
659 749
659 752
659 756
659 771
659 813
659 816
659 832
659 845
659 928
659 950
659 994
660 673
660 689
660 705
660 715
660 964
661 706
661 728
661 736
661 844
661 905
662 678
662 688
662 715
662 717
662 729
662 744
662 747
662 793
662 826
662 836
662 842
662 889
662 893
662 923
662 931
662 942
662 993
663 667
663 691
663 730
663 737
663 760
663 768
663 810
663 816
663 843
663 844
663 857
663 925
663 937
664 729
664 778
664 814
664 849
664 877
664 930
664 993
665 731
665 837
665 848
665 873
665 898
665 929
665 964
665 991
665 997
665 1000
666 733
666 890
666 903
666 923
667 677
667 694
667 695
667 737
667 781
667 789
667 924
667 943
667 960
667 967
667 987
668 730
668 739
668 785
668 829
668 852
668 854
668 876
668 894
668 922
668 982
668 987
669 893
669 993
670 680
670 713
670 718
670 768
670 773
670 811
670 903
670 928
670 938
670 964
671 694
671 699
671 720
671 811
671 928
672 691
672 708
672 719
672 761
672 785
672 800
672 823
672 853
673 693
673 801
673 814
673 876
673 905
673 946
673 952
673 977
674 733
674 746
674 854
674 856
674 912
674 928
675 747
675 844
675 849
675 862
675 893
676 689
676 711
676 770
676 806
676 900
677 681
677 684
677 695
677 808
677 844
677 885
677 894
677 904
677 905
677 920
677 937
677 943
677 944
678 688
678 717
678 815
678 865
678 900
678 998
679 722
679 743
679 860
679 960
679 961
679 962
680 801
680 838
680 875
680 914
680 921
681 682
681 691
681 733
681 757
681 784
681 789
681 813
681 844
681 905
681 925
681 944
682 692
682 704
682 905
682 982
683 702
683 828
683 864
683 871
683 881
683 893
683 964
684 687
684 702
684 711
684 735
684 760
684 763
684 770
684 772
684 813
684 822
684 832
684 847
684 852
684 874
684 877
684 879
684 907
684 911
684 932
684 938
685 792
685 811
685 839
685 850
685 872
685 895
685 911
685 930
685 972
686 730
686 917
686 919
686 982
687 691
687 726
687 772
687 795
687 824
687 841
687 845
687 901
687 932
687 953
687 969
688 709
688 861
688 946
689 764
689 771
689 773
689 804
689 813
689 818
689 844
689 853
689 856
689 867
689 893
689 920
689 923
689 928
690 730
690 799
690 836
690 915
690 1000
691 705
691 736
691 769
691 816
691 821
691 824
691 991
692 770
692 803
692 923
693 703
693 738
693 765
693 778
693 835
693 836
693 900
693 903
693 943
693 947
693 991
693 996
694 705
694 712
694 720
694 723
694 737
694 763
694 811
694 870
694 878
694 888
694 909
694 918
694 956
694 965
694 973
695 724
695 778
695 816
695 828
695 884
696 713
696 769
696 808
696 823
696 880
696 918
696 984
696 996
696 1000
697 698
697 714
697 764
697 776
697 818
697 862
697 869
697 883
697 913
697 930
697 951
698 701
698 714
698 753
698 792
698 801
698 877
698 878
698 897
698 901
698 906
698 966
698 972
698 990
699 716
699 719
699 771
699 783
699 865
699 883
699 923
700 806
701 716
701 776
701 813
701 846
701 877
701 893
702 860
702 982
702 998
703 752
703 758
703 776
703 784
703 805
703 869
703 887
703 895
703 980
704 711
704 725
704 727
704 755
704 863
704 879
704 991
705 739
705 801
705 803
705 811
706 777
706 790
706 865
706 873
706 944
707 721
707 770
707 914
707 992
708 726
708 772
708 779
708 781
708 787
708 803
708 845
708 857
708 883
708 969
708 985
708 994
709 740
709 776
709 814
709 833
709 867
709 889
709 975
709 999
710 729
710 814
710 852
710 881
710 902
710 907
710 986
711 776
711 843
711 906
711 944
711 953
712 811
712 824
712 920
712 970
713 731
713 769
713 848
713 874
713 877
713 894
713 966
713 984
713 996
714 728
714 792
714 795
714 856
714 878
714 908
714 932
714 936
714 951
714 972
714 988
715 735
715 744
715 770
715 806
715 822
715 876
715 983
716 742
716 755
716 773
716 785
716 854
716 856
716 861
716 888
716 923
716 943
716 958
717 753
717 761
717 816
717 865
717 991
718 856
718 981
719 742
719 759
719 834
719 853
719 883
719 890
719 892
719 946
719 963
720 760
720 787
720 811
720 869
720 871
720 886
720 904
720 963
721 805
721 962
721 1000
722 727
722 865
722 866
722 919
722 926
722 930
722 934
723 760
723 811
723 865
723 916
723 919
723 954
723 958
724 765
724 774
724 790
724 899
724 941
725 739
725 801
725 828
725 883
726 756
726 852
726 907
726 928
726 994
726 997
727 734
727 735
727 745
727 758
727 761
727 779
727 810
727 820
727 824
727 843
727 872
727 891
727 911
727 939
727 940
727 957
727 959
727 983
727 985
728 730
728 987
729 754
729 788
729 823
729 842
729 889
729 931
729 946
729 998
730 799
730 829
730 845
730 876
731 733
731 774
731 775
731 790
731 819
731 912
731 939
731 991
732 788
732 792
732 957
732 975
733 753
733 830
733 930
734 843
734 881
734 955
735 745
735 762
735 784
735 790
735 794
735 810
735 811
735 824
735 845
735 846
735 848
735 872
735 890
735 907
735 910
735 949
735 962
735 974
735 975
735 978
735 985
735 1000
736 876
736 922
736 952
737 751
737 795
737 870
737 873
737 902
737 903
737 905
737 943
737 952
737 977
737 980
738 780
738 792
738 813
738 886
738 920
738 976
739 751
739 758
739 837
739 890
739 945
739 957
739 975
739 998
739 999
740 855
740 997
741 766
742 798
742 812
742 876
743 749
743 768
743 779
743 792
743 917
744 777
744 780
744 784
744 793
744 798
744 801
744 805
744 822
744 836
744 922
744 946
744 987
745 779
745 822
745 829
745 907
745 916
745 957
745 985
746 762
746 800
746 844
746 853
746 964
747 752
747 842
747 946
747 979
748 837
749 771
749 774
749 781
749 788
750 808
750 882
750 927
750 939
750 990
751 781
751 821
751 932
751 942
752 869
752 887
752 888
752 930
753 824
753 859
753 902
753 922
754 765
754 792
754 846
754 923
754 982
755 853
755 856
755 914
755 923
755 980
756 963
757 781
757 786
757 806
757 814
757 854
757 874
757 905
757 945
758 880
759 841
759 845
759 924
759 937
759 977
759 985
760 769
760 779
760 927
761 988
762 774
762 801
762 831
762 848
762 849
762 892
762 945
762 991
762 997
763 816
763 989
763 992
764 783
764 853
764 894
764 940
764 996
765 770
765 845
765 943
765 947
765 992
766 778
767 784
767 944
767 984
768 822
768 867
768 882
768 942
768 948
769 801
769 875
769 917
769 967
770 819
770 873
770 881
770 903
770 905
770 922
770 963
770 970
770 974
771 773
771 777
771 791
771 796
771 804
771 812
771 867
771 973
771 998
772 796
772 851
772 907
772 922
772 957
772 983
773 777
773 780
773 850
773 919
773 941
774 816
774 898
774 912
774 939
774 941
774 960
774 968
774 986
775 790
775 898
775 912
775 941
775 949
776 889
776 909
776 920
776 971
777 780
777 818
777 823
777 905
777 957
777 976
778 816
778 862
778 873
778 905
779 843
779 850
779 887
779 907
779 914
779 941
779 983
780 988
781 863
781 947
782 923
782 943
783 895
783 922
783 928
784 814
784 815
784 820
784 884
784 901
784 945
784 948
784 958
784 989
785 800
785 802
785 827
785 835
785 854
785 890
785 901
785 922
785 923
785 962
786 806
786 848
786 863
786 865
786 896
786 908
786 964
786 996
787 843
787 879
787 914
787 924
787 933
787 957
788 791
788 792
788 795
788 822
788 827
788 862
788 870
788 929
788 930
788 933
788 937
789 829
789 833
789 862
789 879
789 880
789 925
789 926
789 937
789 944
789 948
789 953
789 982
790 816
790 869
790 898
790 912
790 917
790 931
790 939
790 941
790 968
791 848
791 918
792 795
792 866
792 897
792 975
793 811
793 814
793 849
793 893
793 918
794 824
794 843
794 979
795 805
795 877
795 901
795 917
795 982
796 919
796 920
796 996
797 836
797 969
797 984
798 862
798 965
798 967
799 829
799 876
799 978
800 823
800 824
800 827
800 913
800 914
800 968
801 816
801 838
801 863
801 875
801 885
801 944
801 981
802 913
803 915
803 942
803 984
803 993
804 806
804 809
804 813
804 850
804 935
804 945
804 966
804 976
805 812
805 840
805 855
805 874
805 876
805 945
806 807
806 834
806 863
806 930
806 932
807 919
807 984
808 845
808 879
808 894
808 901
808 984
809 904
809 913
809 962
810 835
810 879
810 968
811 846
811 870
811 875
811 886
811 888
811 909
811 913
811 956
811 971
812 835
813 935
813 956
813 957
813 963
814 836
814 837
814 893
814 933
815 841
815 899
815 904
815 942
815 956
816 856
816 880
816 929
816 937
816 939
816 976
816 998
817 853
817 863
817 913
818 919
818 920
818 942
818 948
818 970
818 973
818 979
818 988
819 869
819 872
819 956
819 973
820 834
820 948
823 835
823 862
823 890
823 983
824 836
824 843
824 845
824 847
824 859
824 884
824 889
824 910
824 911
824 916
824 985
825 886
826 853
826 854
826 857
826 896
826 909
827 856
827 923
827 963
827 965
827 971
828 902
828 964
829 839
829 849
829 876
829 924
829 975
829 1000
830 839
830 864
830 875
830 900
830 915
830 929
830 958
830 990
831 848
831 850
831 853
832 908
832 983
832 996
833 913
834 907
834 914
834 943
834 986
835 914
835 932
835 981
836 862
836 863
836 875
836 941
836 946
836 967
836 1000
837 844
837 862
837 865
837 905
837 987
837 994
837 999
838 877
838 917
839 879
840 849
840 854
840 914
841 842
841 912
841 920
841 922
842 849
842 852
842 855
842 862
842 872
842 961
843 848
843 867
843 877
843 907
843 908
843 916
843 929
843 951
843 953
843 994
844 905
844 944
844 967
844 999
845 891
845 984
846 892
846 944
846 991
847 857
847 941
848 859
848 894
848 895
848 943
848 950
848 991
848 997
849 851
849 931
850 991
851 900
851 966
852 854
852 975
853 864
853 871
853 914
853 915
853 928
853 952
853 990
854 869
854 940
854 970
855 862
856 923
857 875
857 924
857 952
857 965
859 991
860 906
860 909
860 930
860 948
861 903
862 921
862 933
862 945
862 950
862 965
863 874
863 893
863 938
863 965
864 886
865 889
865 900
866 878
866 925
866 984
867 897
867 920
867 945
868 875
868 922
868 974
869 887
869 935
869 954
869 980
869 987
870 914
870 964
871 964
873 881
873 943
873 955
873 983
874 904
875 895
876 920
876 942
876 969
876 970
878 895
878 922
878 946
878 965
879 884
879 941
879 949
879 950
879 957
881 972
882 990
883 921
883 952
883 973
883 983
885 972
886 888
886 927
886 931
886 956
886 996
887 930
887 946
887 980
888 978
889 890
889 991
891 899
891 990
891 996
892 913
892 991
894 895
895 902
895 974
895 981
896 917
897 921
897 922
897 927
897 975
898 917
898 968
899 904
899 944
899 972
899 990
900 958
900 979
901 986
902 922
902 985
903 948
903 952
903 966
905 917
905 944
905 961
906 953
906 967
906 985
907 910
907 911
907 920
907 959
907 961
909 912
909 922
909 949
911 946
912 939
913 920
913 946
913 962
913 966
913 986
913 1000
914 981
914 990
914 996
917 958
917 984
918 983
919 970
919 979
919 993
920 934
920 935
920 940
920 954
920 988
921 926
921 930
922 930
922 940
922 950
922 951
922 974
922 987
923 966
923 981
924 939
926 954
931 946
933 936
933 941
935 937
935 945
936 940
936 953
937 944
937 949
938 965
939 941
939 965
939 968
940 969
943 967
944 986
944 1000
946 971
948 983
953 967
954 979
954 991
956 971
956 992
958 989
959 991
960 966
960 994
962 984
962 994
963 998
964 975
965 967
966 969
966 988
967 969
968 976
975 987
975 998
975 999
984 996
985 995
987 991
987 1000
990 993
991 997
