# LFR benchmark graph: regime=B mu=0.4 realization=3
# undirected, unweighted; 1-based node ids; each edge listed once.
1 3
1 46
1 49
1 66
1 95
1 112
1 121
1 138
1 143
1 212
1 219
1 352
1 358
1 384
1 410
1 425
1 491
1 534
1 601
1 622
1 639
1 657
1 664
1 680
1 874
1 893
1 911
1 977
2 81
2 181
2 192
2 232
2 238
2 255
2 353
2 554
2 555
2 571
2 695
2 707
2 744
2 752
2 841
2 938
3 49
3 66
3 81
3 112
3 138
3 186
3 187
3 201
3 308
3 377
3 410
3 515
3 527
3 533
3 620
3 653
3 657
3 680
3 922
3 990
4 65
4 104
4 106
4 115
4 122
4 159
4 248
4 352
4 356
4 379
4 426
4 440
4 570
4 576
4 578
4 640
4 666
4 712
4 727
4 732
4 756
4 757
4 786
4 787
4 898
4 967
4 989
5 39
5 42
5 55
5 158
5 172
5 237
5 280
5 341
5 393
5 413
5 514
5 555
5 558
5 583
5 637
5 802
5 891
5 952
6 28
6 216
6 233
6 234
6 262
6 287
6 303
6 332
6 336
6 407
6 428
6 480
6 519
6 551
6 558
6 574
6 590
6 641
6 716
6 773
6 786
6 802
6 833
6 981
7 70
7 117
7 159
7 321
7 413
7 426
7 461
7 464
7 528
7 552
7 643
7 647
7 695
7 752
7 848
7 960
7 962
7 986
8 158
8 214
8 225
8 326
8 434
8 451
8 510
8 513
8 528
8 569
8 889
9 47
9 50
9 108
9 238
9 277
9 297
9 327
9 359
9 382
9 406
9 470
9 471
9 478
9 536
9 542
9 703
9 766
9 790
9 807
9 824
9 878
9 926
9 980
9 998
10 15
10 109
10 185
10 190
10 441
10 457
10 534
10 835
10 841
10 869
10 892
10 918
10 923
10 927
11 21
11 65
11 89
11 119
11 143
11 167
11 168
11 179
11 192
11 202
11 308
11 314
11 341
11 344
11 361
11 380
11 381
11 385
11 386
11 388
11 389
11 423
11 442
11 444
11 479
11 480
11 483
11 490
11 510
11 511
11 581
11 591
11 617
11 626
11 628
11 643
11 645
11 665
11 670
11 730
11 734
11 741
11 746
11 761
11 780
11 788
11 797
11 798
11 799
11 814
11 819
11 871
11 907
11 916
11 963
12 32
12 51
12 95
12 120
12 122
12 143
12 161
12 168
12 201
12 234
12 248
12 257
12 337
12 344
12 350
12 378
12 389
12 513
12 519
12 544
12 554
12 606
12 680
12 695
12 727
12 738
12 757
12 876
12 906
12 907
12 967
12 989
13 24
13 47
13 177
13 218
13 259
13 266
13 277
13 283
13 299
13 330
13 383
13 386
13 389
13 416
13 426
13 491
13 525
13 632
13 633
13 635
13 675
13 751
13 752
13 760
13 769
13 884
13 924
13 950
13 965
14 18
14 44
14 99
14 185
14 221
14 316
14 486
14 513
14 572
14 598
14 681
14 699
14 788
14 828
14 889
14 913
15 32
15 79
15 202
15 211
15 257
15 261
15 276
15 359
15 367
15 399
15 479
15 480
15 498
15 505
15 512
15 514
15 522
15 537
15 549
15 555
15 615
15 616
15 636
15 661
15 750
15 751
15 774
15 823
15 838
15 868
15 874
15 903
15 942
15 956
15 981
15 988
16 94
16 123
16 207
16 211
16 372
16 407
16 411
16 412
16 441
16 574
16 603
16 833
16 871
16 896
16 938
16 992
17 86
17 137
17 140
17 155
17 158
17 208
17 268
17 318
17 413
17 570
17 722
17 759
17 805
17 913
17 930
18 110
18 132
18 171
18 184
18 190
18 198
18 202
18 304
18 337
18 359
18 384
18 408
18 417
18 454
18 481
18 486
18 489
18 672
18 701
18 707
18 855
18 857
18 863
18 950
18 962
19 30
19 57
19 261
19 275
19 327
19 460
19 518
19 550
19 561
19 567
19 701
19 705
19 749
19 850
19 852
19 878
19 902
19 975
19 980
20 54
20 74
20 101
20 142
20 323
20 334
20 546
20 579
20 620
20 674
20 678
20 716
20 763
20 768
20 855
20 939
21 51
21 52
21 97
21 146
21 147
21 182
21 209
21 237
21 251
21 252
21 276
21 341
21 381
21 429
21 441
21 463
21 470
21 532
21 613
21 628
21 635
21 648
21 673
21 723
21 742
21 746
21 791
21 807
21 815
21 817
21 832
21 840
21 845
21 858
21 898
21 907
21 914
21 917
21 948
21 951
21 998
22 27
22 103
22 117
22 137
22 144
22 181
22 185
22 224
22 234
22 235
22 314
22 325
22 329
22 398
22 457
22 459
22 467
22 477
22 554
22 581
22 586
22 644
22 692
22 744
22 750
22 756
22 792
22 798
22 817
22 857
22 889
22 934
22 999
23 66
23 74
23 92
23 135
23 142
23 184
23 362
23 391
23 440
23 444
23 471
23 480
23 579
23 594
23 620
23 710
23 780
23 785
23 827
23 883
24 27
24 42
24 187
24 201
24 211
24 277
24 343
24 362
24 385
24 419
24 429
24 462
24 511
24 517
24 597
24 630
24 793
24 824
24 897
24 910
24 965
24 970
24 1000
25 138
25 208
25 257
25 328
25 347
25 359
25 373
25 433
25 498
25 542
25 566
25 661
25 746
25 961
25 988
26 32
26 33
26 277
26 286
26 321
26 336
26 376
26 468
26 540
26 541
26 561
26 566
26 636
26 649
26 699
26 741
26 763
26 836
26 876
26 882
26 896
26 955
26 970
27 88
27 136
27 141
27 146
27 178
27 179
27 245
27 271
27 288
27 309
27 320
27 325
27 342
27 398
27 442
27 444
27 454
27 474
27 478
27 554
27 567
27 710
27 787
27 795
27 822
27 834
27 842
27 850
27 863
27 901
27 902
27 926
27 927
27 951
27 952
27 957
28 32
28 129
28 130
28 131
28 343
28 422
28 445
28 447
28 491
28 525
28 540
28 561
28 618
28 620
28 673
28 803
28 825
28 843
28 859
28 916
28 929
28 998
29 76
29 93
29 125
29 138
29 205
29 209
29 231
29 247
29 257
29 316
29 341
29 361
29 367
29 407
29 449
29 479
29 484
29 492
29 493
29 532
29 537
29 541
29 542
29 546
29 581
29 615
29 625
29 643
29 661
29 746
29 752
29 848
29 869
29 936
29 956
29 972
30 37
30 51
30 56
30 103
30 114
30 118
30 136
30 161
30 184
30 196
30 204
30 245
30 261
30 307
30 310
30 316
30 353
30 411
30 438
30 460
30 477
30 488
30 507
30 517
30 535
30 543
30 560
30 568
30 622
30 635
30 674
30 676
30 734
30 742
30 745
30 755
30 756
30 774
30 872
30 886
30 898
30 947
30 984
30 1000
31 64
31 80
31 238
31 259
31 289
31 300
31 331
31 393
31 445
31 447
31 511
31 572
31 581
31 586
31 624
31 630
31 695
31 721
31 752
31 760
31 795
31 835
31 853
31 876
31 919
31 923
31 929
31 963
32 44
32 51
32 65
32 104
32 115
32 122
32 234
32 239
32 249
32 455
32 517
32 544
32 552
32 565
32 575
32 578
32 610
32 640
32 727
32 738
32 751
32 757
32 772
32 804
32 827
32 855
32 957
32 969
32 972
32 989
33 57
33 77
33 90
33 108
33 114
33 134
33 170
33 182
33 208
33 238
33 259
33 263
33 265
33 285
33 334
33 417
33 441
33 443
33 447
33 519
33 523
33 552
33 557
33 564
33 582
33 583
33 584
33 589
33 650
33 678
33 679
33 682
33 705
33 832
33 839
33 993
34 45
34 73
34 103
34 133
34 261
34 317
34 326
34 395
34 453
34 506
34 595
34 633
34 727
34 755
34 799
34 809
34 895
34 930
35 52
35 175
35 189
35 251
35 297
35 312
35 412
35 478
35 500
35 501
35 521
35 574
35 833
35 861
35 934
35 938
35 944
35 1000
36 73
36 139
36 167
36 264
36 389
36 439
36 536
36 567
36 605
36 614
36 620
36 757
36 793
36 808
36 890
36 896
36 964
36 994
37 189
37 197
37 336
37 459
37 517
37 659
37 705
37 850
37 968
37 988
37 995
38 104
38 153
38 174
38 175
38 192
38 199
38 204
38 214
38 226
38 258
38 266
38 316
38 338
38 339
38 358
38 359
38 367
38 395
38 439
38 516
38 519
38 541
38 563
38 590
38 623
38 642
38 681
38 699
38 745
38 766
38 772
38 786
38 812
38 816
38 818
38 861
38 900
38 914
38 938
38 957
38 999
39 106
39 116
39 137
39 157
39 160
39 174
39 175
39 193
39 243
39 287
39 289
39 295
39 346
39 362
39 382
39 401
39 413
39 417
39 510
39 523
39 529
39 532
39 550
39 597
39 602
39 619
39 676
39 686
39 694
39 822
39 824
39 855
39 889
40 75
40 131
40 138
40 185
40 236
40 267
40 403
40 513
40 598
40 620
40 639
40 673
40 758
40 792
40 892
40 955
40 961
40 974
41 100
41 167
41 272
41 293
41 299
41 329
41 361
41 372
41 419
41 422
41 423
41 426
41 462
41 471
41 604
41 689
41 721
41 744
41 760
41 769
41 815
41 836
41 847
41 886
41 903
41 923
42 126
42 131
42 195
42 224
42 238
42 275
42 327
42 378
42 389
42 419
42 426
42 456
42 481
42 491
42 518
42 602
42 723
42 724
42 752
42 756
42 790
42 820
42 825
42 826
42 884
42 924
42 936
42 953
42 969
43 44
43 53
43 57
43 58
43 67
43 70
43 71
43 127
43 139
43 148
43 195
43 235
43 308
43 313
43 319
43 326
43 337
43 462
43 480
43 502
43 504
43 513
43 570
43 583
43 585
43 586
43 602
43 607
43 693
43 695
43 705
43 760
43 829
43 903
43 906
43 933
43 934
43 944
44 57
44 58
44 71
44 91
44 127
44 169
44 192
44 202
44 217
44 303
44 326
44 337
44 441
44 535
44 567
44 585
44 602
44 607
44 636
44 651
44 672
44 674
44 697
44 707
44 716
45 50
45 93
45 192
45 205
45 219
45 231
45 257
45 359
45 384
45 446
45 500
45 529
45 531
45 537
45 542
45 607
45 724
45 742
45 864
45 894
45 972
46 49
46 68
46 100
46 121
46 250
46 252
46 337
46 386
46 515
46 527
46 533
46 534
46 553
46 592
46 657
46 680
46 726
46 966
47 131
47 188
47 203
47 207
47 238
47 248
47 264
47 265
47 309
47 315
47 334
47 377
47 421
47 426
47 440
47 462
47 511
47 513
47 579
47 704
47 752
47 810
47 824
47 923
47 926
48 59
48 72
48 77
48 142
48 149
48 312
48 318
48 530
48 546
48 579
48 605
48 620
48 666
48 674
48 700
48 720
48 832
48 974
49 100
49 112
49 121
49 138
49 143
49 218
49 344
49 384
49 442
49 444
49 474
49 497
49 522
49 524
49 533
49 534
49 564
49 595
49 657
49 664
49 680
49 754
49 792
49 794
49 907
49 909
49 980
50 119
50 141
50 143
50 149
50 151
50 156
50 191
50 198
50 233
50 254
50 259
50 336
50 341
50 368
50 396
50 425
50 430
50 437
50 517
50 522
50 573
50 594
50 683
50 686
50 703
50 706
50 779
50 785
50 793
50 821
51 72
51 141
51 257
51 274
51 394
51 411
51 424
51 459
51 544
51 679
51 714
51 727
52 147
52 156
52 162
52 219
52 222
52 303
52 317
52 431
52 435
52 447
52 532
52 534
52 604
52 659
52 703
52 779
52 803
52 828
52 833
52 835
52 856
52 890
52 939
53 54
53 70
53 90
53 157
53 185
53 311
53 313
53 397
53 418
53 445
53 470
53 496
53 570
53 654
53 672
53 752
53 976
53 980
54 273
54 281
54 322
54 475
54 569
54 579
54 588
54 603
54 605
54 620
54 674
54 760
54 778
54 793
54 875
54 899
54 922
54 950
54 980
55 221
55 242
55 254
55 281
55 293
55 339
55 398
55 556
55 571
55 586
55 610
55 620
55 871
55 908
55 963
55 978
56 154
56 159
56 214
56 234
56 241
56 360
56 371
56 387
56 419
56 432
56 433
56 572
56 574
56 647
56 671
56 716
56 823
56 860
56 939
57 84
57 94
57 192
57 296
57 313
57 521
57 594
57 672
57 797
57 914
58 71
58 101
58 192
58 233
58 251
58 296
58 307
58 326
58 337
58 585
58 607
58 858
58 889
58 962
59 190
59 261
59 263
59 318
59 386
59 412
59 456
59 562
59 579
59 605
59 834
59 910
59 963
59 966
59 993
60 108
60 157
60 182
60 213
60 241
60 274
60 285
60 412
60 417
60 552
60 557
60 560
60 562
60 576
60 582
60 583
60 584
60 600
60 678
60 679
60 691
60 735
60 811
60 817
60 828
60 851
60 873
60 875
60 877
60 890
60 913
60 932
60 993
61 104
61 111
61 112
61 125
61 132
61 137
61 148
61 170
61 212
61 224
61 231
61 260
61 278
61 306
61 388
61 389
61 391
61 419
61 443
61 475
61 544
61 572
61 573
61 724
61 727
61 760
61 793
61 794
61 806
61 856
61 879
61 997
62 117
62 123
62 190
62 244
62 315
62 327
62 401
62 448
62 465
62 498
62 500
62 528
62 556
62 567
62 764
62 816
62 839
62 840
62 884
62 891
62 895
62 911
63 133
63 172
63 183
63 188
63 190
63 200
63 285
63 350
63 369
63 502
63 510
63 574
63 621
63 653
63 710
63 816
63 866
63 870
63 881
63 984
63 985
63 995
64 271
64 336
64 359
64 362
64 423
64 480
64 572
64 724
64 823
64 902
64 913
65 95
65 104
65 196
65 289
65 304
65 327
65 365
65 406
65 489
65 544
65 574
65 640
65 727
65 757
65 758
65 796
65 811
65 872
65 967
65 996
66 132
66 142
66 188
66 274
66 316
66 328
66 605
66 647
66 712
66 874
66 910
66 944
67 71
67 255
67 281
67 293
67 332
67 607
67 635
67 703
67 719
67 727
67 749
67 839
67 850
67 927
67 969
67 997
68 69
68 73
68 78
68 85
68 98
68 120
68 133
68 159
68 163
68 241
68 246
68 287
68 294
68 301
68 325
68 335
68 356
68 368
68 375
68 386
68 394
68 408
68 411
68 412
68 443
68 465
68 483
68 506
68 511
68 526
68 531
68 588
68 595
68 620
68 647
68 672
68 684
68 705
68 736
68 761
68 785
68 796
68 800
68 836
68 872
68 874
68 907
68 912
68 914
68 934
68 985
69 116
69 140
69 141
69 150
69 169
69 171
69 200
69 228
69 238
69 250
69 346
69 463
69 501
69 513
69 540
69 637
69 658
69 663
69 665
69 684
69 692
69 722
69 726
69 754
69 775
69 777
69 783
69 787
69 823
69 844
69 849
69 872
69 990
70 71
70 87
70 88
70 119
70 127
70 192
70 313
70 326
70 337
70 338
70 403
70 460
70 602
70 672
70 697
70 737
70 781
70 880
70 986
71 75
71 99
71 101
71 127
71 154
71 168
71 178
71 247
71 303
71 304
71 308
71 313
71 326
71 337
71 345
71 400
71 506
71 585
71 602
71 617
71 697
71 894
71 959
71 961
71 962
71 971
72 102
72 135
72 177
72 201
72 226
72 295
72 333
72 335
72 339
72 349
72 357
72 370
72 385
72 406
72 428
72 459
72 471
72 558
72 599
72 610
72 624
72 715
72 724
72 792
72 800
72 831
72 843
72 856
72 866
72 879
72 922
72 995
73 85
73 120
73 133
73 183
73 200
73 239
73 291
73 320
73 326
73 353
73 365
73 369
73 412
73 427
73 470
73 498
73 526
73 556
73 591
73 599
73 600
73 683
73 724
73 750
73 779
73 785
73 804
73 836
73 855
73 875
73 910
73 941
73 968
74 131
74 134
74 142
74 216
74 234
74 248
74 325
74 331
74 419
74 519
74 569
74 574
74 620
74 705
74 836
74 883
74 899
74 929
74 932
75 107
75 137
75 153
75 294
75 312
75 423
75 572
75 589
75 598
75 625
75 689
75 892
75 904
75 913
75 974
75 998
76 99
76 109
76 111
76 123
76 195
76 246
76 262
76 348
76 353
76 365
76 368
76 374
76 398
76 436
76 438
76 453
76 577
76 580
76 586
76 595
76 614
76 638
76 669
76 679
76 685
76 741
76 803
76 807
76 836
76 860
76 869
76 895
76 910
76 915
76 928
76 933
76 938
76 939
76 992
77 90
77 146
77 171
77 266
77 285
77 376
77 377
77 516
77 552
77 562
77 679
77 695
77 785
77 806
77 890
77 942
77 956
78 108
78 154
78 200
78 246
78 315
78 347
78 404
78 406
78 417
78 503
78 519
78 579
78 647
78 668
78 705
78 732
78 790
78 804
78 864
78 927
78 992
79 102
79 113
79 148
79 163
79 240
79 254
79 593
79 688
79 724
79 762
79 771
79 793
79 883
79 888
79 934
79 938
80 123
80 126
80 198
80 264
80 302
80 405
80 421
80 442
80 501
80 559
80 573
80 650
80 691
80 760
80 812
80 859
80 899
80 989
81 83
81 84
81 91
81 96
81 112
81 176
81 198
81 232
81 242
81 251
81 328
81 332
81 405
81 407
81 453
81 468
81 476
81 504
81 505
81 521
81 529
81 556
81 575
81 589
81 619
81 621
81 639
81 649
81 668
81 698
81 701
81 728
81 741
81 742
81 763
81 774
81 777
81 802
81 829
81 839
81 844
81 898
81 919
81 944
81 969
81 979
82 90
82 153
82 173
82 256
82 266
82 280
82 304
82 306
82 411
82 439
82 510
82 556
82 598
82 636
82 637
82 709
82 711
82 753
82 780
82 806
82 897
82 898
82 920
83 88
83 118
83 186
83 377
83 388
83 413
83 421
83 472
83 501
83 515
83 534
83 570
83 621
83 656
83 691
83 711
83 777
83 792
83 919
83 967
83 976
83 988
84 215
84 383
84 432
84 498
84 516
84 574
84 600
84 693
84 696
84 751
84 775
84 846
84 858
84 939
84 950
85 200
85 219
85 267
85 385
85 412
85 456
85 483
85 506
85 584
85 612
85 613
85 614
85 624
85 683
85 684
85 705
85 751
85 778
85 806
85 808
85 834
85 865
85 910
85 917
85 918
85 927
85 965
85 975
85 990
86 125
86 137
86 142
86 199
86 201
86 244
86 282
86 284
86 331
86 424
86 432
86 536
86 565
86 590
86 591
86 644
86 646
86 679
86 699
86 739
86 753
86 786
86 812
86 987
86 995
87 108
87 109
87 149
87 156
87 174
87 190
87 191
87 203
87 214
87 226
87 249
87 276
87 314
87 321
87 325
87 345
87 368
87 383
87 396
87 473
87 501
87 516
87 519
87 538
87 541
87 545
87 595
87 603
87 634
87 642
87 644
87 689
87 712
87 721
87 750
87 766
87 767
87 786
87 812
87 848
87 851
87 861
87 862
87 911
87 936
87 938
87 941
87 964
87 990
87 991
88 97
88 113
88 125
88 185
88 236
88 356
88 421
88 437
88 457
88 574
88 639
88 650
88 675
88 691
88 732
88 785
88 794
88 817
88 898
88 925
88 932
88 933
88 936
88 944
88 976
89 96
89 147
89 197
89 274
89 293
89 306
89 357
89 371
89 388
89 414
89 498
89 540
89 599
89 618
89 765
89 773
89 776
89 811
89 875
89 882
90 97
90 108
90 114
90 134
90 139
90 182
90 183
90 293
90 294
90 307
90 323
90 342
90 417
90 429
90 530
90 552
90 557
90 562
90 572
90 583
90 584
90 587
90 631
90 636
90 665
90 678
90 679
90 682
90 725
90 825
90 855
90 890
90 896
90 915
90 920
90 942
91 221
91 305
91 320
91 342
91 359
91 511
91 567
91 621
91 627
91 636
91 641
91 785
91 841
91 943
91 971
91 985
91 988
91 990
92 132
92 142
92 264
92 323
92 327
92 366
92 367
92 596
92 605
92 620
92 676
92 689
92 715
93 124
93 149
93 173
93 359
93 364
93 379
93 388
93 449
93 453
93 484
93 502
93 555
93 612
93 613
93 623
93 758
93 813
93 851
93 869
93 938
93 972
93 981
93 992
94 134
94 149
94 222
94 255
94 276
94 303
94 326
94 360
94 404
94 469
94 470
94 479
94 574
94 644
94 716
94 740
94 801
94 821
94 862
94 896
94 938
94 943
94 959
94 976
95 104
95 282
95 334
95 529
95 566
95 627
95 699
95 727
95 787
95 831
95 841
95 858
95 901
95 967
96 131
96 152
96 306
96 399
96 546
96 599
96 647
96 660
96 790
96 802
96 829
96 984
97 215
97 244
97 265
97 377
97 393
97 411
97 421
97 424
97 643
97 687
97 739
97 745
97 841
97 866
97 870
97 874
97 932
98 115
98 132
98 166
98 170
98 265
98 292
98 298
98 411
98 434
98 499
98 547
98 638
98 643
98 665
98 703
98 708
98 961
98 990
99 280
99 333
99 341
99 417
99 433
99 442
99 447
99 502
99 573
99 591
99 595
99 821
99 847
99 854
99 892
99 968
99 989
100 185
100 244
100 344
100 370
100 377
100 384
100 515
100 527
100 530
100 571
100 627
100 657
100 664
100 680
100 822
100 824
100 850
101 120
101 133
101 140
101 189
101 192
101 231
101 337
101 407
101 550
101 573
101 592
101 593
101 602
101 607
101 697
101 865
101 877
102 139
102 144
102 148
102 152
102 163
102 168
102 182
102 188
102 202
102 222
102 270
102 297
102 361
102 382
102 392
102 403
102 414
102 416
102 418
102 426
102 456
102 471
102 547
102 558
102 577
102 672
102 708
102 722
102 734
102 748
102 760
102 771
102 775
102 776
102 781
102 790
102 793
102 795
102 827
102 877
102 935
102 990
102 1000
103 157
103 188
103 307
103 311
103 350
103 514
103 574
103 655
103 667
103 715
103 888
103 950
103 975
104 106
104 115
104 118
104 122
104 145
104 225
104 276
104 306
104 356
104 387
104 458
104 468
104 518
104 528
104 544
104 578
104 640
104 671
104 687
104 727
104 734
104 738
104 757
104 835
104 960
104 967
104 976
104 989
105 185
105 190
105 280
105 378
105 401
105 423
105 471
105 502
105 544
105 561
105 572
105 598
105 611
105 620
105 776
105 785
105 925
105 956
106 383
106 454
106 498
106 544
106 606
106 638
106 705
106 727
106 728
106 779
106 784
106 815
106 992
107 143
107 170
107 196
107 202
107 292
107 316
107 473
107 645
107 657
107 695
107 703
107 763
107 775
107 788
107 811
107 825
107 846
107 986
108 152
108 166
108 182
108 187
108 285
108 365
108 413
108 417
108 471
108 552
108 559
108 562
108 582
108 611
108 679
108 682
108 776
108 818
108 821
108 848
108 863
108 919
108 940
108 945
108 946
108 993
109 126
109 134
109 153
109 156
109 157
109 163
109 174
109 195
109 226
109 240
109 247
109 284
109 295
109 297
109 308
109 331
109 346
109 405
109 427
109 430
109 439
109 460
109 513
109 518
109 519
109 539
109 543
109 549
109 561
109 567
109 607
109 651
109 667
109 702
109 735
109 788
109 840
109 846
109 850
109 861
109 862
109 897
109 913
109 920
109 938
109 963
109 997
110 185
110 210
110 366
110 375
110 404
110 498
110 507
110 518
110 546
110 565
110 569
110 594
110 605
110 620
110 743
110 775
110 784
110 819
110 830
110 886
110 917
110 919
110 934
110 945
111 159
111 185
111 262
111 294
111 331
111 354
111 448
111 470
111 490
111 637
111 690
111 716
111 725
111 836
111 855
111 860
111 865
111 902
112 121
112 182
112 384
112 454
112 527
112 534
112 555
112 560
112 564
112 657
112 744
112 848
112 918
113 152
113 237
113 270
113 332
113 351
113 373
113 403
113 416
113 419
113 485
113 502
113 549
113 591
113 641
113 656
113 671
113 698
113 773
113 810
113 827
113 869
113 874
113 925
113 926
113 971
113 979
113 989
114 124
114 134
114 194
114 306
114 319
114 334
114 373
114 391
114 413
114 442
114 526
114 552
114 568
114 586
114 640
114 679
114 926
114 951
114 971
114 980
114 998
115 141
115 466
115 506
115 544
115 580
115 640
115 650
115 656
115 665
115 702
115 727
115 756
115 775
115 821
115 843
115 850
116 140
116 158
116 175
116 203
116 330
116 413
116 510
116 581
116 687
116 750
116 910
117 274
117 293
117 376
117 386
117 423
117 436
117 442
117 449
117 470
117 606
117 648
117 670
117 673
117 700
117 737
117 757
117 793
117 826
117 858
117 912
117 961
118 178
118 209
118 256
118 544
118 576
118 725
118 727
118 746
118 766
118 839
118 892
118 960
119 194
119 241
119 249
119 295
119 299
119 334
119 344
119 444
119 514
119 556
119 616
119 701
119 707
119 726
119 943
119 976
120 169
120 178
120 232
120 246
120 299
120 301
120 320
120 467
120 506
120 605
120 705
120 708
120 725
120 737
120 753
120 784
120 889
120 905
120 910
120 925
120 933
120 965
121 254
121 263
121 295
121 344
121 374
121 384
121 392
121 410
121 515
121 527
121 533
121 580
121 664
121 680
121 736
121 770
121 894
121 910
121 918
122 200
122 212
122 213
122 216
122 228
122 399
122 544
122 564
122 567
122 592
122 640
122 650
122 752
122 794
122 801
122 853
123 209
123 248
123 257
123 263
123 275
123 309
123 342
123 351
123 357
123 367
123 514
123 542
123 555
123 559
123 574
123 607
123 615
123 652
123 672
123 750
123 864
123 868
123 894
124 194
124 257
124 341
124 374
124 442
124 446
124 494
124 505
124 514
124 537
124 552
124 555
124 564
124 606
124 694
124 748
124 946
125 143
125 151
125 156
125 158
125 162
125 171
125 174
125 191
125 203
125 212
125 222
125 240
125 319
125 321
125 332
125 350
125 355
125 370
125 396
125 420
125 427
125 439
125 458
125 499
125 514
125 519
125 527
125 533
125 545
125 549
125 642
125 643
125 645
125 646
125 689
125 693
125 699
125 735
125 745
125 750
125 770
125 772
125 785
125 786
125 811
125 812
125 821
125 841
125 850
125 862
125 870
125 883
125 936
125 943
125 953
125 957
125 990
125 993
125 997
126 236
126 237
126 238
126 252
126 264
126 266
126 274
126 278
126 293
126 328
126 358
126 396
126 403
126 411
126 432
126 472
126 565
126 636
126 637
126 650
126 670
126 691
126 700
126 729
126 742
126 752
126 758
126 806
126 808
126 837
126 869
126 882
126 891
126 905
126 925
126 932
126 944
127 138
127 207
127 337
127 343
127 590
127 672
128 132
128 168
128 170
128 172
128 210
128 224
128 254
128 262
128 283
128 290
128 380
128 422
128 443
128 505
128 525
128 645
128 695
128 819
128 877
128 879
128 916
129 207
129 241
129 249
129 294
129 315
129 369
129 374
129 412
129 470
129 526
129 577
129 588
129 595
129 648
129 760
129 773
129 784
129 804
129 823
129 826
129 851
129 864
129 895
129 910
129 997
130 191
130 196
130 254
130 299
130 318
130 344
130 375
130 439
130 468
130 491
130 526
130 829
130 960
130 965
131 157
131 158
131 224
131 238
131 277
131 285
131 307
131 309
131 325
131 330
131 340
131 345
131 372
131 387
131 393
131 403
131 419
131 426
131 445
131 470
131 481
131 502
131 511
131 514
131 529
131 566
131 605
131 611
131 696
131 721
131 730
131 751
131 752
131 759
131 769
131 774
131 779
131 801
131 802
131 881
131 900
131 929
131 955
131 957
131 969
131 978
132 154
132 179
132 252
132 271
132 273
132 276
132 286
132 364
132 371
132 386
132 444
132 476
132 565
132 641
132 703
132 717
132 745
132 746
132 767
132 779
132 802
132 807
132 834
132 871
132 872
132 918
133 172
133 178
133 200
133 257
133 262
133 320
133 346
133 353
133 368
133 406
133 471
133 479
133 506
133 520
133 618
133 619
133 629
133 635
133 647
133 648
133 655
133 761
133 778
133 793
133 860
133 870
133 881
133 888
133 893
133 901
133 905
133 907
133 908
133 910
134 182
134 264
134 285
134 288
134 307
134 417
134 519
134 552
134 563
134 571
134 583
134 584
134 609
134 620
134 669
134 678
134 679
134 733
134 734
134 976
134 993
135 142
135 173
135 306
135 381
135 390
135 499
135 540
135 618
135 620
135 628
135 759
135 887
135 948
136 155
136 176
136 234
136 263
136 336
136 516
136 584
136 679
136 707
136 709
136 733
136 757
136 774
136 778
136 807
136 903
137 140
137 257
137 374
137 476
137 629
137 642
137 713
137 789
137 862
137 957
138 141
138 153
138 229
138 244
138 331
138 355
138 377
138 384
138 410
138 511
138 527
138 533
138 540
138 564
138 657
138 668
138 703
138 705
138 784
138 789
138 874
138 888
138 903
138 949
138 963
138 979
139 163
139 168
139 181
139 188
139 223
139 270
139 293
139 311
139 331
139 333
139 428
139 555
139 604
139 715
139 733
139 764
139 768
139 800
139 814
139 886
139 913
139 928
139 935
139 947
139 948
139 975
139 996
140 158
140 166
140 176
140 193
140 243
140 258
140 265
140 280
140 374
140 382
140 413
140 529
140 550
140 551
140 619
140 624
140 629
140 634
140 635
140 646
140 654
140 663
140 694
140 748
140 751
140 808
140 814
140 825
140 866
140 889
140 896
140 919
141 245
141 285
141 296
141 342
141 366
141 390
141 394
141 459
141 501
141 554
141 587
141 652
141 685
141 707
141 736
141 754
141 765
141 815
141 821
141 826
141 952
141 991
142 179
142 193
142 200
142 219
142 221
142 265
142 275
142 322
142 326
142 338
142 387
142 399
142 432
142 487
142 530
142 547
142 548
142 569
142 584
142 594
142 602
142 604
142 605
142 620
142 622
142 674
142 701
142 756
142 785
142 789
142 805
142 829
142 832
142 852
142 881
142 956
142 992
143 159
143 160
143 167
143 205
143 210
143 253
143 269
143 286
143 314
143 318
143 376
143 433
143 439
143 442
143 444
143 468
143 480
143 522
143 524
143 556
143 626
143 635
143 637
143 638
143 665
143 674
143 703
143 723
143 734
143 753
143 788
143 792
143 796
143 831
143 832
143 834
143 852
143 900
143 916
143 945
143 994
143 999
143 1000
144 150
144 208
144 228
144 234
144 265
144 296
144 310
144 312
144 400
144 463
144 490
144 507
144 559
144 561
144 582
144 611
144 613
144 641
144 707
144 879
144 902
145 159
145 213
145 216
145 234
145 257
145 284
145 315
145 320
145 365
145 400
145 421
145 432
145 433
145 447
145 504
145 558
145 588
145 614
145 629
145 668
145 672
145 690
145 725
145 750
145 806
145 820
145 914
145 948
146 252
146 338
146 399
146 419
146 470
146 923
146 963
146 998
147 213
147 237
147 259
147 262
147 444
147 521
147 599
147 717
147 722
147 738
147 818
147 955
147 975
148 179
148 238
148 416
148 443
148 513
148 516
148 564
148 598
148 688
148 805
148 827
148 877
148 912
148 928
148 962
148 994
149 197
149 249
149 448
149 464
149 498
149 566
149 569
149 656
149 675
149 733
149 739
149 771
149 802
149 803
149 960
150 155
150 163
150 234
150 239
150 250
150 255
150 296
150 312
150 358
150 514
150 538
150 539
150 549
150 606
150 623
150 635
150 639
150 643
150 758
150 785
150 908
150 967
150 971
150 994
151 412
151 438
151 495
151 514
151 588
151 619
151 644
151 645
151 687
151 709
151 798
151 900
151 955
151 974
151 986
152 161
152 163
152 211
152 213
152 219
152 240
152 306
152 348
152 358
152 447
152 559
152 604
152 659
152 688
152 696
152 722
152 724
152 752
152 844
152 855
152 903
152 946
152 958
152 962
152 975
153 174
153 218
153 275
153 309
153 409
153 478
153 518
153 540
153 553
153 674
153 689
153 738
153 759
153 761
153 777
153 818
153 821
153 826
153 848
153 851
153 911
153 936
153 964
153 982
153 987
153 990
153 995
154 248
154 338
154 360
154 432
154 486
154 551
154 639
154 698
154 716
154 722
154 799
154 939
154 948
155 181
155 187
155 203
155 209
155 218
155 237
155 272
155 278
155 296
155 336
155 496
155 516
155 538
155 542
155 587
155 663
155 690
155 702
155 723
155 798
155 824
155 839
155 854
155 879
155 880
155 892
155 897
155 930
155 938
155 954
155 986
156 203
156 234
156 260
156 267
156 299
156 311
156 355
156 590
156 689
156 691
156 850
156 854
156 901
156 931
156 996
157 158
157 187
157 250
157 259
157 283
157 310
157 317
157 343
157 362
157 383
157 393
157 397
157 445
157 456
157 470
157 482
157 491
157 520
157 525
157 530
157 547
157 559
157 596
157 600
157 730
157 769
157 781
157 824
157 847
157 866
157 870
157 903
157 926
157 937
157 973
157 997
158 193
158 204
158 212
158 243
158 289
158 293
158 328
158 347
158 382
158 393
158 413
158 479
158 491
158 496
158 504
158 529
158 541
158 550
158 619
158 628
158 629
158 641
158 651
158 654
158 655
158 694
158 762
158 770
158 790
158 815
158 839
158 860
158 909
158 928
159 208
159 239
159 289
159 353
159 370
159 389
159 394
159 411
159 434
159 470
159 491
159 524
159 526
159 576
159 588
159 607
159 653
159 673
159 700
159 725
159 744
159 804
159 808
159 864
159 923
159 941
160 243
160 296
160 299
160 317
160 371
160 513
160 525
160 699
160 784
160 843
160 860
160 949
160 968
160 985
161 198
161 204
161 256
161 261
161 268
161 311
161 390
161 393
161 403
161 411
161 517
161 560
161 608
161 743
161 754
161 804
161 833
161 902
161 943
161 947
161 974
162 164
162 189
162 242
162 303
162 345
162 360
162 378
162 532
162 551
162 574
162 601
162 653
162 665
162 672
162 730
162 738
162 746
162 815
162 831
162 833
162 847
162 939
162 958
162 959
163 165
163 234
163 256
163 305
163 306
163 327
163 333
163 354
163 381
163 392
163 416
163 424
163 429
163 459
163 471
163 508
163 525
163 532
163 586
163 589
163 593
163 599
163 609
163 655
163 696
163 704
163 715
163 825
163 887
163 893
163 908
163 939
163 947
164 189
164 310
164 344
164 357
164 358
164 360
164 407
164 432
164 524
164 590
164 638
164 643
164 669
164 738
164 872
164 877
164 892
164 939
164 986
165 203
165 277
165 290
165 292
165 316
165 370
165 620
165 647
165 660
165 672
165 688
165 728
165 733
165 838
165 938
165 975
166 168
166 265
166 334
166 391
166 459
166 478
166 527
166 542
166 692
166 699
166 722
166 748
166 830
166 844
167 179
167 207
167 237
167 252
167 274
167 290
167 318
167 376
167 410
167 448
167 463
167 498
167 561
167 627
167 628
167 666
167 670
167 717
167 723
167 736
167 745
167 770
167 775
167 843
167 850
167 867
167 880
167 917
167 948
168 170
168 212
168 235
168 237
168 254
168 277
168 386
168 448
168 491
168 627
168 635
168 665
168 714
168 753
168 773
168 775
168 833
168 975
169 171
169 219
169 222
169 227
169 234
169 245
169 256
169 266
169 295
169 296
169 347
169 439
169 462
169 486
169 543
169 621
169 622
169 623
169 677
169 684
169 711
169 728
169 778
169 839
169 850
169 857
169 858
169 861
169 903
169 908
169 948
169 979
170 183
170 190
170 206
170 210
170 217
170 246
170 252
170 269
170 273
170 305
170 322
170 324
170 358
170 359
170 405
170 408
170 442
170 480
170 486
170 521
170 526
170 560
170 579
170 619
170 645
170 651
170 691
170 708
170 746
170 756
170 783
170 800
170 823
170 845
170 858
170 868
170 918
170 961
170 983
170 990
170 994
171 218
171 282
171 287
171 305
171 392
171 411
171 465
171 490
171 497
171 528
171 544
171 554
171 589
171 617
171 691
171 720
171 797
171 930
171 954
172 347
172 506
172 526
172 554
172 580
172 722
172 732
172 751
172 790
172 839
172 855
172 860
172 881
172 910
172 913
172 925
172 948
173 218
173 226
173 288
173 296
173 299
173 300
173 319
173 357
173 412
173 419
173 686
173 744
173 925
174 203
174 208
174 257
174 344
174 624
174 640
174 766
174 821
174 858
174 876
174 907
174 979
174 995
175 193
175 243
175 379
175 413
175 550
175 694
175 716
175 880
175 934
176 187
176 198
176 203
176 241
176 303
176 315
176 360
176 362
176 434
176 477
176 529
176 617
176 621
176 668
176 712
176 745
176 765
176 783
176 788
176 813
176 828
176 841
176 866
176 874
176 898
176 931
176 944
176 988
177 182
177 187
177 235
177 246
177 336
177 433
177 704
177 707
177 740
177 744
177 770
177 793
177 838
177 839
177 842
177 914
177 954
178 187
178 253
178 394
178 433
178 528
178 537
178 588
178 595
178 597
178 647
178 657
178 686
178 785
179 194
179 238
179 260
179 313
179 341
179 351
179 374
179 386
179 388
179 425
179 439
179 473
179 628
179 633
179 670
179 718
179 750
179 797
179 981
180 188
180 198
180 241
180 341
180 459
180 471
180 505
180 508
180 552
180 558
180 668
180 683
180 749
180 801
180 861
180 881
180 887
181 235
181 318
181 352
181 511
181 515
181 681
181 744
181 950
182 277
182 451
182 503
182 511
182 557
182 584
182 600
182 682
182 833
182 865
182 910
182 942
182 986
183 239
183 296
183 301
183 311
183 347
183 359
183 580
183 594
183 616
183 638
183 645
183 694
183 700
183 705
183 732
183 753
183 777
183 780
183 811
183 831
183 864
183 921
183 927
183 955
184 307
184 517
184 567
184 573
184 848
184 852
184 871
185 190
185 219
185 220
185 221
185 225
185 233
185 237
185 267
185 276
185 280
185 348
185 402
185 423
185 468
185 529
185 541
185 546
185 548
185 572
185 582
185 590
185 598
185 634
185 658
185 690
185 757
185 765
185 772
185 802
185 830
185 869
185 884
185 892
185 913
185 934
185 991
186 262
186 274
186 278
186 285
186 293
186 297
186 300
186 341
186 371
186 398
186 499
186 615
186 645
186 698
186 789
186 821
186 975
187 221
187 330
187 363
187 382
187 394
187 490
187 509
187 611
187 685
187 708
187 744
187 748
187 778
187 780
187 783
187 792
187 797
187 809
187 815
187 817
187 842
187 846
187 849
187 886
187 897
187 902
187 918
187 932
187 934
187 950
188 192
188 199
188 211
188 274
188 302
188 305
188 321
188 357
188 391
188 424
188 429
188 466
188 474
188 517
188 568
188 659
188 682
188 700
188 707
188 721
188 724
188 749
188 766
188 773
188 790
188 811
188 827
188 865
188 879
188 928
188 935
189 213
189 287
189 360
189 517
189 523
189 738
189 814
189 880
189 927
189 939
190 202
190 205
190 220
190 267
190 280
190 305
190 326
190 331
190 355
190 368
190 386
190 389
190 467
190 470
190 502
190 534
190 541
190 572
190 598
190 626
190 650
190 685
190 692
190 696
190 719
190 766
190 801
190 856
190 893
190 917
190 974
191 197
191 209
191 233
191 254
191 368
191 437
191 447
191 457
191 464
191 549
191 606
191 645
191 667
191 724
191 773
191 802
191 803
191 824
191 864
191 906
191 921
191 948
191 978
192 383
192 416
192 527
192 572
192 653
192 657
192 702
192 724
192 739
192 804
192 901
192 918
192 923
193 413
193 480
193 506
193 510
193 551
193 640
193 656
193 885
194 231
194 257
194 272
194 449
194 477
194 478
194 498
194 501
194 537
194 554
194 555
194 623
194 693
194 725
194 765
194 787
194 838
194 860
194 868
194 894
195 224
195 235
195 372
195 426
195 462
195 496
195 504
195 511
195 578
195 597
195 709
195 752
195 754
195 844
195 923
195 949
195 953
195 969
195 980
195 998
196 227
196 242
196 243
196 275
196 307
196 319
196 334
196 380
196 460
196 467
196 480
196 486
196 567
196 568
196 608
196 692
196 836
196 870
196 929
197 233
197 241
197 284
197 314
197 315
197 331
197 383
197 435
197 464
197 481
197 490
197 504
197 513
197 556
197 566
197 590
197 604
197 614
197 646
197 659
197 701
197 720
197 721
197 749
197 805
197 868
197 963
198 214
198 269
198 288
198 363
198 372
198 394
198 402
198 450
198 545
198 578
198 591
198 617
198 623
198 639
198 641
198 661
198 665
198 675
198 691
198 694
198 698
198 711
198 716
198 724
198 742
198 758
198 774
198 794
198 806
198 807
198 810
198 813
198 837
198 841
198 846
198 871
198 891
198 923
198 961
198 968
198 979
198 988
199 202
199 203
199 319
199 327
199 339
199 355
199 358
199 415
199 432
199 436
199 516
199 567
199 624
199 651
199 767
199 768
199 781
199 786
199 796
199 826
199 861
199 863
199 883
199 952
199 961
199 963
199 995
200 239
200 262
200 290
200 291
200 327
200 328
200 347
200 354
200 397
200 408
200 412
200 444
200 469
200 543
200 578
200 612
200 679
200 684
200 691
200 701
200 751
200 753
200 762
200 771
200 785
200 800
200 926
200 985
200 992
201 212
201 215
201 330
201 410
201 447
201 511
201 525
201 533
201 547
201 554
201 586
201 604
201 678
201 759
201 769
201 824
201 840
201 861
201 892
201 949
201 953
201 998
202 210
202 248
202 253
202 263
202 316
202 341
202 478
202 551
202 626
202 627
202 628
202 630
202 690
202 695
202 834
202 858
202 915
202 960
202 962
202 985
203 214
203 272
203 279
203 284
203 343
203 346
203 355
203 358
203 380
203 383
203 390
203 419
203 437
203 461
203 478
203 495
203 504
203 523
203 536
203 539
203 552
203 590
203 603
203 623
203 624
203 646
203 661
203 689
203 735
203 750
203 753
203 812
203 830
203 861
203 868
203 938
203 963
203 995
204 281
204 323
204 336
204 398
204 403
204 525
204 567
204 570
204 608
204 734
204 758
204 765
204 997
204 998
205 346
205 355
205 361
205 362
205 364
205 379
205 449
205 479
205 494
205 555
205 581
205 666
205 679
205 848
205 880
205 972
205 996
206 383
206 427
206 502
206 580
206 708
206 764
206 787
206 868
206 897
206 913
206 941
206 952
206 974
207 256
207 299
207 300
207 305
207 352
207 372
207 413
207 435
207 447
207 456
207 525
207 604
207 702
207 759
207 769
207 797
207 847
207 866
207 883
207 903
207 923
208 234
208 235
208 599
208 632
208 746
208 766
208 789
208 822
208 908
208 919
208 963
208 971
209 224
209 274
209 361
209 367
209 378
209 412
209 425
209 430
209 469
209 514
209 638
209 652
209 691
209 731
209 750
209 773
209 845
209 848
209 863
209 894
209 910
209 915
209 938
209 956
209 972
209 986
210 330
210 379
210 449
210 494
210 651
210 718
210 908
211 278
211 391
211 437
211 459
211 472
211 479
211 579
211 599
211 669
211 744
211 749
211 785
211 860
211 883
211 887
211 975
211 989
211 993
212 296
212 330
212 413
212 478
212 506
212 540
212 617
212 642
212 654
212 712
212 746
212 821
212 872
212 927
212 931
213 290
213 291
213 292
213 394
213 434
213 490
213 576
213 618
213 636
213 647
213 722
213 811
213 836
213 910
213 938
213 992
214 331
214 358
214 439
214 475
214 478
214 516
214 540
214 544
214 549
214 591
214 685
214 745
214 767
214 821
214 905
215 321
215 421
215 551
215 574
215 634
215 792
215 877
215 939
215 986
216 262
216 309
216 418
216 457
216 483
216 484
216 515
216 595
216 605
216 612
216 614
216 648
216 813
216 825
216 902
216 910
216 918
216 927
216 933
217 241
217 249
217 302
217 375
217 437
217 528
217 566
217 716
217 727
217 960
218 235
218 239
218 254
218 261
218 333
218 342
218 373
218 402
218 406
218 425
218 457
218 486
218 490
218 538
218 554
218 615
218 633
218 677
218 685
218 717
218 737
218 776
218 787
218 799
218 815
218 839
218 877
218 961
218 981
219 357
219 422
219 423
219 434
219 486
219 518
219 561
219 565
219 572
219 602
219 605
219 881
219 945
219 990
220 297
220 343
220 386
220 541
220 572
220 598
220 626
220 974
221 257
221 264
221 402
221 598
221 827
221 878
221 892
221 974
222 270
222 303
222 360
222 371
222 447
222 613
222 642
222 690
222 716
222 926
222 939
223 238
223 244
223 257
223 262
223 718
223 795
223 960
223 963
223 995
224 251
224 257
224 296
224 461
224 492
224 537
224 555
224 642
224 848
224 939
225 242
225 265
225 296
225 331
225 340
225 410
225 449
225 544
225 556
225 578
225 698
225 727
225 792
225 797
225 874
225 966
225 982
226 261
226 297
226 319
226 377
226 415
226 419
226 513
226 516
226 519
226 523
226 560
226 579
226 603
226 699
226 701
226 729
226 745
226 766
226 786
226 812
226 854
226 872
226 926
226 938
226 943
226 986
226 992
227 286
227 319
227 339
227 368
227 376
227 474
227 571
227 639
227 655
227 687
227 700
227 774
227 794
227 837
227 861
227 874
227 886
227 942
227 979
227 986
227 988
228 243
228 255
228 269
228 298
228 342
228 359
228 396
228 421
228 472
228 625
228 677
228 684
228 745
228 762
228 838
228 842
229 366
229 384
229 440
229 514
229 527
229 534
229 657
229 680
229 721
229 769
229 831
229 897
229 911
230 242
230 255
230 259
230 269
230 316
230 327
230 374
230 386
230 388
230 441
230 471
230 492
230 602
230 613
230 627
230 654
230 657
230 670
230 860
230 887
231 257
231 259
231 282
231 402
231 447
231 449
231 494
231 555
231 661
231 674
231 764
231 801
231 834
231 838
232 234
232 235
232 286
232 298
232 382
232 405
232 421
232 521
232 569
232 610
232 650
232 685
232 687
232 739
232 794
232 796
232 810
232 859
232 938
233 241
233 375
233 437
233 464
233 548
233 556
233 854
233 874
233 896
233 899
233 960
234 312
234 385
234 400
234 411
234 412
234 465
234 482
234 501
234 538
234 554
234 577
234 582
234 591
234 602
234 613
234 649
234 662
234 684
234 689
234 710
234 717
234 719
234 728
234 747
234 772
234 815
234 819
234 839
234 857
234 893
234 897
234 930
234 950
234 999
235 249
235 329
235 371
235 401
235 405
235 455
235 490
235 564
235 582
235 630
235 646
235 662
235 677
235 783
235 821
235 849
235 962
235 984
235 996
236 339
236 343
236 347
236 395
236 421
236 477
236 509
236 519
236 597
236 598
236 617
236 687
236 722
236 762
236 774
236 823
236 837
236 866
236 880
236 929
236 940
236 967
236 988
237 272
237 412
237 499
237 500
237 573
237 605
237 617
237 635
237 910
237 911
237 921
238 264
238 281
238 296
238 306
238 310
238 314
238 330
238 343
238 409
238 432
238 440
238 445
238 447
238 491
238 504
238 508
238 511
238 643
238 751
238 797
238 803
238 824
238 832
238 874
238 934
239 256
239 257
239 273
239 324
239 328
239 375
239 409
239 434
239 501
239 582
239 612
239 700
239 717
239 740
239 750
239 755
239 761
239 785
239 794
239 860
239 996
240 262
240 271
240 273
240 459
240 503
240 544
240 553
240 614
240 921
240 975
241 254
241 437
241 446
241 485
241 493
241 507
241 528
241 529
241 556
241 566
241 573
241 779
241 851
241 873
241 978
242 270
242 403
242 411
242 439
242 466
242 628
242 637
242 650
242 672
242 675
242 689
242 880
242 898
242 944
242 985
243 336
243 343
243 360
243 361
243 413
243 528
243 617
243 660
243 719
243 766
243 771
243 859
243 889
244 348
244 377
244 438
244 479
244 515
244 523
244 576
244 628
244 657
244 664
244 680
244 968
245 293
245 375
245 433
245 457
245 498
245 544
245 608
245 677
245 793
245 877
245 923
245 950
245 971
246 315
246 342
246 408
246 445
246 462
246 469
246 564
246 689
246 698
246 700
246 705
246 807
246 836
246 851
246 855
246 858
246 889
246 901
246 910
246 913
246 948
247 261
247 411
247 412
247 447
247 460
247 517
247 617
247 704
247 783
247 861
247 954
247 955
248 273
248 277
248 280
248 300
248 312
248 330
248 360
248 397
248 419
248 422
248 440
248 447
248 448
248 462
248 475
248 491
248 566
248 586
248 726
248 744
248 801
248 860
248 923
248 926
248 960
248 992
249 372
249 437
249 458
249 485
249 490
249 535
249 587
249 631
249 667
249 826
249 874
249 914
249 915
249 963
249 978
250 297
250 346
250 453
250 780
250 827
250 839
250 920
251 256
251 319
251 355
251 375
251 384
251 524
251 552
251 585
251 594
251 598
251 665
251 680
251 705
251 718
251 767
251 803
251 819
251 905
251 928
251 955
252 341
252 342
252 574
252 640
252 756
252 800
252 858
252 870
253 269
253 273
253 381
253 418
253 422
253 556
253 558
253 599
253 670
253 678
253 696
253 710
253 719
253 746
253 759
254 270
254 358
254 372
254 384
254 415
254 429
254 439
254 487
254 502
254 538
254 550
254 556
254 562
254 614
254 667
254 672
254 702
254 748
254 750
254 778
254 859
254 896
254 960
255 281
255 297
255 443
255 464
255 465
255 522
255 561
255 613
255 640
256 299
256 309
256 397
256 419
256 440
256 445
256 447
256 470
256 477
256 658
256 728
256 732
256 797
256 886
256 895
256 904
256 924
256 928
256 953
256 970
256 971
256 1000
257 285
257 359
257 361
257 364
257 367
257 372
257 378
257 379
257 416
257 457
257 463
257 469
257 479
257 484
257 491
257 493
257 514
257 530
257 537
257 542
257 548
257 555
257 572
257 615
257 625
257 661
257 683
257 743
257 750
257 791
257 838
257 848
257 851
257 866
257 869
257 910
257 922
257 964
257 988
257 996
258 273
258 301
258 341
258 452
258 464
258 531
258 566
258 571
258 608
258 739
258 745
258 802
258 858
258 896
258 925
259 330
259 358
259 372
259 392
259 404
259 470
259 494
259 573
259 702
259 749
259 752
259 956
259 977
259 995
260 286
260 313
260 332
260 350
260 371
260 376
260 386
260 402
260 422
260 437
260 442
260 447
260 466
260 479
260 491
260 518
260 624
260 641
260 645
260 669
260 703
260 708
260 709
260 710
260 719
260 770
260 775
260 785
260 788
260 834
260 840
260 843
260 858
260 867
260 876
260 880
260 917
260 951
260 983
261 272
261 277
261 307
261 310
261 323
261 387
261 441
261 460
261 484
261 488
261 517
261 557
261 560
261 568
261 570
261 711
261 713
261 822
261 859
261 903
261 962
262 271
262 278
262 350
262 356
262 360
262 370
262 372
262 373
262 410
262 412
262 441
262 469
262 580
262 616
262 669
262 690
262 753
262 836
262 859
262 860
262 866
262 879
262 901
263 306
263 371
263 391
263 424
263 466
263 662
263 665
263 675
263 689
263 722
263 724
263 771
263 774
263 776
263 790
263 793
263 814
263 878
263 929
263 932
263 947
264 318
264 323
264 481
264 569
264 598
264 599
264 628
264 732
264 751
264 773
264 958
264 993
265 296
265 318
265 364
265 423
265 579
265 707
265 797
265 873
265 982
266 412
266 555
266 650
266 691
266 695
266 806
266 906
266 944
266 962
266 988
267 348
267 403
267 502
267 541
267 572
267 598
267 722
267 736
267 765
267 786
267 913
267 974
267 998
268 272
268 288
268 472
268 613
268 724
268 726
268 750
268 858
268 881
268 893
268 969
269 327
269 350
269 357
269 390
269 417
269 481
269 599
269 668
269 672
269 739
269 846
269 882
270 277
270 332
270 340
270 349
270 432
270 451
270 596
270 650
270 687
270 692
270 729
270 773
270 813
270 818
270 819
270 875
270 887
270 898
270 940
270 959
270 960
271 296
271 383
271 461
271 487
271 503
271 576
271 776
271 783
271 816
272 288
272 297
272 331
272 397
272 423
272 439
272 448
272 450
272 478
272 494
272 539
272 598
272 613
272 689
272 750
272 767
272 786
272 821
272 862
272 938
272 943
272 944
273 274
273 288
273 337
273 353
273 361
273 362
273 380
273 386
273 415
273 447
273 546
273 587
273 665
273 786
273 810
273 834
273 855
273 858
273 867
273 903
273 937
273 969
273 981
273 997
274 290
274 341
274 348
274 350
274 381
274 385
274 386
274 395
274 403
274 463
274 468
274 523
274 546
274 577
274 607
274 635
274 643
274 703
274 749
274 767
274 834
274 856
274 871
274 887
274 944
274 990
275 280
275 308
275 317
275 535
275 605
275 609
275 866
276 316
276 386
276 408
276 451
276 468
276 628
276 665
276 737
276 858
276 869
276 913
277 292
277 309
277 327
277 330
277 358
277 372
277 419
277 422
277 430
277 482
277 484
277 508
277 559
277 597
277 599
277 635
277 730
277 751
277 767
277 797
277 803
277 886
277 934
278 293
278 332
278 438
278 443
278 459
278 722
278 771
278 787
278 803
278 833
278 887
278 943
278 975
279 284
279 290
279 330
279 331
279 354
279 411
279 516
279 526
279 566
279 660
279 692
279 749
279 786
279 861
279 905
279 923
279 938
279 943
280 286
280 287
280 425
280 427
280 502
280 541
280 572
280 681
280 683
280 686
280 726
280 843
280 846
280 864
280 958
280 974
281 309
281 310
281 383
281 389
281 422
281 445
281 453
281 470
281 482
281 484
281 597
281 650
281 691
281 751
281 757
281 759
281 762
281 767
281 769
281 782
281 797
281 808
281 815
281 837
281 878
281 886
281 894
281 920
281 923
281 953
281 954
282 295
282 390
282 446
282 567
282 624
282 644
282 663
282 711
282 722
282 767
282 794
282 821
282 883
282 894
282 987
282 995
283 305
283 338
283 414
283 440
283 444
283 447
283 505
283 511
283 662
283 711
283 751
283 756
283 759
283 820
283 824
283 833
283 914
283 944
283 988
284 412
284 426
284 519
284 725
284 786
284 836
284 862
284 882
284 889
284 961
285 291
285 330
285 359
285 413
285 524
285 552
285 555
285 582
285 584
285 587
285 632
285 678
285 679
285 682
285 725
285 828
285 850
285 890
285 993
286 318
286 359
286 421
286 617
286 645
286 666
286 677
286 735
286 744
286 772
286 847
286 997
287 296
287 314
287 423
287 574
287 645
287 665
287 707
287 716
287 789
287 969
288 296
288 323
288 501
288 521
288 652
288 662
288 783
288 792
288 799
288 882
288 954
289 315
289 413
289 511
289 848
289 884
289 889
289 935
290 296
290 360
290 454
290 635
290 687
290 718
290 858
290 911
291 499
291 531
291 537
291 588
291 595
291 647
291 677
291 690
291 702
291 773
291 818
291 855
292 324
292 351
292 356
292 368
292 369
292 475
292 483
292 528
292 546
292 584
292 598
292 614
292 615
292 725
292 732
292 753
292 757
292 761
292 784
292 823
292 860
292 882
292 902
292 918
292 960
293 305
293 325
293 329
293 333
293 335
293 369
293 374
293 387
293 416
293 429
293 459
293 471
293 532
293 555
293 622
293 659
293 660
293 694
293 747
293 765
293 772
293 790
293 793
293 844
293 908
293 975
293 994
294 297
294 348
294 374
294 408
294 484
294 502
294 506
294 525
294 543
294 599
294 600
294 614
294 705
294 823
294 910
294 915
294 923
295 312
295 395
295 474
295 513
295 516
295 603
295 605
295 629
295 692
295 741
295 818
295 824
295 833
295 861
295 910
295 951
296 312
296 328
296 434
296 452
296 457
296 475
296 476
296 494
296 543
296 554
296 569
296 584
296 613
296 627
296 629
296 648
296 662
296 684
296 685
296 728
296 744
296 778
296 826
296 839
296 849
296 853
296 930
296 934
296 950
296 971
296 999
297 320
297 346
297 355
297 360
297 368
297 420
297 423
297 439
297 450
297 471
297 478
297 510
297 513
297 519
297 549
297 552
297 553
297 555
297 590
297 603
297 610
297 614
297 619
297 624
297 718
297 719
297 742
297 767
297 781
297 821
297 826
297 827
297 840
297 864
297 873
297 890
297 895
297 900
297 904
297 911
297 920
297 938
297 964
297 976
297 987
297 995
298 403
298 436
298 438
298 472
298 473
298 498
298 562
298 564
298 577
298 596
298 650
298 691
298 838
298 898
298 968
299 306
299 313
299 317
299 319
299 330
299 343
299 419
299 426
299 440
299 472
299 476
299 482
299 511
299 525
299 557
299 604
299 624
299 627
299 631
299 667
299 697
299 721
299 760
299 803
299 824
299 836
299 865
299 898
299 923
299 929
299 938
299 1000
300 320
300 334
300 389
300 397
300 491
300 550
300 559
300 571
300 733
300 780
300 801
300 878
300 897
300 913
301 370
301 448
301 560
301 577
301 673
301 734
301 739
301 785
301 792
301 800
301 898
301 994
302 317
302 342
302 375
302 437
302 444
302 448
302 487
302 556
302 636
302 730
302 731
302 805
302 813
302 860
302 883
302 960
302 963
302 996
303 411
303 432
303 460
303 466
303 711
303 715
303 716
303 743
303 802
303 939
303 945
303 962
304 317
304 398
304 475
304 676
304 786
304 792
304 855
304 961
305 349
305 394
305 471
305 500
305 503
305 547
305 549
305 618
305 629
305 705
305 724
305 738
305 757
305 765
305 776
305 834
305 942
306 335
306 355
306 384
306 391
306 399
306 424
306 431
306 432
306 459
306 507
306 567
306 599
306 629
306 644
306 655
306 669
306 689
306 715
306 719
306 727
306 732
306 735
306 746
306 747
306 749
306 776
306 793
306 794
306 853
306 856
306 875
306 887
306 923
306 963
306 991
307 310
307 317
307 381
307 460
307 467
307 488
307 507
307 520
307 535
307 567
307 568
307 599
307 635
307 705
307 711
307 763
307 799
307 843
307 847
307 914
308 326
308 441
308 485
308 523
308 570
308 585
308 604
308 637
309 324
309 366
309 383
309 397
309 413
309 419
309 447
309 456
309 462
309 481
309 523
309 631
309 714
309 760
309 787
309 790
309 801
309 804
309 824
309 847
309 884
309 926
309 929
309 998
310 312
310 341
310 535
310 574
310 608
310 722
310 821
310 851
310 861
311 484
311 498
311 514
311 552
311 555
311 625
311 649
311 726
311 848
311 892
312 315
312 337
312 411
312 451
312 461
312 481
312 490
312 495
312 554
312 556
312 666
312 689
312 778
312 804
312 811
312 822
312 839
312 868
312 930
312 999
313 329
313 363
313 381
313 424
313 461
313 532
313 672
313 697
313 708
313 712
313 724
313 824
313 995
314 341
314 386
314 437
314 444
314 552
314 627
314 642
314 645
314 730
314 734
314 745
314 858
314 963
315 317
315 320
315 361
315 460
315 477
315 517
315 526
315 530
315 580
315 593
315 606
315 612
315 614
315 616
315 623
315 667
315 677
315 683
315 722
315 727
315 753
315 789
315 800
315 820
315 842
315 846
315 848
315 855
315 876
315 891
315 895
315 901
315 931
315 948
315 955
316 350
316 370
316 385
316 449
316 509
316 514
316 572
316 575
316 635
316 638
316 652
316 766
316 775
316 783
316 793
316 823
316 912
316 965
316 970
317 319
317 470
317 476
317 491
317 559
317 690
317 797
317 803
317 814
317 824
317 831
317 884
317 923
317 945
317 969
317 982
318 338
318 517
318 530
318 546
318 569
318 574
318 579
318 611
318 620
318 674
318 680
318 704
318 743
318 823
318 839
318 878
318 901
319 357
319 365
319 455
319 478
319 520
319 624
319 651
319 672
319 689
319 826
319 850
319 859
319 943
319 951
319 987
319 990
320 322
320 324
320 408
320 586
320 604
320 626
320 705
320 788
320 804
320 883
320 914
320 915
320 933
320 955
321 349
321 373
321 411
321 504
321 549
321 583
321 590
321 598
321 605
321 655
321 664
321 692
321 786
321 833
321 861
321 920
321 982
321 990
322 372
322 448
322 487
322 531
322 538
322 569
322 605
322 620
322 678
322 716
322 782
322 995
323 378
323 400
323 498
323 530
323 572
323 594
323 626
323 629
323 674
323 691
323 852
323 910
324 326
324 364
324 412
324 432
324 470
324 514
324 580
324 642
324 785
324 860
324 966
325 358
325 419
325 424
325 431
325 451
325 499
325 516
325 539
325 606
325 624
325 634
325 656
325 826
325 854
325 875
325 883
325 892
325 943
325 949
325 961
325 964
325 968
325 985
325 990
325 995
326 337
326 607
326 654
326 814
327 352
327 426
327 431
327 461
327 525
327 535
327 597
327 604
327 778
327 786
327 795
327 847
327 883
327 917
327 1000
328 404
328 411
328 596
328 603
328 715
328 753
328 794
328 932
328 933
328 943
328 958
329 391
329 399
329 437
329 599
329 650
329 655
329 827
329 920
329 958
329 984
329 997
330 336
330 343
330 350
330 372
330 383
330 385
330 426
330 434
330 445
330 451
330 488
330 491
330 524
330 538
330 540
330 566
330 581
330 586
330 604
330 626
330 646
330 648
330 677
330 716
330 723
330 748
330 752
330 798
330 853
330 883
330 884
330 888
330 894
330 913
330 923
330 949
331 378
331 387
331 390
331 409
331 427
331 443
331 446
331 454
331 579
331 590
331 603
331 626
331 695
331 697
331 699
331 715
331 745
331 767
331 783
331 821
331 843
331 889
331 920
331 921
331 944
331 987
332 339
332 388
332 447
332 475
332 509
332 554
332 566
332 571
332 609
332 610
332 701
332 709
332 720
332 729
332 758
332 759
332 794
332 866
332 879
332 898
332 900
332 905
332 925
332 932
332 945
332 979
332 988
333 415
333 504
333 564
333 660
333 686
333 722
333 757
333 800
333 812
333 920
334 343
334 345
334 360
334 368
334 369
334 419
334 422
334 432
334 462
334 466
334 472
334 481
334 557
334 567
334 597
334 629
334 634
334 647
334 681
334 712
334 730
334 752
334 769
334 773
334 797
334 803
334 824
334 868
334 913
334 924
334 949
334 963
334 980
334 998
335 382
335 387
335 390
335 391
335 447
335 464
335 502
335 504
335 540
335 633
335 739
335 800
335 879
336 425
336 451
336 454
336 613
336 684
336 705
336 710
336 728
336 740
336 744
336 785
336 837
336 872
336 898
336 936
336 950
336 960
336 999
337 348
337 355
337 424
337 437
337 444
337 507
337 607
337 610
337 658
337 672
337 697
337 853
337 889
337 895
337 905
338 362
338 373
338 434
338 472
338 562
338 569
338 605
338 620
338 666
338 683
338 766
338 821
338 889
338 913
338 932
338 945
338 960
339 352
339 401
339 478
339 488
339 589
339 596
339 621
339 676
339 696
339 712
339 725
339 773
339 797
339 806
339 826
339 968
340 364
340 389
340 419
340 421
340 445
340 447
340 491
340 526
340 535
340 570
340 573
340 597
340 705
340 797
340 936
341 350
341 362
341 371
341 380
341 388
341 405
341 411
341 429
341 430
341 472
341 521
341 529
341 552
341 575
341 595
341 618
341 628
341 633
341 652
341 665
341 672
341 718
341 721
341 791
341 793
341 823
341 862
341 913
341 916
341 938
342 366
342 690
342 705
342 714
342 787
342 812
342 846
342 902
343 359
343 378
343 391
343 397
343 402
343 410
343 419
343 445
343 447
343 456
343 457
343 469
343 470
343 474
343 482
343 491
343 582
343 623
343 660
343 698
343 730
343 745
343 751
343 797
343 825
343 836
343 847
343 853
343 872
343 884
343 903
343 926
343 970
343 983
343 989
343 1000
344 437
344 493
344 524
344 525
344 564
344 632
344 640
344 650
344 727
344 820
345 677
345 689
345 700
345 715
345 735
345 756
345 786
345 812
345 936
346 468
346 516
346 519
346 540
346 617
346 649
346 684
346 766
346 777
346 861
346 943
346 945
346 997
347 354
347 595
347 773
347 778
347 785
347 788
347 811
347 812
347 881
347 910
347 955
347 973
348 502
348 548
348 556
348 572
348 601
348 765
348 784
348 860
348 892
349 399
349 443
349 467
349 573
349 593
349 704
349 753
349 804
350 423
350 454
350 462
350 612
350 650
350 663
350 713
350 737
350 783
350 791
350 828
350 855
350 891
350 937
350 971
351 358
351 482
351 498
351 502
351 571
351 630
351 647
351 688
351 739
351 962
352 358
352 421
352 446
352 544
352 576
352 606
352 612
352 655
352 709
352 713
352 727
352 878
352 887
352 933
352 989
352 999
353 434
353 469
353 499
353 534
353 550
353 562
353 580
353 590
353 614
353 652
353 700
353 705
353 716
353 737
353 760
353 770
353 812
353 821
353 836
353 892
353 895
353 910
353 921
353 927
353 939
353 945
353 961
354 396
354 433
354 434
354 580
354 678
354 773
354 784
354 819
354 820
354 876
355 420
355 427
355 436
355 514
355 536
355 545
355 554
355 719
355 737
355 741
355 766
355 826
355 850
355 851
355 929
355 950
355 972
356 439
356 462
356 550
356 554
356 558
356 595
356 668
356 705
356 713
356 725
356 857
356 963
356 964
357 392
357 401
357 466
357 558
357 559
357 671
357 716
357 733
357 741
357 748
357 749
357 762
357 769
357 793
357 801
357 837
357 877
357 882
357 887
357 928
357 941
357 946
357 947
357 952
358 359
358 375
358 378
358 409
358 413
358 433
358 440
358 447
358 450
358 473
358 508
358 516
358 518
358 543
358 544
358 549
358 561
358 590
358 624
358 642
358 644
358 645
358 691
358 699
358 755
358 821
358 848
358 862
358 874
358 888
358 895
358 911
358 915
358 957
358 982
358 995
358 997
359 366
359 367
359 390
359 438
359 446
359 449
359 470
359 479
359 494
359 498
359 512
359 514
359 527
359 580
359 615
359 661
359 722
359 724
359 743
359 750
359 791
359 838
359 848
359 851
359 868
359 894
359 915
359 929
359 943
359 972
359 991
360 365
360 390
360 413
360 432
360 464
360 532
360 566
360 575
360 649
360 716
360 799
360 828
360 830
360 831
360 852
360 930
360 939
360 961
360 971
361 378
361 446
361 455
361 498
361 537
361 614
361 750
361 818
361 850
361 968
362 383
362 385
362 498
362 506
362 611
362 636
362 649
362 691
362 763
362 773
362 807
362 844
362 846
362 859
362 880
362 881
362 940
362 988
363 433
363 461
363 470
363 540
363 554
363 685
363 728
363 794
363 839
364 537
364 603
364 661
364 714
364 769
364 863
364 867
364 868
364 885
364 950
364 959
364 981
365 490
365 526
365 573
365 600
365 690
365 721
365 725
365 752
365 785
365 827
365 839
366 444
366 454
366 498
366 517
366 652
366 674
366 682
366 692
366 714
366 719
366 738
366 778
366 815
366 853
366 950
366 952
366 953
367 368
367 431
367 470
367 555
367 616
367 722
367 738
367 993
368 420
368 456
368 464
368 523
368 528
368 612
368 616
368 725
368 731
368 773
368 843
368 848
368 863
368 885
368 897
369 424
369 468
369 531
369 535
369 581
369 610
369 616
369 650
369 705
369 741
369 860
369 864
369 910
369 914
369 944
369 976
370 595
370 600
370 777
370 790
370 832
370 855
370 869
370 958
371 384
371 574
371 624
371 627
371 634
371 645
371 691
371 695
371 724
371 725
371 832
371 855
372 419
372 462
372 470
372 491
372 520
372 626
372 682
372 792
372 861
372 923
373 390
373 396
373 460
373 461
373 518
373 545
373 548
373 605
373 649
373 699
373 745
373 783
373 814
373 818
373 850
373 854
373 862
373 920
373 978
373 987
373 993
374 390
374 407
374 452
374 453
374 462
374 466
374 471
374 494
374 540
374 555
374 574
374 593
374 659
374 669
374 687
374 688
374 696
374 732
374 889
374 943
374 956
374 975
374 997
374 999
375 377
375 395
375 401
375 422
375 437
375 448
375 458
375 467
375 475
375 477
375 522
375 532
375 573
375 684
375 706
375 720
375 896
375 898
375 900
375 986
376 533
376 572
376 645
376 665
376 812
376 967
377 564
377 657
377 680
377 695
377 784
377 839
377 880
377 954
377 960
378 514
378 537
378 539
378 555
378 600
378 653
378 848
378 851
378 863
378 894
378 967
378 977
378 1000
379 498
379 541
379 725
379 762
379 833
379 924
379 951
380 422
380 431
380 470
380 635
380 683
380 695
380 753
380 775
380 794
380 854
380 902
380 988
381 470
381 481
381 509
381 588
381 604
381 628
381 635
381 645
381 657
381 715
381 754
381 775
381 844
381 943
382 390
382 403
382 498
382 512
382 516
382 556
382 685
382 981
383 419
383 480
383 500
383 543
383 580
383 581
383 752
383 759
383 789
383 836
383 878
383 899
383 923
383 983
383 1000
384 493
384 515
384 523
384 533
384 564
384 601
384 644
384 657
384 664
384 832
384 844
384 967
385 413
385 430
385 627
385 695
385 823
385 921
386 408
386 435
386 457
386 473
386 499
386 512
386 624
386 645
386 692
386 698
386 716
386 730
386 746
386 796
386 810
386 823
386 845
386 858
386 909
387 392
387 415
387 433
387 443
387 460
387 466
387 527
387 622
387 638
387 655
387 681
387 693
387 722
387 741
387 787
387 790
387 793
387 800
387 856
387 863
387 922
387 964
387 975
388 418
388 435
388 517
388 584
388 648
388 653
388 677
388 823
388 956
389 404
389 457
389 482
389 491
389 527
389 588
389 597
389 620
389 625
389 690
389 701
389 751
389 785
389 969
390 484
390 549
390 561
390 577
390 622
390 642
390 772
390 784
390 790
390 862
390 886
390 958
391 392
391 414
391 429
391 441
391 445
391 471
391 509
391 512
391 521
391 537
391 669
391 685
391 696
391 715
391 758
391 767
391 793
391 838
391 887
391 928
391 951
391 965
391 975
392 440
392 592
392 624
392 669
392 821
392 844
392 879
392 919
393 525
393 574
393 581
393 586
393 597
393 645
393 682
393 756
393 760
393 781
393 824
393 923
393 968
394 399
394 506
394 576
394 600
394 618
394 628
394 643
394 703
394 804
394 820
394 878
394 995
395 412
395 515
395 516
395 540
395 570
395 583
395 649
395 651
395 660
395 724
395 745
395 766
395 771
395 826
395 880
395 938
395 984
395 997
396 540
396 590
396 613
396 630
396 642
396 676
396 699
396 721
396 806
396 837
396 943
396 956
396 974
396 987
396 995
397 426
397 470
397 525
397 687
397 707
397 769
397 776
397 803
397 824
397 946
398 536
398 707
398 711
398 744
398 768
398 964
399 456
399 485
399 552
399 607
399 679
399 724
399 754
399 928
399 975
400 435
400 457
400 473
400 491
400 545
400 677
400 778
400 858
400 909
400 910
400 923
400 932
400 972
400 988
401 411
401 414
401 437
401 448
401 464
401 508
401 522
401 531
401 556
401 566
401 573
401 583
401 612
401 631
401 645
401 657
401 706
401 735
401 764
401 797
401 929
401 952
401 960
401 978
402 472
402 478
402 564
402 567
402 636
402 648
402 806
402 890
402 898
402 962
403 444
403 448
403 550
403 571
403 596
403 610
403 617
403 618
403 641
403 650
403 675
403 739
403 741
403 756
403 773
403 810
403 825
403 859
403 917
403 919
403 920
403 933
403 976
403 979
404 413
404 470
404 586
404 598
404 633
404 683
404 705
404 747
404 751
404 776
404 797
404 803
404 824
404 882
404 911
404 936
404 953
404 969
405 527
405 563
405 576
405 619
405 637
405 741
405 808
405 866
405 870
405 922
405 979
406 417
406 475
406 484
406 538
406 707
406 708
406 794
406 858
406 903
407 432
407 523
407 532
407 650
407 714
407 755
407 825
407 827
407 833
407 838
407 843
407 861
408 424
408 517
408 525
408 537
408 578
408 583
408 699
408 700
408 705
408 758
408 782
408 785
408 860
408 985
409 561
409 624
409 652
409 657
409 665
409 749
409 750
409 785
409 786
409 836
409 859
409 966
410 437
410 515
410 527
410 533
410 534
410 613
410 664
410 676
410 680
410 873
410 913
410 930
410 954
411 430
411 497
411 512
411 591
411 596
411 610
411 611
411 617
411 621
411 629
411 636
411 637
411 648
411 650
411 656
411 687
411 691
411 739
411 743
411 762
411 780
411 813
411 822
411 845
411 898
411 905
411 919
411 988
412 443
412 451
412 477
412 531
412 577
412 614
412 618
412 653
412 676
412 699
412 747
412 784
412 816
412 860
412 881
412 895
412 910
412 928
412 941
412 948
413 427
413 473
413 496
413 565
413 584
413 617
413 619
413 629
413 634
413 654
413 656
413 762
413 814
413 889
413 900
413 908
413 952
414 424
414 477
414 496
414 572
414 613
414 631
414 660
414 662
414 676
414 785
414 811
414 862
415 433
415 464
415 465
415 514
415 518
415 590
415 638
415 649
415 689
415 745
415 774
415 783
415 821
415 866
415 961
416 470
416 536
416 588
416 648
416 745
416 837
417 490
417 552
417 557
417 582
417 587
417 605
417 618
417 620
417 686
417 691
417 857
417 942
417 993
418 443
418 462
418 539
418 548
418 614
418 722
418 766
418 769
418 771
418 881
418 962
418 988
419 440
419 447
419 449
419 462
419 469
419 481
419 482
419 487
419 504
419 522
419 601
419 665
419 718
419 738
419 744
419 753
419 760
419 769
419 772
419 773
419 803
419 805
419 865
419 878
419 883
419 886
419 923
419 926
419 958
419 980
419 983
420 657
420 729
420 766
420 776
420 786
420 838
420 854
420 960
421 422
421 494
421 514
421 523
421 538
421 551
421 597
421 621
421 675
421 680
421 687
421 729
421 773
421 815
421 829
421 837
421 839
421 865
421 879
421 880
421 932
421 968
421 979
421 988
421 991
422 447
422 506
422 511
422 525
422 639
422 690
422 730
422 752
422 783
422 786
422 835
422 894
422 944
423 437
423 475
423 502
423 541
423 584
423 589
423 598
423 620
423 673
423 718
423 739
423 794
423 805
423 824
423 913
423 991
424 496
424 544
424 558
424 562
424 626
424 701
424 722
424 842
425 453
425 457
425 459
425 567
425 645
425 684
425 778
425 950
426 432
426 475
426 482
426 485
426 491
426 525
426 635
426 637
426 646
426 647
426 650
426 707
426 721
426 744
426 751
426 759
426 818
426 853
426 860
426 872
426 949
426 966
427 448
427 516
427 548
427 556
427 590
427 705
427 766
427 770
427 776
427 803
427 810
427 861
427 902
428 459
428 475
428 492
428 553
428 678
428 727
428 749
428 797
428 901
428 939
428 975
429 459
429 599
429 660
429 673
429 696
429 760
429 790
429 975
430 490
430 502
430 511
430 665
430 689
430 693
430 775
430 793
430 811
430 841
430 860
430 924
430 979
431 544
431 599
431 730
431 736
431 744
431 824
431 877
431 907
431 965
431 977
432 438
432 457
432 472
432 532
432 574
432 575
432 647
432 714
432 716
432 736
432 739
432 747
432 760
432 784
432 817
432 828
432 831
432 833
432 838
432 856
432 866
432 939
432 949
432 959
432 992
432 996
433 536
433 563
433 735
433 744
433 766
433 767
433 772
433 777
433 786
433 795
433 812
433 813
433 855
433 861
433 922
433 934
433 996
434 484
434 485
434 513
434 520
434 532
434 593
434 595
434 641
434 658
434 700
434 716
434 720
434 722
434 723
434 725
434 745
434 754
434 769
434 787
434 800
434 816
434 865
434 870
434 876
434 910
434 914
434 938
435 471
435 476
435 488
435 503
435 512
435 553
435 890
435 939
435 957
436 466
436 486
436 542
436 690
436 732
436 785
436 804
436 823
436 855
436 876
436 927
436 949
436 985
436 992
437 439
437 478
437 485
437 487
437 508
437 528
437 573
437 621
437 629
437 667
437 720
437 744
437 764
437 807
437 823
437 826
437 884
437 898
437 934
437 960
437 979
438 505
438 535
438 602
438 646
438 652
438 722
438 778
438 884
438 905
438 994
439 472
439 478
439 494
439 518
439 533
439 624
439 689
439 735
439 759
439 812
439 824
439 840
439 843
439 889
439 897
439 931
439 961
439 992
439 995
440 447
440 470
440 572
440 660
440 731
440 760
440 769
440 852
440 918
440 926
440 961
440 989
441 457
441 468
441 512
441 638
441 731
441 770
441 790
441 802
441 836
441 910
441 937
441 963
442 570
442 638
442 643
442 645
442 727
442 771
442 924
443 459
443 490
443 531
443 551
443 599
443 642
443 660
443 688
443 723
443 777
443 793
443 795
443 877
443 895
443 922
443 949
443 975
444 456
444 572
444 590
444 636
444 642
445 447
445 586
445 660
445 790
445 803
445 812
445 898
445 923
445 998
446 449
446 684
446 693
446 815
446 820
446 869
446 967
446 972
446 973
447 451
447 479
447 481
447 601
447 604
447 654
447 679
447 681
447 688
447 735
447 759
447 760
447 769
447 789
447 795
447 853
447 883
447 926
447 949
447 970
447 991
448 487
448 528
448 556
448 633
448 667
448 713
448 789
448 824
448 875
448 963
448 969
448 997
449 537
449 576
449 593
449 665
449 838
449 924
449 996
450 516
450 543
450 554
450 590
450 624
450 735
450 739
450 855
450 864
450 915
450 961
450 973
451 457
451 479
451 484
451 488
451 561
451 677
451 790
451 872
451 970
452 497
452 511
452 537
452 541
452 778
452 781
452 783
452 797
452 829
452 839
452 853
452 856
452 919
452 976
453 475
453 516
453 636
453 690
453 698
453 712
453 723
453 724
453 760
453 777
453 791
453 827
453 941
454 513
454 650
454 715
454 823
454 875
454 971
455 604
455 734
455 744
455 766
455 839
455 843
455 846
455 850
455 932
455 966
456 475
456 493
456 511
456 527
456 537
456 586
456 712
456 721
456 760
456 778
456 803
456 862
456 926
456 971
456 998
457 491
457 586
457 602
457 638
457 642
457 655
457 663
457 677
457 682
457 685
457 702
457 717
457 725
457 778
457 783
457 789
457 792
457 798
457 826
457 831
457 839
457 846
457 871
457 934
457 935
457 953
458 464
458 466
458 472
458 506
458 556
458 573
458 581
458 603
458 664
458 877
458 893
458 907
458 922
458 960
459 469
459 502
459 511
459 512
459 516
459 531
459 556
459 573
459 593
459 596
459 620
459 623
459 682
459 688
459 771
459 776
459 778
459 790
459 795
459 797
459 827
459 868
459 887
459 908
459 953
459 988
460 506
460 535
460 633
460 669
460 707
460 730
460 800
460 809
460 938
461 497
461 660
462 491
462 525
462 599
462 610
462 618
462 672
462 722
462 753
462 766
462 770
462 816
462 888
462 926
462 929
463 521
463 551
463 665
463 708
463 727
463 791
463 834
463 973
463 988
464 508
464 556
464 598
464 675
464 677
464 760
464 866
464 872
464 963
464 978
465 528
465 571
465 605
465 608
465 855
465 896
466 600
466 605
466 613
466 677
466 693
466 752
466 798
466 832
466 837
466 882
466 943
467 479
467 480
467 596
467 599
467 619
467 923
467 977
468 485
468 544
468 644
468 689
468 708
468 723
468 817
468 819
468 941
469 548
469 577
469 596
469 705
469 761
469 785
469 812
469 820
469 914
469 975
469 992
470 482
470 491
470 581
470 623
470 721
470 752
470 783
470 828
470 829
470 840
470 884
470 924
470 935
470 957
470 958
470 980
470 983
471 495
471 497
471 522
471 599
471 647
471 705
471 715
471 726
471 790
471 845
471 847
471 865
471 870
471 882
471 922
471 935
471 970
471 975
472 556
472 575
472 635
472 726
472 806
472 814
472 816
472 824
472 930
473 626
473 665
473 708
473 728
474 518
474 549
474 580
474 665
474 852
474 956
474 990
474 995
475 534
475 596
475 610
475 611
475 614
475 617
475 682
475 735
475 742
475 817
475 892
475 928
475 933
475 943
475 945
475 968
475 970
475 976
475 988
476 511
476 683
476 721
476 788
476 793
476 858
476 903
476 923
476 929
477 533
477 898
477 976
478 516
478 519
478 536
478 545
478 546
478 563
478 602
478 624
478 625
478 630
478 694
478 766
478 767
478 772
478 818
478 826
478 846
478 893
478 912
478 928
478 938
478 957
478 983
478 990
479 493
479 542
479 555
479 591
479 685
479 750
479 760
479 761
479 812
479 838
479 969
479 973
479 981
479 987
480 490
480 635
480 823
480 887
481 622
481 699
481 756
481 759
481 912
481 923
481 962
481 969
481 991
481 998
482 748
482 752
482 756
482 886
482 923
482 929
483 594
483 662
483 701
483 745
483 799
483 836
483 910
483 914
484 505
484 539
484 541
484 555
484 633
484 643
484 650
484 661
484 690
484 716
484 743
484 766
484 848
484 909
485 556
485 588
485 615
485 690
485 724
485 822
485 823
485 951
486 535
486 613
486 624
486 650
486 677
486 685
486 744
486 776
486 851
486 855
486 938
487 541
487 556
487 619
487 694
487 700
487 703
487 752
487 960
487 963
487 967
488 523
488 567
488 858
488 963
489 543
489 554
489 689
489 744
489 778
489 783
489 821
489 908
489 991
490 499
490 518
490 545
490 556
490 566
490 642
490 658
490 680
490 706
490 714
490 744
490 759
490 786
490 787
490 855
490 882
490 908
490 952
490 974
491 532
491 545
491 578
491 582
491 632
491 637
491 674
491 689
491 724
491 752
491 756
491 760
491 769
491 770
491 773
491 797
491 850
491 870
491 923
491 945
491 953
491 972
491 980
491 990
491 998
492 507
492 545
492 608
492 676
492 782
492 936
493 498
493 537
493 544
493 608
493 631
493 666
493 723
493 758
493 807
493 838
493 848
493 941
493 977
494 498
494 537
494 590
494 659
494 732
494 741
494 750
494 838
494 844
494 858
494 863
494 875
494 894
494 972
495 560
495 567
495 623
495 624
495 650
495 807
495 810
495 835
495 975
496 510
496 550
496 617
496 752
496 794
496 839
496 889
496 904
496 911
496 913
497 545
497 554
497 594
497 598
497 654
497 719
497 758
497 761
497 798
497 848
497 922
497 950
498 514
498 537
498 540
498 542
498 580
498 590
498 625
498 662
498 692
498 701
498 708
498 750
498 751
498 752
498 806
498 826
498 838
498 863
498 869
498 894
499 500
499 543
499 567
499 596
499 611
499 626
499 636
499 695
499 806
499 843
499 951
500 591
500 666
500 926
500 939
500 960
501 516
501 538
501 586
501 612
501 629
501 724
501 744
501 778
501 846
501 858
501 898
502 513
502 541
502 543
502 561
502 572
502 588
502 589
502 590
502 598
502 646
502 663
502 681
502 685
502 711
502 717
502 806
502 826
502 860
502 913
502 956
502 986
503 525
503 614
503 640
503 733
503 824
503 891
503 895
503 958
504 525
504 581
504 707
504 730
504 839
504 926
504 931
505 615
505 685
505 714
505 735
505 854
505 859
505 877
505 894
505 905
505 935
505 960
506 618
506 668
506 725
506 727
506 732
506 751
506 895
506 990
507 567
507 620
507 667
507 734
507 737
507 757
507 898
508 509
508 556
508 631
508 768
508 838
508 923
508 963
509 554
509 588
509 615
509 681
509 707
509 744
509 778
509 815
509 838
509 874
509 971
510 551
510 602
510 619
510 629
510 642
510 653
510 654
510 694
510 798
510 814
510 831
510 836
510 839
510 864
510 889
510 938
510 973
511 574
511 614
511 624
511 647
511 665
511 669
511 751
511 752
511 755
511 760
511 779
511 794
511 803
511 817
511 866
511 888
511 899
511 919
511 969
511 1000
512 537
512 559
512 570
512 581
512 750
512 797
512 803
512 894
512 986
513 539
513 624
513 693
513 763
513 766
513 812
513 861
513 938
513 957
513 961
514 518
514 537
514 555
514 625
514 635
514 696
514 714
514 726
514 743
514 750
514 778
514 838
514 851
514 857
514 914
514 926
514 956
514 975
514 981
515 523
515 527
515 533
515 534
515 653
515 662
515 664
515 761
515 861
515 969
515 973
516 535
516 540
516 560
516 562
516 590
516 646
516 651
516 668
516 678
516 689
516 743
516 754
516 766
516 769
516 781
516 812
516 826
516 838
516 840
516 855
516 861
516 873
516 931
516 943
516 946
516 957
516 985
517 612
517 676
517 798
517 906
517 930
517 945
517 960
517 993
518 519
518 559
518 593
518 603
518 621
518 651
518 702
518 743
518 779
518 783
518 786
519 564
519 603
519 624
519 745
519 786
519 861
519 888
519 941
519 952
519 982
520 565
520 567
520 687
520 753
520 793
520 958
520 991
521 586
521 635
521 661
521 791
521 904
521 928
521 937
521 966
521 974
521 995
522 556
522 565
522 597
522 631
522 818
522 901
522 978
523 582
523 648
523 699
523 762
523 787
523 792
523 835
523 858
523 860
523 874
523 924
523 928
523 936
523 939
523 963
523 971
524 541
524 569
524 591
524 605
524 766
524 780
524 812
524 819
524 950
525 529
525 553
525 586
525 712
525 721
525 751
525 824
525 898
525 906
525 926
525 949
525 983
525 998
526 573
526 574
526 599
526 614
526 647
526 690
526 716
526 730
526 796
526 855
526 864
526 910
526 927
526 941
526 955
526 985
527 533
527 534
527 548
527 639
527 640
527 664
527 680
527 706
527 781
527 806
527 821
527 862
527 883
527 905
527 926
527 936
528 552
528 590
528 628
528 646
528 724
528 842
528 864
528 872
528 943
528 987
529 712
529 861
529 889
530 569
530 579
530 727
530 791
530 821
530 826
530 851
530 892
531 588
531 604
531 630
531 686
531 722
531 785
531 787
531 884
531 933
531 935
531 948
531 955
532 578
532 674
532 705
532 716
532 744
532 873
532 939
533 534
533 537
533 559
533 588
533 600
533 619
533 657
533 664
533 893
534 680
534 776
534 838
534 954
535 560
535 564
535 755
535 784
535 809
535 871
535 896
535 906
535 950
535 955
535 980
536 540
536 624
536 678
536 689
536 745
536 766
536 812
536 824
536 913
536 920
536 937
536 943
537 548
537 555
537 615
537 656
537 662
537 670
537 680
537 714
537 730
537 743
537 769
537 796
537 826
537 838
537 848
537 866
537 869
537 879
537 894
537 906
537 911
537 919
537 932
537 949
537 956
537 972
537 980
538 554
538 607
538 626
538 667
538 677
538 691
538 719
538 744
538 778
538 798
538 802
538 819
538 836
538 860
538 889
538 898
538 926
538 942
538 950
538 952
538 957
538 968
538 988
539 590
539 624
539 655
539 767
539 850
539 869
539 873
539 982
539 988
540 553
540 590
540 624
540 649
540 678
540 691
540 735
540 736
540 777
540 797
540 818
540 821
540 850
540 859
540 861
540 902
540 907
540 911
540 933
540 938
540 964
540 987
540 995
540 997
541 563
541 567
541 568
541 571
541 598
541 661
541 688
541 765
541 787
541 865
541 891
541 895
541 898
542 552
542 604
542 743
542 750
542 764
542 838
542 848
542 849
542 863
542 923
542 939
543 558
543 567
543 568
543 690
543 735
543 767
543 786
543 808
543 850
543 906
543 953
543 966
544 553
544 559
544 578
544 599
544 649
544 702
544 727
544 734
544 738
544 745
544 776
544 949
544 967
544 974
544 976
544 989
545 549
545 600
545 624
545 646
545 669
545 702
545 732
545 735
545 738
545 781
545 812
545 861
545 893
545 895
545 920
545 938
545 961
545 990
546 579
546 586
546 605
546 644
546 778
546 963
547 603
547 659
547 669
547 875
547 912
547 916
547 944
547 953
547 975
548 569
548 577
548 583
548 605
548 620
548 628
548 861
548 865
548 944
548 960
549 563
549 577
549 674
549 689
549 781
549 786
549 807
549 823
549 850
549 878
549 905
549 938
550 555
550 567
550 619
550 634
550 740
550 766
550 859
550 938
550 970
550 991
551 614
551 619
551 736
551 811
551 933
551 967
551 971
552 557
552 562
552 582
552 597
552 682
552 688
552 708
552 825
552 890
552 930
552 942
552 963
553 556
553 644
553 649
553 689
553 693
553 752
553 766
553 796
553 799
553 803
553 915
553 918
553 944
553 995
554 565
554 620
554 626
554 684
554 707
554 740
554 750
554 759
554 787
554 839
554 985
555 567
555 576
555 579
555 625
555 698
555 714
555 743
555 750
555 772
555 777
555 795
555 838
555 848
555 863
555 868
555 869
555 878
555 894
555 919
555 939
555 956
556 565
556 572
556 573
556 581
556 600
556 607
556 646
556 661
556 667
556 720
556 775
556 788
556 825
556 869
556 872
556 888
556 943
556 960
556 963
557 558
557 582
557 664
557 679
557 710
557 778
557 931
557 936
558 579
558 677
558 688
558 743
558 747
558 827
558 830
558 875
558 890
558 975
559 678
559 721
559 749
559 752
559 759
559 769
559 824
559 825
559 888
559 923
559 970
560 583
560 824
560 853
560 996
561 615
561 666
561 913
561 955
561 992
562 582
562 584
562 679
562 758
562 923
562 942
562 974
563 590
563 592
563 624
563 659
563 729
563 753
563 767
563 850
563 861
563 957
564 588
564 647
564 657
564 664
564 680
564 877
564 894
565 629
565 836
565 923
566 647
566 650
566 712
566 720
566 935
566 986
567 576
567 609
567 641
567 665
567 671
567 672
567 713
567 742
567 779
567 846
567 906
568 583
568 640
568 755
568 934
568 975
568 988
569 605
569 609
569 613
569 620
569 768
569 805
569 887
569 899
569 955
569 993
569 998
569 1000
570 585
570 602
570 607
570 670
570 679
570 750
570 751
570 838
570 874
570 895
570 901
570 930
570 942
570 974
570 988
571 604
571 632
571 667
571 689
571 785
571 923
572 584
572 596
572 598
572 605
572 681
572 765
572 825
572 843
572 879
572 913
572 942
572 963
572 984
572 991
573 608
573 633
573 753
573 806
573 896
573 900
573 940
573 974
573 990
574 719
574 736
574 774
574 829
574 833
574 892
574 915
574 936
574 939
574 959
574 988
575 589
575 590
575 698
575 833
575 878
575 939
576 578
576 579
576 606
576 679
576 727
576 778
576 785
576 803
576 901
576 904
576 955
576 957
576 971
576 996
577 579
577 612
577 685
577 690
577 705
577 725
577 749
577 757
577 786
577 804
577 811
577 829
577 836
577 865
577 883
577 927
577 948
577 990
578 605
578 613
578 696
578 704
578 727
578 789
578 824
578 927
578 999
579 594
579 605
579 620
579 622
579 640
579 661
579 674
579 693
579 755
579 763
579 767
579 787
579 805
579 816
579 833
579 878
579 942
580 588
580 595
580 610
580 618
580 638
580 690
580 739
580 773
580 785
580 816
580 836
580 840
580 961
580 963
580 996
581 604
581 654
581 690
581 697
581 730
581 752
581 768
581 778
581 827
581 853
581 855
581 969
581 997
581 998
582 587
582 663
582 679
582 685
582 727
582 735
582 771
582 776
582 848
582 873
582 980
582 988
583 628
583 679
583 744
583 745
583 765
583 886
583 906
584 645
584 678
584 679
584 722
584 883
584 890
584 941
584 942
584 945
584 958
585 600
585 607
585 612
585 672
585 692
585 785
585 846
585 883
585 890
585 939
585 944
585 956
585 981
586 751
586 759
586 760
586 806
586 812
586 825
586 853
586 883
586 926
586 969
586 971
586 980
586 998
586 1000
587 679
587 682
587 721
587 756
587 831
587 942
587 957
588 595
588 695
588 700
588 728
588 774
588 785
588 809
588 862
588 870
588 873
588 881
588 890
588 901
588 941
588 985
588 990
588 992
589 633
589 683
589 693
589 760
589 833
589 835
589 838
590 624
590 649
590 689
590 699
590 702
590 703
590 724
590 745
590 797
590 817
590 826
590 830
590 882
590 893
590 903
590 950
590 963
590 965
590 982
590 995
591 596
591 610
591 620
591 656
591 884
592 755
592 880
592 920
592 975
592 997
593 662
593 706
593 722
593 762
593 784
593 855
593 896
594 620
594 698
594 826
594 828
595 614
595 618
595 637
595 671
595 712
595 785
595 832
595 836
595 853
595 855
595 885
595 889
595 895
595 909
595 924
595 965
596 610
596 636
596 702
596 725
596 729
596 732
596 738
596 739
596 774
596 786
596 806
596 841
596 869
596 968
596 988
597 742
597 766
597 783
597 808
597 810
597 903
597 926
597 969
597 972
598 628
598 681
598 685
598 715
598 743
598 765
598 781
598 785
598 830
598 834
598 838
598 871
598 879
598 892
598 913
598 925
598 991
599 609
599 635
599 650
599 659
599 681
599 691
599 715
599 722
599 729
599 748
599 804
599 806
599 811
599 844
599 898
599 922
599 926
599 935
600 612
600 623
600 661
600 683
600 725
600 752
600 753
600 785
600 860
600 864
600 865
600 900
600 910
600 927
600 933
601 650
601 657
601 664
601 916
601 949
602 640
602 672
602 697
602 703
602 962
603 607
603 623
603 642
603 646
603 689
603 691
603 707
603 803
603 815
603 821
603 861
604 751
604 752
604 797
604 803
604 824
604 827
604 847
604 853
604 903
604 923
605 642
605 724
605 729
605 749
605 768
605 772
605 805
605 818
605 864
605 866
605 913
605 933
605 954
606 612
606 640
606 727
606 757
606 967
606 973
606 986
607 994
608 628
608 861
608 882
608 937
608 958
609 766
609 790
609 862
609 913
609 936
610 650
610 659
610 787
610 890
610 925
610 944
610 951
611 617
611 636
611 687
611 732
611 925
611 945
611 984
612 613
612 618
612 680
612 731
612 732
612 761
612 820
612 826
612 836
612 906
613 614
613 658
613 733
613 839
613 851
613 867
613 934
613 971
614 623
614 645
614 690
614 700
614 743
614 753
614 834
614 855
614 864
614 865
614 904
614 910
614 918
614 938
614 944
614 955
614 964
615 664
615 763
615 869
615 915
615 928
616 705
616 740
616 781
616 785
616 789
616 836
616 839
616 870
616 878
616 887
616 918
616 965
617 621
617 635
617 745
617 773
617 859
617 874
617 890
617 898
617 905
617 910
617 979
618 727
618 741
618 754
618 820
618 881
618 907
618 985
619 651
619 666
619 747
619 801
619 814
619 872
619 888
619 889
620 622
620 624
620 640
620 650
620 657
620 674
620 722
620 755
620 768
620 789
620 814
620 818
620 829
620 852
620 859
621 668
621 701
621 709
621 714
621 739
621 773
621 800
621 859
621 861
621 876
621 888
621 937
621 940
622 645
622 664
622 746
622 786
622 928
623 692
623 726
623 744
623 773
623 824
623 836
623 855
623 866
624 644
624 649
624 651
624 703
624 717
624 720
624 745
624 750
624 766
624 772
624 773
624 802
624 826
624 830
624 836
624 849
624 862
624 882
624 946
624 982
624 987
625 659
625 734
625 739
625 863
625 868
625 913
625 926
625 950
626 628
626 638
626 670
626 695
626 708
626 723
626 729
626 766
626 804
626 808
626 819
626 867
626 912
627 628
627 665
627 676
627 703
627 717
627 745
627 746
627 805
627 811
627 818
627 960
628 638
628 643
628 645
628 651
628 665
628 670
628 697
628 708
628 712
628 791
628 819
628 823
628 841
628 848
628 858
628 905
629 651
629 654
629 684
629 762
629 814
629 889
629 1000
630 641
630 670
630 671
630 709
630 739
630 805
630 806
630 844
630 863
630 874
630 878
630 891
630 898
630 975
630 988
631 642
631 677
631 792
632 783
632 819
632 859
632 885
633 636
633 638
633 721
633 782
633 783
633 869
633 908
633 953
633 954
633 957
633 963
633 975
633 985
634 671
634 778
634 889
634 892
634 895
634 963
634 975
635 643
635 665
635 695
635 708
635 738
635 774
635 791
635 798
635 948
635 963
635 994
636 675
636 687
636 699
636 841
636 850
636 853
636 854
636 858
636 866
636 872
636 926
636 940
636 944
636 962
636 984
637 757
637 837
637 944
637 946
637 962
637 988
638 643
638 665
638 723
638 728
638 739
638 745
638 775
638 841
638 843
638 858
638 871
638 898
638 917
639 650
639 712
639 773
639 775
639 794
639 921
639 944
639 948
639 962
639 976
639 977
639 998
640 727
640 735
640 757
640 851
640 970
641 656
641 670
641 737
641 758
641 773
641 794
641 859
641 874
641 877
641 898
641 919
641 920
641 932
641 940
641 951
641 962
642 644
642 659
642 664
642 714
642 766
642 767
642 773
642 818
642 823
642 873
642 931
642 943
643 700
643 715
643 796
643 801
643 904
643 956
643 963
643 987
644 680
644 693
644 713
644 735
644 814
644 920
644 995
645 663
645 665
645 667
645 692
645 695
645 703
645 723
645 731
645 775
645 791
645 800
645 819
645 849
645 854
645 885
645 895
645 902
645 908
645 994
646 745
646 758
646 792
646 936
646 957
646 992
646 997
647 653
647 660
647 690
647 705
647 722
647 761
647 804
647 836
647 860
647 870
647 881
647 895
647 898
647 955
647 960
647 975
648 650
648 670
648 751
648 769
648 777
648 841
648 898
648 926
648 931
648 944
648 973
648 983
649 693
649 711
649 718
649 724
649 778
649 794
649 809
649 812
649 855
649 861
650 691
650 702
650 717
650 729
650 742
650 744
650 783
650 803
650 808
650 819
650 822
650 848
650 866
650 874
650 891
650 899
650 905
650 914
650 916
650 940
650 962
650 968
650 973
650 979
651 683
651 804
651 812
651 834
651 861
651 898
651 923
651 938
651 975
652 666
652 693
652 766
652 789
652 858
652 861
652 955
653 849
653 876
653 931
653 968
654 655
654 752
654 861
655 710
655 718
655 776
655 807
655 864
655 898
656 687
656 763
656 821
656 859
656 860
656 892
657 680
657 752
657 789
657 855
657 895
657 958
657 998
658 685
658 727
658 744
658 778
658 786
658 824
658 839
658 942
658 945
658 960
659 688
659 724
659 827
659 848
659 850
659 866
659 975
660 665
660 695
660 716
660 749
660 877
660 947
660 993
661 782
661 786
661 788
661 793
661 834
661 836
661 848
661 868
661 894
661 923
661 939
661 977
662 825
662 839
662 961
662 998
663 685
663 715
663 751
663 760
663 973
663 995
664 680
664 750
664 934
664 941
665 734
665 775
665 800
665 847
665 859
665 867
665 908
665 917
665 946
665 962
665 993
666 700
666 733
666 772
666 812
666 865
666 874
666 978
667 724
667 734
667 750
667 788
667 819
667 960
668 691
668 701
668 730
668 741
668 763
668 810
668 866
668 884
668 892
668 923
668 998
669 685
669 719
669 724
669 821
669 887
669 958
669 975
669 988
670 695
670 721
670 861
670 867
671 707
671 760
671 773
671 780
671 841
671 860
671 871
671 898
671 991
672 697
672 737
672 780
672 811
672 818
672 971
672 994
673 695
673 745
673 778
673 844
673 888
673 990
674 738
674 940
674 966
675 681
675 716
675 766
675 844
675 858
675 919
675 929
675 943
676 680
676 729
676 968
677 684
677 704
677 721
677 743
677 744
677 752
677 783
677 825
677 839
677 856
677 857
677 950
677 954
677 971
677 999
678 708
678 760
678 765
678 890
678 942
678 977
679 682
679 706
679 759
679 891
679 947
680 685
680 840
680 841
680 979
680 996
681 741
681 758
681 832
681 872
681 905
681 995
682 726
682 737
682 862
682 863
682 873
682 894
682 950
682 997
683 768
683 784
683 803
683 879
683 919
683 990
684 685
684 778
684 788
684 854
684 917
684 950
685 686
685 707
685 759
685 778
685 787
685 798
685 967
685 971
686 710
686 754
686 772
686 800
686 807
686 828
686 905
686 908
687 773
687 794
687 808
687 832
687 866
687 874
687 898
688 752
688 793
688 821
688 845
688 907
688 969
688 975
689 699
689 728
689 739
689 745
689 768
689 781
689 782
689 808
689 812
689 821
689 826
689 869
689 873
689 879
689 893
689 935
689 940
689 982
689 997
690 711
690 732
690 762
690 766
690 784
690 785
690 816
690 836
690 907
690 910
691 712
691 719
691 739
691 756
691 777
691 779
691 794
691 812
691 822
691 962
691 973
692 783
692 836
692 871
692 914
692 943
693 748
693 759
693 766
693 772
693 850
693 895
693 933
693 944
693 955
694 833
694 883
695 718
695 739
695 744
695 757
695 764
695 796
695 798
695 802
695 806
695 841
695 852
695 858
695 867
695 937
695 998
696 725
696 790
696 835
697 786
697 788
697 798
697 934
697 953
697 974
698 722
698 771
698 794
698 833
698 841
698 886
698 919
698 928
698 945
698 962
698 968
698 984
698 990
699 767
699 768
699 831
699 837
699 854
699 938
699 940
699 943
700 761
700 834
700 836
700 850
700 970
701 729
701 737
701 741
701 761
701 774
701 816
701 836
701 859
701 895
701 899
701 955
701 974
702 766
702 949
702 995
702 997
703 900
703 998
704 778
704 812
704 871
704 950
704 976
705 706
705 729
705 733
705 753
705 784
705 785
705 804
705 842
705 857
705 860
705 865
705 871
705 876
705 879
705 921
705 948
705 955
706 883
706 897
706 962
706 963
706 978
707 708
707 717
707 719
707 722
707 728
707 744
707 782
707 787
707 817
707 944
708 729
708 769
708 775
708 782
708 805
708 858
708 905
709 763
709 774
709 782
709 812
709 813
709 860
709 946
710 752
710 778
710 786
710 787
710 877
711 794
711 806
711 921
711 944
712 741
712 836
712 841
712 866
712 877
712 894
712 962
712 994
712 998
713 808
713 826
713 957
714 747
714 869
714 892
715 718
715 724
715 744
715 747
715 968
715 983
716 717
716 799
716 835
716 841
716 939
717 719
717 783
717 792
717 793
717 804
717 839
717 965
717 988
718 787
718 794
718 819
718 855
718 902
718 914
718 916
718 987
719 735
719 765
719 789
719 836
719 902
719 908
719 934
719 950
720 757
720 771
720 896
720 960
721 749
721 806
721 826
721 833
721 860
721 910
721 926
721 969
722 771
722 781
722 795
722 856
722 879
722 904
722 918
722 923
722 928
722 958
722 963
722 975
722 988
722 989
723 796
723 811
723 845
723 858
723 955
724 726
724 771
724 792
724 844
724 876
724 887
724 922
724 935
724 963
724 975
725 742
725 746
725 765
725 766
725 785
725 804
725 910
725 955
725 986
725 996
726 733
726 749
726 771
726 959
727 757
727 775
727 861
727 967
728 792
728 825
728 934
729 777
729 859
729 866
729 898
729 927
729 934
729 988
730 824
730 853
730 897
730 924
730 965
731 749
731 843
731 963
731 990
732 793
732 821
732 885
732 908
732 924
732 941
732 961
733 749
733 882
733 980
733 987
734 785
734 820
734 834
734 884
734 887
734 925
735 786
735 862
735 867
735 902
735 920
735 922
735 958
735 964
736 739
736 740
736 827
736 868
736 932
737 749
737 750
737 774
737 779
737 790
737 861
737 958
738 794
738 910
739 742
739 748
739 766
739 767
739 794
739 808
739 813
739 822
739 838
739 859
739 885
739 905
739 914
739 925
739 932
739 936
739 955
739 963
739 979
740 817
740 870
740 875
740 894
741 742
741 763
741 785
741 808
741 813
741 841
741 843
741 859
741 866
741 885
741 935
741 968
742 773
742 866
742 884
742 943
742 962
742 972
742 976
742 983
743 790
743 839
743 848
743 972
743 977
744 754
744 778
744 787
744 792
744 811
744 857
744 897
744 907
744 933
744 934
744 954
745 749
745 812
745 821
745 839
745 840
745 861
745 862
745 889
745 894
745 929
745 957
745 964
745 997
746 782
746 823
746 851
747 824
747 837
747 883
747 915
748 771
748 819
748 850
749 811
749 848
749 867
749 879
749 904
749 908
749 930
749 932
749 948
749 975
749 976
749 995
750 782
750 833
750 848
750 851
750 865
750 869
750 972
751 752
751 797
751 803
751 863
751 929
751 970
752 783
752 801
752 825
752 853
752 863
752 884
752 886
752 888
752 889
752 929
752 949
752 970
753 802
753 815
753 820
753 832
753 855
753 881
753 901
753 914
753 915
753 965
753 992
754 990
755 774
755 801
755 822
755 893
755 908
755 923
755 931
755 971
756 760
756 801
756 805
756 846
756 888
756 894
756 969
757 905
757 957
758 778
758 822
758 859
758 880
758 896
758 919
758 944
758 955
759 760
759 797
759 853
759 886
759 910
759 923
759 934
760 797
760 801
760 825
760 859
760 878
760 886
760 953
760 959
760 964
760 994
760 998
761 855
761 876
761 988
762 872
762 889
762 892
763 789
763 836
763 874
763 973
763 975
763 982
763 988
764 963
764 970
765 913
765 936
765 970
765 995
766 772
766 782
766 818
766 821
766 861
766 872
766 890
766 893
766 938
766 943
766 948
766 961
766 971
766 981
766 985
766 995
767 773
767 786
767 804
767 805
767 861
767 882
767 893
767 914
767 929
767 938
767 948
768 799
768 852
769 803
769 899
769 968
770 816
770 834
770 888
770 973
771 790
771 793
771 827
771 839
771 844
771 880
771 950
771 975
771 978
772 821
772 911
772 921
772 922
772 938
772 964
773 777
773 794
773 806
773 845
773 850
773 866
773 882
773 886
773 891
773 902
773 925
773 926
773 934
773 968
773 974
773 979
774 813
774 858
774 898
774 923
774 932
774 944
774 962
775 788
775 875
775 910
775 912
775 982
775 992
776 811
776 820
776 844
776 859
777 822
777 898
778 789
778 791
778 798
778 802
778 815
778 833
778 849
778 941
778 946
778 948
778 954
779 787
779 822
779 839
779 878
780 794
780 852
780 859
780 940
780 950
780 952
780 982
780 989
781 809
782 803
782 811
782 926
782 929
782 967
783 787
783 790
783 840
783 846
783 952
783 999
784 786
784 790
784 800
784 803
784 810
784 823
784 832
784 836
784 855
784 864
784 874
784 965
785 800
785 820
785 855
785 856
785 895
785 914
785 920
785 921
785 944
785 946
785 948
785 965
785 984
785 985
785 992
785 997
786 844
786 861
786 862
786 865
786 893
786 943
787 815
787 817
787 849
787 883
787 908
787 930
787 934
787 938
787 950
787 974
788 858
788 946
789 819
789 832
789 844
789 976
789 988
790 793
790 827
790 879
790 895
790 917
790 939
790 958
790 1000
791 808
791 843
791 916
792 806
792 812
792 817
792 839
792 851
792 875
792 966
793 811
793 844
793 932
793 976
793 978
794 813
794 822
794 828
794 873
794 885
794 886
794 897
794 898
794 916
794 919
794 944
794 968
794 984
794 988
795 855
795 866
795 932
796 834
796 843
796 858
796 870
796 879
797 801
797 803
797 824
797 855
797 868
797 883
797 973
797 980
798 816
798 859
799 805
799 833
799 889
799 939
800 803
800 855
800 879
800 910
800 911
800 933
801 823
801 926
801 936
801 972
802 814
802 816
802 845
802 858
802 921
802 929
802 969
802 997
803 824
803 853
803 867
803 884
803 908
803 910
803 923
803 926
803 930
803 984
803 998
804 835
804 836
804 980
804 987
805 848
806 842
806 850
806 859
806 869
806 905
806 932
806 944
806 984
807 823
807 859
807 898
807 959
807 985
808 910
808 956
809 838
809 864
809 872
809 943
809 960
810 824
810 850
810 861
810 924
810 952
810 988
811 877
811 895
811 906
812 821
812 861
812 862
812 879
812 890
812 906
812 923
812 943
812 957
812 960
812 987
812 990
813 860
813 868
813 939
813 962
814 859
814 887
814 889
814 934
815 867
815 934
816 890
816 907
816 915
817 950
818 820
818 884
818 898
818 903
818 927
818 931
818 938
818 958
818 1000
819 912
819 953
820 895
820 939
820 977
821 854
821 862
821 871
821 915
821 932
821 938
821 957
821 997
822 841
822 919
822 955
823 871
823 917
823 951
823 959
823 964
824 853
824 878
824 883
824 884
824 889
824 976
824 986
825 889
825 958
825 998
826 836
826 969
826 998
827 836
827 920
827 924
829 927
829 934
830 861
830 895
830 898
830 913
831 939
832 980
833 835
833 869
833 939
834 854
834 856
834 919
834 954
834 994
835 900
835 939
836 845
836 864
836 880
836 881
836 910
836 922
837 855
837 859
837 917
837 1000
838 841
838 863
838 875
838 920
839 950
840 859
840 947
840 981
841 842
841 876
841 931
841 940
841 952
841 968
841 972
841 976
842 937
842 997
843 874
843 913
844 866
844 952
845 943
845 986
845 996
846 849
846 944
846 955
846 972
847 852
847 860
847 876
847 908
847 926
847 976
847 980
848 866
848 887
848 894
848 897
848 977
848 978
848 988
848 990
849 960
850 862
850 914
850 960
851 894
851 937
852 917
852 996
852 998
853 888
853 923
854 953
854 957
854 962
854 980
854 987
855 856
855 868
855 876
855 895
855 921
855 924
855 948
855 965
855 996
856 954
857 950
858 867
858 870
858 876
858 883
858 912
858 916
858 958
858 961
858 986
858 994
858 999
859 870
859 885
859 911
859 932
859 936
859 940
859 944
859 971
859 979
860 876
860 889
860 907
860 910
860 914
860 918
860 933
861 912
861 943
861 948
861 961
861 982
861 987
861 997
862 906
862 920
862 937
862 981
862 990
863 954
864 914
865 877
865 908
865 910
866 903
866 944
866 945
866 953
866 960
867 919
867 939
867 996
868 910
868 959
868 972
868 981
869 875
869 965
870 902
870 903
871 920
871 971
872 877
872 896
872 923
872 963
873 997
874 898
874 909
874 940
874 983
875 906
875 947
876 890
876 907
876 914
876 967
877 907
877 928
877 961
878 923
878 937
878 938
878 982
879 919
879 928
879 963
879 967
879 975
880 934
881 898
881 963
881 997
882 904
882 942
883 889
883 921
883 923
883 924
883 981
883 983
883 998
884 923
884 938
884 949
884 975
884 977
885 899
885 905
886 942
886 955
887 894
887 908
887 928
887 930
887 935
888 903
888 910
888 921
888 953
889 900
889 967
889 975
890 916
890 942
890 950
890 993
891 944
891 979
891 983
892 991
893 906
893 939
893 943
894 943
894 958
894 1000
895 948
895 975
895 981
895 986
895 996
896 960
897 978
898 899
898 928
898 932
898 936
898 944
898 945
898 984
899 941
899 944
899 957
899 976
900 997
901 910
901 911
901 975
903 969
905 988
905 1000
906 963
906 992
908 953
908 971
909 947
909 950
909 980
909 981
909 983
909 997
910 921
910 939
910 999
911 950
913 937
913 944
913 991
914 950
914 959
914 985
915 921
918 955
918 992
918 997
919 933
919 988
920 943
920 996
923 936
923 953
923 969
923 980
926 943
926 970
926 991
926 1000
927 961
928 933
928 942
929 997
931 943
931 947
931 989
932 946
932 976
932 997
933 941
934 952
935 975
936 944
936 952
936 992
938 943
938 961
938 990
938 997
939 953
939 959
939 989
941 969
942 993
943 961
943 971
943 987
943 990
943 995
944 976
944 987
944 999
945 988
945 995
946 975
947 953
948 996
952 969
952 971
953 998
955 963
959 998
960 963
960 1000
961 994
962 984
962 988
963 969
966 976
968 988
968 995
969 988
969 998
970 983
970 988
972 981
975 983
975 992
975 997
977 990
985 992
987 995
988 991
995 997
