# LFR benchmark graph: regime=B mu=0.5 realization=2
# undirected, unweighted; 1-based node ids; each edge listed once.
1 4
1 6
1 32
1 45
1 55
1 62
1 65
1 168
1 170
1 212
1 297
1 361
1 387
1 396
1 404
1 423
1 460
1 489
1 490
1 576
1 609
1 620
1 627
1 649
1 679
1 688
1 766
1 783
1 793
1 795
1 798
1 833
1 849
1 863
1 878
1 879
1 932
1 943
1 952
1 955
1 956
1 966
2 5
2 71
2 105
2 109
2 217
2 256
2 261
2 274
2 277
2 325
2 358
2 421
2 431
2 448
2 525
2 528
2 538
2 565
2 576
2 598
2 605
2 659
2 693
2 705
2 716
2 898
2 907
2 946
3 16
3 44
3 70
3 77
3 124
3 141
3 168
3 192
3 204
3 244
3 305
3 315
3 325
3 409
3 459
3 491
3 514
3 520
3 541
3 546
3 557
3 589
3 600
3 661
3 694
3 698
3 704
3 708
3 717
3 745
3 769
3 789
3 848
3 890
3 911
3 926
3 936
3 959
3 968
4 5
4 110
4 118
4 136
4 208
4 314
4 319
4 337
4 375
4 409
4 410
4 444
4 445
4 481
4 483
4 515
4 541
4 554
4 565
4 577
4 591
4 606
4 665
4 674
4 712
4 745
4 785
4 824
4 833
4 846
4 991
5 18
5 89
5 105
5 139
5 280
5 305
5 322
5 405
5 416
5 457
5 532
5 547
5 564
5 604
5 629
5 666
5 862
5 918
6 40
6 44
6 66
6 153
6 281
6 301
6 322
6 353
6 477
6 872
6 903
6 981
6 982
6 992
7 23
7 122
7 147
7 282
7 283
7 370
7 589
7 607
7 688
7 701
7 746
7 820
7 859
7 861
7 882
7 935
7 979
8 179
8 190
8 196
8 299
8 388
8 457
8 521
8 668
8 685
8 716
8 813
8 841
8 847
8 928
8 955
8 957
8 985
9 13
9 33
9 128
9 135
9 227
9 326
9 339
9 362
9 392
9 437
9 450
9 514
9 602
9 623
9 747
9 768
9 769
9 816
9 851
10 11
10 30
10 69
10 78
10 211
10 219
10 315
10 407
10 562
10 640
10 673
10 675
10 758
10 784
10 796
10 799
10 867
10 908
10 917
11 16
11 87
11 111
11 140
11 190
11 202
11 208
11 211
11 271
11 368
11 395
11 418
11 424
11 516
11 519
11 522
11 546
11 564
11 577
11 585
11 610
11 624
11 648
11 661
11 662
11 687
11 760
11 784
11 823
11 847
11 860
11 916
11 931
11 967
11 989
11 997
12 14
12 163
12 171
12 191
12 255
12 286
12 351
12 372
12 431
12 538
12 676
12 678
12 686
12 689
12 766
12 821
12 865
12 910
12 915
12 948
12 977
13 80
13 94
13 169
13 301
13 323
13 383
13 394
13 395
13 454
13 504
13 507
13 514
13 516
13 532
13 535
13 568
13 616
13 707
13 787
13 835
13 850
13 859
13 910
13 930
13 942
13 992
14 53
14 98
14 171
14 299
14 440
14 558
14 562
14 590
14 622
14 629
14 641
14 650
14 665
14 706
14 761
14 799
14 806
14 826
14 869
14 876
14 892
14 950
14 980
15 50
15 115
15 116
15 148
15 152
15 156
15 197
15 249
15 260
15 266
15 271
15 294
15 408
15 438
15 442
15 462
15 503
15 506
15 514
15 537
15 616
15 617
15 622
15 629
15 635
15 639
15 687
15 706
15 743
15 790
15 806
15 827
15 832
15 838
15 856
15 869
15 892
15 902
15 905
15 910
15 937
15 954
15 956
15 983
15 992
16 29
16 42
16 61
16 67
16 93
16 279
16 413
16 450
16 497
16 507
16 540
16 561
16 563
16 571
16 612
16 694
16 719
16 748
16 780
16 815
16 833
16 853
16 857
16 923
16 986
17 61
17 87
17 94
17 162
17 183
17 282
17 321
17 359
17 377
17 378
17 413
17 467
17 540
17 561
17 565
17 575
17 648
17 710
17 724
17 728
17 763
17 930
18 22
18 53
18 193
18 277
18 297
18 315
18 318
18 322
18 362
18 383
18 500
18 531
18 553
18 604
18 694
18 734
18 747
18 778
18 793
18 811
18 821
18 861
18 889
18 910
18 927
18 930
18 952
18 974
19 25
19 197
19 301
19 354
19 383
19 386
19 427
19 482
19 502
19 600
19 645
19 664
19 748
19 751
19 769
19 802
19 842
19 984
20 60
20 268
20 346
20 393
20 436
20 449
20 491
20 500
20 567
20 774
20 813
20 822
20 983
20 998
21 75
21 156
21 177
21 183
21 200
21 232
21 258
21 297
21 318
21 323
21 334
21 342
21 370
21 473
21 485
21 511
21 517
21 617
21 624
21 644
21 665
21 716
21 775
21 922
21 956
21 966
22 37
22 45
22 69
22 79
22 95
22 103
22 132
22 170
22 174
22 176
22 206
22 227
22 256
22 261
22 324
22 364
22 369
22 428
22 432
22 436
22 473
22 483
22 497
22 505
22 522
22 528
22 603
22 615
22 632
22 709
22 793
22 809
22 813
22 815
22 849
22 873
22 905
22 908
22 928
22 942
22 943
22 961
22 980
22 982
22 984
23 27
23 34
23 66
23 126
23 147
23 161
23 282
23 412
23 432
23 591
23 624
23 653
23 688
23 772
23 790
23 806
23 820
23 828
23 850
23 858
23 906
23 910
23 922
23 925
23 930
23 940
23 947
23 958
23 960
23 985
24 84
24 159
24 197
24 222
24 239
24 298
24 332
24 362
24 377
24 381
24 414
24 427
24 443
24 454
24 522
24 562
24 583
24 585
24 589
24 598
24 635
24 647
24 662
24 692
24 720
24 736
24 774
24 779
24 786
24 821
24 851
24 877
24 896
24 897
24 936
24 981
24 997
24 998
25 261
25 376
25 401
25 422
25 436
25 454
25 486
25 500
25 571
25 769
25 901
25 921
25 925
25 926
26 149
26 180
26 209
26 223
26 304
26 426
26 443
26 491
26 500
26 529
26 541
26 556
26 612
26 649
26 688
26 707
26 712
26 744
26 771
26 786
26 796
26 804
26 807
26 890
26 907
27 52
27 67
27 169
27 274
27 292
27 325
27 401
27 409
27 434
27 563
27 577
27 625
27 666
27 840
27 881
27 918
27 940
27 948
28 89
28 107
28 109
28 253
28 276
28 300
28 375
28 394
28 408
28 480
28 524
28 550
28 617
28 715
28 808
28 882
28 890
28 918
29 43
29 229
29 267
29 307
29 380
29 441
29 646
29 652
29 655
29 672
29 694
29 712
29 720
29 810
29 882
29 896
29 897
29 911
29 931
30 131
30 213
30 283
30 289
30 378
30 406
30 451
30 520
30 541
30 591
30 599
30 600
30 686
30 799
30 829
30 848
30 851
30 871
30 946
31 86
31 152
31 165
31 343
31 486
31 592
31 594
31 664
31 831
31 876
31 913
31 943
31 984
32 80
32 86
32 107
32 131
32 139
32 141
32 158
32 255
32 267
32 268
32 304
32 310
32 483
32 675
32 684
32 713
32 790
32 888
32 919
32 925
33 41
33 182
33 261
33 263
33 270
33 322
33 339
33 402
33 450
33 652
33 681
33 686
33 700
33 714
33 818
33 851
33 852
33 877
34 66
34 76
34 97
34 161
34 283
34 361
34 386
34 387
34 412
34 504
34 564
34 678
34 782
34 786
34 865
34 883
34 927
34 940
34 980
35 55
35 71
35 80
35 192
35 280
35 281
35 409
35 470
35 494
35 505
35 508
35 542
35 578
35 626
35 756
35 834
36 54
36 111
36 141
36 158
36 259
36 270
36 351
36 362
36 379
36 386
36 424
36 447
36 450
36 480
36 504
36 526
36 536
36 537
36 572
36 617
36 710
36 748
36 888
36 916
36 931
36 979
37 152
37 215
37 220
37 240
37 298
37 324
37 341
37 359
37 397
37 427
37 495
37 542
37 577
37 642
37 739
37 745
37 829
37 866
37 870
37 964
38 93
38 229
38 230
38 242
38 257
38 314
38 355
38 435
38 437
38 451
38 452
38 458
38 480
38 552
38 600
38 676
38 677
38 684
38 719
38 722
38 764
38 804
38 931
38 943
39 42
39 359
39 361
39 396
39 410
39 525
39 572
39 629
39 697
39 734
39 915
39 931
40 55
40 67
40 143
40 190
40 201
40 249
40 254
40 256
40 284
40 292
40 325
40 373
40 477
40 486
40 550
40 627
40 652
40 665
40 710
40 758
40 787
40 794
40 831
40 892
40 904
40 925
40 943
41 42
41 117
41 128
41 133
41 136
41 199
41 212
41 229
41 297
41 354
41 368
41 375
41 398
41 405
41 410
41 438
41 442
41 456
41 473
41 505
41 548
41 577
41 635
41 652
41 690
41 699
41 789
41 799
41 848
41 849
41 913
41 922
41 948
41 952
41 971
42 173
42 247
42 308
42 381
42 414
42 493
42 537
42 577
42 669
42 678
42 690
42 698
42 727
42 761
42 789
42 812
42 815
42 883
42 991
43 58
43 92
43 133
43 145
43 159
43 167
43 190
43 239
43 273
43 296
43 317
43 352
43 353
43 365
43 375
43 399
43 414
43 437
43 439
43 462
43 535
43 556
43 581
43 586
43 591
43 619
43 636
43 662
43 668
43 674
43 684
43 689
43 692
43 724
43 736
43 746
43 756
43 760
43 769
43 774
43 781
43 786
43 804
43 817
43 827
43 831
43 851
43 860
43 864
43 895
43 925
43 932
43 948
43 961
43 978
44 54
44 160
44 282
44 306
44 391
44 487
44 519
44 521
44 525
44 607
44 663
44 699
44 747
44 774
44 805
44 897
44 901
44 908
44 946
44 948
44 956
44 970
44 983
45 129
45 175
45 182
45 198
45 206
45 281
45 324
45 337
45 358
45 409
45 410
45 432
45 575
45 646
45 651
45 664
45 682
45 691
45 693
45 727
45 800
45 812
45 827
45 849
45 873
45 901
45 926
45 936
45 961
45 984
46 52
46 67
46 110
46 188
46 264
46 366
46 377
46 415
46 424
46 459
46 550
46 569
46 622
46 735
46 748
46 772
46 804
46 925
46 941
46 981
47 117
47 121
47 131
47 146
47 172
47 173
47 255
47 381
47 485
47 563
47 633
47 652
47 664
47 686
47 697
47 705
47 739
47 780
47 819
47 925
48 73
48 167
48 193
48 278
48 296
48 313
48 332
48 370
48 389
48 460
48 494
48 532
48 552
48 598
48 675
48 722
48 809
48 903
48 923
49 175
49 178
49 193
49 220
49 222
49 300
49 486
49 501
49 535
49 614
49 621
49 627
49 723
49 728
49 831
49 904
49 929
50 121
50 122
50 251
50 271
50 321
50 376
50 453
50 545
50 667
50 768
50 890
50 897
51 52
51 105
51 140
51 170
51 197
51 243
51 278
51 294
51 313
51 317
51 323
51 370
51 462
51 566
51 576
51 637
51 642
51 709
51 743
51 747
51 755
51 789
51 828
52 67
52 71
52 149
52 166
52 278
52 280
52 300
52 390
52 411
52 423
52 449
52 473
52 550
52 563
52 613
52 627
52 635
52 672
52 680
52 754
52 798
52 828
52 881
52 899
52 925
52 948
53 61
53 107
53 121
53 171
53 180
53 202
53 304
53 308
53 342
53 367
53 379
53 380
53 405
53 419
53 484
53 524
53 530
53 618
53 624
53 685
53 831
53 844
53 869
53 946
53 963
53 985
54 78
54 85
54 86
54 89
54 163
54 217
54 223
54 245
54 292
54 297
54 367
54 401
54 413
54 420
54 577
54 660
54 665
54 694
54 703
54 738
54 765
54 815
54 826
54 852
54 912
55 78
55 132
55 147
55 170
55 183
55 189
55 203
55 269
55 281
55 286
55 328
55 333
55 389
55 400
55 404
55 410
55 414
55 475
55 483
55 527
55 539
55 551
55 611
55 629
55 681
55 839
55 875
55 879
55 949
56 71
56 106
56 166
56 281
56 323
56 355
56 411
56 416
56 426
56 449
56 532
56 550
56 554
56 584
56 614
56 673
56 699
56 765
56 783
56 794
56 834
56 839
56 960
56 963
56 967
57 67
57 71
57 95
57 102
57 288
57 292
57 296
57 344
57 437
57 449
57 550
57 563
57 590
57 611
57 631
57 671
57 705
57 758
57 794
57 852
58 136
58 144
58 232
58 257
58 279
58 314
58 334
58 343
58 370
58 373
58 377
58 427
58 442
58 560
58 581
58 598
58 695
58 736
58 809
58 815
58 851
58 877
58 897
58 978
59 71
59 88
59 144
59 337
59 441
59 521
59 563
59 567
59 601
59 715
59 756
59 842
59 848
59 865
59 953
59 955
60 99
60 117
60 203
60 206
60 215
60 230
60 298
60 337
60 347
60 387
60 402
60 411
60 449
60 490
60 514
60 623
60 661
60 668
60 699
60 726
60 743
60 789
60 883
60 886
60 894
60 916
60 985
61 107
61 109
61 171
61 180
61 202
61 314
61 524
61 532
61 533
61 544
61 582
61 613
61 632
61 641
61 666
61 711
61 733
61 806
61 832
61 851
61 858
61 859
61 897
61 921
61 975
61 976
62 71
62 98
62 104
62 143
62 171
62 200
62 253
62 254
62 288
62 294
62 305
62 326
62 364
62 375
62 378
62 402
62 452
62 482
62 556
62 616
62 626
62 692
62 715
62 775
62 785
62 809
62 813
62 859
62 877
62 898
62 918
62 926
62 962
62 966
63 89
63 93
63 128
63 133
63 146
63 171
63 190
63 225
63 232
63 283
63 284
63 287
63 315
63 337
63 341
63 409
63 413
63 435
63 436
63 453
63 456
63 469
63 471
63 480
63 488
63 504
63 508
63 531
63 537
63 606
63 615
63 623
63 646
63 652
63 655
63 694
63 706
63 710
63 726
63 742
63 746
63 748
63 763
63 779
63 795
63 808
63 885
63 893
63 922
63 930
63 931
63 954
63 984
64 67
64 102
64 107
64 126
64 151
64 174
64 189
64 197
64 221
64 238
64 272
64 309
64 315
64 321
64 389
64 398
64 478
64 489
64 495
64 520
64 525
64 565
64 580
64 587
64 651
64 664
64 691
64 692
64 721
64 725
64 757
64 781
64 857
64 912
65 91
65 139
65 157
65 177
65 234
65 298
65 480
65 647
65 724
65 940
65 946
66 96
66 137
66 161
66 177
66 207
66 222
66 412
66 488
66 497
66 525
66 564
66 570
66 732
66 755
66 768
66 820
66 834
66 850
66 857
66 861
66 912
66 916
66 918
66 920
66 994
67 77
67 112
67 148
67 166
67 227
67 233
67 271
67 275
67 292
67 300
67 304
67 363
67 380
67 407
67 440
67 449
67 486
67 509
67 532
67 536
67 550
67 560
67 563
67 568
67 633
67 634
67 640
67 654
67 678
67 686
67 690
67 790
67 793
67 798
67 801
67 815
67 817
67 827
67 839
67 840
67 843
67 844
67 855
67 872
67 901
67 925
67 926
67 963
67 984
68 100
68 158
68 228
68 237
68 274
68 317
68 334
68 419
68 455
68 531
68 536
68 543
68 623
68 661
68 802
68 826
68 887
68 902
68 904
68 991
69 79
69 140
69 259
69 339
69 355
69 372
69 391
69 465
69 528
69 538
69 550
69 683
69 900
69 901
69 976
69 984
69 990
70 82
70 132
70 140
70 172
70 181
70 183
70 332
70 400
70 530
70 565
70 598
70 624
70 627
70 825
70 852
70 951
71 88
71 108
71 143
71 208
71 251
71 265
71 271
71 276
71 292
71 300
71 333
71 356
71 372
71 374
71 381
71 394
71 411
71 446
71 449
71 466
71 483
71 544
71 550
71 551
71 563
71 565
71 569
71 576
71 606
71 621
71 632
71 668
71 693
71 718
71 794
71 798
71 833
71 840
71 843
71 950
71 963
72 74
72 83
72 93
72 182
72 203
72 243
72 266
72 327
72 335
72 346
72 347
72 358
72 425
72 496
72 519
72 521
72 531
72 548
72 623
72 695
72 751
72 774
72 777
72 825
72 828
72 945
72 947
72 970
73 87
73 100
73 161
73 292
73 373
73 442
73 471
73 483
73 529
73 530
73 549
73 552
73 675
73 741
73 795
73 808
73 809
73 825
73 836
73 849
73 868
73 892
73 949
73 965
74 159
74 169
74 198
74 235
74 237
74 242
74 271
74 284
74 306
74 312
74 333
74 339
74 374
74 375
74 398
74 415
74 416
74 422
74 447
74 450
74 481
74 514
74 518
74 536
74 542
74 624
74 639
74 666
74 711
74 748
74 753
74 758
74 764
74 769
74 785
74 794
74 885
74 892
74 900
74 923
74 931
74 937
74 941
74 960
74 997
75 111
75 133
75 288
75 413
75 468
75 592
75 615
75 711
75 751
75 895
75 921
75 946
75 973
76 119
76 241
76 279
76 304
76 332
76 365
76 450
76 456
76 536
76 568
76 592
76 595
76 631
76 640
76 737
76 815
76 877
76 892
77 105
77 160
77 195
77 314
77 501
77 550
77 563
77 683
77 727
77 794
77 840
77 842
77 925
78 84
78 131
78 140
78 143
78 167
78 222
78 265
78 287
78 351
78 374
78 421
78 499
78 549
78 566
78 574
78 576
78 640
78 642
78 675
78 686
78 724
78 726
78 887
78 897
78 926
78 956
79 87
79 176
79 197
79 206
79 264
79 271
79 315
79 333
79 351
79 357
79 407
79 409
79 413
79 432
79 465
79 502
79 539
79 570
79 691
79 720
79 741
79 748
79 775
79 835
79 852
79 961
79 979
80 120
80 155
80 229
80 328
80 383
80 444
80 479
80 486
80 614
80 628
80 640
80 654
80 656
80 680
80 797
80 807
80 896
80 923
80 930
80 961
81 85
81 105
81 123
81 126
81 164
81 193
81 197
81 309
81 339
81 343
81 364
81 397
81 407
81 434
81 465
81 491
81 683
81 713
81 732
81 787
81 840
81 884
81 887
81 895
81 921
81 941
82 131
82 184
82 193
82 288
82 377
82 394
82 402
82 529
82 608
82 699
82 734
82 747
82 782
82 796
82 859
82 920
83 100
83 144
83 159
83 170
83 238
83 357
83 383
83 421
83 442
83 571
83 606
83 617
83 629
83 645
83 649
83 744
83 815
83 853
83 950
83 969
84 89
84 99
84 105
84 131
84 154
84 306
84 308
84 360
84 364
84 421
84 453
84 501
84 503
84 586
84 642
84 659
84 788
84 791
84 822
84 823
84 848
84 877
84 993
85 164
85 177
85 196
85 296
85 326
85 364
85 391
85 400
85 468
85 538
85 540
85 560
85 619
85 624
85 677
85 698
85 713
85 715
85 722
85 723
85 825
85 831
85 861
85 896
86 136
86 207
86 210
86 217
86 225
86 229
86 238
86 252
86 277
86 357
86 370
86 385
86 395
86 398
86 406
86 416
86 427
86 515
86 522
86 549
86 580
86 587
86 592
86 593
86 602
86 610
86 651
86 664
86 679
86 680
86 698
86 711
86 770
86 778
86 795
86 835
86 856
86 901
86 902
86 912
86 915
86 931
86 934
86 940
86 994
87 110
87 224
87 267
87 444
87 452
87 517
87 526
87 668
87 686
87 758
87 784
87 841
87 905
87 917
87 958
87 974
88 102
88 144
88 184
88 407
88 493
88 555
88 556
88 662
88 686
88 740
88 868
89 127
89 132
89 154
89 197
89 216
89 217
89 231
89 278
89 280
89 284
89 298
89 316
89 338
89 350
89 359
89 379
89 434
89 441
89 461
89 523
89 549
89 557
89 565
89 626
89 665
89 669
89 679
89 693
89 788
89 848
89 880
89 882
89 948
89 971
89 993
90 109
90 220
90 232
90 313
90 356
90 373
90 383
90 416
90 482
90 491
90 515
90 621
90 671
90 733
90 841
90 899
91 161
91 167
91 197
91 206
91 222
91 346
91 355
91 472
91 660
91 715
91 758
91 762
91 784
91 796
91 863
91 909
91 917
92 105
92 126
92 135
92 145
92 203
92 219
92 239
92 284
92 314
92 357
92 359
92 390
92 407
92 463
92 514
92 545
92 555
92 558
92 593
92 736
92 774
92 982
93 182
93 193
93 194
93 317
93 424
93 576
93 629
93 704
93 758
93 784
93 839
93 847
93 902
93 941
93 954
93 958
94 110
94 113
94 136
94 146
94 158
94 184
94 193
94 329
94 339
94 485
94 540
94 614
94 620
94 633
94 643
94 650
94 789
94 837
94 840
94 859
95 132
95 284
95 436
95 469
95 493
95 512
95 570
95 605
95 691
95 765
95 776
95 796
95 871
95 901
95 910
95 946
95 974
95 996
96 128
96 215
96 275
96 428
96 430
96 452
96 483
96 506
96 612
96 732
96 832
96 858
96 996
97 103
97 119
97 150
97 167
97 173
97 174
97 184
97 202
97 217
97 293
97 296
97 330
97 332
97 354
97 426
97 459
97 486
97 491
97 494
97 529
97 552
97 626
97 664
97 696
97 704
97 712
97 718
97 741
97 775
97 809
97 820
97 854
97 897
97 926
97 934
98 124
98 191
98 205
98 221
98 326
98 337
98 541
98 566
98 578
98 582
98 589
98 642
98 694
98 720
98 799
98 915
98 930
98 988
99 105
99 111
99 219
99 256
99 278
99 322
99 406
99 421
99 427
99 447
99 488
99 497
99 565
99 574
99 576
99 593
99 640
99 671
99 711
99 860
99 942
99 959
99 964
100 103
100 116
100 130
100 173
100 191
100 202
100 249
100 320
100 321
100 343
100 358
100 364
100 398
100 401
100 432
100 434
100 442
100 481
100 502
100 511
100 517
100 520
100 540
100 554
100 571
100 581
100 612
100 642
100 646
100 648
100 668
100 675
100 705
100 712
100 724
100 744
100 755
100 796
100 851
100 859
100 861
100 896
100 904
100 927
100 935
100 948
100 969
100 982
101 105
101 132
101 171
101 175
101 217
101 305
101 409
101 425
101 474
101 526
101 571
101 584
101 600
101 676
101 684
101 734
101 752
101 761
101 843
101 849
101 878
101 880
101 912
101 935
101 979
102 252
102 276
102 327
102 422
102 431
102 578
102 596
102 694
102 852
102 892
102 911
102 955
103 282
103 291
103 369
103 381
103 445
103 462
103 489
103 501
103 605
103 649
103 715
103 729
103 753
103 758
103 767
103 781
103 787
103 848
103 968
104 132
104 150
104 155
104 215
104 288
104 309
104 328
104 330
104 343
104 348
104 416
104 432
104 442
104 481
104 482
104 486
104 612
104 652
104 670
104 720
104 744
104 840
104 850
104 884
104 969
104 981
104 1000
105 140
105 162
105 172
105 191
105 198
105 218
105 278
105 280
105 292
105 294
105 340
105 351
105 360
105 374
105 383
105 421
105 441
105 484
105 501
105 518
105 533
105 535
105 566
105 576
105 579
105 583
105 586
105 599
105 610
105 675
105 698
105 705
105 782
105 813
105 815
105 844
105 894
105 907
105 924
106 161
106 313
106 381
106 383
106 414
106 425
106 464
106 483
106 549
106 877
106 909
106 998
107 134
107 158
107 161
107 166
107 171
107 178
107 196
107 202
107 283
107 304
107 384
107 459
107 470
107 524
107 641
107 667
107 685
107 727
107 735
107 741
107 745
107 764
107 784
107 805
107 853
107 941
107 959
108 120
108 137
108 141
108 159
108 209
108 214
108 357
108 480
108 532
108 564
108 570
108 576
108 703
108 769
108 775
108 881
108 886
108 948
109 133
109 182
109 213
109 272
109 284
109 432
109 515
109 709
109 883
109 931
109 961
109 980
110 143
110 339
110 476
110 493
110 509
110 538
110 689
110 809
110 810
110 885
110 899
110 962
110 973
110 976
110 984
111 178
111 228
111 232
111 272
111 424
111 607
111 662
111 669
111 680
111 715
111 758
111 784
111 805
111 943
111 1000
112 149
112 226
112 237
112 241
112 301
112 353
112 401
112 469
112 548
112 590
112 672
112 722
112 736
112 778
112 784
112 793
112 805
112 826
112 831
112 889
112 899
112 916
112 968
112 978
113 137
113 142
113 156
113 188
113 209
113 214
113 236
113 268
113 273
113 289
113 306
113 359
113 369
113 370
113 372
113 459
113 462
113 560
113 562
113 609
113 637
113 703
113 775
113 790
113 854
113 954
113 972
114 121
114 200
114 206
114 209
114 349
114 465
114 541
114 544
114 548
114 553
114 572
114 586
114 722
114 737
114 759
114 776
114 796
114 867
114 891
114 895
114 900
114 921
114 936
114 941
114 952
114 992
115 121
115 135
115 155
115 208
115 235
115 270
115 271
115 294
115 363
115 500
115 687
115 691
115 799
115 892
115 920
115 941
115 972
116 243
116 291
116 316
116 392
116 534
116 842
116 908
116 1000
117 157
117 285
117 301
117 308
117 311
117 369
117 402
117 428
117 441
117 492
117 502
117 503
117 555
117 557
117 720
117 738
117 741
117 764
117 872
117 903
117 940
117 946
117 987
118 155
118 159
118 220
118 232
118 255
118 271
118 276
118 295
118 321
118 400
118 536
118 562
118 871
118 900
118 906
118 959
119 161
119 173
119 256
119 369
119 458
119 502
119 533
119 645
119 696
119 755
119 760
119 786
119 901
120 182
120 193
120 281
120 288
120 421
120 443
120 509
120 527
120 654
120 744
120 782
120 841
120 910
120 930
121 164
121 392
121 426
121 469
121 544
121 622
121 754
121 809
121 815
121 823
121 876
121 892
121 900
121 926
121 955
121 962
122 184
122 215
122 373
122 375
122 423
122 441
122 447
122 545
122 567
122 585
122 664
122 761
122 786
122 799
122 820
122 831
122 851
122 886
122 897
122 928
122 933
123 158
123 196
123 271
123 273
123 306
123 405
123 408
123 464
123 509
123 536
123 538
123 597
123 642
123 651
123 718
123 874
123 884
123 941
123 952
123 962
124 141
124 170
124 187
124 249
124 267
124 278
124 310
124 313
124 324
124 325
124 376
124 409
124 419
124 480
124 523
124 585
124 591
124 605
124 649
124 694
124 799
124 915
125 149
125 209
125 320
125 331
125 340
125 442
125 480
125 482
125 530
125 583
125 590
125 645
125 653
125 676
125 716
125 732
125 905
125 968
125 982
126 167
126 256
126 432
126 462
126 499
126 594
126 635
126 689
126 710
126 747
126 820
126 845
126 852
127 149
127 171
127 215
127 282
127 331
127 392
127 400
127 402
127 784
127 915
128 153
128 218
128 252
128 258
128 280
128 322
128 345
128 400
128 426
128 471
128 561
128 572
128 592
128 596
128 736
128 773
128 882
128 904
128 926
128 933
128 945
128 967
128 979
129 165
129 213
129 221
129 252
129 259
129 294
129 356
129 369
129 395
129 455
129 489
129 497
129 518
129 562
129 596
129 626
129 706
129 768
129 824
129 840
130 247
130 365
130 372
130 385
130 405
130 442
130 505
130 554
130 648
130 655
130 744
130 836
130 896
130 899
130 920
130 922
130 931
130 935
130 969
130 973
131 180
131 183
131 195
131 197
131 228
131 298
131 303
131 338
131 339
131 358
131 418
131 425
131 462
131 565
131 576
131 603
131 646
131 671
131 789
131 866
131 941
131 964
132 140
132 191
132 272
132 287
132 337
132 432
132 436
132 506
132 540
132 627
132 693
132 712
132 837
132 896
132 917
132 961
132 977
133 153
133 204
133 214
133 256
133 323
133 330
133 493
133 518
133 529
133 583
133 603
133 615
133 779
133 813
133 815
133 841
133 955
133 968
134 139
134 157
134 194
134 209
134 213
134 214
134 246
134 265
134 275
134 297
134 353
134 357
134 359
134 360
134 372
134 398
134 420
134 463
134 475
134 497
134 560
134 564
134 624
134 630
134 636
134 637
134 703
134 727
134 822
134 830
134 846
134 875
134 886
134 984
134 1000
135 137
135 141
135 152
135 156
135 208
135 213
135 214
135 216
135 264
135 268
135 304
135 325
135 331
135 333
135 353
135 360
135 370
135 372
135 376
135 410
135 524
135 561
135 582
135 589
135 594
135 595
135 596
135 605
135 609
135 612
135 617
135 669
135 701
135 716
135 740
135 764
135 806
135 821
135 868
135 875
135 886
135 917
135 924
135 990
135 995
136 177
136 182
136 226
136 268
136 280
136 281
136 365
136 383
136 435
136 566
136 596
136 687
136 751
136 816
136 855
136 917
136 928
137 200
137 211
137 258
137 368
137 380
137 550
137 589
137 591
137 596
137 646
137 654
137 696
137 713
137 716
137 783
137 811
137 830
137 868
137 878
138 173
138 174
138 184
138 234
138 244
138 258
138 296
138 306
138 379
138 398
138 557
138 576
138 592
138 600
138 645
138 656
138 734
138 967
138 973
139 200
139 209
139 286
139 351
139 353
139 370
139 376
139 380
139 383
139 417
139 477
139 558
139 589
139 622
139 643
139 658
139 748
139 758
139 776
139 886
139 905
139 965
139 990
140 162
140 244
140 300
140 355
140 375
140 381
140 462
140 565
140 648
140 651
140 663
140 733
140 767
140 780
140 788
140 789
140 973
141 158
141 188
141 213
141 255
141 256
141 317
141 354
141 373
141 379
141 389
141 393
141 400
141 415
141 436
141 458
141 480
141 497
141 526
141 529
141 541
141 545
141 546
141 560
141 568
141 574
141 591
141 640
141 686
141 697
141 698
141 718
141 725
141 773
141 795
141 848
141 852
141 854
141 870
141 887
141 896
141 911
141 938
141 966
141 985
142 165
142 191
142 221
142 226
142 238
142 248
142 252
142 372
142 432
142 435
142 474
142 537
142 638
142 754
142 769
142 945
142 977
142 978
142 980
142 984
143 170
143 248
143 255
143 292
143 640
143 657
143 681
143 708
143 718
143 719
143 909
143 939
143 982
144 147
144 324
144 352
144 446
144 477
144 484
144 499
144 539
144 568
144 581
144 598
144 724
144 736
144 756
144 774
144 855
144 897
144 914
144 919
144 933
144 936
144 972
145 154
145 280
145 321
145 401
145 434
145 457
145 462
145 526
145 549
145 592
145 598
145 639
145 707
145 724
145 761
145 789
145 820
145 843
145 877
145 897
146 220
146 256
146 278
146 374
146 381
146 484
146 513
146 570
146 586
146 595
146 632
146 727
146 773
146 776
146 781
146 869
147 158
147 161
147 165
147 182
147 234
147 242
147 283
147 302
147 478
147 508
147 551
147 612
147 617
147 624
147 648
147 688
147 713
147 763
147 782
147 802
147 819
147 820
147 850
147 875
147 922
147 958
147 987
147 989
148 195
148 200
148 219
148 240
148 244
148 247
148 249
148 309
148 409
148 463
148 510
148 518
148 536
148 578
148 584
148 614
148 622
148 666
148 729
148 730
148 754
148 772
148 795
148 802
148 845
148 867
148 900
148 923
148 930
148 937
148 941
149 162
149 183
149 201
149 258
149 292
149 358
149 432
149 447
149 567
149 617
149 734
149 799
149 812
149 824
149 915
149 924
149 946
149 949
150 210
150 248
150 270
150 309
150 402
150 410
150 466
150 475
150 503
150 554
150 630
150 665
150 731
150 747
150 784
150 802
150 853
150 947
150 952
151 194
151 261
151 262
151 348
151 415
151 469
151 480
151 496
151 652
151 804
151 894
151 957
151 969
152 248
152 271
152 384
152 417
152 454
152 462
152 470
152 472
152 488
152 682
152 707
152 755
152 761
152 769
153 177
153 223
153 254
153 330
153 343
153 617
153 635
153 650
153 672
153 736
153 769
153 876
153 952
154 197
154 209
154 211
154 220
154 225
154 226
154 291
154 326
154 363
154 381
154 383
154 406
154 438
154 453
154 460
154 486
154 534
154 539
154 566
154 586
154 617
154 673
154 952
155 203
155 271
155 460
155 474
155 510
155 559
155 575
155 666
155 718
155 733
155 737
155 740
155 769
155 834
155 853
155 900
155 970
156 180
156 209
156 264
156 267
156 307
156 360
156 369
156 370
156 372
156 412
156 439
156 550
156 554
156 560
156 570
156 595
156 716
156 803
156 849
156 868
156 884
156 886
156 934
156 956
156 991
157 161
157 225
157 252
157 253
157 271
157 283
157 386
157 439
157 444
157 490
157 539
157 612
157 688
157 775
157 820
157 822
157 892
157 920
157 922
157 969
158 160
158 171
158 191
158 199
158 270
158 292
158 314
158 317
158 326
158 355
158 400
158 403
158 488
158 526
158 578
158 584
158 606
158 643
158 686
158 710
158 720
158 736
158 788
158 796
158 826
158 827
158 840
158 848
158 851
158 896
158 936
158 941
158 951
158 959
158 980
159 313
159 352
159 439
159 483
159 681
159 713
159 724
159 725
159 774
159 851
159 932
159 955
159 977
159 978
159 991
159 993
160 171
160 305
160 354
160 369
160 409
160 449
160 572
160 638
160 643
160 690
160 710
160 759
160 784
160 987
161 173
161 193
161 199
161 232
161 258
161 283
161 284
161 386
161 389
161 399
161 400
161 401
161 420
161 445
161 457
161 472
161 573
161 589
161 604
161 610
161 641
161 664
161 688
161 732
161 743
161 744
161 746
161 773
161 818
161 820
161 830
161 841
161 846
161 850
161 859
161 922
161 925
161 926
161 958
161 960
162 210
162 242
162 500
162 519
162 540
162 659
162 781
162 897
163 177
163 222
163 406
163 512
163 521
163 547
163 577
163 625
163 675
163 700
163 784
163 843
163 871
163 894
163 946
163 982
164 193
164 200
164 246
164 265
164 308
164 331
164 361
164 373
164 389
164 418
164 462
164 474
164 531
164 538
164 608
164 635
164 713
164 779
164 800
164 807
164 829
164 848
164 853
164 904
164 918
164 978
164 979
165 172
165 281
165 344
165 410
165 576
165 609
165 681
165 688
165 716
165 792
165 909
165 929
165 950
166 187
166 193
166 209
166 212
166 237
166 251
166 268
166 292
166 307
166 324
166 370
166 384
166 411
166 423
166 459
166 492
166 500
166 501
166 546
166 550
166 666
166 680
166 774
166 788
166 792
166 834
166 976
166 979
166 993
167 180
167 204
167 226
167 263
167 272
167 317
167 341
167 349
167 384
167 387
167 416
167 430
167 446
167 457
167 465
167 492
167 550
167 580
167 582
167 617
167 638
167 689
167 696
167 707
167 721
167 746
167 752
167 827
167 877
167 912
168 215
168 265
168 322
168 356
168 575
168 665
168 741
168 808
168 915
168 921
168 923
168 955
169 215
169 255
169 259
169 266
169 295
169 311
169 411
169 435
169 453
169 471
169 489
169 528
169 550
169 570
169 583
169 671
169 694
169 703
169 711
169 765
169 913
169 944
169 953
169 991
169 997
170 187
170 215
170 318
170 321
170 370
170 372
170 411
170 442
170 452
170 458
170 474
170 482
170 511
170 517
170 527
170 554
170 569
170 571
170 624
170 686
170 744
170 759
170 810
170 823
170 836
170 845
170 872
170 894
170 925
170 936
170 969
170 979
170 982
170 987
170 990
171 179
171 180
171 195
171 196
171 200
171 202
171 207
171 227
171 229
171 230
171 271
171 285
171 344
171 349
171 370
171 392
171 437
171 489
171 517
171 524
171 574
171 575
171 613
171 623
171 641
171 674
171 685
171 706
171 711
171 788
171 806
171 827
171 889
171 891
171 937
171 942
171 950
171 977
171 983
172 346
172 369
172 381
172 449
172 531
172 565
172 586
172 633
172 657
172 668
172 690
172 702
172 789
172 819
172 856
172 871
172 925
172 964
173 184
173 203
173 271
173 330
173 332
173 343
173 405
173 406
173 429
173 466
173 508
173 551
173 552
173 577
173 586
173 592
173 672
173 682
173 723
173 781
173 808
173 828
173 881
173 909
173 973
174 313
174 347
174 372
174 491
174 509
174 549
174 552
174 554
174 662
174 753
174 808
174 872
175 218
175 270
175 272
175 319
175 349
175 373
175 387
175 406
175 442
175 574
175 600
175 629
175 651
175 682
175 702
175 720
175 778
175 831
175 874
175 934
176 240
176 301
176 313
176 411
176 433
176 442
176 445
176 497
176 519
176 530
176 648
176 717
176 741
176 892
176 905
176 939
176 945
177 208
177 212
177 218
177 281
177 348
177 361
177 444
177 557
177 608
177 615
177 630
177 640
177 691
177 708
177 778
177 791
177 848
177 902
177 912
177 924
177 927
177 946
177 962
177 973
177 975
177 977
178 202
178 223
178 226
178 304
178 349
178 364
178 419
178 432
178 466
178 475
178 613
178 623
178 637
178 685
178 732
178 801
178 880
178 891
178 950
179 191
179 308
179 415
179 471
179 480
179 589
179 606
179 699
179 755
179 784
179 836
179 853
179 909
179 949
179 957
180 206
180 207
180 246
180 260
180 304
180 366
180 412
180 418
180 419
180 493
180 561
180 573
180 613
180 623
180 641
180 685
180 694
180 758
180 798
180 853
180 869
181 254
181 322
181 549
181 627
181 728
181 851
181 907
181 908
181 940
181 948
182 231
182 245
182 255
182 271
182 359
182 392
182 398
182 440
182 483
182 484
182 550
182 565
182 622
182 634
182 655
182 731
182 736
182 797
182 831
182 871
182 878
182 883
182 941
183 184
183 193
183 208
183 220
183 247
183 383
183 394
183 427
183 443
183 486
183 533
183 540
183 567
183 614
183 618
183 640
183 648
183 795
183 834
183 835
183 840
183 923
183 997
184 269
184 280
184 296
184 332
184 431
184 598
184 661
184 692
184 696
184 736
184 808
184 809
184 832
184 938
184 946
185 191
185 278
185 339
185 378
185 471
185 546
185 720
185 762
185 785
185 793
185 808
185 886
185 895
185 940
186 189
186 234
186 304
186 327
186 330
186 338
186 344
186 369
186 457
186 555
186 604
186 720
186 758
186 769
186 886
186 887
186 901
186 958
187 192
187 228
187 275
187 278
187 347
187 352
187 374
187 421
187 498
187 508
187 515
187 549
187 565
187 596
187 626
187 636
187 682
187 695
187 702
187 712
187 781
187 791
187 847
187 885
187 964
187 989
187 993
188 200
188 268
188 294
188 321
188 364
188 391
188 410
188 417
188 433
188 474
188 487
188 544
188 554
188 648
188 744
188 780
189 204
189 213
189 255
189 344
189 355
189 381
189 466
189 513
189 536
189 585
189 623
189 649
189 673
189 684
189 686
189 705
189 804
189 805
189 870
189 879
189 998
190 191
190 227
190 275
190 321
190 323
190 342
190 346
190 378
190 382
190 398
190 410
190 572
190 599
190 608
190 617
190 973
191 230
191 316
191 321
191 325
191 388
191 402
191 404
191 433
191 436
191 456
191 510
191 565
191 615
191 650
191 689
191 720
191 817
191 830
191 837
191 840
191 877
191 883
191 887
191 895
191 897
191 951
191 995
191 997
192 209
192 225
192 287
192 365
192 472
192 502
192 583
192 623
192 711
193 313
193 354
193 382
193 383
193 396
193 413
193 454
193 458
193 512
193 515
193 533
193 535
193 546
193 575
193 580
193 586
193 608
193 631
193 642
193 668
193 689
193 713
193 737
193 738
193 788
193 801
193 807
193 814
193 858
193 892
193 910
193 919
193 942
193 969
193 974
194 200
194 258
194 276
194 287
194 301
194 348
194 359
194 405
194 624
194 627
194 649
194 682
194 687
194 727
194 853
194 889
194 937
194 968
194 985
195 222
195 255
195 271
195 277
195 322
195 331
195 341
195 360
195 473
195 486
195 517
195 558
195 579
195 622
195 656
195 711
195 720
195 729
195 784
195 865
195 877
195 930
196 202
196 298
196 304
196 310
196 330
196 524
196 528
196 573
196 613
196 685
196 728
196 729
196 772
196 895
196 902
196 990
197 279
197 297
197 312
197 322
197 369
197 381
197 532
197 535
197 553
197 659
197 693
197 713
197 789
197 939
197 948
197 951
197 991
197 993
198 278
198 363
198 409
198 546
198 577
198 590
198 644
198 731
198 897
198 981
199 220
199 369
199 448
199 501
199 535
199 570
199 578
199 592
199 604
199 689
199 748
199 818
199 881
199 890
199 895
199 924
199 932
199 951
199 952
199 967
199 984
200 209
200 213
200 256
200 266
200 297
200 359
200 375
200 376
200 380
200 446
200 477
200 542
200 555
200 561
200 564
200 589
200 609
200 612
200 617
200 677
200 689
200 695
200 716
200 751
200 775
200 825
200 886
200 895
200 936
200 941
200 953
200 973
201 219
201 317
201 342
201 410
201 415
201 624
201 750
201 819
201 827
201 957
201 961
201 985
202 215
202 227
202 234
202 250
202 304
202 344
202 349
202 360
202 402
202 414
202 419
202 425
202 445
202 511
202 518
202 545
202 619
202 623
202 641
202 685
202 706
202 711
202 765
202 806
202 807
202 859
202 870
202 888
202 900
202 904
202 917
202 923
202 982
203 299
203 337
203 350
203 370
203 411
203 527
203 536
203 550
203 569
203 578
203 695
203 722
203 748
203 805
203 813
203 832
203 834
203 858
203 862
203 874
203 876
203 947
203 956
203 969
203 984
203 985
204 257
204 307
204 325
204 449
204 494
204 606
204 643
204 649
204 686
204 700
204 752
204 840
204 884
204 915
205 288
205 308
205 358
205 413
205 432
205 437
205 564
205 611
205 642
205 688
205 724
205 730
205 829
205 849
205 882
205 913
206 208
206 270
206 324
206 332
206 368
206 398
206 428
206 432
206 434
206 442
206 528
206 657
206 664
206 758
206 799
206 958
206 980
206 984
207 232
207 255
207 320
207 328
207 349
207 388
207 419
207 641
207 652
207 685
207 701
207 771
207 806
207 808
207 819
207 979
208 240
208 382
208 469
208 507
208 585
208 793
208 801
208 886
209 297
209 353
209 354
209 357
209 359
209 362
209 372
209 411
209 451
209 464
209 469
209 523
209 542
209 558
209 562
209 570
209 574
209 578
209 595
209 624
209 649
209 660
209 692
209 723
209 728
209 814
209 868
209 877
209 886
209 895
210 216
210 222
210 248
210 250
210 292
210 301
210 307
210 342
210 371
210 446
210 543
210 548
210 550
210 564
210 611
210 705
210 726
210 736
210 799
210 812
210 824
210 841
210 853
210 864
210 924
210 986
211 240
211 264
211 273
211 402
211 493
211 519
211 585
211 649
211 715
211 925
212 215
212 249
212 340
212 408
212 467
212 507
212 678
212 725
212 748
212 895
212 942
212 943
212 969
213 218
213 302
213 339
213 348
213 373
213 477
213 570
213 598
213 617
213 624
213 658
213 767
213 775
213 785
213 805
213 847
213 870
214 258
214 264
214 269
214 289
214 353
214 366
214 383
214 408
214 413
214 436
214 570
214 589
214 628
214 651
214 669
214 673
214 680
214 684
214 711
214 748
214 830
214 835
214 876
214 881
214 886
214 942
214 950
214 990
214 999
215 218
215 278
215 284
215 319
215 326
215 335
215 387
215 411
215 432
215 436
215 439
215 453
215 461
215 517
215 522
215 537
215 580
215 584
215 607
215 642
215 648
215 652
215 672
215 692
215 697
215 710
215 742
215 746
215 748
215 750
215 753
215 779
215 780
215 828
215 882
215 894
215 912
215 923
215 928
215 943
215 964
215 991
216 331
216 433
216 436
216 480
216 532
216 620
216 627
216 662
216 720
216 735
216 948
216 995
217 255
217 256
217 280
217 328
217 360
217 404
217 410
217 427
217 439
217 455
217 499
217 502
217 565
217 585
217 604
217 625
217 667
217 679
217 700
217 720
217 758
217 761
217 791
217 880
217 962
218 219
218 314
218 326
218 435
218 436
218 453
218 500
218 515
218 521
218 616
218 652
218 815
218 991
218 997
219 220
219 269
219 298
219 351
219 377
219 437
219 468
219 565
219 570
219 642
219 697
219 743
219 789
219 791
219 982
219 993
220 280
220 300
220 307
220 363
220 374
220 376
220 404
220 422
220 434
220 480
220 554
220 566
220 643
220 686
220 720
220 738
220 845
220 846
220 866
220 915
220 934
220 952
221 289
221 292
221 325
221 356
221 359
221 490
221 513
221 536
221 568
221 572
221 577
221 584
221 590
221 607
221 620
221 754
221 786
221 838
221 924
222 253
222 322
222 597
222 627
222 689
222 747
222 765
222 827
222 926
222 973
222 977
223 245
223 403
223 590
223 629
223 637
223 639
223 700
223 765
223 943
223 970
223 976
224 258
224 301
224 480
224 489
224 563
224 565
224 704
224 887
224 926
224 948
225 234
225 341
225 589
225 612
225 656
225 663
225 699
225 707
225 843
226 381
226 495
226 592
226 605
226 664
226 686
226 690
226 712
226 734
226 767
226 834
226 841
226 915
226 957
227 253
227 287
227 339
227 386
227 397
227 417
227 450
227 500
227 508
227 522
227 533
227 622
227 684
227 720
227 769
227 820
227 830
227 892
227 900
227 903
227 957
228 265
228 382
228 394
228 482
228 553
228 568
228 612
228 617
228 632
228 664
228 666
228 671
228 675
228 683
228 694
228 713
228 722
228 731
228 750
228 752
228 759
228 764
228 785
228 839
228 866
228 883
228 884
228 895
228 896
228 903
228 920
228 938
228 962
229 294
229 460
229 546
229 674
229 699
229 712
229 833
229 844
229 846
229 892
229 901
229 946
229 976
229 980
229 998
230 299
230 421
230 441
230 462
230 532
230 633
230 700
230 867
230 891
230 969
230 980
231 267
231 271
231 324
231 434
231 445
231 453
231 469
231 563
231 598
231 615
231 877
231 881
231 892
231 900
231 940
232 239
232 269
232 279
232 324
232 328
232 351
232 402
232 417
232 469
232 489
232 529
232 612
232 629
232 644
232 660
232 684
232 721
232 736
232 757
232 771
232 898
232 950
232 974
233 339
233 409
233 431
233 461
233 493
233 760
233 793
233 834
233 857
233 948
234 367
234 442
234 451
234 576
234 744
234 794
234 838
234 969
234 970
235 328
235 343
235 380
235 442
235 554
235 573
235 612
235 629
235 645
235 715
235 779
235 966
236 258
236 266
236 324
236 483
236 568
236 582
236 615
236 698
236 952
236 991
237 249
237 443
237 447
237 462
237 489
237 546
237 748
237 773
237 789
237 819
238 348
238 363
238 633
238 731
238 777
238 799
238 939
238 945
238 991
239 295
239 298
239 325
239 371
239 373
239 510
239 513
239 560
239 581
239 667
239 804
239 906
239 972
240 271
240 352
240 364
240 402
240 408
240 434
240 483
240 506
240 528
240 590
240 608
240 613
240 622
240 624
240 638
240 672
240 682
240 719
240 723
240 729
240 848
240 900
240 917
240 956
240 965
241 300
241 400
241 527
241 596
241 628
241 629
241 659
241 733
241 752
241 847
241 872
242 253
242 307
242 324
242 332
242 456
242 477
242 576
242 592
242 600
242 627
242 684
242 689
242 804
242 817
242 820
242 834
242 890
242 897
243 280
243 331
243 340
243 418
243 491
243 499
243 531
243 668
243 834
243 839
243 857
243 885
243 892
243 907
243 923
243 929
243 949
243 970
244 270
244 289
244 311
244 452
244 550
244 555
244 662
244 672
244 702
244 758
244 769
244 787
244 867
244 899
244 935
245 264
245 289
245 302
245 383
245 395
245 454
245 504
245 615
245 629
245 630
245 667
245 672
245 703
245 725
245 752
245 890
245 946
245 967
246 251
246 274
246 363
246 373
246 416
246 477
246 502
246 526
246 538
246 550
246 565
246 713
246 826
246 849
246 888
246 921
246 948
246 999
247 265
247 278
247 298
247 383
247 426
247 695
247 738
247 762
247 776
247 885
247 887
247 969
248 368
248 423
248 436
248 491
248 580
248 726
248 732
248 761
248 915
248 929
248 977
249 311
249 320
249 416
249 496
249 552
249 665
249 703
249 720
249 755
249 900
249 913
249 925
249 959
249 966
250 266
250 310
250 376
250 383
250 529
250 710
250 733
250 819
250 906
250 942
251 341
251 494
251 495
251 529
251 665
251 684
251 713
251 723
251 741
251 815
251 834
251 982
252 271
252 284
252 287
252 298
252 328
252 388
252 421
252 424
252 487
252 502
252 527
252 576
252 581
252 593
252 645
252 655
252 700
252 710
252 764
252 844
252 854
252 949
253 409
253 417
253 451
253 568
253 673
253 685
253 717
253 805
253 859
254 328
254 377
254 402
254 437
254 483
254 507
254 553
254 587
254 748
254 787
254 938
254 955
255 276
255 281
255 324
255 405
255 431
255 432
255 462
255 470
255 480
255 483
255 539
255 557
255 679
255 698
255 811
255 859
255 911
255 952
255 997
256 281
256 298
256 300
256 332
256 374
256 393
256 417
256 421
256 494
256 549
256 565
256 627
256 647
256 648
256 651
256 736
256 743
256 794
256 829
256 839
256 849
256 877
256 895
256 953
257 266
257 280
257 299
257 300
257 400
257 437
257 445
257 480
257 544
257 556
257 584
257 652
257 667
257 676
257 742
257 825
257 846
257 888
257 943
258 268
258 304
258 310
258 342
258 344
258 345
258 353
258 370
258 376
258 380
258 399
258 481
258 496
258 532
258 542
258 554
258 564
258 579
258 589
258 595
258 609
258 611
258 613
258 629
258 669
258 701
258 703
258 735
258 739
258 740
258 754
258 775
258 860
258 876
258 928
259 310
259 338
259 502
259 546
259 627
259 713
259 736
259 748
259 813
259 831
259 958
260 288
260 304
260 318
260 346
260 363
260 382
260 393
260 438
260 455
260 526
260 535
260 540
260 575
260 654
260 671
260 693
260 699
260 835
260 837
260 854
260 883
260 942
260 946
260 997
261 283
261 339
261 402
261 474
261 503
261 612
261 681
261 842
261 847
261 863
261 878
261 974
262 272
262 284
262 310
262 377
262 596
262 612
262 616
262 645
262 769
262 779
262 809
262 858
262 859
263 268
263 366
263 425
263 490
263 543
263 600
263 641
263 765
263 780
263 842
263 877
263 908
263 948
263 976
264 277
264 278
264 357
264 358
264 359
264 360
264 370
264 380
264 408
264 409
264 423
264 477
264 491
264 502
264 560
264 610
264 632
264 659
264 694
264 703
264 775
264 814
264 888
264 915
264 990
265 316
265 322
265 360
265 372
265 387
265 392
265 426
265 442
265 463
265 476
265 488
265 491
265 502
265 532
265 538
265 571
265 591
265 605
265 615
265 635
265 638
265 713
265 722
265 826
265 831
265 834
265 874
265 876
265 878
265 884
265 885
265 887
265 894
265 905
265 921
265 943
265 961
265 973
266 292
266 326
266 334
266 395
266 404
266 415
266 491
266 502
266 510
266 538
266 544
266 574
266 586
266 590
266 602
266 713
266 716
266 771
266 787
266 814
266 816
266 831
266 851
266 877
266 881
266 903
266 921
267 269
267 272
267 358
267 410
267 415
267 450
267 485
267 596
267 722
267 769
267 774
267 839
267 888
267 940
267 975
268 318
268 348
268 360
268 369
268 372
268 379
268 441
268 491
268 560
268 624
268 653
268 655
268 706
268 716
268 727
268 742
268 773
268 775
268 876
268 930
268 941
268 971
268 973
269 270
269 274
269 413
269 478
269 819
269 820
269 865
269 885
269 971
270 273
270 302
270 314
270 473
270 512
270 598
270 611
270 668
270 821
270 831
270 921
270 946
271 292
271 311
271 355
271 361
271 363
271 410
271 431
271 438
271 447
271 468
271 483
271 506
271 513
271 514
271 520
271 551
271 603
271 622
271 639
271 704
271 719
271 732
271 735
271 753
271 759
271 834
271 887
271 888
271 892
271 912
271 918
271 996
272 643
272 664
272 804
272 851
272 930
272 974
273 284
273 295
273 376
273 377
273 414
273 422
273 434
273 480
273 496
273 520
273 560
273 569
273 598
273 774
273 786
273 813
273 857
273 932
273 936
274 281
274 328
274 339
274 383
274 388
274 410
274 539
274 641
274 648
274 794
274 910
274 940
274 946
274 963
274 972
274 991
275 281
275 292
275 415
275 448
275 449
275 468
275 575
275 576
275 596
275 640
275 706
275 876
275 943
276 378
276 430
276 475
276 494
276 504
276 566
276 570
276 585
276 651
276 652
276 654
276 664
276 668
276 699
276 711
276 730
276 731
276 734
276 739
276 781
276 808
276 817
276 823
276 841
276 842
276 901
277 447
277 608
277 609
277 693
277 808
277 820
277 845
277 876
277 909
277 989
278 328
278 361
278 428
278 455
278 465
278 602
278 649
278 690
278 749
278 796
278 885
278 997
279 298
279 316
279 340
279 363
279 430
279 480
279 496
279 565
279 630
279 663
279 675
279 866
279 904
280 298
280 302
280 363
280 374
280 395
280 466
280 498
280 501
280 544
280 572
280 576
280 638
280 715
280 739
280 799
280 819
280 879
280 901
280 947
280 962
281 285
281 327
281 410
281 412
281 415
281 425
281 456
281 460
281 558
281 573
281 585
281 599
281 611
281 715
281 805
281 833
281 890
281 915
281 942
281 965
281 966
281 980
281 998
282 335
282 347
282 386
282 412
282 459
282 574
282 578
282 619
282 644
282 652
282 688
282 762
282 804
282 820
282 846
282 889
282 922
282 958
283 335
283 339
283 445
283 488
283 522
283 526
283 578
283 588
283 598
283 676
283 688
283 722
283 738
283 788
283 813
283 820
283 830
283 857
283 866
283 868
283 870
283 920
283 958
283 986
284 285
284 310
284 318
284 326
284 337
284 368
284 374
284 421
284 430
284 439
284 443
284 451
284 456
284 473
284 477
284 507
284 528
284 537
284 554
284 603
284 609
284 613
284 646
284 652
284 665
284 688
284 737
284 742
284 748
284 750
284 778
284 843
284 936
284 991
284 992
285 355
285 378
285 410
285 413
285 438
285 456
285 484
285 688
285 731
285 802
285 826
285 834
285 921
286 295
286 374
286 438
286 451
286 538
286 552
286 633
286 685
286 726
286 797
286 842
286 874
286 885
286 902
286 905
286 921
286 931
286 940
286 974
286 990
287 373
287 376
287 381
287 489
287 508
287 543
287 646
287 710
287 754
287 786
287 877
288 318
288 320
288 344
288 348
288 356
288 375
288 383
288 417
288 422
288 445
288 454
288 483
288 489
288 494
288 512
288 539
288 540
288 551
288 604
288 608
288 617
288 631
288 648
288 649
288 653
288 662
288 668
288 681
288 685
288 723
288 725
288 732
288 739
288 747
288 760
288 782
288 814
288 816
288 819
288 835
288 842
288 871
288 877
288 887
288 904
288 927
288 942
288 945
288 952
288 968
288 974
288 985
288 993
289 430
289 532
289 581
289 605
289 675
289 756
289 762
289 853
289 988
290 292
290 432
290 454
290 592
290 613
290 664
290 676
290 707
290 756
290 804
290 852
291 339
291 344
291 393
291 405
291 407
291 576
291 681
291 688
291 955
292 300
292 308
292 321
292 391
292 411
292 421
292 449
292 452
292 536
292 550
292 657
292 664
292 701
292 706
292 711
292 794
292 798
292 801
292 819
292 820
292 822
292 843
292 844
292 905
292 925
292 983
292 990
293 303
293 327
293 382
293 409
293 414
293 478
293 556
293 617
293 734
293 736
293 961
294 329
294 358
294 502
294 567
294 588
294 598
294 675
294 861
294 898
294 925
294 931
294 947
294 962
295 325
295 365
295 455
295 484
295 510
295 533
295 598
295 616
295 620
295 671
295 724
295 736
295 756
295 821
295 851
295 855
295 914
295 932
295 950
295 967
296 299
296 322
296 564
296 581
296 617
296 728
296 762
296 797
296 857
296 998
297 303
297 357
297 372
297 384
297 410
297 551
297 560
297 564
297 570
297 595
297 621
297 623
297 665
297 669
297 731
297 735
297 741
297 939
298 348
298 359
298 363
298 392
298 406
298 408
298 421
298 437
298 442
298 455
298 499
298 502
298 512
298 531
298 582
298 598
298 675
298 713
298 731
298 804
298 813
298 892
298 991
299 311
299 312
299 353
299 390
299 398
299 472
299 480
299 516
299 602
299 619
299 622
299 638
299 687
299 700
299 734
299 789
299 803
299 823
299 895
299 897
299 918
300 325
300 383
300 386
300 449
300 486
300 512
300 563
300 730
300 747
300 885
300 887
300 924
300 925
301 305
301 356
301 371
301 437
301 469
301 486
301 555
301 623
301 715
301 769
301 818
301 821
301 841
301 915
301 952
301 988
302 340
302 455
302 547
302 551
302 559
302 658
302 707
302 776
302 793
302 827
302 867
302 875
302 900
302 920
302 930
302 944
302 960
303 323
303 339
303 447
303 500
303 525
303 595
303 622
303 699
303 769
303 780
303 834
303 841
303 865
303 962
304 365
304 402
304 419
304 615
304 619
304 635
304 641
304 642
304 685
304 697
304 706
304 711
304 720
304 748
304 759
304 769
304 806
304 871
304 940
304 997
305 313
305 321
305 354
305 355
305 384
305 386
305 427
305 437
305 455
305 472
305 474
305 528
305 530
305 613
305 645
305 661
305 674
305 676
305 734
305 750
305 765
305 773
305 776
305 790
305 791
305 804
305 833
305 841
305 844
305 847
305 849
305 875
305 893
305 905
305 916
305 997
306 319
306 354
306 376
306 411
306 414
306 450
306 540
306 556
306 560
306 776
306 808
306 927
306 936
307 310
307 321
307 325
307 354
307 358
307 389
307 400
307 432
307 437
307 470
307 476
307 497
307 520
307 526
307 541
307 563
307 571
307 640
307 643
307 672
307 687
307 733
307 752
307 799
307 852
307 861
307 866
307 876
307 912
307 976
308 313
308 396
308 427
308 437
308 449
308 450
308 475
308 491
308 502
308 728
308 747
308 785
308 873
308 892
308 942
308 948
309 326
309 336
309 379
309 445
309 476
309 488
309 538
309 568
309 644
309 658
309 673
309 708
309 713
309 808
309 894
310 400
310 420
310 443
310 526
310 548
310 643
310 676
310 686
310 715
310 741
310 768
310 780
310 782
310 802
310 852
310 883
310 899
310 902
310 931
310 947
310 948
311 319
311 368
311 375
311 389
311 466
311 477
311 555
311 577
311 619
311 639
311 738
311 742
311 771
311 787
311 803
311 806
311 824
311 852
311 871
311 896
311 947
311 950
311 990
312 486
312 490
312 509
312 512
312 514
312 550
312 573
312 582
312 739
312 779
312 814
312 843
312 889
312 890
312 910
312 925
313 318
313 324
313 400
313 436
313 504
313 519
313 528
313 570
313 599
313 644
313 744
313 782
313 794
313 802
313 859
313 902
313 960
314 415
314 427
314 620
314 699
314 743
314 805
315 328
315 383
315 384
315 394
315 410
315 434
315 443
315 615
315 668
315 699
315 732
315 733
315 758
315 783
315 813
315 845
315 909
315 922
315 970
316 338
316 341
316 390
316 408
316 409
316 654
316 661
316 664
316 678
316 680
316 686
316 717
316 754
316 804
316 950
317 355
317 361
317 365
317 399
317 407
317 409
317 463
317 490
317 520
317 542
317 613
317 661
317 721
317 759
317 805
317 900
317 915
317 970
317 982
317 991
318 377
318 383
318 525
318 563
318 590
318 640
318 686
318 693
318 700
318 731
318 803
318 971
318 996
319 345
319 361
319 477
319 571
319 589
319 632
319 734
319 859
319 931
320 321
320 346
320 350
320 364
320 398
320 408
320 442
320 455
320 463
320 510
320 554
320 606
320 612
320 614
320 632
320 637
320 648
320 711
320 735
320 742
320 744
320 817
320 882
320 942
320 982
321 328
321 349
321 384
321 405
321 439
321 442
321 453
321 470
321 479
321 527
321 554
321 611
321 612
321 631
321 646
321 648
321 667
321 703
321 707
321 713
321 804
321 814
321 818
321 877
321 896
321 923
321 969
321 981
321 987
322 385
322 413
322 451
322 481
322 492
322 494
322 524
322 556
322 562
322 665
322 674
322 698
322 711
322 738
322 769
322 812
322 914
322 917
322 947
323 326
323 489
323 521
323 540
323 562
323 577
323 614
323 615
323 669
323 695
323 716
323 752
323 758
323 811
323 924
323 946
323 957
324 353
324 415
324 432
324 509
324 528
324 548
324 664
324 665
324 683
324 709
324 737
324 767
324 795
324 820
324 837
324 849
324 900
324 955
324 993
325 418
325 480
325 586
325 613
325 790
325 834
325 845
325 900
325 940
325 957
325 968
326 334
326 363
326 381
326 404
326 425
326 448
326 470
326 506
326 535
326 542
326 570
326 581
326 646
326 652
326 656
326 685
326 721
326 748
326 779
326 799
326 861
326 886
326 909
326 911
326 916
326 936
327 345
327 483
327 490
327 551
327 578
327 755
327 799
327 828
327 834
327 940
327 955
327 996
327 998
328 385
328 395
328 398
328 423
328 442
328 470
328 482
328 517
328 612
328 629
328 645
328 684
328 698
328 744
328 758
328 845
328 892
328 915
328 969
328 984
329 479
329 508
329 588
329 708
329 713
329 732
329 755
329 834
329 837
329 941
329 965
330 332
330 395
330 402
330 434
330 464
330 477
330 508
330 552
330 612
330 641
330 702
330 808
330 820
330 892
330 915
330 969
331 416
331 447
331 504
331 523
331 742
331 766
331 878
331 942
331 969
332 369
332 502
332 520
332 536
332 696
332 728
332 794
332 808
332 862
332 957
332 976
333 344
333 410
333 565
333 582
333 609
333 761
333 793
333 835
333 932
334 408
334 442
334 467
334 571
334 639
334 661
334 718
334 775
334 777
334 908
334 988
335 367
335 439
335 446
335 483
335 589
335 590
335 627
335 684
335 693
335 817
335 955
335 959
335 998
336 339
336 449
336 451
336 457
336 578
336 695
336 713
336 727
336 736
336 887
336 900
336 902
336 957
336 976
337 350
337 352
337 383
337 415
337 534
337 565
337 632
337 634
337 665
337 716
337 724
337 744
337 751
337 766
337 779
337 820
337 834
337 865
337 880
337 907
337 913
337 968
337 996
338 376
338 377
338 421
338 433
338 487
338 495
338 549
338 553
338 565
338 585
338 586
338 615
338 619
338 663
338 675
338 684
338 688
338 789
338 905
338 980
338 985
339 368
339 376
339 388
339 402
339 483
339 513
339 520
339 524
339 574
339 579
339 633
339 636
339 648
339 652
339 653
339 656
339 707
339 733
339 773
339 857
339 862
339 877
339 880
339 908
339 912
339 951
339 961
339 968
339 976
339 988
339 992
340 341
340 380
340 537
340 561
340 576
340 631
340 745
340 748
340 815
340 824
340 858
340 912
340 935
340 944
340 955
340 991
340 1000
341 352
341 380
341 385
341 432
341 433
341 460
341 464
341 473
341 530
341 624
341 646
341 694
341 748
341 750
341 820
341 827
341 863
341 869
341 872
341 880
341 924
341 931
341 987
342 370
342 380
342 381
342 399
342 423
342 437
342 544
342 560
342 588
342 617
342 668
342 716
342 739
342 740
342 986
343 346
343 435
343 442
343 480
343 532
343 584
343 629
343 644
343 691
343 714
343 744
343 767
343 792
343 845
343 881
343 887
343 896
343 912
343 924
343 928
343 953
343 980
343 982
344 345
344 410
344 534
344 546
344 645
344 663
344 674
344 685
344 696
344 703
344 743
344 745
344 769
344 808
344 820
344 911
345 384
345 477
345 489
345 503
345 584
345 598
345 680
345 685
345 736
345 787
345 840
345 1000
346 372
346 373
346 405
346 506
346 744
346 804
346 913
346 960
346 966
346 967
346 969
347 363
347 442
347 501
347 544
347 562
347 705
347 789
347 823
347 969
348 382
348 442
348 455
348 497
348 504
348 533
348 578
348 582
348 586
348 696
348 898
348 941
348 945
349 367
349 397
349 523
349 598
349 617
349 665
349 675
349 685
349 706
349 711
349 903
349 926
349 934
349 942
349 950
350 355
350 363
350 496
350 523
350 560
350 593
350 597
350 707
350 732
350 761
350 789
350 914
350 970
351 369
351 382
351 420
351 492
351 518
351 525
351 550
351 566
351 630
351 659
351 690
351 720
351 789
351 804
352 365
352 383
352 412
352 419
352 537
352 713
352 736
352 762
352 769
352 838
352 851
352 897
352 938
353 354
353 357
353 370
353 372
353 376
353 462
353 542
353 547
353 554
353 583
353 595
353 609
353 624
353 654
353 665
353 773
353 940
354 396
354 401
354 451
354 506
354 520
354 541
354 572
354 598
354 615
354 627
354 743
354 796
354 799
354 805
354 838
354 849
354 865
354 889
354 938
354 939
354 968
354 979
354 993
355 410
355 526
355 538
355 547
355 556
355 581
355 607
355 663
355 686
355 687
355 718
355 745
355 836
355 859
355 862
355 876
355 902
355 968
356 361
356 376
356 410
356 427
356 493
356 502
356 533
356 556
356 574
356 580
356 596
356 610
356 617
356 630
356 772
356 803
356 804
356 835
356 840
356 866
356 889
356 895
356 898
356 908
356 917
356 955
357 376
357 542
357 562
357 614
357 615
357 642
357 665
357 706
357 716
357 728
357 830
357 852
357 886
357 925
357 942
357 955
357 993
358 363
358 448
358 451
358 528
358 529
358 591
358 600
358 639
358 675
358 804
358 805
358 911
358 918
358 920
358 923
358 961
359 361
359 363
359 370
359 371
359 372
359 376
359 380
359 452
359 453
359 477
359 499
359 521
359 529
359 539
359 570
359 592
359 595
359 624
359 631
359 639
359 675
359 680
359 688
359 690
359 701
359 703
359 716
359 739
359 775
359 830
359 847
359 862
360 376
360 442
360 456
360 489
360 490
360 544
360 563
360 578
360 595
360 617
360 620
360 727
360 764
360 793
360 868
360 919
360 921
360 968
360 987
361 403
361 415
361 492
361 671
361 681
361 715
361 748
361 783
361 784
361 812
361 861
361 934
361 979
362 407
362 486
362 512
362 552
362 590
362 813
362 866
362 941
362 958
362 982
363 382
363 405
363 411
363 423
363 457
363 501
363 514
363 586
363 697
363 765
363 772
363 791
363 834
363 900
363 909
363 962
363 964
363 993
364 376
364 471
364 581
364 598
364 652
364 664
364 672
364 685
364 735
364 737
364 841
364 886
364 892
364 969
364 974
365 368
365 373
365 377
365 458
365 484
365 503
365 509
365 510
365 561
365 581
365 622
365 625
365 639
365 712
365 724
365 736
365 852
365 856
365 881
365 895
365 927
365 934
366 477
366 486
366 618
366 876
366 889
366 890
366 946
366 954
367 577
367 642
367 685
367 739
367 838
367 896
368 435
368 463
368 493
368 576
368 638
368 708
368 713
368 882
369 415
369 441
369 449
369 484
369 513
369 519
369 547
369 612
369 662
369 673
369 700
369 727
369 771
369 787
369 941
369 1000
370 382
370 388
370 443
370 462
370 500
370 538
370 563
370 564
370 565
370 617
370 620
370 643
370 655
370 669
370 700
370 701
370 731
370 735
370 775
370 780
370 785
370 825
370 874
370 886
370 889
370 916
370 931
370 957
370 966
370 972
370 997
371 418
371 612
371 664
371 669
371 700
371 815
371 868
372 420
372 482
372 505
372 525
372 531
372 539
372 574
372 589
372 617
372 624
372 680
372 686
372 703
372 717
372 740
372 775
372 810
372 844
372 868
372 876
372 886
372 896
372 921
372 990
373 375
373 377
373 381
373 409
373 481
373 492
373 522
373 598
373 640
373 697
373 736
373 763
373 774
373 786
373 827
373 851
373 863
373 864
373 978
373 981
374 435
374 461
374 565
374 578
374 643
374 675
374 679
374 791
375 425
375 480
375 495
375 581
375 606
375 641
375 647
375 717
375 736
375 838
375 848
375 878
375 926
375 969
376 380
376 397
376 403
376 437
376 493
376 542
376 560
376 564
376 570
376 589
376 595
376 609
376 621
376 624
376 636
376 639
376 655
376 701
376 728
376 739
376 740
376 744
376 749
376 800
376 829
376 835
376 843
376 876
376 886
376 935
376 943
376 978
377 390
377 453
377 489
377 550
377 558
377 563
377 578
377 598
377 613
377 650
377 851
377 897
377 926
377 936
377 948
377 978
378 426
378 477
378 499
378 733
378 761
378 763
378 857
378 930
379 425
379 434
379 764
379 802
379 905
380 407
380 472
380 477
380 508
380 570
380 578
380 590
380 595
380 597
380 599
380 609
380 617
380 630
380 638
380 669
380 701
380 722
380 739
380 743
380 763
380 876
380 878
380 886
380 908
380 913
380 925
380 943
380 993
380 995
381 408
381 443
381 486
381 489
381 491
381 494
381 498
381 501
381 521
381 544
381 549
381 576
381 586
381 631
381 659
381 663
381 675
381 678
381 692
381 693
381 700
381 705
381 718
381 733
381 743
381 791
381 803
381 964
381 966
381 981
381 998
382 394
382 512
382 535
382 571
382 654
382 747
382 792
382 919
382 945
382 959
382 991
383 486
383 490
383 512
383 532
383 533
383 554
383 575
383 590
383 603
383 604
383 610
383 631
383 640
383 659
383 699
383 700
383 733
383 736
383 792
383 794
383 840
383 854
383 859
383 910
383 927
383 940
383 942
383 974
383 987
383 992
384 474
384 560
384 585
384 612
384 659
384 762
384 818
384 890
384 935
384 941
385 429
385 441
385 442
385 542
385 647
385 655
385 699
385 700
385 751
385 758
385 872
385 877
385 901
385 921
385 1000
386 396
386 410
386 412
386 424
386 483
386 500
386 573
386 598
386 602
386 688
386 820
386 846
386 858
386 960
386 997
387 488
387 702
387 724
387 776
387 820
387 824
387 858
387 885
388 421
388 486
388 537
388 565
388 598
388 767
388 808
388 819
388 899
388 909
388 929
388 971
389 485
389 576
389 713
389 777
389 842
389 897
389 925
389 939
389 998
390 526
390 597
390 662
390 679
390 771
390 787
390 810
390 814
390 815
390 827
390 886
390 907
390 955
390 984
390 993
391 405
391 421
391 566
391 579
391 602
391 638
391 649
391 662
391 713
391 752
391 762
391 831
391 853
391 919
391 921
392 397
392 436
392 441
392 567
392 754
392 834
392 862
392 926
392 937
392 976
393 428
393 488
393 525
393 596
393 598
393 626
393 744
393 761
393 858
393 869
393 892
393 967
394 433
394 474
394 486
394 487
394 509
394 516
394 545
394 561
394 568
394 570
394 662
394 664
394 668
394 687
394 689
394 699
394 753
394 769
394 772
394 792
394 816
394 884
394 920
394 930
394 958
395 410
395 490
395 501
395 539
395 604
395 651
395 679
395 727
395 733
395 772
395 812
395 877
395 933
395 949
395 966
396 423
396 506
396 615
396 675
396 680
396 697
396 733
396 738
396 776
396 854
396 859
396 866
396 906
396 941
396 946
396 966
397 410
397 456
397 459
397 470
397 495
397 567
397 670
397 678
397 754
397 892
397 923
397 932
397 966
398 442
398 457
398 530
398 553
398 577
398 612
398 769
398 876
398 884
398 948
398 969
398 979
399 401
399 441
399 486
399 491
399 610
399 617
399 715
399 758
399 788
399 905
399 929
399 953
400 453
400 458
400 472
400 480
400 518
400 529
400 572
400 617
400 646
400 804
400 806
400 828
400 830
400 911
400 947
401 423
401 489
401 494
401 513
401 535
401 555
401 562
401 577
401 627
401 665
401 707
401 712
401 734
401 778
401 814
401 845
401 883
401 909
401 914
401 918
401 924
401 925
401 949
401 959
401 991
402 420
402 456
402 620
402 636
402 684
402 687
402 747
402 842
402 877
402 886
402 903
402 927
402 957
402 976
402 978
403 411
403 486
403 562
403 627
403 666
403 899
403 946
403 952
404 439
404 483
404 502
404 666
404 978
405 447
405 453
405 455
405 470
405 488
405 502
405 508
405 538
405 562
405 594
405 632
405 713
405 801
405 831
405 846
405 869
405 884
405 908
405 977
405 989
405 997
406 562
406 582
406 698
406 807
407 457
407 486
407 535
407 561
407 604
407 640
407 700
407 747
407 780
407 784
407 794
407 821
407 830
407 859
407 892
407 927
407 952
407 987
408 441
408 461
408 566
408 576
408 648
408 659
408 679
408 698
408 716
408 779
408 789
408 830
408 851
408 859
408 869
409 427
409 451
409 454
409 506
409 526
409 534
409 564
409 571
409 576
409 591
409 593
409 612
409 643
409 644
409 673
409 679
409 717
409 826
409 844
409 852
409 909
409 918
409 959
410 415
410 430
410 450
410 475
410 478
410 569
410 593
410 637
410 680
410 681
410 733
410 750
410 767
410 815
410 909
410 913
410 932
410 957
410 986
411 442
411 449
411 536
411 550
411 563
411 627
411 646
411 681
411 706
411 708
411 747
411 775
411 779
411 796
411 797
411 801
411 828
411 840
411 913
411 928
411 940
411 956
412 527
412 601
412 688
412 761
412 820
412 861
412 880
412 915
412 971
412 987
413 428
413 430
413 432
413 436
413 465
413 477
413 479
413 538
413 542
413 599
413 609
413 620
413 640
413 691
413 721
413 724
413 803
413 805
413 807
413 845
413 849
413 857
413 873
413 886
413 901
413 927
413 936
413 955
413 969
413 984
414 418
414 434
414 438
414 452
414 466
414 482
414 536
414 598
414 604
414 615
414 703
414 708
414 720
414 724
414 732
414 736
414 774
414 775
414 792
414 795
414 851
414 897
414 933
415 423
415 432
415 468
415 470
415 494
415 677
415 682
415 729
415 756
415 764
415 877
415 915
415 966
415 973
416 454
416 538
416 561
416 566
416 580
416 664
416 732
416 747
416 749
416 857
416 889
416 921
416 926
416 966
417 423
417 442
417 453
417 473
417 522
417 721
417 747
417 748
417 797
417 813
417 867
417 979
418 471
418 559
418 600
418 604
418 615
418 665
418 869
419 432
419 462
419 469
419 508
419 524
419 556
419 641
419 648
419 657
419 685
419 689
419 706
419 761
419 833
419 865
419 877
419 951
420 431
420 454
420 493
420 563
420 641
420 683
420 779
420 821
420 847
420 875
420 919
420 971
420 1000
421 425
421 429
421 431
421 526
421 565
421 628
421 690
421 693
421 729
421 732
421 754
421 791
421 833
421 834
421 911
421 958
421 983
422 437
422 470
422 475
422 480
422 491
422 494
422 504
422 578
422 675
422 696
422 709
422 729
422 769
422 855
422 884
422 892
422 931
423 433
423 444
423 556
423 566
423 589
423 688
423 708
423 847
423 850
423 885
423 919
423 957
423 969
424 425
424 516
424 521
424 628
424 673
424 715
424 784
424 796
424 808
424 845
424 868
424 892
424 893
424 917
424 977
425 436
425 437
425 519
425 526
425 528
425 587
425 606
425 684
425 686
425 713
425 732
425 742
425 805
425 815
425 827
425 864
425 871
425 887
425 908
425 989
426 440
426 451
426 469
426 479
426 489
426 530
426 549
426 573
426 613
426 626
426 651
426 687
426 718
426 731
426 785
426 998
427 530
427 591
427 677
427 689
427 690
427 823
427 968
427 994
428 432
428 513
428 528
428 560
428 647
428 849
428 873
428 889
428 892
428 961
428 964
429 613
429 736
429 813
429 866
429 869
429 928
429 946
429 968
429 992
430 469
430 526
430 804
431 462
431 490
431 503
431 524
431 527
431 577
431 696
431 703
431 741
431 789
431 802
431 808
431 809
431 831
431 992
432 468
432 528
432 534
432 578
432 595
432 597
432 620
432 625
432 648
432 691
432 709
432 730
432 780
432 792
432 836
432 849
432 873
432 917
432 958
432 961
432 984
433 541
433 549
433 612
433 689
433 720
433 730
433 755
433 904
433 980
433 988
434 486
434 562
434 578
434 625
434 647
434 724
434 736
434 741
434 753
434 897
435 453
435 456
435 479
435 500
435 504
435 537
435 597
435 646
435 671
435 686
435 715
435 737
435 748
435 825
435 891
435 900
435 915
435 931
435 932
435 954
435 955
435 961
435 982
436 440
436 501
436 510
436 518
436 532
436 617
436 620
436 652
436 667
436 720
436 757
436 793
436 799
436 819
436 838
436 854
436 874
436 888
436 892
436 907
436 909
436 925
436 932
436 935
436 948
437 451
437 539
437 551
437 570
437 584
437 686
437 712
437 804
437 928
437 942
437 948
437 958
437 966
438 576
438 622
438 659
438 732
438 755
438 769
438 848
438 849
438 882
438 932
438 975
439 552
439 565
439 575
439 577
439 634
439 641
439 911
439 991
439 1000
440 478
440 546
440 565
440 576
440 627
440 659
440 675
440 679
440 731
440 848
440 879
440 914
440 928
441 486
441 532
441 553
441 577
441 584
441 601
441 619
441 638
441 642
441 647
441 649
441 654
441 662
441 681
441 700
441 717
441 729
441 768
441 771
441 787
441 820
441 840
441 846
441 850
441 855
441 871
441 895
441 899
441 900
441 927
441 957
441 1000
442 497
442 505
442 509
442 511
442 517
442 554
442 566
442 593
442 603
442 638
442 645
442 655
442 667
442 669
442 744
442 770
442 844
442 873
442 883
442 953
442 982
442 988
442 994
443 486
443 550
443 583
443 654
443 747
443 784
443 828
443 924
443 942
443 945
444 577
444 589
444 716
444 749
444 819
444 894
444 966
445 493
445 502
445 558
445 565
445 598
445 599
445 611
445 688
445 713
445 732
445 815
445 830
445 861
445 940
445 969
446 514
446 664
446 834
446 883
446 915
446 941
447 531
447 538
447 664
447 699
447 756
447 782
447 942
447 946
447 966
447 973
448 522
448 535
448 545
448 586
448 646
448 677
448 680
448 685
448 718
448 779
448 818
448 900
448 941
448 950
449 497
449 535
449 536
449 548
449 550
449 556
449 563
449 620
449 695
449 727
449 766
449 794
449 839
449 840
449 847
449 849
449 859
449 869
449 909
449 941
449 945
449 982
449 994
450 461
450 506
450 704
450 763
450 793
450 812
450 814
450 865
450 941
451 537
451 546
451 580
451 584
451 589
451 599
451 607
451 640
451 641
451 645
451 653
451 684
451 826
451 852
451 882
451 895
451 896
451 909
451 911
451 955
452 489
452 596
452 622
452 663
452 682
452 693
452 710
452 765
452 826
452 895
452 909
452 941
452 955
453 456
453 473
453 495
453 639
453 679
453 746
453 779
453 848
453 866
453 913
453 931
453 939
453 943
453 961
453 983
453 988
453 991
454 474
454 493
454 494
454 635
454 699
454 703
454 782
454 829
454 853
454 890
454 899
454 919
454 997
455 480
455 526
455 538
455 541
455 546
455 666
455 676
455 695
455 831
455 848
455 880
455 915
455 923
455 925
455 938
455 942
456 547
456 596
456 634
456 681
456 689
456 706
456 748
456 882
456 961
456 971
456 991
457 469
457 483
457 517
457 553
457 565
457 659
457 670
457 686
457 789
457 910
458 698
458 744
458 868
458 901
458 941
459 666
459 686
459 688
459 707
459 900
459 982
460 576
460 629
460 647
460 680
460 722
460 727
460 756
460 758
460 768
460 781
460 935
460 977
461 506
461 659
461 686
461 691
461 766
461 774
461 876
461 947
462 541
462 553
462 601
462 657
462 699
462 716
462 807
462 812
462 875
462 900
462 955
462 967
462 985
463 514
463 637
463 645
463 750
463 751
463 944
463 981
464 471
464 560
464 646
464 694
464 753
464 763
464 862
464 877
464 959
465 474
465 565
465 582
465 625
465 707
465 711
465 755
465 804
465 831
465 872
465 901
465 961
466 512
466 600
466 678
466 733
466 886
466 888
467 521
467 637
467 638
467 679
467 730
467 751
467 789
467 796
467 831
467 833
467 834
468 504
468 580
468 658
468 666
468 721
468 749
468 773
468 793
468 941
468 946
468 960
469 514
469 533
469 544
469 586
469 681
469 717
469 752
469 755
469 859
469 884
469 926
469 929
469 938
469 948
469 993
470 478
470 491
470 509
470 563
470 570
470 571
470 590
470 594
470 689
470 709
470 711
470 713
470 722
470 755
470 769
470 771
470 831
470 885
470 894
470 903
471 474
471 610
471 652
471 746
471 748
471 749
471 928
471 941
471 952
472 509
472 533
472 590
472 600
472 622
472 684
472 735
472 822
472 831
472 836
472 963
473 484
473 493
473 686
473 700
473 748
473 765
473 966
473 969
474 503
474 560
474 582
474 599
474 610
474 633
474 679
474 733
474 775
474 798
474 842
474 889
474 897
474 998
475 598
475 652
475 734
475 849
475 915
475 971
475 993
476 480
476 508
476 510
476 519
476 680
476 755
476 813
476 834
476 921
477 503
477 542
477 560
477 578
477 617
477 624
477 677
477 716
477 846
477 859
477 868
477 989
478 560
478 576
478 667
478 678
478 699
478 715
478 779
478 833
478 848
478 918
479 491
479 571
479 604
479 744
479 815
479 836
479 874
479 924
479 925
479 955
480 495
480 500
480 520
480 526
480 556
480 580
480 588
480 615
480 627
480 643
480 648
480 708
480 711
480 732
480 756
480 799
480 804
480 832
480 836
480 860
480 875
480 888
480 895
480 902
480 911
480 935
480 950
480 969
480 979
480 986
481 489
481 514
481 550
481 562
481 627
481 665
481 900
482 539
482 552
482 557
482 586
482 607
482 612
482 616
482 617
482 637
482 645
482 685
482 691
482 698
482 699
482 712
482 744
482 755
482 767
482 852
482 893
482 923
482 928
482 987
483 519
483 542
483 545
483 567
483 578
483 597
483 609
483 625
483 643
483 645
483 675
483 685
483 695
483 732
483 755
483 756
483 759
483 771
483 782
483 813
483 832
483 834
483 850
483 867
483 907
483 955
483 956
483 999
484 508
484 552
484 625
484 647
484 684
484 736
484 774
484 851
484 893
484 897
484 932
484 936
484 948
484 950
485 486
485 491
485 653
485 769
485 829
485 846
485 876
485 878
485 900
485 904
485 944
485 955
485 998
486 512
486 516
486 524
486 535
486 544
486 559
486 565
486 582
486 604
486 637
486 640
486 654
486 666
486 676
486 691
486 699
486 782
486 792
486 816
486 821
486 835
486 862
486 871
486 910
486 942
486 946
486 971
486 974
486 988
486 997
487 530
487 594
487 659
487 690
487 794
487 845
487 871
487 895
487 992
488 553
488 560
488 576
488 578
488 590
488 617
488 653
488 713
488 800
488 921
488 982
489 522
489 540
489 577
489 592
489 608
489 671
489 684
489 732
489 778
489 781
489 793
489 804
489 871
489 878
489 954
489 969
489 975
489 989
490 620
490 628
490 650
490 674
490 733
490 760
491 517
491 538
491 553
491 588
491 590
491 606
491 653
491 699
491 722
491 740
491 762
491 791
491 833
491 875
491 903
491 921
491 987
492 520
492 532
492 568
492 662
492 696
492 787
492 793
492 809
492 921
492 926
493 517
493 543
493 652
493 667
493 678
493 684
493 714
493 815
493 916
493 999
494 716
494 811
494 836
494 843
494 921
494 926
495 575
495 599
495 646
495 930
496 519
496 539
496 552
496 578
496 657
496 802
496 937
496 952
496 955
497 516
497 584
497 642
497 666
497 749
497 750
497 915
498 579
498 653
498 663
498 695
498 734
498 747
498 756
498 777
498 789
498 919
498 924
499 520
499 549
499 586
499 693
499 789
499 893
499 942
500 543
500 603
500 637
500 676
500 704
500 727
500 747
500 841
500 892
500 925
500 926
500 949
501 556
501 566
501 586
501 600
501 617
501 618
501 644
501 651
501 708
501 754
501 769
501 866
501 981
502 510
502 526
502 538
502 569
502 577
502 647
502 655
502 713
502 718
502 831
502 895
502 903
502 915
502 925
503 582
503 777
503 840
503 842
503 877
503 923
503 998
504 537
504 563
504 596
504 634
504 646
504 687
504 713
504 725
504 742
504 748
504 781
504 792
504 816
504 842
504 917
504 945
504 959
504 965
504 991
505 528
505 612
505 637
505 688
505 710
505 716
505 720
505 769
505 810
506 588
506 695
506 716
506 721
506 738
506 770
506 892
506 896
506 916
506 955
507 652
507 690
507 868
507 896
507 958
507 991
508 569
508 676
508 685
508 692
508 698
508 700
508 787
508 790
508 834
508 857
508 877
509 510
509 539
509 553
509 632
509 678
509 682
510 625
510 678
510 690
510 792
510 851
510 864
510 897
510 910
511 578
511 618
511 695
511 722
511 834
511 955
511 985
512 546
512 581
512 642
512 684
512 699
512 769
512 835
512 859
512 907
512 919
512 930
512 971
512 997
513 587
513 594
513 707
513 747
513 748
513 751
513 768
513 848
513 936
513 979
513 990
514 521
514 558
514 565
514 754
514 769
514 892
514 941
514 943
514 967
515 599
515 684
515 702
515 705
515 706
515 777
515 834
515 940
515 973
515 998
516 555
516 556
516 563
516 673
516 717
516 841
516 905
516 917
516 929
517 531
517 538
517 611
517 617
517 648
517 664
517 680
517 782
517 796
517 831
517 865
517 923
517 932
517 941
518 522
518 556
518 567
518 622
518 646
518 659
518 662
518 666
518 696
518 749
518 827
518 941
519 575
519 585
519 657
519 711
519 715
519 724
519 758
519 796
519 865
519 941
520 544
520 556
520 678
520 681
520 718
520 760
520 770
520 849
520 859
520 884
520 888
520 904
520 925
520 934
520 935
520 998
521 574
521 622
521 659
521 749
521 755
521 757
521 777
521 834
521 907
521 947
522 527
522 534
522 547
522 582
522 629
522 748
522 762
522 775
522 776
522 792
522 941
522 942
522 953
523 623
523 675
523 688
523 693
523 897
523 952
523 984
523 993
523 1000
524 598
524 641
524 647
524 685
524 706
524 732
524 738
524 754
524 771
524 837
524 878
524 932
525 556
525 664
525 820
525 891
525 908
525 916
525 936
526 536
526 544
526 572
526 584
526 602
526 610
526 680
526 686
526 703
526 721
526 734
526 798
526 802
526 805
526 875
526 894
526 915
526 927
526 938
526 959
526 960
526 963
526 996
527 536
527 559
527 588
527 733
527 779
527 814
527 938
527 977
528 554
528 563
528 631
528 761
528 780
528 831
528 961
528 984
529 552
529 690
529 727
529 808
529 809
529 864
529 940
529 994
530 543
530 569
530 606
530 647
530 689
530 717
530 787
530 791
530 800
530 804
530 848
530 888
530 909
531 909
531 921
531 925
532 605
532 606
532 662
532 700
532 749
532 777
532 793
532 808
532 853
532 871
532 895
532 936
532 963
532 993
532 1000
533 535
533 540
533 566
533 588
533 604
533 614
533 681
533 699
533 701
533 747
533 835
533 860
533 957
533 980
533 984
534 554
534 592
534 607
534 645
534 798
534 935
534 957
535 545
535 546
535 555
535 568
535 575
535 614
535 646
535 677
535 694
535 736
535 782
535 801
535 807
535 816
535 832
535 856
535 932
535 952
536 563
536 600
536 639
536 656
536 746
536 775
536 806
536 840
536 843
536 877
536 894
537 580
537 582
537 598
537 604
537 649
537 759
537 819
537 880
537 898
537 901
537 906
537 991
538 594
538 612
538 630
538 678
538 762
538 814
538 828
538 830
538 831
538 861
538 874
538 936
538 957
539 563
539 616
539 630
539 691
539 844
539 849
539 851
539 864
539 961
539 988
540 589
540 668
540 681
540 744
540 747
540 818
540 820
540 843
540 893
540 927
540 971
540 977
541 587
541 621
541 661
541 684
541 703
541 747
541 762
541 764
541 804
541 959
541 984
541 986
542 547
542 599
542 603
542 608
542 609
542 680
542 716
542 723
542 727
542 731
542 746
542 876
542 916
542 990
543 548
543 713
543 747
543 767
543 838
543 850
543 865
543 975
544 549
544 577
544 652
544 714
544 725
544 751
544 797
544 861
544 868
544 892
544 895
544 939
544 991
545 554
545 596
545 641
545 657
545 706
545 733
545 739
545 754
545 795
545 796
545 933
545 979
546 557
546 567
546 615
546 664
546 710
546 749
546 787
546 794
546 816
546 877
546 930
547 638
547 707
547 758
547 841
547 951
547 968
548 563
548 605
548 829
548 878
548 895
548 914
548 915
549 578
549 646
549 662
549 665
549 668
549 693
549 715
549 765
549 797
549 892
549 901
549 907
549 954
550 560
550 578
550 601
550 665
550 671
550 692
550 706
550 717
550 778
550 784
550 794
550 798
550 801
550 806
550 811
550 863
550 870
550 888
550 902
550 925
550 953
550 955
550 961
550 963
550 989
550 1000
551 576
551 664
551 756
551 811
551 866
551 994
552 557
552 578
552 584
552 696
552 808
552 825
552 827
552 948
552 952
553 556
553 594
553 751
553 758
553 831
554 575
554 611
554 679
554 697
554 713
554 760
554 773
554 780
554 817
554 883
554 884
554 892
554 917
554 920
554 938
554 959
554 968
554 969
555 586
555 625
555 634
555 651
555 771
555 787
555 848
556 577
556 581
556 584
556 595
556 627
556 630
556 670
556 775
556 786
556 794
556 900
556 914
556 949
556 951
556 976
557 598
557 696
557 713
557 715
557 730
557 752
557 758
557 808
557 904
557 919
557 937
557 987
558 915
558 931
558 962
559 572
559 593
559 637
559 776
559 883
559 888
559 950
559 953
560 609
560 612
560 624
560 627
560 639
560 661
560 701
560 719
560 731
560 748
560 820
560 876
560 917
560 990
561 594
561 626
561 651
561 664
561 666
561 733
561 747
561 792
561 810
561 887
561 904
561 969
561 976
562 577
562 665
562 698
562 716
562 795
562 819
562 841
562 862
562 876
562 885
562 929
562 976
563 567
563 570
563 601
563 608
563 616
563 646
563 670
563 761
563 794
563 795
563 818
563 830
563 833
563 839
563 840
563 843
563 870
563 891
563 909
563 930
563 950
563 967
563 985
563 990
564 617
564 640
564 654
564 669
564 720
564 772
564 815
564 834
564 875
564 895
564 897
564 916
565 642
565 659
565 660
565 693
565 700
565 701
565 705
565 711
565 742
565 743
565 745
565 819
565 831
565 866
565 874
565 888
565 907
565 935
565 977
565 980
565 993
566 574
566 639
566 646
566 684
566 692
566 743
566 884
566 957
567 588
567 599
567 614
567 661
567 720
567 838
567 860
567 918
567 968
568 598
568 614
568 743
568 782
568 807
568 827
568 896
568 919
568 982
569 630
569 688
569 742
569 761
569 766
569 820
569 840
569 926
570 573
570 576
570 624
570 669
570 728
570 731
570 735
570 736
570 814
570 847
570 848
570 851
570 868
570 877
570 879
570 881
570 899
570 992
571 605
571 622
571 641
571 664
571 686
571 713
571 716
571 799
571 805
571 850
571 853
571 870
571 900
571 955
572 656
572 662
572 698
572 715
572 826
572 852
572 853
572 874
572 938
572 940
573 587
573 635
573 688
573 692
573 715
573 804
573 820
573 831
573 837
573 893
573 920
573 921
573 922
573 940
573 958
573 970
573 985
574 829
574 840
574 853
574 882
574 983
574 987
575 604
575 605
575 632
575 642
575 644
575 659
575 736
575 751
575 807
575 835
575 853
575 940
576 620
576 626
576 630
576 640
576 659
576 675
576 789
576 798
576 866
576 908
576 962
576 964
576 983
576 993
577 586
577 630
577 660
577 665
577 674
577 691
577 733
577 775
577 783
577 809
577 818
577 874
577 878
577 943
577 944
577 946
577 949
577 974
577 986
578 597
578 603
578 610
578 611
578 668
578 670
578 688
578 714
578 733
578 755
578 763
578 780
578 811
578 822
578 825
578 834
578 842
578 858
578 859
578 867
578 896
578 907
578 909
578 915
578 919
578 943
578 947
578 965
578 995
578 999
579 640
579 664
579 686
579 694
579 734
579 853
579 866
579 894
579 958
579 991
580 588
580 598
580 600
580 685
580 740
580 853
580 858
580 913
580 915
580 934
580 936
580 949
581 598
581 603
581 616
581 632
581 665
581 717
581 723
581 724
581 736
581 767
581 851
581 864
581 897
581 931
581 932
581 933
581 936
581 949
581 984
581 993
582 594
582 616
582 678
582 753
582 771
582 818
582 844
582 889
582 894
582 908
582 910
582 916
582 960
582 976
583 613
583 622
583 652
583 686
583 918
584 603
584 681
584 799
584 826
584 850
584 896
584 942
584 961
584 968
584 970
584 979
585 612
585 796
585 992
586 624
586 659
586 663
586 692
586 697
586 724
586 741
586 777
586 829
586 834
586 923
586 942
586 972
586 993
587 627
587 867
587 930
587 935
587 936
588 665
588 709
588 751
588 813
588 858
588 877
588 900
588 948
588 993
589 607
589 655
589 666
589 713
589 731
589 735
589 779
589 831
589 868
589 876
589 961
590 632
590 686
590 713
590 714
590 751
590 762
590 770
590 805
590 831
590 903
590 951
590 981
591 604
591 621
591 639
591 668
591 720
591 766
591 799
591 938
591 992
592 605
592 643
592 648
592 664
592 677
592 823
592 826
592 866
592 875
592 941
592 955
592 961
593 596
593 632
593 714
593 736
593 751
593 801
593 815
593 834
593 968
593 985
594 617
594 632
594 680
594 684
594 709
594 720
594 745
594 751
594 801
594 808
594 941
595 624
595 645
595 679
595 716
595 718
595 778
595 827
595 832
595 834
595 868
595 894
595 926
595 936
595 991
596 608
596 620
596 621
596 662
596 678
596 686
596 709
596 715
596 720
596 723
596 754
596 780
596 807
596 845
596 848
596 856
596 868
596 885
596 905
596 994
597 622
597 686
597 822
597 903
597 907
597 943
597 990
598 624
598 625
598 690
598 699
598 707
598 736
598 756
598 767
598 774
598 793
598 794
598 803
598 824
598 851
598 855
598 860
598 897
598 906
598 932
598 933
598 936
598 972
598 978
599 675
599 687
599 691
599 946
599 979
599 980
599 982
600 606
600 614
600 661
600 666
600 667
600 684
600 710
600 726
600 746
600 748
600 805
600 826
600 852
600 869
600 923
600 968
601 654
601 684
601 804
601 840
601 859
601 895
601 925
601 993
602 608
602 661
602 691
602 713
602 733
602 852
602 932
603 605
603 636
603 640
603 733
603 767
603 798
603 810
603 927
603 961
603 997
604 640
604 697
604 722
604 772
604 777
604 816
604 821
604 859
604 923
604 927
604 945
605 607
605 682
605 714
605 786
605 891
605 899
605 985
606 642
606 688
606 699
606 741
606 750
606 770
606 887
606 921
606 956
607 661
607 680
607 721
607 775
607 776
607 877
607 953
608 615
608 624
608 691
608 717
608 719
608 734
608 747
608 793
608 843
608 897
608 910
608 967
608 971
609 684
609 716
609 775
609 805
609 825
609 876
609 977
610 623
610 640
610 699
610 742
610 762
610 816
610 842
610 910
610 954
610 955
611 740
611 744
611 966
612 629
612 645
612 667
612 693
612 717
612 734
612 767
612 782
612 847
612 883
612 926
612 977
613 623
613 641
613 659
613 664
613 685
613 706
613 712
613 806
613 824
613 869
613 950
613 992
613 997
613 1000
614 617
614 646
614 657
614 712
614 740
614 747
614 804
614 838
614 927
614 936
614 941
614 971
615 617
615 630
615 651
615 652
615 653
615 666
615 672
615 680
615 696
615 736
615 741
615 800
615 819
615 924
615 940
615 946
615 965
615 966
616 685
616 898
616 923
617 725
617 727
617 734
617 735
617 740
617 758
617 773
617 838
617 887
617 905
617 977
617 990
618 626
618 642
618 665
618 670
618 727
618 772
618 803
618 946
618 950
618 975
618 999
619 771
619 848
619 1000
620 621
620 633
620 659
620 662
620 686
620 733
620 771
620 781
620 809
620 834
620 839
620 927
621 718
621 787
621 834
621 971
622 653
622 657
622 666
622 687
622 753
622 813
622 865
622 878
622 908
622 937
622 972
623 639
623 640
623 685
623 740
623 869
623 946
624 631
624 634
624 666
624 703
624 716
624 804
624 840
624 847
624 886
624 906
624 916
624 922
624 971
625 695
625 749
625 776
625 786
625 858
625 917
625 934
625 976
625 979
626 716
626 726
626 789
626 790
626 813
626 832
626 895
626 903
626 963
627 641
627 648
627 659
627 664
627 665
627 708
627 767
627 774
627 776
627 793
627 835
627 836
627 840
627 906
627 931
627 954
627 960
627 965
627 966
628 719
628 733
628 827
628 930
629 635
629 648
629 736
629 744
629 764
629 799
629 840
629 845
629 855
629 892
629 969
630 666
630 827
630 928
630 946
630 961
631 654
631 747
631 756
631 848
631 881
631 882
631 921
631 922
631 949
631 974
631 997
632 653
632 759
632 817
632 887
632 904
633 689
633 692
633 743
633 772
633 824
633 842
633 866
633 877
633 887
633 889
633 970
633 998
634 667
634 677
634 685
634 704
635 722
635 748
635 751
635 786
635 793
635 846
635 917
635 920
635 942
636 727
636 806
636 842
636 959
636 987
637 721
637 758
637 809
637 889
637 915
637 973
638 662
638 665
638 695
638 712
638 732
638 735
638 745
638 771
638 787
638 794
638 801
638 847
638 869
638 956
639 642
639 758
639 851
639 863
639 912
639 991
640 647
640 662
640 699
640 744
640 756
640 793
640 814
640 821
640 854
640 895
640 899
640 910
640 912
640 942
640 955
641 662
641 741
641 791
641 842
641 862
641 869
642 659
642 679
642 684
642 686
642 789
642 819
642 848
642 868
642 917
642 955
643 666
643 677
643 744
643 852
643 877
643 910
643 977
644 645
644 646
644 691
644 694
644 815
644 864
644 903
644 915
645 648
645 777
645 805
645 837
645 883
645 969
646 690
646 748
646 812
646 845
646 876
646 928
646 935
646 943
646 954
646 958
646 967
646 996
647 703
647 730
647 741
647 756
647 786
647 851
647 864
647 897
648 822
648 833
648 967
648 969
649 656
649 657
649 762
649 815
649 853
649 928
650 700
650 720
650 808
650 819
650 859
650 941
650 969
651 811
651 841
651 876
651 877
652 726
652 738
652 742
652 750
652 753
652 765
652 776
652 797
652 833
652 851
652 882
652 931
652 943
652 978
653 687
653 744
653 904
653 926
653 946
654 682
654 742
654 816
654 912
654 927
654 942
654 971
655 664
655 680
655 759
655 768
655 774
655 942
655 961
656 697
656 707
656 735
656 759
656 799
656 877
656 998
657 713
657 730
657 769
657 877
657 900
657 926
657 941
657 955
658 815
658 833
658 906
658 943
658 945
658 982
659 675
659 757
659 799
659 828
659 972
660 692
660 716
660 724
660 765
660 793
660 939
660 957
661 664
661 686
661 756
661 802
661 810
661 820
661 890
661 892
661 944
661 959
661 968
661 981
661 1000
662 687
662 700
662 744
662 768
662 771
662 787
662 797
662 806
662 862
662 895
662 898
662 926
662 936
662 940
663 674
663 697
663 760
663 871
663 892
663 916
663 963
663 985
663 997
664 719
664 723
664 734
664 749
664 761
664 811
664 874
664 879
664 941
664 968
664 970
664 986
665 694
665 707
665 718
665 720
665 734
665 752
665 767
665 771
665 785
665 815
665 816
665 846
665 859
665 941
665 977
666 682
666 774
666 775
666 838
666 910
666 970
666 983
667 687
667 713
667 750
667 866
667 987
668 727
668 737
668 827
668 909
668 933
668 945
668 975
669 804
669 808
669 843
669 861
669 901
670 692
670 703
670 784
670 830
670 887
670 892
670 900
670 936
671 685
671 696
671 707
671 710
671 734
671 844
671 895
671 922
671 944
671 980
671 982
672 765
672 787
672 826
672 867
673 688
673 715
673 747
673 786
673 905
674 694
674 734
674 840
674 869
674 925
674 955
675 679
675 695
675 791
675 792
675 817
675 849
675 866
675 890
675 926
675 964
675 985
675 993
675 994
676 684
676 807
676 870
676 915
676 950
677 685
677 721
677 826
677 834
677 836
677 854
677 974
677 993
678 710
678 748
678 750
678 765
678 779
678 877
678 938
678 968
678 984
678 1000
679 707
679 804
679 820
679 854
679 889
679 971
679 986
679 993
680 727
680 788
680 951
681 683
681 748
681 799
681 864
681 878
681 955
681 985
682 683
682 851
682 866
682 915
683 710
683 768
683 841
683 861
683 915
683 921
683 928
684 698
684 716
684 782
684 795
684 798
684 799
684 804
684 817
684 850
684 857
684 862
684 866
684 870
684 880
684 881
684 896
684 912
684 918
684 938
684 941
684 954
684 956
684 968
685 688
685 706
685 711
685 734
685 739
685 802
685 806
685 820
685 879
685 909
685 911
685 935
685 950
686 738
686 745
686 754
686 762
686 775
686 804
686 805
686 825
686 835
686 852
686 870
686 888
686 902
686 935
686 955
686 968
686 974
686 975
686 979
686 992
687 780
687 783
687 889
687 901
687 907
687 912
687 944
688 700
688 726
688 743
688 820
688 830
688 846
688 850
688 861
688 920
688 931
688 936
688 940
688 958
688 960
688 973
688 993
689 725
689 740
689 817
689 824
689 834
689 862
689 874
689 987
690 724
690 744
690 748
690 815
690 851
690 859
690 921
690 941
690 943
691 702
691 709
691 772
691 790
691 804
691 840
691 849
691 852
691 884
691 957
691 961
691 980
691 997
692 787
692 794
692 834
692 897
692 932
692 933
692 948
692 988
692 989
693 716
693 789
693 791
693 864
693 909
694 696
694 759
694 815
694 872
694 905
694 913
694 928
694 971
694 975
694 985
695 714
695 747
695 783
695 805
695 812
695 834
695 875
695 922
695 928
696 808
696 809
696 831
696 846
696 915
696 955
696 986
697 736
697 769
697 864
697 946
697 971
698 732
698 744
698 860
698 944
699 718
699 739
699 745
699 746
699 800
699 810
699 859
699 860
699 872
699 889
699 942
699 950
699 952
699 953
699 971
699 974
699 997
700 745
700 758
700 769
700 866
700 874
701 731
701 757
701 886
701 943
701 948
701 964
702 720
702 730
702 853
703 756
703 820
703 829
703 833
703 847
703 898
703 925
703 927
703 928
704 769
704 831
704 840
704 851
704 900
704 991
705 732
705 760
705 789
705 792
705 801
705 848
705 857
705 936
706 806
706 849
706 859
706 873
706 897
706 950
706 955
706 960
707 752
707 762
707 787
707 805
707 825
707 862
707 871
707 938
707 986
708 734
708 907
709 727
709 788
709 961
710 748
710 799
711 781
711 806
711 936
712 753
712 766
712 778
712 802
712 824
712 910
712 999
713 732
713 762
713 831
713 835
713 837
713 884
713 885
713 894
713 901
713 905
713 941
714 760
714 761
714 785
714 808
714 852
714 867
714 990
715 758
715 835
715 861
715 871
715 905
715 917
715 976
715 982
716 735
716 739
716 749
716 818
716 823
716 839
716 846
716 876
716 886
716 895
716 915
716 944
716 948
717 719
717 846
717 986
718 769
718 790
718 804
718 989
719 772
719 787
719 813
719 848
719 910
719 925
719 951
719 999
720 760
720 774
720 847
720 876
720 888
720 942
720 946
721 744
721 748
721 751
721 775
721 868
721 901
721 917
721 926
721 928
721 991
722 728
722 745
722 822
722 903
723 731
723 738
723 791
723 926
723 950
724 736
724 774
724 776
724 827
724 842
724 851
724 863
724 906
724 928
724 954
724 957
724 981
724 991
725 744
725 864
725 954
726 751
726 864
726 941
726 944
726 973
727 827
727 876
728 775
728 842
728 847
728 886
728 983
729 799
729 812
729 892
729 909
729 969
729 978
729 985
730 744
730 791
730 819
730 897
730 939
730 950
730 980
731 767
731 787
731 876
731 949
732 751
732 821
732 834
732 883
732 905
732 910
732 926
733 734
733 988
734 756
734 790
734 812
734 849
734 914
734 946
735 755
735 805
735 828
736 739
736 756
736 760
736 774
736 786
736 789
736 792
736 829
736 851
736 860
736 863
736 933
736 936
736 958
736 960
736 981
736 987
736 993
737 801
737 851
737 875
737 897
737 974
738 846
738 894
738 966
738 999
739 800
739 904
740 789
740 868
740 876
741 808
741 850
741 937
741 942
741 943
741 975
741 977
741 989
742 748
742 751
742 761
742 796
742 815
742 925
742 946
743 758
743 933
744 779
744 783
744 799
744 813
744 830
744 840
744 846
744 889
744 897
744 906
744 954
744 987
745 789
745 919
745 930
745 970
746 851
746 858
746 913
746 928
746 932
747 774
747 813
747 833
747 835
747 840
747 857
747 860
747 868
747 869
747 897
747 910
747 919
747 930
747 945
747 952
747 971
747 974
748 768
748 773
748 785
748 813
748 842
748 882
748 914
748 931
748 950
748 954
748 957
748 960
748 996
749 867
749 878
749 887
750 751
750 850
750 991
751 768
751 769
751 811
751 825
751 828
751 834
751 835
751 836
751 850
751 866
751 869
751 893
751 947
751 966
751 976
752 769
752 892
752 941
752 948
752 992
753 769
753 799
753 802
753 805
753 815
753 822
753 915
753 998
754 822
754 876
754 891
754 919
754 948
754 956
754 966
754 969
754 970
755 761
755 776
755 794
755 832
755 834
755 866
755 907
755 915
755 955
755 957
756 774
756 860
756 879
756 897
756 922
756 933
756 971
756 988
757 806
757 836
757 839
757 900
757 910
757 934
757 950
757 978
758 760
758 784
758 796
758 917
758 943
758 998
759 789
759 809
759 892
759 923
759 940
759 966
760 819
760 899
760 905
760 925
760 966
761 834
761 860
761 881
761 893
761 904
761 955
762 823
762 841
762 853
762 867
762 874
762 884
762 887
762 903
762 911
762 920
762 921
762 941
762 963
763 804
763 890
763 975
764 835
764 865
764 888
764 919
765 887
765 900
765 928
766 887
766 919
766 921
766 925
767 794
767 851
767 903
767 975
767 982
767 985
768 777
768 834
768 900
768 910
768 971
769 792
769 840
769 842
769 892
769 901
769 921
769 941
769 982
770 802
770 826
770 849
770 871
770 909
770 915
770 932
771 787
771 831
771 871
771 885
771 899
771 909
771 948
771 949
771 989
772 855
772 865
772 877
772 908
772 998
773 804
773 862
773 933
774 851
774 906
774 942
774 948
774 957
775 783
775 788
775 921
775 979
776 823
776 832
776 841
776 844
776 864
776 865
776 987
778 797
778 810
778 852
778 946
778 954
778 968
779 812
779 824
779 954
779 985
779 990
779 993
780 793
780 810
780 978
780 998
781 787
782 837
782 854
782 871
782 874
782 910
783 790
783 791
784 799
784 815
784 823
784 857
784 891
784 905
784 907
784 956
785 895
785 907
785 966
785 991
786 792
786 837
786 851
786 881
786 888
786 897
786 906
786 933
786 941
786 969
786 1000
787 794
787 797
787 821
787 899
787 900
787 926
788 790
788 840
788 866
788 899
788 927
788 942
788 963
788 983
788 993
789 790
789 808
789 879
789 906
789 918
789 933
789 982
789 988
789 993
790 975
790 990
791 859
791 873
791 909
791 964
791 993
792 814
792 854
792 859
792 910
792 919
792 926
792 935
792 976
793 816
793 832
793 896
793 954
793 966
793 969
794 801
794 833
794 904
794 963
795 801
795 831
795 867
795 880
795 897
795 977
796 876
796 894
796 929
796 957
797 966
797 981
798 834
798 862
798 925
798 957
799 892
799 911
800 916
800 936
800 949
800 993
801 840
801 900
801 925
801 936
801 937
802 815
802 826
802 833
802 925
802 938
802 999
803 834
803 838
803 930
803 998
804 847
804 852
804 861
804 890
804 896
804 911
804 918
804 929
804 943
804 968
804 971
804 976
804 994
805 836
805 853
805 855
805 870
805 911
805 913
805 935
805 938
805 974
806 820
806 945
807 823
807 859
807 930
807 974
807 998
808 809
808 835
808 842
808 858
808 874
808 934
809 872
809 905
809 963
810 819
810 820
810 950
810 999
811 817
811 834
811 897
811 911
811 961
811 965
811 967
811 973
812 967
813 817
813 907
813 915
813 943
813 950
813 975
814 886
814 896
814 910
814 945
815 820
815 836
815 892
815 931
815 967
815 970
815 991
816 821
816 859
816 910
816 956
816 961
818 840
818 859
818 902
818 946
818 985
819 892
819 976
819 993
820 846
820 850
820 861
820 920
820 922
820 943
820 958
821 854
821 889
821 945
821 952
821 965
821 978
821 997
822 845
822 859
823 927
823 968
824 833
824 834
824 882
824 950
825 909
825 955
826 848
826 892
826 980
827 879
827 941
827 991
828 884
828 894
828 985
829 860
830 879
830 947
831 874
831 903
831 923
831 946
831 960
831 999
832 834
832 869
832 882
832 907
832 945
832 985
833 840
833 925
833 927
834 836
834 884
834 890
834 891
834 913
834 914
834 991
834 995
835 930
835 961
836 991
837 877
837 980
838 869
838 889
838 900
839 840
839 925
839 994
840 843
840 845
840 959
840 967
841 859
841 879
841 894
841 911
841 926
841 936
841 954
841 989
842 848
842 877
842 908
842 917
842 930
842 991
843 860
843 900
843 956
843 971
843 980
844 865
844 976
845 987
846 920
846 940
846 960
847 958
847 990
847 995
848 968
848 976
849 886
849 933
849 958
849 980
850 885
850 926
850 963
850 977
851 863
851 867
851 897
851 932
851 933
851 936
851 943
851 944
851 973
851 978
852 904
852 911
852 929
852 949
852 990
853 856
853 898
853 923
853 926
853 947
853 966
853 996
853 998
854 912
854 932
854 942
854 982
854 997
855 877
855 961
855 999
856 865
856 919
856 921
856 967
858 893
858 955
858 966
858 999
859 889
859 894
859 910
859 927
859 942
859 952
859 971
860 864
860 893
860 901
860 906
860 915
860 933
860 966
861 903
861 920
861 940
861 958
861 970
861 999
862 946
862 966
863 877
863 900
863 928
864 885
864 892
864 923
864 928
864 936
865 926
865 997
866 915
866 931
866 946
866 947
867 928
868 876
868 964
868 973
868 987
868 989
869 874
869 929
869 950
870 969
870 982
871 883
871 895
871 930
871 984
871 990
873 901
873 949
873 962
873 980
873 990
874 986
874 990
875 883
875 991
876 906
876 916
876 948
876 956
876 990
877 908
877 914
877 976
877 992
878 889
878 915
878 955
879 926
879 996
880 891
880 908
880 926
880 970
880 976
880 982
880 998
881 955
882 886
882 908
882 943
882 955
883 895
883 900
883 953
883 969
883 991
884 921
885 894
885 907
885 931
886 892
886 966
886 991
886 998
887 921
887 982
887 990
888 948
889 927
889 930
889 946
889 952
889 961
889 980
890 902
890 913
890 960
891 979
892 919
892 923
892 941
892 983
893 933
894 921
895 900
895 947
896 924
896 960
896 987
897 906
897 921
897 932
897 935
897 951
897 953
897 957
897 975
897 981
898 928
898 955
899 970
899 1000
900 934
900 941
900 972
900 993
900 996
901 943
901 961
901 998
902 991
903 941
903 969
904 927
904 969
905 921
905 932
905 959
905 999
906 928
906 995
908 911
908 933
908 953
908 965
908 976
909 949
909 960
910 942
910 1000
911 944
911 964
912 966
913 928
913 982
913 995
914 946
914 977
914 985
915 939
915 949
915 984
915 986
916 992
919 930
920 940
920 963
921 927
921 930
921 969
923 933
923 937
923 955
923 972
924 966
924 991
924 995
925 931
925 954
925 963
925 969
926 989
927 962
927 984
928 943
928 950
928 987
929 939
930 938
930 952
930 997
931 991
932 936
932 943
932 981
933 934
933 939
933 981
934 999
936 944
937 968
940 971
941 951
941 961
941 962
941 1000
942 997
943 955
943 967
945 977
946 977
946 981
946 994
948 964
949 957
949 978
952 998
953 969
953 994
954 980
954 990
954 993
955 991
955 996
957 991
959 962
959 985
961 980
965 977
966 971
966 999
967 977
967 991
969 977
969 982
969 985
969 987
974 976
978 981
980 996
983 1000
984 985
985 995
