# LFR benchmark graph: regime=B mu=0.5 realization=1
# undirected, unweighted; 1-based node ids; each edge listed once.
1 17
1 154
1 165
1 182
1 231
1 241
1 251
1 313
1 340
1 457
1 503
1 506
1 548
1 565
1 583
1 608
1 626
1 675
1 682
1 696
1 712
1 758
1 771
1 777
1 819
1 894
1 942
1 959
1 997
2 4
2 67
2 145
2 165
2 196
2 200
2 213
2 219
2 280
2 319
2 354
2 438
2 486
2 541
2 572
2 586
2 651
2 659
2 663
2 825
2 923
3 7
3 87
3 102
3 154
3 183
3 194
3 203
3 288
3 305
3 353
3 359
3 375
3 401
3 432
3 447
3 468
3 477
3 544
3 546
3 552
3 553
3 555
3 594
3 604
3 762
3 814
3 854
3 890
3 954
3 975
3 988
4 32
4 37
4 58
4 60
4 76
4 141
4 179
4 281
4 295
4 307
4 390
4 476
4 483
4 522
4 581
4 646
4 673
4 677
4 841
4 847
4 856
4 857
4 891
4 978
5 29
5 93
5 99
5 130
5 237
5 247
5 316
5 325
5 463
5 572
5 601
5 639
5 660
5 816
5 872
5 932
5 934
5 978
6 80
6 83
6 93
6 132
6 136
6 151
6 153
6 155
6 180
6 217
6 239
6 308
6 335
6 340
6 352
6 360
6 362
6 382
6 410
6 444
6 499
6 530
6 549
6 550
6 553
6 569
6 593
6 621
6 639
6 695
6 709
6 727
6 736
6 753
6 762
6 771
6 774
6 780
6 827
6 848
6 852
6 872
6 877
6 889
6 896
6 906
6 932
6 956
6 976
7 25
7 43
7 51
7 75
7 93
7 183
7 232
7 344
7 431
7 437
7 515
7 692
7 716
7 746
7 752
7 788
7 886
7 934
8 16
8 35
8 50
8 77
8 81
8 106
8 111
8 135
8 176
8 194
8 201
8 219
8 241
8 242
8 270
8 278
8 284
8 305
8 338
8 381
8 383
8 385
8 409
8 436
8 437
8 469
8 497
8 519
8 537
8 545
8 562
8 603
8 618
8 620
8 624
8 673
8 683
8 734
8 770
8 798
8 811
8 820
8 874
8 928
8 931
8 951
8 972
8 977
8 979
8 983
9 22
9 29
9 31
9 84
9 179
9 185
9 197
9 275
9 320
9 328
9 357
9 368
9 538
9 613
9 631
9 643
9 692
9 706
9 758
9 768
9 857
9 859
9 888
9 968
9 975
10 32
10 64
10 67
10 203
10 209
10 217
10 253
10 352
10 357
10 451
10 457
10 507
10 516
10 554
10 618
10 847
10 906
10 957
11 22
11 24
11 75
11 101
11 124
11 159
11 163
11 190
11 197
11 205
11 207
11 240
11 243
11 253
11 304
11 310
11 312
11 313
11 318
11 352
11 401
11 402
11 460
11 515
11 557
11 564
11 595
11 610
11 632
11 639
11 664
11 705
11 712
11 757
11 759
11 800
11 866
11 886
11 920
11 954
11 999
12 21
12 67
12 198
12 237
12 264
12 286
12 295
12 335
12 395
12 417
12 428
12 430
12 435
12 502
12 515
12 548
12 572
12 684
12 836
12 880
12 889
12 924
12 928
13 87
13 93
13 100
13 109
13 149
13 163
13 180
13 222
13 250
13 293
13 304
13 324
13 329
13 332
13 377
13 506
13 545
13 567
13 579
13 604
13 608
13 716
13 765
13 781
13 942
13 969
13 974
14 16
14 63
14 87
14 138
14 201
14 204
14 237
14 305
14 437
14 443
14 466
14 499
14 543
14 575
14 603
14 618
14 638
14 662
14 751
14 776
14 809
14 872
14 880
14 921
14 937
14 969
14 975
15 40
15 64
15 142
15 159
15 168
15 240
15 320
15 371
15 374
15 424
15 496
15 527
15 558
15 569
15 573
15 578
15 692
15 720
15 733
15 744
15 769
15 798
15 838
15 844
15 857
15 969
16 33
16 45
16 193
16 223
16 295
16 336
16 417
16 575
16 682
16 719
16 745
16 758
16 924
16 945
16 952
16 983
16 988
16 996
17 38
17 56
17 92
17 103
17 146
17 290
17 297
17 301
17 321
17 331
17 389
17 415
17 468
17 504
17 506
17 520
17 521
17 527
17 528
17 541
17 551
17 556
17 561
17 631
17 668
17 686
17 710
17 724
17 763
17 776
17 777
17 805
17 811
17 822
17 826
17 844
17 878
17 902
17 910
17 927
17 968
17 971
18 128
18 198
18 201
18 251
18 299
18 398
18 413
18 523
18 616
18 624
18 640
18 748
18 775
18 803
18 859
18 893
18 931
18 942
19 63
19 144
19 145
19 197
19 240
19 258
19 324
19 335
19 347
19 407
19 416
19 427
19 447
19 471
19 477
19 484
19 495
19 529
19 552
19 581
19 597
19 820
19 831
19 833
19 899
19 927
19 993
20 21
20 225
20 267
20 326
20 405
20 409
20 549
20 581
20 593
20 617
20 732
20 813
20 854
20 982
21 43
21 62
21 104
21 108
21 154
21 289
21 332
21 335
21 380
21 431
21 474
21 556
21 594
21 596
21 617
21 632
21 641
21 778
21 788
21 921
22 26
22 62
22 63
22 99
22 100
22 118
22 154
22 183
22 201
22 204
22 210
22 247
22 257
22 286
22 318
22 320
22 355
22 377
22 421
22 422
22 424
22 435
22 464
22 467
22 481
22 521
22 541
22 546
22 557
22 590
22 631
22 645
22 720
22 731
22 752
22 783
22 881
22 922
22 936
22 939
22 940
22 951
22 952
22 973
22 975
22 978
23 49
23 85
23 108
23 159
23 216
23 277
23 315
23 330
23 368
23 387
23 414
23 461
23 541
23 557
23 562
23 594
23 600
23 607
23 618
23 646
23 671
23 837
23 889
23 904
24 39
24 68
24 87
24 93
24 100
24 148
24 154
24 171
24 202
24 203
24 476
24 619
24 640
24 660
24 679
24 815
24 833
24 865
24 883
24 979
24 993
25 32
25 60
25 130
25 138
25 219
25 295
25 357
25 505
25 507
25 550
25 604
25 702
25 758
25 773
25 884
25 928
25 948
25 986
26 30
26 181
26 290
26 294
26 353
26 406
26 450
26 550
26 552
26 672
26 749
26 857
26 885
26 900
26 921
26 973
27 36
27 50
27 75
27 91
27 99
27 189
27 202
27 256
27 271
27 273
27 301
27 407
27 500
27 501
27 505
27 517
27 535
27 537
27 547
27 644
27 723
27 796
27 807
27 821
27 876
27 878
27 953
28 47
28 54
28 82
28 84
28 105
28 192
28 215
28 357
28 365
28 412
28 429
28 485
28 488
28 557
28 580
28 616
28 622
28 681
28 746
28 748
28 775
28 780
28 796
28 859
28 915
28 939
28 946
29 30
29 115
29 120
29 121
29 173
29 186
29 238
29 263
29 276
29 389
29 390
29 436
29 491
29 515
29 534
29 582
29 598
29 607
29 628
29 629
29 633
29 657
29 662
29 668
29 692
29 731
29 749
29 771
29 773
29 786
29 815
29 840
29 844
29 854
29 878
29 890
29 898
29 906
29 924
29 929
29 942
29 1000
30 43
30 53
30 56
30 129
30 179
30 199
30 210
30 219
30 251
30 267
30 285
30 290
30 326
30 336
30 353
30 401
30 422
30 438
30 444
30 476
30 503
30 530
30 533
30 546
30 568
30 571
30 586
30 644
30 648
30 652
30 663
30 665
30 681
30 745
30 787
30 789
30 816
30 822
30 847
30 892
30 902
30 966
30 970
31 57
31 147
31 168
31 251
31 288
31 328
31 335
31 569
31 639
31 646
31 677
31 696
31 783
31 838
31 844
31 917
32 58
32 64
32 67
32 76
32 79
32 89
32 182
32 187
32 243
32 270
32 286
32 328
32 390
32 394
32 417
32 426
32 427
32 465
32 466
32 482
32 497
32 507
32 509
32 516
32 539
32 557
32 715
32 721
32 778
32 804
32 828
32 845
32 857
32 876
32 884
32 896
32 940
32 956
32 975
33 36
33 116
33 125
33 128
33 145
33 165
33 189
33 202
33 252
33 289
33 308
33 467
33 487
33 500
33 535
33 570
33 695
33 732
33 750
33 855
33 882
33 893
33 908
33 928
33 970
33 977
34 88
34 90
34 112
34 182
34 286
34 335
34 343
34 360
34 532
34 560
34 618
34 687
34 708
34 713
34 732
34 738
34 801
34 827
34 831
34 885
34 888
34 891
34 919
34 931
35 92
35 109
35 123
35 237
35 238
35 291
35 294
35 406
35 516
35 530
35 645
35 714
35 811
35 854
35 939
35 961
36 52
36 73
36 129
36 228
36 281
36 289
36 340
36 347
36 426
36 437
36 443
36 555
36 587
36 610
36 614
36 637
36 657
36 663
36 764
36 835
36 871
36 916
37 69
37 99
37 123
37 133
37 134
37 146
37 163
37 182
37 254
37 300
37 367
37 369
37 381
37 406
37 465
37 470
37 477
37 491
37 521
37 528
37 581
37 586
37 599
37 606
37 621
37 659
37 790
37 807
37 825
37 897
37 898
37 905
37 912
38 76
38 89
38 199
38 281
38 321
38 350
38 356
38 371
38 381
38 395
38 401
38 405
38 439
38 482
38 484
38 517
38 524
38 549
38 560
38 589
38 637
38 666
38 668
38 731
38 780
38 814
38 883
38 916
38 922
38 952
38 956
38 982
39 43
39 76
39 110
39 160
39 166
39 213
39 215
39 284
39 352
39 368
39 435
39 484
39 504
39 531
39 541
39 554
39 556
39 558
39 562
39 592
39 646
39 680
39 692
39 704
39 853
39 857
39 902
39 904
39 938
40 42
40 45
40 57
40 73
40 95
40 125
40 165
40 172
40 225
40 232
40 255
40 284
40 296
40 298
40 325
40 329
40 347
40 358
40 362
40 428
40 473
40 499
40 525
40 532
40 540
40 561
40 599
40 603
40 613
40 620
40 622
40 647
40 685
40 695
40 764
40 836
40 865
40 877
40 878
40 904
40 961
41 49
41 88
41 158
41 164
41 184
41 258
41 299
41 303
41 307
41 486
41 552
41 621
41 670
41 723
41 736
41 902
42 87
42 236
42 258
42 388
42 427
42 452
42 464
42 466
42 500
42 510
42 552
42 555
42 577
42 581
42 593
42 644
42 647
42 709
42 847
42 854
42 960
43 145
43 249
43 438
43 463
43 522
43 530
43 568
43 603
43 613
43 633
43 650
43 693
43 695
43 711
43 713
43 723
43 879
43 986
44 59
44 302
44 312
44 403
44 564
44 640
44 708
44 733
44 820
44 930
44 939
44 940
44 979
45 51
45 86
45 139
45 201
45 213
45 287
45 309
45 337
45 343
45 349
45 401
45 422
45 427
45 615
45 633
45 659
45 703
45 719
45 761
45 794
45 803
45 818
45 840
45 860
45 895
46 147
46 165
46 215
46 359
46 385
46 569
46 642
46 674
46 749
46 759
46 986
46 988
47 66
47 82
47 90
47 106
47 285
47 312
47 322
47 361
47 484
47 558
47 748
47 775
47 803
47 859
47 867
47 878
47 942
47 995
48 51
48 117
48 135
48 157
48 235
48 256
48 318
48 368
48 391
48 401
48 503
48 507
48 560
48 650
48 661
48 827
48 833
48 880
48 990
49 50
49 62
49 73
49 158
49 575
49 585
49 633
49 650
49 815
49 817
49 832
49 884
49 889
49 906
49 943
49 988
50 139
50 445
50 488
50 506
50 522
50 575
50 594
50 596
50 650
50 764
50 788
50 876
50 882
50 929
50 983
50 989
50 990
51 57
51 67
51 72
51 209
51 213
51 235
51 263
51 295
51 305
51 309
51 321
51 337
51 343
51 368
51 397
51 401
51 407
51 408
51 421
51 423
51 440
51 443
51 533
51 536
51 564
51 640
51 646
51 649
51 682
51 685
51 738
51 745
51 748
51 754
51 830
51 835
51 842
51 850
51 859
51 863
51 913
51 928
51 931
52 81
52 86
52 136
52 138
52 146
52 169
52 188
52 221
52 328
52 329
52 332
52 368
52 374
52 378
52 414
52 456
52 536
52 539
52 541
52 558
52 559
52 562
52 763
52 769
52 788
52 853
52 874
52 904
52 912
52 920
52 946
52 960
52 975
52 982
53 118
53 165
53 213
53 286
53 306
53 388
53 467
53 532
53 541
53 724
53 744
53 775
53 902
53 930
53 997
54 62
54 94
54 97
54 182
54 232
54 302
54 481
54 563
54 637
54 649
54 871
54 938
55 59
55 83
55 182
55 383
55 406
55 484
55 517
55 548
55 571
55 600
55 634
55 691
55 717
55 817
55 848
55 858
55 877
55 884
55 898
55 923
55 943
55 957
55 961
55 977
56 85
56 244
56 321
56 396
56 401
56 430
56 574
56 809
56 821
56 831
56 843
56 874
56 943
57 168
57 259
57 267
57 288
57 322
57 328
57 341
57 505
57 506
57 523
57 546
57 603
57 605
57 651
57 659
57 696
57 728
57 734
57 810
57 893
57 909
58 64
58 140
58 270
58 286
58 328
58 336
58 359
58 516
58 696
58 811
58 827
58 861
58 921
59 145
59 156
59 258
59 307
59 308
59 395
59 403
59 431
59 436
59 460
59 514
59 547
59 552
59 555
59 581
59 587
59 622
59 680
59 684
59 719
59 736
59 776
59 945
59 956
59 970
59 985
59 987
60 75
60 85
60 166
60 169
60 181
60 190
60 203
60 315
60 418
60 456
60 480
60 527
60 565
60 588
60 626
60 646
60 768
60 780
60 829
60 938
60 946
60 980
61 68
61 130
61 153
61 176
61 181
61 185
61 187
61 233
61 244
61 303
61 316
61 334
61 422
61 431
61 465
61 507
61 542
61 567
61 580
61 648
61 650
61 656
61 659
61 685
61 762
61 807
61 813
61 913
61 917
62 124
62 136
62 186
62 236
62 328
62 371
62 392
62 403
62 440
62 558
62 563
62 599
62 646
62 654
62 692
62 738
62 748
62 764
62 813
62 853
63 153
63 173
63 224
63 246
63 247
63 281
63 319
63 324
63 347
63 359
63 386
63 398
63 419
63 539
63 542
63 544
63 604
63 650
63 774
63 779
63 784
63 829
64 76
64 102
64 123
64 159
64 162
64 243
64 270
64 282
64 283
64 285
64 295
64 322
64 328
64 343
64 361
64 386
64 390
64 395
64 404
64 440
64 485
64 521
64 557
64 570
64 605
64 699
64 752
64 778
64 782
64 806
64 832
64 847
64 850
65 131
65 285
65 296
65 358
65 414
65 425
65 522
65 561
65 577
65 581
65 650
65 800
65 829
65 859
66 90
66 201
66 258
66 313
66 382
66 394
66 399
66 410
66 520
66 661
66 714
66 740
66 746
66 747
66 767
66 816
66 819
66 844
66 879
66 884
66 927
66 942
66 952
67 68
67 76
67 85
67 100
67 159
67 179
67 189
67 201
67 263
67 270
67 328
67 364
67 373
67 390
67 459
67 471
67 509
67 514
67 516
67 525
67 606
67 614
67 847
67 857
67 865
67 898
67 911
67 962
67 991
68 97
68 123
68 124
68 144
68 162
68 170
68 222
68 235
68 237
68 243
68 244
68 249
68 257
68 275
68 312
68 316
68 341
68 392
68 398
68 400
68 410
68 438
68 470
68 495
68 548
68 564
68 603
68 625
68 628
68 629
68 651
68 659
68 662
68 665
68 694
68 710
68 718
68 752
68 861
68 903
68 909
68 926
68 928
68 937
68 951
69 80
69 134
69 330
69 368
69 420
69 435
69 439
69 490
69 492
69 609
69 823
69 825
69 902
69 905
69 952
69 965
69 989
70 81
70 104
70 105
70 173
70 175
70 188
70 203
70 279
70 283
70 290
70 308
70 317
70 356
70 384
70 435
70 498
70 523
70 535
70 618
70 634
70 642
70 647
70 670
70 699
70 708
70 740
70 819
70 861
70 877
70 881
70 888
70 958
71 256
71 302
71 361
71 368
71 432
71 600
71 660
71 692
71 718
71 733
71 826
71 847
71 854
71 975
72 88
72 141
72 227
72 302
72 344
72 479
72 513
72 538
72 551
72 661
72 688
72 731
72 788
72 919
72 939
72 978
73 88
73 141
73 249
73 410
73 450
73 513
73 553
73 568
73 598
73 643
73 722
73 788
73 850
73 858
73 880
73 967
74 97
74 103
74 104
74 207
74 290
74 338
74 353
74 359
74 400
74 451
74 471
74 473
74 479
74 534
74 630
74 774
74 826
74 886
74 900
74 914
74 970
74 977
74 996
75 130
75 190
75 349
75 364
75 521
75 603
75 650
75 692
75 742
75 749
75 784
75 789
76 85
76 178
76 187
76 208
76 212
76 270
76 311
76 328
76 392
76 422
76 423
76 452
76 510
76 516
76 613
76 677
76 726
76 736
76 740
76 753
76 764
76 778
76 789
76 794
76 857
76 902
76 950
77 145
77 285
77 320
77 491
77 522
77 633
77 687
77 700
77 712
77 844
77 879
77 968
78 98
78 101
78 102
78 124
78 145
78 182
78 257
78 294
78 325
78 405
78 443
78 463
78 612
78 671
78 673
78 692
78 809
78 813
78 827
78 918
79 88
79 209
79 328
79 390
79 392
79 451
79 507
79 566
79 579
79 612
79 819
79 847
79 857
79 879
80 101
80 124
80 173
80 249
80 254
80 270
80 273
80 556
80 605
80 683
80 733
80 930
80 943
80 979
80 981
81 90
81 126
81 140
81 147
81 193
81 208
81 224
81 247
81 268
81 284
81 291
81 318
81 340
81 346
81 378
81 381
81 386
81 426
81 452
81 485
81 487
81 566
81 594
81 605
81 609
81 671
81 691
81 694
81 696
81 724
81 732
81 740
81 750
81 761
81 770
81 792
81 793
81 820
81 831
81 840
81 842
81 858
81 865
81 904
81 907
81 916
81 917
81 950
81 957
81 981
81 983
82 180
82 192
82 209
82 343
82 364
82 441
82 482
82 580
82 588
82 612
82 616
82 641
82 716
82 821
82 849
82 853
82 859
82 876
82 881
82 884
82 912
82 957
82 963
83 100
83 106
83 127
83 220
83 290
83 302
83 391
83 517
83 562
83 563
83 574
83 617
83 723
83 836
83 867
84 138
84 190
84 254
84 285
84 317
84 353
84 422
84 488
84 543
84 574
84 679
84 748
84 803
84 836
84 845
84 849
84 946
84 969
85 95
85 111
85 117
85 136
85 178
85 182
85 191
85 220
85 225
85 243
85 257
85 291
85 298
85 340
85 342
85 357
85 373
85 387
85 409
85 442
85 448
85 489
85 512
85 523
85 525
85 548
85 566
85 571
85 574
85 576
85 581
85 593
85 600
85 609
85 611
85 619
85 629
85 642
85 653
85 669
85 674
85 688
85 723
85 724
85 757
85 761
85 773
85 796
85 802
85 831
85 840
85 854
85 878
85 966
85 985
85 987
86 96
86 104
86 109
86 146
86 181
86 183
86 204
86 229
86 232
86 304
86 310
86 317
86 379
86 391
86 418
86 442
86 571
86 660
86 661
86 702
86 763
86 784
86 838
86 905
86 911
87 217
87 218
87 222
87 308
87 337
87 426
87 434
87 439
87 441
87 443
87 578
87 580
87 607
87 651
87 674
87 680
87 700
87 843
87 857
87 908
87 971
88 148
88 206
88 213
88 238
88 245
88 339
88 389
88 421
88 427
88 491
88 499
88 519
88 646
88 650
88 694
88 708
88 747
88 797
88 819
88 901
88 983
89 109
89 135
89 161
89 198
89 250
89 267
89 293
89 308
89 330
89 348
89 371
89 409
89 439
89 454
89 485
89 506
89 520
89 528
89 551
89 558
89 561
89 597
89 607
89 609
89 666
89 672
89 690
89 719
89 724
89 729
89 757
89 777
89 811
89 814
89 816
89 818
89 830
89 834
89 871
89 879
89 903
89 905
89 907
89 919
89 970
89 975
90 103
90 112
90 122
90 206
90 209
90 215
90 222
90 250
90 274
90 276
90 302
90 341
90 352
90 428
90 504
90 537
90 566
90 570
90 571
90 591
90 600
90 622
90 646
90 672
90 681
90 689
90 741
90 777
90 811
90 859
90 949
90 967
91 94
91 112
91 148
91 155
91 170
91 183
91 206
91 240
91 276
91 325
91 342
91 352
91 357
91 380
91 392
91 476
91 479
91 533
91 545
91 638
91 652
91 674
91 695
91 733
91 736
91 766
91 838
91 869
91 872
91 877
91 911
91 915
91 921
91 925
91 929
91 950
91 960
92 108
92 109
92 130
92 155
92 302
92 333
92 515
92 532
92 568
92 583
92 621
92 639
92 651
92 653
92 657
92 686
92 712
92 826
92 838
92 927
93 100
93 123
93 148
93 212
93 283
93 329
93 407
93 558
93 645
93 732
93 736
93 743
93 764
93 792
93 841
93 870
93 922
94 152
94 155
94 176
94 179
94 186
94 208
94 269
94 285
94 312
94 338
94 353
94 368
94 376
94 382
94 386
94 494
94 535
94 604
94 608
94 672
94 701
94 743
94 788
94 792
94 795
94 967
95 125
95 148
95 159
95 205
95 219
95 294
95 335
95 388
95 390
95 407
95 410
95 463
95 489
95 501
95 514
95 641
95 647
95 649
95 661
95 765
95 770
95 836
95 873
95 918
95 958
96 154
96 188
96 192
96 207
96 270
96 457
96 542
96 583
96 588
96 618
96 629
96 732
96 744
96 964
97 104
97 234
97 236
97 303
97 347
97 560
97 591
97 656
97 760
97 777
97 826
97 846
97 943
98 266
98 285
98 316
98 354
98 406
98 440
98 488
98 523
98 532
98 569
98 612
98 625
98 747
98 748
98 819
98 846
98 879
98 924
98 932
98 937
99 165
99 227
99 261
99 263
99 287
99 305
99 310
99 325
99 330
99 344
99 408
99 414
99 444
99 453
99 466
99 520
99 553
99 561
99 596
99 598
99 673
99 692
99 700
99 714
99 742
99 780
99 781
99 851
99 885
99 910
99 936
100 141
100 159
100 163
100 242
100 257
100 290
100 291
100 329
100 408
100 422
100 452
100 501
100 503
100 514
100 518
100 612
100 651
100 686
100 698
100 743
100 814
100 832
100 894
100 896
100 925
100 938
100 969
101 177
101 328
101 381
101 414
101 583
101 587
101 695
101 697
101 699
101 719
102 136
102 147
102 152
102 186
102 256
102 295
102 300
102 318
102 335
102 369
102 390
102 479
102 518
102 523
102 549
102 563
102 573
102 585
102 592
102 638
102 672
102 693
102 771
102 819
102 899
102 923
102 936
102 942
102 952
102 971
102 995
103 135
103 175
103 176
103 189
103 211
103 431
103 437
103 490
103 554
103 583
103 652
103 689
103 871
103 902
103 922
103 971
104 113
104 118
104 134
104 144
104 150
104 162
104 173
104 200
104 204
104 210
104 219
104 224
104 246
104 273
104 279
104 282
104 313
104 388
104 400
104 449
104 488
104 513
104 515
104 604
104 636
104 637
104 640
104 645
104 691
104 702
104 716
104 740
104 744
104 756
104 784
104 820
104 825
104 829
104 839
104 844
104 853
104 867
104 906
104 916
104 928
104 934
104 941
104 945
104 966
104 968
104 970
104 984
105 235
105 237
105 246
105 429
105 491
105 522
105 549
105 561
105 612
105 646
105 647
105 775
105 957
106 173
106 181
106 206
106 213
106 285
106 293
106 343
106 442
106 489
106 632
106 809
106 921
106 956
107 112
107 158
107 168
107 179
107 180
107 274
107 287
107 288
107 290
107 294
107 361
107 382
107 404
107 431
107 432
107 445
107 447
107 480
107 483
107 490
107 541
107 610
107 684
107 713
107 721
107 733
107 787
107 795
107 830
107 851
107 877
107 903
107 980
108 110
108 273
108 279
108 290
108 331
108 345
108 359
108 413
108 453
108 472
108 480
108 491
108 521
108 556
108 596
108 617
108 651
108 681
108 750
108 756
108 895
108 912
108 920
109 247
109 256
109 261
109 284
109 313
109 422
109 545
109 577
109 588
109 611
109 621
109 675
109 822
109 942
110 177
110 184
110 231
110 294
110 296
110 304
110 308
110 318
110 327
110 359
110 361
110 382
110 439
110 454
110 484
110 532
110 583
110 603
110 608
110 621
110 744
110 792
110 848
110 887
110 894
110 899
110 907
111 174
111 177
111 184
111 203
111 259
111 284
111 302
111 311
111 313
111 319
111 340
111 342
111 345
111 352
111 354
111 376
111 386
111 392
111 399
111 403
111 416
111 437
111 539
111 574
111 600
111 656
111 675
111 677
111 692
111 718
111 733
111 943
111 971
111 972
111 976
111 988
112 123
112 133
112 136
112 142
112 181
112 226
112 377
112 442
112 447
112 496
112 553
112 566
112 585
112 598
112 630
112 651
112 681
112 743
112 859
112 964
113 171
113 191
113 208
113 285
113 322
113 363
113 482
113 520
113 559
113 588
113 666
113 775
113 859
113 872
113 892
113 906
113 908
113 961
114 190
114 211
114 229
114 249
114 349
114 502
114 514
114 541
114 570
114 594
114 630
114 812
114 813
114 923
114 927
114 980
114 995
115 162
115 165
115 170
115 219
115 297
115 340
115 375
115 391
115 392
115 393
115 564
115 574
115 660
115 678
115 716
115 732
115 753
115 788
115 791
115 949
115 998
116 205
116 224
116 339
116 377
116 508
116 540
116 587
116 679
116 785
116 878
116 934
117 123
117 213
117 233
117 265
117 286
117 309
117 319
117 399
117 401
117 512
117 533
117 674
117 708
117 719
117 744
117 759
117 800
117 854
117 877
117 919
117 978
117 996
118 179
118 255
118 273
118 358
118 394
118 406
118 452
118 797
118 874
118 969
119 150
119 247
119 302
119 306
119 383
119 471
119 554
119 604
119 643
119 663
119 698
119 739
119 762
119 774
119 781
119 819
119 923
119 975
120 177
120 184
120 278
120 329
120 330
120 447
120 457
120 469
120 504
120 563
120 600
120 647
120 736
120 817
120 838
120 841
120 858
120 863
120 971
120 981
121 169
121 172
121 233
121 515
121 527
121 541
121 749
121 750
121 846
121 884
121 964
122 205
122 222
122 273
122 433
122 489
122 497
122 523
122 580
122 645
122 687
122 696
122 704
122 745
122 774
122 853
122 885
122 902
122 908
122 988
123 136
123 152
123 161
123 167
123 168
123 174
123 180
123 230
123 308
123 410
123 452
123 490
123 502
123 518
123 532
123 536
123 548
123 587
123 602
123 618
123 626
123 652
123 686
123 707
123 743
123 764
123 813
123 821
123 843
123 849
123 873
123 941
124 126
124 154
124 173
124 195
124 222
124 305
124 341
124 347
124 358
124 398
124 428
124 480
124 528
124 530
124 538
124 634
124 668
124 694
124 703
124 704
124 732
124 736
124 847
124 853
124 861
124 877
124 896
124 930
125 130
125 150
125 280
125 283
125 305
125 316
125 335
125 412
125 552
125 600
125 602
125 616
125 636
125 674
125 706
125 818
125 838
125 969
125 992
126 135
126 166
126 217
126 219
126 310
126 337
126 388
126 447
126 490
126 645
126 695
126 837
126 872
126 927
126 928
126 960
126 989
127 137
127 165
127 179
127 195
127 248
127 257
127 413
127 468
127 521
127 587
127 613
127 691
127 704
127 767
127 780
127 811
127 814
127 831
127 857
128 133
128 252
128 254
128 339
128 406
128 480
128 500
128 511
128 540
128 573
128 588
128 731
128 748
128 775
128 776
128 859
128 989
129 254
129 316
129 318
129 335
129 430
129 519
129 641
129 668
129 836
129 854
129 870
129 893
129 957
130 195
130 217
130 229
130 283
130 355
130 380
130 381
130 390
130 414
130 429
130 447
130 467
130 479
130 532
130 584
130 615
130 627
130 638
130 674
130 691
130 712
130 714
130 717
130 719
130 726
130 729
130 783
130 828
130 841
130 852
130 872
130 919
130 949
130 971
130 972
130 987
131 139
131 149
131 205
131 260
131 294
131 329
131 332
131 350
131 377
131 408
131 447
131 626
131 686
131 692
131 720
131 752
131 753
131 822
131 840
131 853
131 969
132 174
132 228
132 310
132 328
132 370
132 371
132 416
132 480
132 504
132 604
132 648
132 737
132 788
132 933
132 991
133 214
133 226
133 245
133 278
133 295
133 405
133 410
133 432
133 439
133 533
133 551
133 597
133 613
133 616
133 666
133 679
133 682
133 724
133 757
133 762
133 764
133 774
133 798
133 822
133 826
133 894
133 923
133 945
133 958
134 140
134 196
134 230
134 241
134 260
134 310
134 342
134 359
134 432
134 542
134 675
134 682
134 690
134 763
134 777
134 822
134 902
134 926
135 136
135 161
135 165
135 170
135 204
135 208
135 259
135 309
135 320
135 321
135 400
135 432
135 465
135 481
135 489
135 492
135 528
135 549
135 553
135 590
135 625
135 694
135 700
135 713
135 745
135 769
135 774
135 816
135 819
135 830
135 860
135 865
135 902
135 905
135 952
135 955
135 982
136 160
136 164
136 169
136 172
136 182
136 193
136 287
136 347
136 368
136 384
136 424
136 437
136 451
136 456
136 522
136 539
136 541
136 558
136 565
136 623
136 646
136 663
136 708
136 756
136 837
136 853
136 862
136 903
136 904
136 938
136 946
136 953
136 980
136 981
137 222
137 229
137 272
137 284
137 345
137 354
137 393
137 451
137 456
137 558
137 609
137 611
137 645
137 736
137 770
137 804
137 832
137 848
137 914
137 937
138 140
138 263
138 264
138 330
138 415
138 419
138 504
138 532
138 548
138 561
138 562
138 571
138 574
138 600
138 601
138 603
138 656
138 723
138 725
138 791
138 809
138 822
138 847
138 911
138 919
138 936
138 951
138 956
138 964
139 330
139 354
139 446
139 600
139 625
139 626
139 644
139 645
139 651
139 843
139 852
139 866
139 872
139 952
140 145
140 204
140 255
140 257
140 258
140 465
140 623
140 628
140 723
140 734
140 757
140 762
140 863
140 928
141 182
141 229
141 253
141 280
141 316
141 328
141 332
141 443
141 447
141 671
141 728
141 733
141 781
141 787
141 813
141 850
141 964
141 980
142 157
142 197
142 205
142 243
142 270
142 275
142 398
142 466
142 522
142 647
142 653
142 692
142 705
142 712
142 715
142 719
142 796
142 797
142 879
142 886
142 1000
143 187
143 217
143 379
143 388
143 396
143 458
143 487
143 530
143 578
143 617
143 619
143 706
143 815
143 830
143 956
143 990
144 245
144 284
144 355
144 444
144 512
144 530
144 546
144 569
144 587
144 622
144 692
144 798
144 872
144 927
144 978
145 147
145 170
145 182
145 234
145 236
145 258
145 274
145 307
145 308
145 312
145 313
145 314
145 347
145 351
145 393
145 466
145 486
145 494
145 501
145 535
145 552
145 556
145 565
145 581
145 592
145 624
145 649
145 687
145 712
145 776
145 786
145 809
145 821
145 868
145 878
145 897
145 899
145 902
145 905
145 909
145 942
145 953
145 998
146 164
146 166
146 169
146 227
146 286
146 368
146 414
146 465
146 510
146 627
146 629
146 646
146 731
146 837
146 853
146 938
146 943
146 963
147 151
147 191
147 261
147 273
147 284
147 290
147 299
147 349
147 350
147 355
147 357
147 371
147 372
147 426
147 441
147 504
147 540
147 548
147 550
147 563
147 574
147 646
147 655
147 659
147 669
147 671
147 681
147 703
147 718
147 723
147 725
147 734
147 773
147 796
147 817
147 876
147 880
147 916
147 947
147 951
147 954
147 964
147 986
148 190
148 268
148 272
148 275
148 276
148 303
148 402
148 431
148 546
148 624
148 664
148 681
148 736
148 744
148 750
148 799
148 937
149 260
149 324
149 325
149 486
149 517
149 547
149 612
149 614
149 697
149 758
149 762
149 781
149 813
149 844
149 885
149 966
149 969
149 987
150 172
150 256
150 289
150 318
150 427
150 431
150 515
150 549
150 580
150 593
150 621
150 638
150 650
150 660
150 692
150 731
150 767
150 822
150 849
150 850
150 943
150 970
151 161
151 182
151 209
151 329
151 382
151 387
151 388
151 430
151 432
151 549
151 570
151 583
151 618
151 649
151 710
151 813
151 817
151 822
151 854
151 878
151 919
151 922
151 966
152 158
152 177
152 260
152 282
152 404
152 452
152 458
152 572
152 651
152 686
152 774
152 862
152 881
152 918
152 925
153 179
153 229
153 401
153 532
153 546
153 553
153 593
153 600
153 655
153 712
153 745
153 927
154 176
154 193
154 210
154 211
154 213
154 227
154 249
154 261
154 309
154 320
154 344
154 352
154 353
154 369
154 408
154 448
154 463
154 490
154 511
154 529
154 582
154 615
154 691
154 707
154 730
154 750
154 809
154 830
154 871
154 872
154 882
154 939
154 980
154 991
154 997
155 196
155 213
155 266
155 310
155 344
155 363
155 368
155 376
155 388
155 410
155 495
155 502
155 524
155 531
155 532
155 542
155 560
155 569
155 574
155 591
155 602
155 621
155 631
155 637
155 645
155 647
155 695
155 708
155 730
155 765
155 780
155 799
155 812
155 821
155 831
155 864
155 882
155 909
155 921
155 950
155 955
155 960
155 984
156 201
156 207
156 290
156 507
156 640
156 774
156 835
156 903
156 953
157 264
157 369
157 383
157 393
157 422
157 492
157 495
157 618
157 693
157 704
157 748
157 806
157 975
158 211
158 232
158 313
158 504
158 506
158 597
158 628
158 659
158 667
158 733
158 846
158 930
158 973
158 980
159 174
159 180
159 181
159 187
159 190
159 211
159 250
159 369
159 377
159 384
159 396
159 453
159 518
159 543
159 569
159 624
159 645
159 651
159 694
159 743
159 755
159 765
159 852
159 969
160 318
160 344
160 368
160 456
160 459
160 541
160 555
160 565
160 579
160 651
160 785
160 796
160 853
160 854
160 879
160 904
160 906
160 943
160 960
160 964
161 169
161 183
161 261
161 272
161 296
161 443
161 576
161 666
161 742
161 758
161 816
161 819
161 874
161 879
161 905
162 240
162 285
162 294
162 319
162 495
162 626
162 631
162 642
162 713
162 783
162 866
162 904
162 979
162 984
163 303
163 316
163 324
163 338
163 351
163 451
163 688
163 743
163 857
163 917
163 957
164 237
164 249
164 269
164 276
164 368
164 456
164 462
164 496
164 539
164 542
164 558
164 565
164 589
164 747
164 794
164 831
164 853
164 882
164 904
164 910
164 938
164 949
165 206
165 213
165 225
165 255
165 280
165 296
165 307
165 355
165 358
165 362
165 396
165 420
165 493
165 542
165 608
165 645
165 649
165 654
165 685
165 699
165 764
165 779
165 784
165 803
165 812
165 825
165 837
165 866
165 879
165 883
165 898
165 911
165 947
165 989
166 169
166 197
166 229
166 277
166 287
166 320
166 328
166 344
166 368
166 392
166 410
166 456
166 541
166 562
166 565
166 652
166 688
166 709
166 711
166 713
166 759
166 806
166 819
166 837
166 853
166 895
166 904
166 922
167 181
167 197
167 260
167 329
167 393
167 431
167 438
167 503
167 518
167 519
167 524
167 573
167 577
167 597
167 604
167 614
167 645
167 686
167 762
167 969
168 171
168 263
168 288
168 304
168 350
168 386
168 511
168 513
168 531
168 536
168 569
168 573
168 591
168 593
168 600
168 601
168 607
168 619
168 637
168 646
168 670
168 725
168 748
168 944
169 186
169 187
169 210
169 288
169 347
169 378
169 392
169 396
169 403
169 413
169 456
169 529
169 535
169 539
169 558
169 605
169 621
169 646
169 782
169 837
169 853
169 866
169 874
169 904
169 923
169 928
169 932
170 193
170 201
170 209
170 215
170 216
170 244
170 280
170 334
170 451
170 517
170 631
170 674
170 688
170 701
170 748
170 774
170 872
170 921
170 927
170 930
170 942
170 968
171 248
171 407
171 408
171 481
171 497
171 527
171 566
171 581
171 657
171 670
171 696
171 798
171 810
171 819
171 988
172 179
172 257
172 273
172 395
172 439
172 451
172 508
172 527
172 568
172 580
172 581
172 595
172 597
172 760
172 809
172 842
172 878
172 920
172 931
172 966
173 179
173 182
173 204
173 206
173 238
173 239
173 283
173 298
173 301
173 302
173 304
173 335
173 354
173 359
173 378
173 393
173 395
173 438
173 445
173 449
173 458
173 464
173 468
173 488
173 505
173 532
173 591
173 596
173 604
173 635
173 640
173 653
173 712
173 774
173 795
173 799
173 800
173 804
173 819
173 852
173 853
173 916
173 947
174 313
174 444
174 599
174 649
174 651
174 731
174 743
174 943
174 971
175 300
175 340
175 461
175 499
175 527
175 566
175 586
175 626
175 660
175 681
175 716
175 769
175 806
175 847
176 179
176 183
176 254
176 291
176 295
176 376
176 382
176 383
176 414
176 457
176 509
176 510
176 540
176 698
176 744
176 803
176 816
176 857
176 876
176 973
176 1000
177 319
177 320
177 327
177 333
177 391
177 462
177 486
177 489
177 552
177 558
177 563
177 642
177 791
177 837
177 877
177 899
177 930
177 975
177 982
177 985
177 987
178 217
178 241
178 246
178 247
178 309
178 349
178 410
178 556
178 569
178 596
178 689
178 719
178 795
178 847
178 859
178 926
178 997
179 191
179 210
179 226
179 236
179 246
179 251
179 256
179 314
179 318
179 394
179 405
179 422
179 428
179 433
179 438
179 445
179 450
179 460
179 480
179 546
179 561
179 586
179 628
179 661
179 687
179 700
179 708
179 777
179 797
179 859
179 882
179 902
179 921
179 923
179 947
179 966
179 979
180 260
180 263
180 281
180 311
180 444
180 504
180 518
180 635
180 640
180 713
180 717
180 797
180 824
180 883
180 936
180 957
180 969
180 984
181 197
181 214
181 246
181 250
181 299
181 312
181 324
181 329
181 332
181 375
181 376
181 377
181 384
181 437
181 452
181 459
181 476
181 504
181 516
181 533
181 575
181 589
181 625
181 645
181 651
181 664
181 674
181 727
181 793
181 842
181 889
181 916
181 917
181 925
181 952
181 969
181 985
182 212
182 265
182 326
182 340
182 363
182 466
182 542
182 588
182 617
182 636
182 660
182 683
182 712
182 750
182 852
182 874
182 878
182 891
182 944
182 951
183 188
183 197
183 232
183 253
183 282
183 307
183 356
183 384
183 468
183 480
183 507
183 521
183 588
183 612
183 631
183 641
183 682
183 716
183 720
183 735
183 772
183 803
183 829
183 904
184 230
184 284
184 316
184 320
184 366
184 397
184 489
184 521
184 527
184 544
184 548
184 563
184 574
184 646
184 691
184 762
184 840
184 847
184 866
184 907
184 953
184 957
184 963
184 967
184 982
184 992
185 197
185 207
185 234
185 310
185 338
185 359
185 376
185 398
185 420
185 449
185 459
185 563
185 581
185 600
185 641
185 769
185 860
185 942
185 957
185 999
186 197
186 244
186 259
186 267
186 287
186 292
186 340
186 368
186 421
186 456
186 541
186 565
186 595
186 732
186 853
186 912
186 919
186 977
186 980
187 207
187 233
187 316
187 340
187 347
187 369
187 447
187 474
187 509
187 559
187 577
187 612
187 690
187 857
188 226
188 253
188 273
188 279
188 283
188 304
188 318
188 352
188 376
188 381
188 394
188 399
188 452
188 460
188 494
188 500
188 505
188 521
188 523
188 608
188 628
188 706
188 709
188 745
188 775
188 809
188 843
188 881
188 924
188 961
188 968
188 983
189 247
189 347
189 438
189 487
189 493
189 514
189 552
189 661
189 700
189 721
189 729
189 787
190 191
190 224
190 245
190 270
190 303
190 371
190 460
190 478
190 492
190 535
190 604
190 622
190 630
190 635
190 664
190 671
190 678
190 697
190 734
190 740
190 805
190 887
190 942
191 197
191 241
191 295
191 420
191 428
191 460
191 461
191 465
191 493
191 518
191 521
191 545
191 553
191 559
191 666
191 667
191 675
191 729
191 742
191 777
191 811
191 822
191 874
191 881
191 897
191 898
191 902
191 936
191 951
191 969
191 971
191 982
192 234
192 263
192 308
192 309
192 315
192 334
192 336
192 374
192 383
192 417
192 423
192 443
192 497
192 521
192 533
192 553
192 590
192 613
192 654
192 683
192 684
192 737
192 768
192 819
192 822
192 893
192 916
192 928
192 935
193 195
193 313
193 330
193 341
193 589
193 638
193 732
193 744
193 829
193 868
193 936
194 264
194 331
194 394
194 471
194 494
194 513
194 515
194 572
194 635
194 693
194 756
194 801
194 838
194 845
194 864
194 994
195 196
195 252
195 447
195 532
195 621
195 695
195 737
195 771
195 801
195 830
195 846
195 921
195 973
196 219
196 269
196 272
196 334
196 340
196 428
196 465
196 471
196 506
196 571
196 626
196 642
196 712
196 754
196 795
196 950
197 205
197 206
197 210
197 226
197 262
197 286
197 300
197 438
197 460
197 480
197 546
197 586
197 590
197 641
197 743
197 814
197 860
197 881
197 918
197 930
198 298
198 315
198 316
198 394
198 466
198 490
198 536
198 540
198 556
198 564
198 588
198 598
198 600
198 645
198 690
198 704
198 805
198 857
199 213
199 230
199 243
199 288
199 398
199 461
199 516
199 531
199 569
199 573
199 611
199 690
199 739
199 752
199 810
199 867
199 953
200 208
200 275
200 306
200 427
200 515
200 547
200 581
200 592
200 602
200 613
200 622
200 724
200 732
200 786
200 788
200 796
200 797
200 800
200 844
200 849
200 883
200 912
200 919
201 230
201 231
201 240
201 242
201 309
201 390
201 423
201 427
201 456
201 468
201 499
201 500
201 547
201 603
201 614
201 618
201 624
201 626
201 627
201 644
201 688
201 706
201 718
201 722
201 748
201 760
201 768
201 770
201 788
201 790
201 793
201 809
201 826
201 856
201 865
201 880
201 894
201 956
201 972
201 991
201 992
201 997
202 231
202 235
202 260
202 302
202 312
202 316
202 416
202 452
202 471
202 479
202 526
202 543
202 549
202 558
202 639
202 654
202 686
202 692
202 704
202 716
202 733
202 734
202 761
202 762
202 774
202 825
202 853
202 859
202 880
202 953
202 974
202 984
202 992
203 218
203 322
203 344
203 402
203 425
203 442
203 477
203 489
203 593
203 698
203 744
203 749
203 764
203 828
203 878
203 928
203 981
204 209
204 214
204 234
204 250
204 366
204 384
204 397
204 415
204 443
204 445
204 493
204 504
204 575
204 589
204 613
204 684
204 707
204 738
204 745
204 758
204 764
204 782
204 806
204 838
204 891
204 932
204 977
204 995
204 996
205 237
205 244
205 338
205 341
205 352
205 402
205 431
205 444
205 582
205 592
205 641
205 644
205 659
205 674
205 693
205 741
205 766
205 795
205 805
205 866
205 887
205 941
206 241
206 247
206 291
206 356
206 454
206 496
206 613
206 622
206 664
206 669
206 689
206 734
206 760
206 816
206 819
206 841
206 931
206 991
207 244
207 277
207 313
207 564
207 728
207 802
207 924
207 928
207 963
207 971
208 221
208 272
208 347
208 387
208 451
208 462
208 673
208 679
208 729
208 818
208 821
208 874
208 904
209 213
209 214
209 234
209 241
209 244
209 295
209 309
209 316
209 343
209 362
209 405
209 416
209 417
209 421
209 477
209 506
209 508
209 512
209 533
209 564
209 571
209 657
209 679
209 681
209 711
209 713
209 719
209 722
209 737
209 742
209 745
209 755
209 758
209 762
209 801
209 827
209 833
209 835
209 836
209 869
209 872
209 878
209 886
209 906
209 910
209 935
209 937
209 956
209 963
210 270
210 315
210 394
210 406
210 482
210 516
210 621
210 631
210 658
210 784
211 249
211 428
211 463
211 485
211 529
211 577
211 619
211 635
211 684
211 707
211 710
211 731
211 744
211 747
211 756
211 767
211 810
211 819
211 826
211 858
211 873
211 876
211 878
211 884
211 951
211 957
212 272
212 330
212 477
212 568
212 585
212 712
212 808
212 819
212 955
212 957
213 235
213 264
213 269
213 274
213 314
213 343
213 353
213 354
213 368
213 369
213 394
213 397
213 399
213 417
213 422
213 423
213 424
213 428
213 440
213 507
213 574
213 601
213 609
213 645
213 672
213 682
213 720
213 727
213 738
213 749
213 755
213 774
213 790
213 804
213 833
213 866
213 889
213 898
213 899
213 924
213 935
213 938
213 982
213 988
213 990
213 996
214 225
214 233
214 264
214 269
214 343
214 361
214 379
214 416
214 442
214 594
214 696
214 697
214 833
214 953
215 285
215 441
215 485
215 573
215 666
215 683
215 775
215 782
215 803
215 859
215 943
215 980
216 344
216 445
216 522
216 697
216 744
216 790
216 813
216 893
216 964
217 225
217 227
217 302
217 336
217 351
217 356
217 365
217 411
217 427
217 532
217 699
217 717
217 726
217 872
217 896
217 921
218 295
218 314
218 320
218 336
218 360
218 395
218 399
218 401
218 434
218 475
218 606
218 643
218 695
218 719
218 729
218 754
218 847
218 885
218 918
218 922
218 953
219 245
219 248
219 280
219 294
219 312
219 367
219 370
219 374
219 375
219 385
219 409
219 411
219 417
219 434
219 462
219 516
219 543
219 566
219 585
219 593
219 614
219 622
219 624
219 627
219 673
219 697
219 719
219 770
219 790
219 798
219 880
219 890
219 928
219 958
219 977
219 996
219 997
220 265
220 291
220 319
220 441
220 445
220 482
220 483
220 491
220 566
220 574
220 609
220 618
220 734
220 739
220 866
220 957
220 964
221 224
221 228
221 257
221 301
221 308
221 558
221 604
221 690
221 763
221 847
221 891
221 976
221 992
222 224
222 252
222 305
222 316
222 341
222 346
222 370
222 398
222 499
222 565
222 606
222 648
222 694
222 736
222 769
222 788
222 797
222 800
222 819
222 866
222 892
222 905
222 959
222 980
222 999
223 288
223 291
223 304
223 438
223 583
223 702
223 764
223 794
223 814
223 919
224 291
224 292
224 348
224 373
224 388
224 406
224 411
224 435
224 513
224 560
224 581
224 604
224 653
224 782
224 829
224 880
224 883
224 936
224 959
224 971
225 256
225 291
225 393
225 457
225 544
225 567
225 630
225 719
225 822
225 873
225 896
225 917
225 933
226 321
226 334
226 411
226 434
226 438
226 519
226 533
226 557
226 582
226 675
226 762
226 769
226 794
226 838
226 853
226 881
226 994
227 308
227 368
227 385
227 486
227 528
227 535
227 552
227 573
227 581
227 605
227 736
227 862
227 886
227 909
227 942
228 275
228 309
228 321
228 354
228 427
228 609
228 644
228 651
228 697
228 905
228 924
228 970
228 988
229 247
229 288
229 321
229 324
229 327
229 333
229 349
229 359
229 362
229 373
229 375
229 388
229 474
229 487
229 506
229 545
229 555
229 579
229 614
229 620
229 629
229 650
229 651
229 679
229 685
229 712
229 718
229 722
229 771
229 784
229 785
229 829
229 852
229 854
229 876
229 878
229 928
229 934
229 944
230 264
230 314
230 357
230 366
230 375
230 401
230 426
230 618
230 638
230 667
230 693
230 809
230 997
231 287
231 323
231 566
231 584
231 593
231 692
231 704
231 768
231 854
231 873
231 890
231 911
232 280
232 327
232 369
232 453
232 550
232 566
232 617
232 647
232 775
232 866
232 954
232 998
233 264
233 273
233 279
233 286
233 290
233 421
233 494
233 496
233 520
233 582
233 612
233 637
233 638
233 663
233 719
233 745
233 884
233 892
233 895
234 254
234 279
234 336
234 357
234 386
234 482
234 523
234 677
234 721
234 725
234 738
234 742
234 777
234 815
234 827
234 838
234 896
234 910
234 914
235 300
235 321
235 330
235 377
235 416
235 704
235 806
235 812
235 824
235 844
235 854
235 884
235 930
235 932
236 238
236 258
236 289
236 420
236 465
236 486
236 517
236 535
236 547
236 804
236 845
236 952
236 969
237 244
237 288
237 296
237 389
237 398
237 407
237 435
237 478
237 527
237 578
237 582
237 647
237 713
237 804
237 913
237 930
238 308
238 335
238 377
238 442
238 478
238 486
238 498
238 500
238 513
238 535
238 618
238 652
238 653
238 673
238 729
238 786
238 803
238 885
239 295
239 451
239 527
239 541
239 581
239 640
239 653
239 782
239 836
239 839
239 847
239 916
239 922
240 284
240 295
240 307
240 330
240 451
240 463
240 515
240 522
240 740
240 799
240 986
241 313
241 328
241 388
241 420
241 605
241 673
241 689
241 761
241 768
241 822
241 886
241 894
241 905
241 942
241 950
242 356
242 373
242 375
242 380
242 393
242 510
242 583
242 614
242 618
242 759
242 798
242 880
242 881
242 882
242 930
242 979
243 329
243 373
243 425
243 431
243 548
243 625
243 699
243 792
243 854
243 866
243 873
243 914
243 960
243 976
243 987
244 271
244 285
244 286
244 288
244 292
244 310
244 316
244 332
244 379
244 411
244 495
244 500
244 506
244 570
244 614
244 625
244 659
244 672
244 695
244 717
244 721
244 723
244 736
244 739
244 745
244 764
244 824
244 826
244 843
244 870
244 881
244 903
244 926
244 942
244 950
245 294
245 297
245 316
245 390
245 396
245 437
245 475
245 541
245 565
245 593
245 614
245 617
245 697
245 777
245 836
245 867
245 871
245 876
245 878
245 891
245 981
245 993
246 259
246 634
246 653
246 665
246 679
246 774
246 829
246 973
246 989
247 271
247 325
247 340
247 351
247 476
247 501
247 518
247 544
247 563
247 574
247 576
247 600
247 666
247 734
247 752
247 784
247 817
247 831
247 853
247 874
247 934
247 957
247 964
247 975
247 981
247 998
247 999
248 300
248 374
248 421
248 440
248 465
248 562
248 585
248 597
248 603
248 615
248 618
248 658
248 677
248 704
248 723
248 793
248 934
248 941
249 275
249 302
249 398
249 425
249 577
249 589
249 615
249 646
249 651
249 669
249 754
249 805
249 975
250 357
250 411
250 452
250 509
250 585
250 738
250 807
250 896
250 924
250 956
250 962
250 984
250 997
251 351
251 355
251 471
251 556
251 620
251 637
251 638
251 670
251 688
251 804
251 809
251 858
251 958
252 330
252 338
252 571
252 627
252 657
252 712
252 932
252 956
253 263
253 275
253 279
253 305
253 398
253 415
253 495
253 659
253 689
253 726
253 911
253 924
253 964
253 972
253 979
253 983
254 260
254 291
254 323
254 376
254 458
254 506
254 563
254 574
254 612
254 616
254 651
254 671
254 783
254 803
254 845
254 859
254 902
254 997
255 319
255 352
255 431
255 437
255 491
255 494
255 507
255 597
255 653
255 659
255 665
255 684
255 688
255 749
255 753
255 768
255 996
256 290
256 316
256 409
256 518
256 533
256 541
256 549
256 556
256 559
256 565
256 631
256 650
256 667
256 699
256 716
256 751
256 814
256 816
256 828
256 859
256 879
256 936
256 942
256 951
256 961
257 265
257 271
257 312
257 333
257 394
257 410
257 427
257 488
257 510
257 526
257 538
257 561
257 564
257 566
257 578
257 588
257 614
257 625
257 634
257 650
257 659
257 713
257 759
257 797
257 808
257 812
257 831
257 841
257 866
257 868
257 876
257 936
257 944
257 948
257 969
258 272
258 289
258 308
258 400
258 421
258 459
258 478
258 501
258 514
258 522
258 524
258 552
258 554
258 697
258 699
258 744
258 775
258 799
258 821
258 822
258 909
258 916
258 928
259 270
259 272
259 359
259 474
259 490
259 560
259 576
259 597
259 692
259 695
259 705
259 764
259 792
259 974
260 336
260 369
260 418
260 422
260 430
260 513
260 534
260 550
260 663
260 702
260 728
260 729
260 742
260 743
260 760
260 917
260 952
260 969
260 985
261 307
261 325
261 366
261 410
261 422
261 517
261 519
261 585
261 642
261 765
261 819
261 857
261 883
261 886
261 902
261 926
261 957
261 982
262 316
262 349
262 377
262 398
262 406
262 570
262 580
262 585
262 702
262 738
262 772
262 926
263 297
263 317
263 333
263 351
263 372
263 407
263 415
263 423
263 448
263 488
263 489
263 524
263 555
263 560
263 563
263 566
263 571
263 656
263 661
263 666
263 689
263 703
263 734
263 784
263 791
263 792
263 815
263 825
263 827
263 844
263 858
263 865
263 880
263 884
263 918
263 934
263 939
263 941
264 286
264 294
264 297
264 327
264 332
264 336
264 353
264 390
264 397
264 410
264 419
264 436
264 446
264 495
264 534
264 542
264 549
264 596
264 659
264 664
264 719
264 735
264 737
264 754
264 758
264 833
264 856
264 881
264 917
264 951
264 956
264 968
264 984
265 311
265 406
265 414
265 525
265 600
265 719
265 735
265 744
265 749
265 755
265 918
265 928
265 963
266 318
266 380
266 433
266 548
266 585
266 600
266 631
266 645
266 673
266 723
266 756
266 839
266 888
266 889
266 949
266 994
267 272
267 286
267 316
267 331
267 345
267 609
267 667
267 734
267 964
268 336
268 337
268 400
268 487
268 521
268 546
268 554
268 582
268 591
268 619
268 654
268 798
268 851
268 852
268 870
268 878
268 907
268 953
269 335
269 336
269 396
269 401
269 452
269 519
269 541
269 554
269 580
269 595
269 602
269 684
269 706
269 757
269 758
269 774
269 902
269 928
269 943
270 307
270 320
270 338
270 341
270 389
270 443
270 455
270 467
270 471
270 485
270 516
270 567
270 603
270 625
270 635
270 780
270 806
270 838
270 847
270 905
270 995
270 999
271 320
271 336
271 378
271 397
271 421
271 422
271 684
271 712
271 824
271 905
271 908
271 939
271 971
272 321
272 359
272 374
272 375
272 481
272 535
272 553
272 555
272 613
272 623
272 668
272 729
272 759
272 769
272 804
272 819
272 841
272 876
273 282
273 315
273 343
273 349
273 359
273 394
273 472
273 487
273 499
273 559
273 610
273 640
273 654
273 660
273 669
273 722
273 786
273 857
273 895
273 933
273 963
274 304
274 379
274 420
274 453
274 471
274 480
274 529
274 538
274 566
274 605
274 609
274 655
274 718
274 789
274 873
274 911
274 933
274 961
275 280
275 297
275 359
275 372
275 435
275 457
275 595
275 611
275 660
275 679
275 705
275 720
275 736
275 861
275 887
275 910
275 914
275 926
276 338
276 363
276 389
276 414
276 451
276 489
276 511
276 532
276 621
276 781
276 782
276 904
276 919
277 302
277 313
277 444
277 461
277 562
277 650
277 688
277 692
277 716
277 745
277 999
278 338
278 365
278 401
278 534
278 556
278 674
278 711
278 732
278 751
278 886
278 922
278 925
279 292
279 331
279 368
279 414
279 580
279 609
279 665
279 757
279 814
279 882
279 886
279 905
279 956
279 988
279 996
280 290
280 301
280 358
280 397
280 459
280 501
280 578
280 704
280 764
280 849
280 897
281 302
281 318
281 319
281 347
281 433
281 454
281 559
281 612
281 616
281 618
281 808
281 841
281 859
281 876
281 888
281 918
281 960
281 993
282 360
282 484
282 516
282 528
282 563
282 604
282 701
282 703
282 749
282 760
282 762
282 776
282 806
282 917
282 942
282 954
282 956
282 994
283 382
283 426
283 435
283 547
283 649
283 674
283 699
283 816
283 841
283 867
283 896
283 921
283 932
283 946
284 291
284 301
284 302
284 327
284 340
284 350
284 398
284 448
284 520
284 605
284 692
284 713
284 741
284 746
284 754
284 759
284 796
284 822
284 863
284 933
284 938
284 943
284 950
285 295
285 327
285 338
285 486
285 488
285 494
285 505
285 535
285 539
285 588
285 612
285 641
285 692
285 702
285 719
285 742
285 764
285 775
285 803
285 940
285 958
285 968
285 995
285 997
286 307
286 309
286 321
286 335
286 424
286 468
286 482
286 645
286 688
286 708
286 735
286 755
286 782
286 814
286 832
286 844
286 992
287 319
287 336
287 341
287 368
287 399
287 414
287 531
287 551
287 558
287 589
287 646
287 714
287 789
287 853
287 864
287 904
287 917
287 938
287 946
288 320
288 341
288 375
288 377
288 434
288 444
288 468
288 531
288 569
288 573
288 578
288 601
288 645
288 670
288 674
288 696
288 698
288 786
288 820
288 821
288 866
289 308
289 347
289 353
289 368
289 411
289 414
289 493
289 514
289 535
289 551
289 552
289 555
289 564
289 581
289 627
289 642
289 647
289 730
289 819
289 883
289 945
289 998
290 397
290 405
290 416
290 426
290 443
290 450
290 458
290 481
290 549
290 569
290 586
290 692
290 729
290 750
290 769
290 777
290 816
290 826
290 905
290 926
290 971
291 294
291 295
291 298
291 319
291 366
291 368
291 386
291 391
291 448
291 454
291 462
291 515
291 538
291 552
291 557
291 579
291 595
291 597
291 609
291 619
291 623
291 643
291 646
291 656
291 673
291 689
291 713
291 802
291 835
291 843
291 856
291 908
291 920
291 929
291 932
291 943
291 957
291 961
291 962
291 968
291 979
291 980
291 988
292 330
292 414
292 428
292 466
292 522
292 535
292 647
292 668
292 734
292 804
292 911
292 952
292 954
292 967
292 978
292 996
293 312
293 338
293 460
293 494
293 552
293 609
293 621
293 625
293 659
293 700
293 767
293 823
293 910
294 327
294 330
294 338
294 426
294 487
294 572
294 605
294 651
294 655
294 708
294 723
294 783
294 963
294 964
295 302
295 314
295 341
295 360
295 403
295 417
295 471
295 473
295 485
295 494
295 513
295 551
295 624
295 642
295 684
295 719
295 738
295 754
295 755
295 758
295 767
295 772
295 780
295 789
295 823
295 848
295 875
295 902
295 906
295 918
295 928
295 940
295 956
295 958
296 434
296 463
296 531
296 545
296 734
296 764
297 313
297 407
297 439
297 456
297 528
297 553
297 581
297 593
297 625
297 772
297 784
297 819
297 894
297 909
297 942
297 952
297 959
298 303
298 345
298 461
298 471
298 527
298 707
298 887
298 904
298 953
299 345
299 545
299 546
299 600
299 619
299 640
299 646
299 732
299 734
299 783
299 846
299 926
300 319
300 325
300 330
300 380
300 387
300 414
300 423
300 429
300 443
300 483
300 496
300 497
300 500
300 503
300 541
300 548
300 549
300 603
300 632
300 639
300 654
300 660
300 679
300 813
300 834
300 837
300 890
300 892
300 903
300 941
300 954
300 956
300 965
300 997
301 337
301 522
301 621
301 649
301 690
301 718
301 785
301 852
301 916
302 307
302 322
302 326
302 328
302 341
302 385
302 388
302 393
302 396
302 427
302 476
302 489
302 540
302 548
302 561
302 571
302 574
302 586
302 600
302 605
302 691
302 732
302 741
302 761
302 791
302 816
302 817
302 822
302 843
302 876
302 923
302 932
302 933
302 954
303 316
303 321
303 340
303 364
303 384
303 389
303 394
303 409
303 431
303 649
303 774
303 796
303 876
303 921
303 994
303 995
304 333
304 349
304 380
304 445
304 495
304 513
304 537
304 570
304 575
304 604
304 710
304 714
304 771
304 794
304 804
304 902
304 936
304 970
305 328
305 361
305 375
305 385
305 403
305 421
305 438
305 450
305 462
305 598
305 603
305 614
305 618
305 624
305 625
305 627
305 638
305 650
305 673
305 677
305 687
305 688
305 711
305 768
305 774
305 793
305 892
305 939
305 972
305 977
305 979
305 981
305 992
306 376
306 422
306 444
306 458
306 480
306 510
306 631
306 641
306 705
306 759
306 837
306 841
306 884
306 928
307 313
307 328
307 407
307 417
307 422
307 500
307 581
307 626
307 745
307 793
307 821
307 874
307 908
307 998
308 342
308 407
308 427
308 430
308 486
308 730
308 771
308 784
308 817
308 840
308 860
308 897
308 908
308 909
309 314
309 319
309 330
309 343
309 372
309 401
309 404
309 421
309 428
309 430
309 435
309 523
309 568
309 572
309 573
309 575
309 576
309 612
309 617
309 626
309 657
309 684
309 710
309 719
309 783
309 811
309 836
309 842
309 885
309 889
309 895
309 918
309 942
309 961
309 963
309 971
310 312
310 341
310 351
310 373
310 404
310 451
310 476
310 510
310 518
310 553
310 572
310 610
310 613
310 650
310 674
310 692
310 743
310 794
310 808
310 826
310 999
311 345
311 348
311 388
311 391
311 468
311 663
311 782
311 908
311 976
312 318
312 395
312 545
312 605
312 625
312 659
312 679
312 736
312 797
312 810
312 817
312 903
312 905
313 321
313 362
313 368
313 391
313 405
313 432
313 439
313 444
313 471
313 509
313 520
313 524
313 528
313 535
313 537
313 552
313 555
313 583
313 655
313 667
313 690
313 731
313 736
313 739
313 750
313 757
313 758
313 763
313 765
313 777
313 808
313 811
313 812
313 814
313 844
313 879
313 880
313 894
313 905
313 923
313 965
313 971
313 982
313 986
314 355
314 359
314 360
314 391
314 489
314 495
314 533
314 534
314 598
314 674
314 675
314 676
314 703
314 712
314 719
314 758
314 829
314 893
314 918
314 933
315 368
315 379
315 403
315 414
315 562
315 674
315 692
315 698
315 870
315 938
315 957
316 352
316 371
316 481
316 485
316 517
316 534
316 634
316 659
316 677
316 688
316 749
316 794
316 797
316 817
316 824
316 869
316 876
316 885
316 887
316 892
316 937
316 959
316 974
316 982
316 990
316 995
317 340
317 364
317 424
317 563
317 566
317 668
317 774
317 819
317 926
317 945
317 963
317 975
318 319
318 343
318 364
318 373
318 376
318 383
318 385
318 407
318 431
318 433
318 450
318 471
318 480
318 482
318 505
318 509
318 512
318 524
318 530
318 628
318 665
318 681
318 719
318 760
318 798
318 812
318 822
318 842
318 900
318 902
318 946
318 971
319 367
319 415
319 445
319 464
319 494
319 508
319 513
319 522
319 525
319 542
319 600
319 603
319 606
319 609
319 640
319 654
319 663
319 685
319 693
319 702
319 703
319 712
319 804
319 825
319 839
319 848
319 857
319 929
319 930
319 934
319 947
319 980
319 984
320 407
320 421
320 531
320 569
320 652
320 803
320 917
321 323
321 338
321 346
321 396
321 410
321 459
321 561
321 579
321 597
321 642
321 746
321 765
321 844
321 874
321 879
321 902
321 904
321 929
321 998
322 341
322 364
322 410
322 536
322 563
322 596
322 733
322 748
322 750
322 803
322 837
322 859
322 870
322 908
323 422
323 581
323 605
323 641
323 657
323 664
323 732
323 762
323 788
323 847
323 851
323 924
324 523
324 534
324 591
324 626
324 651
324 668
324 681
324 747
324 773
324 845
324 947
324 969
324 990
325 333
325 386
325 409
325 496
325 501
325 509
325 534
325 575
325 606
325 618
325 692
325 701
325 716
325 809
326 337
326 339
326 341
326 418
326 517
326 556
326 674
326 747
326 774
326 778
326 902
326 969
327 397
327 418
327 448
327 460
327 481
327 553
327 566
327 583
327 604
327 655
327 691
327 705
327 797
327 803
327 807
327 845
327 902
327 925
327 970
327 977
328 347
328 379
328 458
328 550
328 551
328 557
328 565
328 622
328 680
328 739
328 752
328 787
328 828
328 829
328 841
328 847
328 890
328 989
329 341
329 496
329 499
329 554
329 612
329 678
329 794
329 854
329 954
329 969
329 983
329 984
330 356
330 375
330 387
330 411
330 429
330 497
330 498
330 499
330 542
330 562
330 600
330 606
330 621
330 654
330 662
330 705
330 714
330 761
330 786
330 825
330 841
330 848
330 870
330 880
330 915
330 933
330 942
330 954
331 353
331 400
331 463
331 495
331 528
331 556
331 622
331 732
332 501
332 515
332 535
332 560
332 625
332 697
332 744
332 765
332 963
332 969
333 376
333 470
333 686
333 751
333 809
333 890
333 930
334 343
334 370
334 392
334 428
334 444
334 453
334 510
334 513
334 578
334 581
334 601
334 605
334 625
334 659
334 660
334 665
334 726
334 746
334 763
334 797
334 844
334 874
334 897
334 902
334 946
334 948
334 1000
335 336
335 337
335 343
335 360
335 392
335 405
335 419
335 440
335 443
335 454
335 564
335 599
335 612
335 618
335 672
335 719
335 737
335 745
335 763
335 777
335 794
335 807
335 830
335 869
335 887
335 895
335 924
335 929
335 935
335 937
335 957
335 959
335 973
335 988
336 352
336 374
336 401
336 406
336 421
336 428
336 447
336 494
336 585
336 587
336 597
336 655
336 663
336 664
336 713
336 718
336 728
336 744
336 754
336 807
336 827
336 835
336 860
336 886
336 902
336 932
336 960
337 343
337 368
337 389
337 395
337 480
337 687
337 703
337 725
337 751
337 771
337 778
337 827
337 886
337 987
337 988
338 343
338 349
338 371
338 414
338 460
338 495
338 521
338 582
338 587
338 607
338 647
338 737
338 744
338 761
338 784
338 889
338 953
338 963
338 984
339 348
339 518
339 549
339 556
339 596
339 610
339 617
339 698
339 788
339 849
339 916
339 956
339 987
340 349
340 382
340 400
340 410
340 412
340 420
340 448
340 463
340 482
340 498
340 506
340 520
340 531
340 548
340 553
340 594
340 600
340 609
340 617
340 622
340 646
340 651
340 671
340 678
340 692
340 703
340 796
340 798
340 813
340 820
340 822
340 846
340 888
340 907
340 912
340 943
340 944
340 963
340 964
341 344
341 376
341 413
341 431
341 432
341 433
341 523
341 531
341 561
341 605
341 656
341 670
341 694
341 721
341 744
341 763
341 805
341 862
341 913
341 979
341 999
342 448
342 593
342 600
342 667
342 681
342 718
342 785
342 884
342 969
343 397
343 414
343 416
343 417
343 440
343 466
343 475
343 511
343 533
343 536
343 569
343 663
343 737
343 758
343 766
343 770
343 775
343 787
343 795
343 803
343 809
343 860
343 864
343 887
343 889
343 899
343 941
344 365
344 394
344 549
344 565
344 582
344 598
344 600
344 603
344 633
344 639
344 698
344 728
344 730
344 785
344 801
344 826
344 829
344 850
344 900
344 910
344 917
344 957
344 962
344 979
345 360
345 361
345 422
345 565
345 566
345 574
345 596
345 600
345 622
345 703
345 719
345 724
345 745
345 792
345 818
345 827
345 854
345 887
345 910
345 911
345 953
345 963
345 964
345 972
346 440
346 451
346 477
346 478
346 513
346 554
346 654
346 674
346 689
346 704
346 712
346 791
347 375
347 407
347 427
347 440
347 444
347 494
347 514
347 517
347 581
347 585
347 587
347 596
347 669
347 685
347 732
347 776
347 803
347 808
347 870
347 877
347 879
347 894
347 897
347 908
347 915
347 953
347 993
347 998
347 999
348 405
348 439
348 440
348 504
348 617
348 633
348 670
348 758
348 788
348 830
348 886
348 980
349 353
349 359
349 384
349 394
349 487
349 514
349 534
349 580
349 585
349 590
349 597
349 603
349 610
349 631
349 642
349 653
349 663
349 687
349 702
349 732
349 739
349 756
349 777
349 815
349 831
349 840
349 878
349 909
349 921
350 379
350 553
350 563
350 623
350 655
350 808
350 862
350 890
350 894
350 989
350 994
350 999
351 363
351 375
351 376
351 422
351 482
351 522
351 625
351 715
351 852
351 912
351 920
351 927
351 932
352 499
352 558
352 634
352 674
352 696
352 737
352 822
353 394
353 398
353 433
353 455
353 539
353 654
353 697
353 708
353 723
353 724
353 862
353 863
353 880
353 919
354 440
354 442
354 443
354 463
354 469
354 475
354 483
354 510
354 536
354 549
354 558
354 574
354 599
354 651
354 653
354 655
354 681
354 687
354 744
354 748
354 756
354 798
354 812
354 813
354 846
354 854
354 856
354 910
354 942
354 965
354 973
355 373
355 394
355 417
355 480
355 521
355 529
355 530
355 546
355 588
355 643
355 647
355 672
355 706
355 719
355 788
355 861
355 896
355 973
356 384
356 709
356 712
356 773
356 877
357 398
357 435
357 451
357 479
357 492
357 532
357 578
357 621
357 681
357 750
357 788
357 814
357 919
357 927
357 972
358 431
358 734
358 915
358 964
358 970
359 418
359 424
359 431
359 492
359 535
359 589
359 607
359 643
359 645
359 663
359 666
359 670
359 689
359 708
359 733
359 741
359 748
359 750
359 769
359 771
359 808
359 823
359 827
359 829
359 839
359 891
359 894
359 947
359 970
359 973
359 984
359 995
360 368
360 401
360 483
360 535
360 581
360 657
360 660
360 906
360 928
361 375
361 513
361 518
361 520
361 559
361 600
361 657
361 692
361 697
361 775
361 810
361 907
361 952
361 979
362 400
362 461
362 647
362 674
362 764
362 783
362 938
362 960
363 517
363 521
363 532
363 583
363 604
363 621
363 717
363 775
363 822
363 829
363 872
363 912
363 932
364 397
364 440
364 498
364 539
364 540
364 574
364 631
364 638
364 643
364 702
364 788
364 814
364 973
365 485
365 509
365 594
365 612
365 621
365 670
365 746
365 785
365 803
365 846
365 878
365 982
366 383
366 464
366 512
366 532
366 537
366 556
366 559
366 594
366 617
366 654
366 679
366 767
366 803
366 810
366 817
366 891
366 901
367 450
367 473
367 488
367 625
367 636
367 645
367 654
367 658
367 692
367 712
367 760
367 781
367 825
367 866
367 879
368 390
368 392
368 395
368 414
368 442
368 450
368 455
368 456
368 539
368 541
368 543
368 544
368 551
368 558
368 562
368 576
368 589
368 592
368 599
368 613
368 646
368 648
368 652
368 732
368 743
368 785
368 854
368 938
368 968
368 971
368 978
369 401
369 476
369 512
369 605
369 618
369 735
369 757
369 786
369 797
369 825
369 881
369 908
369 910
369 961
369 979
369 995
370 425
370 457
370 539
370 542
370 568
370 594
370 614
370 628
370 745
370 749
371 385
371 413
371 439
371 481
371 500
371 554
371 586
371 635
371 667
371 700
371 732
371 740
371 750
371 765
371 769
371 780
371 796
371 814
371 839
371 874
371 879
371 923
371 929
371 931
371 958
371 982
371 986
372 398
372 566
372 622
372 670
372 674
372 690
372 734
372 735
372 806
372 842
372 854
372 968
373 447
373 451
373 531
373 558
373 565
373 568
373 599
373 609
373 675
373 690
373 754
373 829
373 833
373 872
373 889
373 927
373 964
374 440
374 544
374 566
374 589
374 618
374 621
374 809
374 972
374 979
375 380
375 421
375 462
375 473
375 603
375 612
375 614
375 618
375 663
375 673
375 688
375 786
375 789
375 790
375 804
375 842
375 871
375 972
375 981
375 985
376 391
376 397
376 418
376 480
376 521
376 546
376 560
376 648
376 654
376 679
376 695
376 731
376 783
376 804
376 813
376 826
376 874
376 927
376 930
376 962
376 995
377 408
377 522
377 558
377 589
377 626
377 645
377 651
377 712
377 743
377 902
378 409
378 452
378 454
378 500
378 554
378 555
378 582
378 591
378 622
378 631
378 640
378 797
378 926
379 430
379 431
379 450
379 514
379 584
379 811
379 833
379 842
379 970
380 532
380 543
380 564
380 565
380 575
380 590
380 621
380 645
380 674
380 695
380 713
380 742
380 772
380 783
380 919
380 932
380 971
381 404
381 430
381 503
381 547
381 618
381 741
381 798
381 818
381 899
381 910
381 977
382 415
382 473
382 510
382 583
382 608
382 621
382 624
382 637
382 665
382 694
382 736
382 747
382 758
382 804
382 927
382 956
382 971
382 983
383 405
383 460
383 542
383 607
383 641
383 730
383 865
383 975
383 994
384 390
384 414
384 433
384 526
384 544
384 629
384 631
384 659
384 846
384 931
384 956
385 415
385 425
385 443
385 466
385 478
385 560
385 585
385 603
385 618
385 638
385 655
385 688
385 703
385 774
385 790
385 928
386 388
386 426
386 566
386 585
386 605
386 632
386 688
386 716
386 723
386 783
386 804
386 851
386 939
387 460
387 523
387 532
387 591
387 592
387 621
387 635
387 735
387 825
387 910
387 985
388 434
388 446
388 478
388 494
388 618
388 663
388 670
388 774
388 784
388 802
388 917
388 925
388 945
389 485
389 510
389 556
389 566
389 577
389 704
389 716
389 810
389 884
389 942
390 418
390 448
390 450
390 481
390 487
390 499
390 504
390 516
390 532
390 558
390 601
390 622
390 666
390 683
390 687
390 688
390 725
390 734
390 739
390 742
390 752
390 778
390 832
390 857
390 934
390 1000
391 409
391 437
391 449
391 464
391 551
391 574
391 579
391 605
391 697
391 717
391 718
391 723
391 761
391 763
391 882
391 920
391 957
391 972
392 400
392 406
392 414
392 456
392 485
392 503
392 516
392 541
392 558
392 562
392 564
392 585
392 589
392 605
392 616
392 623
392 641
392 646
392 666
392 719
392 778
392 785
392 837
392 853
392 857
392 867
392 876
392 885
392 960
392 963
393 447
393 516
393 566
393 593
393 622
393 704
393 724
393 727
393 732
393 741
393 753
393 859
393 961
393 997
394 436
394 468
394 502
394 583
394 686
394 745
394 797
394 844
394 855
394 973
394 992
395 549
395 554
395 591
395 594
395 814
395 851
395 903
395 990
395 991
395 1000
396 418
396 469
396 490
396 502
396 569
396 574
396 637
396 690
396 712
396 720
396 784
396 814
396 820
396 847
396 853
396 899
396 906
396 980
396 995
397 419
397 423
397 476
397 526
397 553
397 559
397 619
397 692
397 747
397 753
397 759
397 824
397 842
397 872
397 886
397 899
397 928
397 935
397 971
398 428
398 431
398 444
398 446
398 495
398 522
398 573
398 615
398 625
398 634
398 664
398 677
398 696
398 704
398 705
398 736
398 739
398 750
398 756
398 766
398 794
398 824
398 902
398 993
399 465
399 580
399 623
399 683
399 688
399 732
399 747
399 762
399 830
399 856
399 884
399 904
399 954
400 401
400 517
400 581
400 817
400 819
400 928
401 422
401 431
401 457
401 494
401 507
401 526
401 547
401 580
401 590
401 604
401 645
401 684
401 711
401 737
401 750
401 793
401 816
401 827
401 833
401 835
401 842
401 847
401 848
401 865
401 906
401 918
401 924
401 952
401 956
401 990
402 516
402 552
402 564
402 659
402 764
402 774
402 863
402 902
402 973
403 416
403 461
403 487
403 602
403 650
403 699
403 719
403 830
403 832
403 921
403 974
404 512
404 577
404 617
404 624
404 651
404 655
404 730
404 733
404 781
404 930
404 942
404 979
405 524
405 577
405 650
405 661
405 666
405 675
405 729
405 765
405 772
405 819
405 865
405 878
405 879
405 881
405 905
405 942
405 964
406 440
406 441
406 450
406 506
406 508
406 539
406 566
406 578
406 597
406 604
406 618
406 629
406 635
406 637
406 653
406 713
406 766
406 773
406 774
406 782
406 784
406 798
406 817
406 826
406 829
406 893
406 933
406 984
406 995
407 409
407 638
407 703
407 729
407 869
408 550
408 593
408 604
408 651
408 664
408 736
408 788
408 853
408 923
409 663
409 672
409 688
409 710
409 809
409 826
410 481
410 493
410 528
410 551
410 553
410 592
410 613
410 707
410 713
410 744
410 750
410 780
410 809
410 814
410 839
411 476
411 655
411 718
411 789
411 821
412 513
412 563
412 573
412 587
412 626
412 646
412 723
412 725
412 812
412 895
412 987
413 444
413 477
413 651
413 750
413 819
413 854
413 877
414 517
414 541
414 548
414 565
414 589
414 599
414 646
414 679
414 750
414 785
414 809
414 849
414 853
414 933
414 938
414 977
414 989
415 450
415 524
415 548
415 559
415 563
415 574
415 600
415 640
415 662
415 680
415 754
415 762
415 893
415 911
415 926
415 979
415 986
415 990
416 488
416 549
416 563
416 626
416 631
416 769
416 890
417 440
417 699
417 719
417 745
417 758
417 775
417 818
417 835
417 859
417 879
417 988
418 446
418 487
418 564
418 613
418 629
418 666
418 700
418 846
418 884
418 886
419 490
419 684
419 713
419 742
419 754
419 755
419 758
419 857
419 870
419 921
419 928
419 933
419 937
419 956
420 422
420 461
420 532
420 588
420 631
420 718
420 720
420 744
420 777
420 801
420 822
420 874
420 929
420 978
421 443
421 531
421 560
421 573
421 574
421 649
421 795
421 880
421 891
421 899
421 927
422 427
422 438
422 454
422 461
422 474
422 512
422 516
422 521
422 542
422 547
422 548
422 581
422 597
422 653
422 700
422 820
422 859
422 860
422 864
422 881
422 909
422 922
422 928
422 969
422 973
422 990
423 474
423 490
423 517
423 519
423 562
423 591
423 618
423 741
423 754
423 770
423 914
423 930
423 956
423 983
424 492
424 545
424 554
424 654
424 687
424 703
424 853
424 878
424 903
425 459
425 461
425 465
425 532
425 542
425 674
425 682
425 930
425 936
425 957
426 483
426 555
426 604
426 605
426 612
426 625
426 642
426 763
426 767
426 784
426 844
426 866
426 894
426 919
426 939
426 957
427 490
427 603
427 808
427 819
427 909
427 953
428 456
428 457
428 469
428 637
428 659
428 700
428 745
428 766
428 814
428 822
428 856
428 860
428 879
428 902
429 448
429 461
429 534
429 539
429 566
429 653
429 698
429 818
429 899
429 933
430 440
430 473
430 486
430 512
430 667
430 708
430 807
430 836
430 851
430 897
430 996
430 999
431 444
431 470
431 515
431 538
431 582
431 600
431 625
431 652
431 696
431 705
431 760
431 763
431 771
431 824
431 857
431 866
431 887
431 913
431 948
431 984
431 990
431 993
432 460
432 507
432 524
432 649
432 667
432 790
432 806
432 811
432 822
432 826
432 858
432 860
432 879
432 902
432 947
432 959
432 971
432 973
433 447
433 480
433 482
433 556
433 557
433 784
433 846
433 888
433 935
433 957
433 975
434 466
434 487
434 573
434 601
434 663
434 696
434 717
434 777
434 809
434 810
434 847
434 979
435 538
435 574
435 724
435 755
435 879
435 971
436 441
436 490
436 519
436 632
436 669
436 825
436 859
436 871
436 872
436 873
436 958
436 970
436 976
437 480
437 548
437 617
437 795
437 838
438 527
438 544
438 631
438 675
438 935
439 475
439 481
439 483
439 490
439 500
439 524
439 527
439 528
439 577
439 613
439 621
439 641
439 642
439 703
439 706
439 780
439 793
439 815
439 819
439 891
439 916
439 948
439 982
440 443
440 479
440 493
440 546
440 554
440 563
440 586
440 627
440 642
440 716
440 719
440 754
440 759
440 781
440 793
440 826
440 827
440 833
440 835
440 838
440 847
440 853
440 860
440 895
440 924
440 929
440 931
440 955
440 988
441 543
441 604
441 650
441 908
441 963
441 970
441 972
442 482
442 593
442 648
442 660
442 666
442 744
442 820
442 907
443 450
443 457
443 525
443 543
443 552
443 639
443 674
443 819
443 891
443 939
443 956
443 970
444 454
444 493
444 510
444 547
444 619
444 659
444 665
444 739
444 797
444 805
444 834
444 868
444 876
444 924
444 926
444 945
444 957
445 469
445 485
445 488
445 604
445 640
445 663
445 718
445 778
445 802
445 834
445 848
445 969
446 650
446 752
446 774
446 789
446 874
446 882
446 982
447 489
447 527
447 545
447 556
447 560
447 578
447 586
447 606
447 622
447 634
447 655
447 660
447 674
447 675
447 678
447 689
447 718
447 739
447 781
447 787
447 789
447 851
447 871
447 881
447 888
447 930
447 954
447 997
448 450
448 465
448 538
448 566
448 625
448 651
448 797
448 877
449 459
449 566
449 723
449 774
449 782
449 822
449 871
449 995
449 998
450 465
450 470
450 496
450 514
450 532
450 541
450 555
450 581
450 589
450 606
450 634
450 747
450 759
450 763
450 797
450 805
450 878
450 940
450 973
450 991
451 463
451 467
451 491
451 492
451 503
451 532
451 539
451 593
451 605
451 621
451 658
451 668
451 672
451 701
451 712
451 727
451 732
451 748
451 753
451 781
451 829
451 847
451 866
451 949
452 466
452 581
452 692
452 725
452 743
452 747
452 804
452 850
452 861
452 917
453 477
453 530
453 697
453 744
453 772
453 776
453 785
453 887
453 965
453 989
454 530
454 841
454 872
454 947
455 522
455 650
455 670
455 692
455 749
455 774
455 796
455 830
455 912
455 998
456 617
456 646
456 740
456 853
456 867
456 904
456 929
456 951
457 463
457 496
457 503
457 511
457 523
457 529
457 537
457 572
457 588
457 589
457 596
457 621
457 633
457 659
457 676
457 698
457 725
457 728
457 764
457 809
457 866
457 942
457 963
457 965
457 980
458 461
458 463
458 471
458 530
458 556
458 631
458 650
458 688
458 716
458 743
458 800
458 818
458 857
458 860
458 964
459 502
459 616
459 651
459 696
459 769
459 845
459 887
459 942
460 488
460 648
460 722
460 833
460 873
460 990
461 534
461 582
461 586
461 590
461 602
461 630
461 636
461 738
461 747
461 824
461 825
461 859
461 905
461 929
461 931
461 965
461 986
462 563
462 762
462 809
462 858
462 939
462 943
462 956
462 965
462 972
462 974
463 551
463 693
463 728
463 960
464 487
464 638
464 679
464 702
464 774
464 788
464 798
464 829
465 874
465 894
465 897
465 902
465 916
466 481
466 484
466 511
466 617
466 778
466 830
466 870
466 988
467 542
467 588
467 693
467 711
467 821
467 921
468 548
468 633
468 640
468 755
468 790
468 810
468 879
468 919
468 927
468 970
468 982
469 489
469 510
469 535
469 565
469 603
469 703
469 792
469 803
469 901
470 581
470 653
470 870
470 874
470 900
470 923
470 978
471 535
471 537
471 594
471 657
471 662
471 668
471 680
471 690
471 711
471 732
471 734
471 753
471 833
471 890
471 968
471 988
471 995
472 492
472 520
472 545
472 568
472 596
472 613
472 623
472 753
472 774
472 891
473 560
473 603
473 652
473 700
473 809
473 855
473 979
474 514
474 594
474 631
474 744
474 886
474 889
475 504
475 612
475 634
475 668
475 690
475 700
475 736
475 750
475 760
475 797
475 819
475 863
475 868
475 882
475 923
475 951
475 970
476 559
476 600
476 604
476 647
476 675
476 737
476 746
476 775
476 782
476 854
476 888
476 891
476 964
476 971
476 978
477 560
477 646
477 648
477 662
477 711
477 744
477 797
477 843
477 847
477 852
477 924
477 927
477 956
478 487
478 496
478 641
478 736
478 765
478 797
478 866
478 873
478 899
479 506
479 538
479 553
479 650
479 660
479 696
479 734
479 763
479 782
479 788
479 824
479 919
479 954
479 977
480 484
480 492
480 544
480 547
480 641
480 676
480 711
480 720
480 878
480 887
480 930
480 953
480 970
481 528
481 551
481 592
481 734
481 799
481 814
481 816
481 872
481 879
481 902
481 971
482 605
482 609
482 641
482 649
482 655
482 666
482 721
482 722
482 746
482 765
482 796
482 843
482 853
482 867
482 901
483 635
483 655
483 668
483 690
483 704
483 832
483 870
484 524
484 535
484 536
484 552
484 555
484 577
484 665
484 800
484 821
484 916
484 933
484 953
484 975
485 508
485 578
485 612
485 629
485 632
485 685
485 713
485 748
485 781
485 803
485 859
485 870
486 499
486 514
486 519
486 535
486 547
486 552
486 581
486 592
486 645
486 649
486 662
486 694
486 716
486 794
486 796
486 819
486 832
486 843
486 860
486 912
486 916
486 940
486 953
486 969
486 998
487 557
487 559
487 581
487 585
487 587
487 591
487 611
487 612
487 720
487 740
487 755
487 770
487 771
487 784
487 804
487 813
487 826
487 828
487 934
487 959
487 969
487 985
487 995
488 659
488 685
488 734
488 742
488 748
488 770
488 786
488 798
488 846
488 859
488 868
488 899
488 992
489 507
489 536
489 819
489 890
489 932
489 964
490 531
490 606
490 646
490 665
490 697
490 711
490 712
490 804
490 818
490 825
490 854
490 891
490 929
490 931
491 500
491 581
491 640
491 733
491 810
491 975
491 981
492 572
492 604
492 716
492 762
492 799
492 839
493 700
493 808
493 809
493 883
493 916
493 972
494 540
494 575
494 611
494 637
494 812
494 825
494 926
494 979
495 537
495 622
495 678
495 732
495 736
495 905
495 930
496 529
496 539
496 586
496 627
496 639
496 647
496 668
496 692
496 712
496 713
496 714
496 742
496 783
496 817
496 890
496 910
496 915
496 931
496 986
496 993
497 660
497 899
497 921
497 970
497 988
498 569
498 689
498 716
498 721
498 723
498 746
498 774
498 978
499 511
499 532
499 580
499 591
499 612
499 626
499 650
499 697
499 704
499 711
499 748
499 782
499 788
499 963
500 514
500 522
500 535
500 552
500 555
500 581
500 591
500 604
500 673
500 701
500 821
500 882
500 909
500 927
500 953
501 597
501 617
501 749
501 853
501 947
502 557
502 621
502 650
502 673
502 717
502 853
502 918
502 982
503 535
503 574
503 586
503 636
503 659
503 670
503 693
503 719
503 730
503 917
503 919
503 920
503 937
503 950
503 968
504 548
504 559
504 560
504 562
504 563
504 590
504 595
504 600
504 643
504 659
504 723
504 730
504 743
504 775
504 791
504 821
504 825
504 870
504 884
504 892
505 526
505 597
505 641
505 684
505 715
505 721
505 744
505 748
505 994
506 559
506 589
506 669
506 764
506 782
506 810
506 835
506 899
507 516
507 517
507 549
507 667
507 737
507 768
507 778
507 859
507 920
507 959
508 563
508 692
508 704
508 793
508 872
509 515
509 534
509 546
509 631
509 725
509 792
509 864
509 877
509 981
509 988
510 534
510 567
510 575
510 592
510 621
510 625
510 659
510 736
510 739
510 747
510 860
510 861
510 887
510 900
510 979
511 600
511 801
511 859
511 920
511 933
511 966
511 995
512 666
512 735
512 807
512 842
512 891
512 988
513 537
513 558
513 617
513 678
513 685
513 740
513 804
513 841
513 911
513 964
513 979
514 522
514 552
514 555
514 572
514 581
514 642
514 652
514 685
514 821
514 872
514 885
514 915
514 916
514 957
515 541
515 577
515 617
515 624
515 639
515 662
515 664
515 690
515 696
515 714
515 716
515 825
515 826
515 931
515 951
516 521
516 557
516 564
516 571
516 602
516 691
516 702
516 717
516 764
516 806
516 811
516 827
516 836
516 847
516 852
516 857
516 858
516 878
516 911
516 934
516 977
517 522
517 581
517 587
517 593
517 617
517 644
517 671
517 750
517 779
517 823
517 841
517 897
517 916
517 942
517 980
518 519
518 520
518 536
518 583
518 586
518 613
518 626
518 645
518 716
518 734
518 834
518 879
518 925
518 977
519 633
519 645
519 668
519 684
519 795
519 853
519 878
519 905
519 969
519 985
519 988
520 553
520 656
520 743
520 769
520 780
520 902
520 932
520 951
520 986
521 648
521 661
521 680
521 690
521 750
521 784
521 830
521 856
521 868
521 869
521 881
521 888
521 971
521 975
521 989
522 545
522 552
522 568
522 583
522 632
522 650
522 757
522 859
522 951
522 964
523 569
523 573
523 641
523 670
523 696
523 731
523 810
523 879
523 956
524 553
524 558
524 577
524 581
524 594
524 604
524 635
524 649
524 690
524 822
524 873
524 874
524 879
524 899
524 951
524 988
525 542
525 570
525 659
525 719
525 764
525 969
525 972
525 998
526 600
526 622
526 732
526 736
526 738
526 781
526 894
526 930
526 962
526 979
527 531
527 546
527 569
527 742
527 759
527 785
527 789
527 810
527 859
527 975
528 614
528 624
528 630
528 674
528 724
528 760
528 780
528 814
528 816
528 857
528 869
528 902
528 983
528 991
529 709
529 723
529 794
529 826
529 914
529 931
529 974
530 619
530 744
530 748
530 886
530 928
530 956
531 533
531 569
531 578
531 601
531 629
531 675
531 687
531 688
531 696
531 699
531 703
531 806
531 844
531 857
531 897
532 549
532 555
532 579
532 583
532 593
532 643
532 657
532 660
532 672
532 674
532 682
532 699
532 712
532 727
532 734
532 753
532 760
532 787
532 799
532 861
532 869
532 896
532 924
532 932
532 976
532 978
533 583
533 669
533 684
533 706
533 719
533 733
533 737
533 745
533 758
533 899
533 917
533 932
534 575
534 599
534 660
534 723
534 729
534 734
534 788
534 818
534 819
534 826
534 842
534 850
534 865
534 866
534 886
534 897
534 898
534 943
535 545
535 552
535 559
535 564
535 581
535 587
535 604
535 638
535 651
535 674
535 692
535 710
535 719
535 864
535 878
535 882
535 886
535 908
535 953
535 998
536 653
536 694
536 738
536 774
536 781
536 782
536 826
537 594
537 698
537 803
537 827
537 906
538 563
538 571
538 609
538 635
538 656
538 661
538 705
538 747
538 782
538 795
538 882
538 925
538 955
539 562
539 565
539 589
539 595
539 636
539 646
539 663
539 725
539 732
539 759
539 785
539 851
539 853
539 875
539 901
539 938
539 946
540 548
540 617
540 690
540 764
540 771
540 783
540 829
541 565
541 589
541 602
541 646
541 680
541 682
541 716
541 779
541 782
541 828
541 837
541 853
541 875
541 921
541 938
541 946
541 948
541 955
541 973
542 596
542 648
542 679
542 782
542 810
542 872
543 558
543 571
543 586
543 627
543 663
543 688
543 744
543 751
543 768
543 770
543 790
543 836
543 879
543 964
543 979
543 985
543 996
543 997
544 558
544 567
544 591
544 595
544 641
544 681
544 732
544 784
544 809
544 863
544 939
545 554
545 604
545 636
545 668
545 680
545 718
545 749
545 755
545 800
545 832
545 874
545 888
545 919
545 930
545 952
546 668
546 675
546 692
546 694
546 716
546 760
546 886
546 926
546 966
546 990
546 994
547 552
547 555
547 572
547 574
547 587
547 775
547 785
547 807
547 812
547 853
547 953
548 563
548 574
548 577
548 652
548 682
548 799
548 833
548 843
548 910
548 920
548 943
548 963
549 551
549 563
549 661
549 729
549 732
549 746
549 757
549 774
549 775
549 819
549 843
549 851
549 874
549 891
549 902
549 905
549 933
549 958
549 982
550 602
550 629
550 647
550 653
550 659
550 832
551 568
551 637
551 700
551 707
551 716
551 746
551 791
551 840
551 844
551 879
551 910
551 923
552 560
552 587
552 599
552 617
552 619
552 644
552 647
552 669
552 736
552 760
552 767
552 770
552 776
552 836
552 841
552 887
552 897
552 909
552 916
552 925
552 930
552 934
552 939
552 948
552 953
552 957
552 964
552 993
553 574
553 604
553 613
553 666
553 699
553 754
553 757
553 802
553 814
553 826
553 874
553 879
553 902
553 904
553 935
553 940
553 942
553 954
553 999
554 559
554 585
554 587
554 597
554 610
554 623
554 649
554 653
554 655
554 659
554 674
554 676
554 716
554 751
554 761
554 771
554 774
554 784
554 801
554 839
554 841
554 886
554 899
554 911
554 941
554 995
555 581
555 608
555 633
555 639
555 659
555 686
555 721
555 776
555 855
555 908
555 927
555 936
556 617
556 674
556 732
556 741
556 865
556 868
556 912
556 929
556 994
556 1000
557 578
557 616
557 618
557 630
557 701
557 736
557 768
557 807
557 847
557 857
557 972
558 565
558 579
558 589
558 596
558 599
558 633
558 644
558 646
558 702
558 730
558 737
558 837
558 853
558 904
558 911
558 938
558 968
559 560
559 570
559 591
559 621
559 630
559 633
559 637
559 646
559 648
559 684
559 721
559 731
559 740
559 803
559 813
559 839
559 852
559 893
559 926
559 968
560 647
560 678
560 704
560 755
560 770
560 807
560 818
560 821
560 839
560 913
560 930
560 957
561 667
561 696
561 718
561 729
561 732
561 765
561 788
561 826
561 878
561 913
561 966
561 971
561 989
562 575
562 591
562 625
562 646
562 664
562 695
562 731
562 769
562 793
562 806
562 817
562 883
562 892
562 904
562 942
563 567
563 571
563 610
563 615
563 629
563 644
563 659
563 661
563 680
563 687
563 689
563 718
563 733
563 734
563 741
563 749
563 789
563 792
563 848
563 855
563 872
563 878
563 896
563 901
563 910
563 914
563 931
563 936
563 961
563 963
564 569
564 650
564 659
564 666
564 725
564 748
564 794
564 834
564 853
564 866
564 870
564 923
564 933
564 952
564 974
565 566
565 585
565 589
565 599
565 629
565 646
565 663
565 678
565 735
565 744
565 794
565 886
565 938
565 946
566 576
566 594
566 605
566 609
566 613
566 621
566 622
566 623
566 658
566 661
566 667
566 699
566 704
566 718
566 791
566 834
566 883
566 923
566 933
566 939
566 948
566 955
566 957
567 569
567 584
567 609
567 657
567 794
567 819
567 836
567 847
567 939
567 941
567 950
568 579
568 589
568 645
568 707
568 726
568 743
568 754
568 838
568 857
568 908
568 952
569 573
569 577
569 578
569 579
569 601
569 604
569 621
569 653
569 670
569 696
569 697
569 729
569 748
569 797
569 810
569 818
569 820
569 844
569 859
569 891
569 898
570 613
570 640
570 677
570 727
570 743
570 790
570 858
570 921
570 957
571 580
571 587
571 630
571 664
571 693
571 723
571 836
571 880
571 899
571 928
571 933
571 963
572 650
572 668
572 848
572 854
572 878
572 884
572 887
572 925
572 994
573 591
573 676
573 713
573 736
573 741
573 786
573 810
573 832
574 576
574 600
574 622
574 642
574 653
574 655
574 663
574 681
574 703
574 704
574 723
574 784
574 791
574 821
574 844
574 863
574 869
574 883
574 894
574 927
574 945
574 957
574 961
574 964
574 970
575 618
575 619
575 907
575 971
576 600
576 622
576 668
576 689
576 718
576 721
576 732
576 771
576 774
576 828
576 964
576 990
576 996
577 594
577 598
577 647
577 744
577 762
577 773
577 796
577 841
577 854
577 870
577 938
577 962
577 971
578 618
578 696
578 703
578 723
578 820
578 844
578 860
578 899
578 986
579 580
579 603
579 617
579 645
579 774
579 788
579 832
579 979
580 584
580 607
580 621
580 650
580 754
580 822
580 832
580 848
580 865
580 872
580 918
580 968
581 587
581 622
581 683
581 714
581 788
581 891
581 897
581 953
581 993
582 594
582 986
583 621
583 667
583 674
583 695
583 718
583 907
583 921
583 931
583 936
583 960
583 963
583 979
584 603
584 624
584 729
584 777
584 810
584 817
585 604
585 615
585 616
585 653
585 660
585 663
585 679
585 689
585 708
585 779
585 794
585 829
585 860
586 650
586 668
586 677
586 680
586 681
586 692
586 707
586 712
586 778
586 808
586 885
586 916
586 933
586 977
586 987
587 633
587 845
587 846
587 953
588 635
588 683
588 746
588 775
588 782
588 799
588 824
588 845
588 846
588 859
588 878
588 884
588 949
588 957
589 645
589 646
589 650
589 665
589 670
589 684
589 725
589 852
589 872
589 953
590 713
590 758
590 814
590 856
590 880
590 890
590 970
591 674
591 690
591 740
591 782
591 798
591 825
591 843
591 875
591 900
591 916
591 921
591 984
592 606
592 616
592 674
592 782
592 785
592 788
592 855
593 621
593 622
593 625
593 653
593 661
593 679
593 688
593 699
593 727
593 756
593 764
593 769
593 815
593 932
593 948
594 641
594 642
594 695
594 698
594 730
594 890
594 914
594 920
594 985
594 986
595 712
595 736
595 844
595 854
595 952
595 964
595 971
596 617
596 651
596 676
596 677
596 714
596 732
596 788
596 793
596 800
596 838
596 874
596 920
597 661
597 667
597 700
597 765
597 774
597 922
597 954
597 964
597 975
597 979
598 630
598 700
598 718
598 762
598 963
599 609
599 619
599 656
599 666
599 667
599 718
599 719
599 748
599 946
600 625
600 641
600 642
600 666
600 680
600 690
600 691
600 744
600 754
600 788
600 794
600 796
600 802
600 820
600 831
600 842
600 893
600 901
600 915
600 922
600 933
600 939
600 956
600 961
600 963
600 990
601 618
601 663
601 679
601 692
601 853
601 897
601 917
601 993
602 609
602 729
602 749
602 829
603 614
603 618
603 627
603 644
603 656
603 665
603 685
603 710
603 717
603 722
603 793
603 798
603 813
603 838
603 853
603 872
603 880
603 887
603 937
603 954
603 972
603 977
603 979
603 980
603 981
603 986
603 991
603 992
604 626
604 640
604 653
604 669
604 686
604 718
604 720
604 779
604 784
604 792
604 799
604 893
604 910
604 911
604 938
604 952
604 970
604 984
605 622
605 636
605 689
605 703
605 734
605 788
605 793
605 865
605 873
605 883
605 886
605 901
605 944
605 952
605 956
605 964
605 977
606 692
606 716
606 791
606 820
606 858
606 902
606 949
607 668
607 683
607 702
607 734
607 740
607 762
607 784
607 836
607 932
608 621
608 669
608 678
608 697
608 817
608 835
608 872
608 890
608 902
608 927
608 970
609 639
609 642
609 660
609 690
609 693
609 721
609 791
609 854
609 916
609 933
609 985
610 613
610 648
610 655
610 683
610 750
610 774
610 797
610 825
610 828
610 880
610 911
610 954
610 970
611 617
611 724
611 732
611 754
611 757
611 893
611 932
611 964
612 616
612 646
612 683
612 692
612 724
612 794
612 801
612 819
612 859
612 902
612 913
612 929
612 939
612 988
613 690
613 729
613 809
613 822
613 879
613 908
613 922
613 950
614 618
614 673
614 731
614 751
614 793
614 798
614 809
614 880
614 970
614 992
615 674
615 684
615 754
615 799
615 816
615 825
615 852
615 919
616 621
616 659
616 683
616 715
616 748
616 775
616 780
616 802
616 859
617 627
617 654
617 669
617 702
617 725
617 730
617 775
617 784
617 786
617 796
617 819
617 849
617 864
617 910
618 624
618 626
618 639
618 651
618 659
618 673
618 685
618 709
618 751
618 768
618 770
618 793
618 809
618 877
618 914
618 937
618 972
618 977
618 992
619 721
619 723
619 734
619 735
619 770
619 803
619 950
619 963
619 993
619 1000
620 631
620 646
620 653
620 734
620 796
620 798
620 926
621 646
621 674
621 676
621 717
621 727
621 742
621 759
621 777
621 836
621 838
621 872
621 883
621 949
621 993
621 997
622 630
622 668
622 669
622 690
622 707
622 747
622 792
622 862
622 865
622 901
622 963
623 653
623 679
623 699
623 713
623 717
623 888
623 975
624 625
624 646
624 911
624 926
625 628
625 631
625 643
625 665
625 668
625 694
625 705
625 708
625 727
625 757
625 800
625 814
625 850
625 878
625 879
625 887
625 961
625 973
626 645
626 651
626 652
626 710
626 734
626 782
626 822
626 919
626 942
626 954
626 985
627 629
627 638
627 691
627 724
627 762
627 808
627 809
627 926
628 664
628 698
628 716
628 743
628 744
628 753
629 631
629 774
629 780
629 782
629 810
629 818
629 868
629 878
630 640
630 729
630 730
630 800
630 829
630 917
630 957
631 720
631 767
631 790
631 798
631 844
631 853
631 859
631 902
631 908
631 973
632 654
632 692
632 704
632 716
632 748
632 791
632 843
632 847
632 910
633 644
633 654
633 750
634 645
634 680
634 859
634 975
635 663
635 703
635 724
635 774
635 841
635 865
635 886
635 991
636 729
636 764
636 834
636 928
637 644
637 731
637 774
637 812
637 882
637 911
637 987
638 646
638 648
638 670
638 700
638 760
638 768
638 775
638 790
638 798
638 804
638 809
638 915
638 979
638 982
639 654
639 703
639 704
639 716
639 762
639 791
639 844
639 876
639 880
639 890
639 952
639 969
639 998
640 653
640 655
640 673
640 702
640 707
640 718
640 724
640 734
640 750
640 800
640 901
640 902
640 907
640 978
641 671
641 715
641 764
641 806
641 826
641 829
641 855
641 871
641 878
641 887
641 892
641 902
641 939
641 960
641 968
641 985
642 665
642 783
642 830
642 840
642 843
642 851
642 881
642 901
642 905
642 913
642 957
643 718
643 803
643 809
643 938
643 970
643 974
644 650
644 771
644 774
644 857
644 908
644 948
644 984
645 703
645 743
645 760
645 943
645 959
645 988
645 995
646 697
646 708
646 722
646 735
646 746
646 785
646 837
646 845
646 851
646 853
646 857
646 902
646 908
646 927
646 938
646 943
646 946
646 975
647 649
647 650
647 682
647 742
647 763
647 764
647 772
647 788
647 830
647 844
647 861
647 884
647 896
647 968
647 989
648 665
648 698
648 760
648 763
648 787
648 901
648 977
648 994
648 999
649 725
649 736
649 973
650 655
650 686
650 687
650 747
650 768
650 785
650 806
650 830
650 857
650 873
650 905
650 936
651 667
651 686
651 734
651 741
651 743
651 763
651 788
651 816
651 888
651 917
651 928
651 969
651 979
652 730
652 774
652 946
652 964
652 967
652 969
653 679
653 708
653 712
653 746
653 747
653 765
653 766
653 772
653 799
653 819
653 832
653 902
653 929
653 968
654 657
654 665
654 673
654 704
654 717
654 743
654 773
654 826
654 878
654 894
654 924
654 933
655 660
655 724
655 761
655 767
655 796
655 831
655 840
655 843
655 844
655 876
655 886
655 944
655 961
656 682
656 689
656 755
656 833
656 942
656 950
656 964
657 687
657 713
657 733
657 777
657 874
657 931
657 969
657 986
658 674
658 699
658 729
658 854
658 881
658 918
658 979
658 995
659 702
659 780
659 876
659 926
659 932
659 984
660 776
660 800
660 809
660 832
660 834
660 835
660 859
660 967
660 986
661 668
661 829
661 879
661 936
661 981
662 673
662 712
662 740
662 788
662 800
662 886
662 952
663 690
663 692
663 771
663 795
663 816
663 829
663 909
663 924
663 932
663 934
664 762
664 850
664 859
664 936
664 979
665 672
665 674
665 726
665 736
665 800
665 805
665 863
665 904
665 926
665 939
665 957
666 675
666 700
666 706
666 769
666 777
666 811
666 819
666 842
666 845
666 848
666 902
666 904
666 922
666 952
666 959
666 965
666 971
667 705
667 758
667 819
667 822
667 853
667 905
667 907
667 910
667 916
667 922
667 942
668 692
668 694
668 716
668 727
668 760
668 769
668 819
668 837
668 844
668 854
668 859
668 922
668 952
668 953
668 965
669 700
669 778
669 788
669 789
669 988
670 696
670 697
670 798
670 820
670 833
670 854
670 928
670 942
671 930
672 826
673 698
673 732
673 798
673 809
673 937
674 702
674 718
674 724
674 753
674 787
674 799
674 814
674 821
674 899
674 923
674 937
674 950
674 964
674 987
675 700
675 780
675 796
675 822
675 824
675 853
675 952
675 958
676 699
676 732
676 887
676 911
676 983
677 684
677 690
677 692
677 694
677 773
677 854
677 874
677 972
678 744
678 746
678 778
678 900
678 971
679 681
679 702
679 773
679 814
679 817
679 849
679 902
679 917
679 933
679 947
679 959
679 968
680 749
680 766
680 767
680 852
680 871
680 899
680 918
680 943
680 949
680 975
681 697
681 723
681 825
681 895
682 698
682 924
682 960
683 748
683 803
683 859
683 870
683 962
683 966
684 745
684 754
684 767
684 841
684 914
684 918
684 928
684 988
685 688
685 746
685 922
685 940
685 973
685 979
686 751
686 772
686 848
686 850
686 904
686 969
687 712
687 788
687 985
688 711
688 770
688 809
688 880
688 972
688 975
688 991
689 724
689 734
689 849
689 986
689 996
690 733
690 750
690 763
690 777
690 811
690 816
690 847
690 871
690 878
690 894
690 900
690 902
690 905
690 910
690 942
690 957
690 958
690 971
690 990
691 713
691 736
691 761
691 842
691 870
691 913
691 961
691 972
691 989
692 738
692 825
692 834
692 915
692 921
692 925
692 926
693 697
693 701
693 704
693 762
693 778
693 919
693 927
693 983
694 797
694 802
694 820
694 984
695 764
695 769
695 775
695 853
695 921
695 937
695 977
695 987
695 1000
696 723
696 784
696 786
696 800
696 810
696 844
696 846
696 848
696 858
696 871
696 943
697 698
697 719
697 726
697 737
697 745
697 746
697 749
697 766
697 816
697 894
697 901
697 933
697 973
697 980
698 769
698 793
698 848
698 882
698 922
698 923
698 976
698 997
699 760
699 782
699 787
699 812
699 817
699 839
699 869
699 872
699 878
699 919
700 704
700 716
700 729
700 769
700 770
700 777
700 787
700 816
700 826
700 852
700 858
700 866
700 902
700 927
700 935
700 942
700 964
701 763
701 769
701 773
701 799
701 919
701 927
701 954
701 995
702 780
702 813
702 936
702 945
702 956
702 960
702 973
703 718
703 803
703 950
703 954
703 971
703 977
704 851
704 898
704 906
704 975
704 979
705 770
705 898
705 961
706 776
706 866
706 964
706 998
707 782
707 796
708 713
708 719
708 732
708 737
708 802
708 813
708 856
708 869
708 872
708 889
708 918
708 956
708 971
708 995
709 762
709 797
709 850
709 976
710 744
710 798
710 900
710 942
710 962
710 977
711 736
711 764
711 854
711 909
712 718
712 721
712 724
712 729
712 745
712 757
712 780
712 819
712 834
712 898
712 905
712 954
712 973
712 982
712 989
713 740
713 843
713 847
713 879
713 886
713 906
713 918
714 724
714 796
714 825
714 853
714 966
715 774
715 884
715 886
715 896
716 740
716 744
716 829
716 841
716 878
716 930
716 951
717 733
717 773
717 860
717 879
717 899
718 840
718 859
718 861
718 865
718 867
718 907
718 944
719 735
719 748
719 758
719 808
719 862
719 890
719 899
719 906
719 935
719 940
719 961
720 737
720 767
720 877
720 880
720 930
721 765
721 825
721 919
721 960
721 964
721 979
722 819
722 887
722 891
722 943
722 977
723 746
723 758
723 808
723 899
723 940
723 961
724 791
724 850
724 943
724 949
724 961
724 976
725 745
725 758
725 784
725 835
725 842
725 859
725 891
725 904
725 931
725 972
726 733
726 783
726 881
726 888
726 938
726 943
727 775
727 847
727 853
727 865
727 866
727 868
727 970
728 780
728 789
728 893
728 911
729 751
729 822
729 842
729 910
729 942
729 952
730 783
730 873
730 886
730 979
731 774
731 808
731 893
731 895
731 901
731 922
731 927
731 974
732 750
732 762
732 770
732 788
732 822
732 825
732 849
732 854
732 903
732 912
732 976
733 735
733 741
733 787
733 854
733 888
733 930
733 995
734 764
734 834
734 884
734 909
734 932
734 933
734 943
734 957
734 991
735 847
735 852
735 879
736 744
736 752
736 775
736 779
736 800
736 805
736 824
736 839
736 851
736 862
736 866
736 867
736 878
736 912
736 926
736 948
736 950
736 964
736 974
736 976
736 990
737 745
737 755
737 817
737 818
737 829
737 835
737 978
737 988
738 743
738 758
738 789
738 803
738 805
738 879
738 897
738 944
738 975
738 987
739 761
739 799
739 830
739 916
739 953
739 964
740 758
740 774
740 959
741 848
741 861
741 913
741 961
741 964
742 746
742 845
742 850
742 967
742 973
743 823
743 862
743 878
743 969
743 987
743 997
744 762
744 809
744 836
744 883
744 906
744 930
744 947
744 985
745 817
745 829
745 923
746 759
746 788
746 814
746 826
746 874
746 879
746 905
746 923
746 942
746 960
747 854
748 815
748 835
748 845
748 870
748 889
748 933
748 957
748 987
748 998
748 999
749 785
749 876
749 883
749 884
749 902
749 916
749 971
750 775
750 813
750 852
750 881
750 985
750 989
751 809
751 880
751 910
752 842
752 846
752 847
752 854
752 857
752 930
753 777
753 807
753 809
753 905
753 919
754 758
754 799
754 814
754 838
754 842
754 869
754 895
754 935
754 964
754 988
755 793
755 797
755 928
755 961
756 773
756 851
756 972
757 781
757 793
757 921
757 942
757 943
757 971
758 769
758 796
758 812
758 827
758 839
758 861
758 878
758 885
758 898
758 940
759 790
759 816
759 865
759 933
759 960
760 809
760 835
760 975
760 976
760 977
761 872
761 922
761 928
761 971
761 979
762 774
762 812
762 816
762 835
762 841
762 855
762 856
762 882
762 885
762 950
762 954
762 957
763 808
763 809
763 870
763 942
764 847
764 854
764 884
764 955
764 969
764 1000
765 801
765 809
765 819
765 829
765 904
765 907
765 910
765 952
765 988
766 799
766 923
766 939
766 946
767 880
768 774
768 799
768 809
768 977
768 979
769 819
769 847
769 874
769 879
769 905
769 923
770 806
770 821
770 839
770 874
770 890
770 939
770 965
770 981
771 783
771 813
771 964
771 984
772 777
772 952
773 938
774 779
774 813
774 823
774 878
774 925
774 938
774 970
774 979
775 796
775 803
775 845
775 846
775 856
775 859
775 870
775 949
776 790
776 885
776 928
776 953
776 965
776 993
777 783
777 816
777 819
777 826
777 879
777 911
777 923
777 933
778 847
778 873
779 784
779 790
779 809
779 879
779 977
780 819
780 874
780 898
780 902
780 910
780 922
780 928
780 951
781 851
781 930
781 968
781 984
782 784
782 799
782 908
783 784
783 822
783 863
783 924
783 943
783 954
783 961
783 964
784 789
784 829
784 900
784 961
784 994
784 998
785 797
785 904
785 938
785 1000
787 805
787 926
787 930
787 987
788 815
788 875
789 799
789 830
789 868
789 875
789 881
789 894
789 977
789 985
790 915
791 829
791 862
791 863
791 894
791 940
792 802
792 856
792 872
792 877
792 925
793 798
793 809
793 830
793 863
793 920
793 953
793 956
794 830
794 854
794 862
794 887
794 924
794 970
794 980
795 849
796 866
796 883
796 964
797 803
797 808
797 824
797 834
797 836
797 860
797 861
797 866
797 890
797 906
797 907
797 913
797 919
797 937
797 973
797 985
797 999
798 809
798 811
798 874
798 919
798 942
798 946
798 979
798 988
798 991
799 847
799 852
799 865
799 876
799 895
799 919
799 928
799 960
799 973
800 805
800 842
800 868
800 887
800 926
800 990
801 811
801 822
801 843
801 985
802 817
802 875
802 959
802 964
802 990
803 836
803 846
803 859
803 870
804 940
804 960
805 871
805 887
805 897
805 952
806 823
806 916
807 835
807 941
807 956
807 960
809 872
809 880
809 913
809 939
809 945
809 981
810 846
811 849
811 874
811 887
811 902
811 905
812 970
813 844
813 893
813 953
813 961
813 994
814 819
814 822
814 896
814 923
814 953
815 853
815 859
815 911
815 965
816 826
816 846
816 874
816 903
816 997
817 838
817 845
817 860
817 871
817 876
817 899
817 964
818 845
818 905
818 923
818 954
818 1000
819 820
819 874
819 902
819 923
819 942
819 951
819 971
819 979
820 865
820 872
820 923
820 933
820 975
821 874
821 895
821 897
821 908
821 916
821 926
821 953
821 971
821 986
821 993
822 854
822 898
822 902
822 929
822 935
822 952
822 959
823 887
823 926
823 927
823 966
823 976
824 920
824 955
824 959
824 971
824 990
825 842
825 882
825 978
825 985
825 991
826 850
826 856
826 894
826 902
826 905
826 938
826 958
826 971
826 985
826 990
827 842
827 952
828 838
828 847
828 889
828 925
829 905
830 859
830 872
830 934
830 952
831 899
831 915
831 942
832 846
832 872
832 936
832 981
833 879
833 886
833 952
833 978
834 880
835 874
835 918
835 965
835 981
835 985
836 883
836 889
836 899
836 929
836 938
836 966
837 847
837 853
837 920
838 840
838 906
838 953
839 904
839 916
839 970
840 859
840 924
840 951
840 957
840 963
841 909
841 926
841 979
842 886
842 900
842 938
843 856
844 988
845 859
845 906
845 907
845 926
846 859
846 880
846 953
847 850
847 857
847 878
847 948
848 923
848 930
848 942
849 901
849 964
850 891
850 985
851 857
851 930
851 969
852 866
852 911
852 974
853 863
853 904
853 938
853 946
853 962
853 963
853 984
853 989
853 997
854 855
854 856
854 870
854 898
854 943
854 967
854 969
855 894
855 902
855 993
856 857
857 881
858 872
858 880
859 875
859 886
859 892
859 919
859 951
860 964
860 998
861 881
861 903
861 922
861 963
861 974
862 894
862 922
863 932
863 989
864 872
864 876
864 957
865 964
866 875
866 876
866 905
866 948
866 969
866 984
867 878
867 938
868 925
868 930
868 941
869 964
870 919
870 930
871 907
871 977
871 983
872 877
872 884
872 896
872 919
872 921
872 932
872 933
872 938
872 956
873 884
873 938
874 883
874 902
874 905
875 891
875 895
875 974
876 926
876 930
876 961
876 984
876 990
877 902
877 989
878 884
878 894
878 897
878 915
878 917
878 966
878 999
879 894
879 905
879 941
879 943
879 951
879 956
879 964
879 971
880 882
880 932
880 981
880 982
881 899
881 939
881 940
881 966
881 982
881 987
882 917
882 946
882 957
884 1000
885 957
885 989
886 906
886 956
887 951
887 954
887 955
887 988
888 905
888 946
888 953
888 973
889 906
889 912
889 915
889 917
890 898
890 937
891 988
892 959
893 902
893 911
893 968
895 928
895 965
896 921
896 940
898 902
899 914
899 924
899 963
899 971
900 909
900 973
900 981
900 996
902 905
902 926
902 927
902 952
902 958
902 963
903 976
903 984
905 923
905 934
905 942
905 955
905 966
905 974
906 955
906 961
906 987
907 994
908 933
909 943
909 953
910 929
911 930
911 941
911 995
913 991
914 926
914 958
917 945
918 919
919 936
920 964
920 967
921 932
922 923
922 952
922 958
922 971
923 942
923 968
923 978
923 990
924 928
924 948
924 969
925 935
925 969
926 959
927 944
928 968
929 952
930 983
932 942
932 953
933 957
934 994
934 997
935 971
935 988
936 938
936 946
937 963
937 977
938 972
939 940
939 966
939 975
940 943
940 969
941 970
942 968
942 971
943 997
944 946
944 964
944 991
945 973
947 964
948 979
949 961
949 969
951 971
951 995
952 954
952 996
953 963
954 991
955 978
957 964
957 965
958 967
958 980
959 982
960 976
960 997
961 987
963 972
963 995
964 987
968 969
968 989
971 993
971 999
972 979
972 987
972 992
975 997
976 996
977 979
978 996
979 991
979 992
980 995
981 986
987 989
989 993
990 993
991 997
