# LFR benchmark graph: regime=B mu=0.5 realization=4
# undirected, unweighted; 1-based node ids; each edge listed once.
1 20
1 210
1 310
1 313
1 427
1 538
1 560
1 601
1 652
1 771
1 795
1 823
1 941
1 948
1 973
1 998
2 84
2 105
2 201
2 235
2 335
2 355
2 376
2 378
2 464
2 482
2 491
2 525
2 527
2 537
2 615
2 701
2 712
2 871
2 872
3 28
3 36
3 73
3 117
3 152
3 157
3 188
3 212
3 214
3 229
3 236
3 247
3 259
3 304
3 367
3 383
3 387
3 569
3 611
3 623
3 626
3 658
3 659
3 741
3 754
3 867
3 911
3 920
3 921
4 37
4 51
4 102
4 117
4 156
4 204
4 246
4 301
4 381
4 450
4 592
4 625
4 640
4 660
4 740
4 760
4 783
4 794
4 811
4 832
4 842
4 872
4 874
4 925
4 926
5 7
5 29
5 72
5 84
5 123
5 151
5 156
5 229
5 285
5 344
5 397
5 486
5 570
5 599
5 673
5 722
5 808
5 844
5 959
5 967
5 996
6 95
6 115
6 118
6 130
6 174
6 181
6 213
6 326
6 363
6 489
6 504
6 512
6 676
6 716
6 737
6 758
6 792
6 830
6 993
7 229
7 240
7 247
7 290
7 344
7 364
7 379
7 387
7 448
7 469
7 610
7 673
7 753
7 764
7 818
7 840
7 864
7 869
7 972
7 993
8 18
8 112
8 136
8 196
8 197
8 207
8 228
8 234
8 248
8 326
8 373
8 471
8 535
8 605
8 684
8 704
8 709
8 723
8 756
8 773
8 803
8 838
8 851
8 890
8 988
9 200
9 227
9 321
9 419
9 441
9 570
9 581
9 586
9 747
9 768
9 792
9 843
9 853
9 881
9 913
9 920
9 961
9 972
10 126
10 161
10 166
10 208
10 371
10 381
10 393
10 625
10 626
10 644
10 740
10 753
10 765
10 940
10 994
11 14
11 19
11 28
11 90
11 132
11 188
11 198
11 202
11 210
11 235
11 326
11 331
11 346
11 366
11 405
11 473
11 629
11 634
11 761
11 826
11 866
11 978
12 163
12 170
12 190
12 211
12 240
12 297
12 317
12 343
12 357
12 379
12 439
12 446
12 536
12 600
12 639
12 648
12 859
12 898
12 915
13 15
13 23
13 25
13 41
13 121
13 138
13 141
13 184
13 186
13 400
13 527
13 555
13 654
13 692
13 729
13 732
13 838
13 908
13 965
14 71
14 86
14 87
14 94
14 101
14 135
14 214
14 308
14 331
14 421
14 457
14 527
14 528
14 539
14 545
14 564
14 614
14 632
14 634
14 685
14 701
14 713
14 823
14 828
14 874
14 882
14 896
14 941
14 983
14 999
15 117
15 122
15 222
15 269
15 285
15 433
15 651
15 665
15 704
15 721
15 825
15 867
15 880
15 889
15 908
16 94
16 120
16 169
16 185
16 198
16 251
16 292
16 366
16 368
16 371
16 383
16 409
16 426
16 509
16 538
16 612
16 655
16 709
16 726
16 747
16 769
16 853
16 908
16 918
16 955
17 33
17 82
17 135
17 145
17 160
17 173
17 212
17 214
17 250
17 296
17 304
17 331
17 345
17 387
17 395
17 404
17 408
17 461
17 466
17 474
17 491
17 533
17 581
17 606
17 607
17 623
17 635
17 654
17 662
17 675
17 725
17 726
17 731
17 735
17 741
17 761
17 762
17 789
17 816
17 854
17 881
17 915
17 920
17 936
18 20
18 112
18 148
18 171
18 205
18 222
18 310
18 429
18 534
18 566
18 610
18 620
18 725
18 726
18 770
18 809
18 834
18 891
18 944
19 35
19 57
19 65
19 80
19 108
19 114
19 165
19 196
19 198
19 201
19 235
19 262
19 328
19 330
19 340
19 407
19 427
19 433
19 437
19 576
19 584
19 607
19 685
19 743
19 755
19 822
19 867
19 987
19 996
20 38
20 47
20 105
20 157
20 173
20 205
20 209
20 220
20 221
20 245
20 331
20 343
20 345
20 421
20 488
20 490
20 493
20 501
20 523
20 546
20 557
20 577
20 610
20 631
20 711
20 746
20 772
20 827
20 852
20 853
20 862
20 891
20 909
20 922
20 961
20 963
20 984
21 114
21 117
21 138
21 201
21 250
21 270
21 316
21 340
21 360
21 434
21 441
21 545
21 560
21 561
21 824
21 838
21 901
21 915
21 977
22 61
22 64
22 107
22 270
22 289
22 293
22 347
22 397
22 425
22 500
22 525
22 544
22 610
22 636
22 650
22 658
22 685
22 686
22 729
22 733
22 813
22 894
22 945
23 84
23 136
23 146
23 151
23 268
23 291
23 416
23 441
23 555
23 597
23 643
23 670
23 706
23 729
23 901
23 940
23 943
24 30
24 55
24 59
24 74
24 82
24 152
24 183
24 275
24 309
24 314
24 366
24 371
24 386
24 439
24 442
24 444
24 451
24 467
24 474
24 595
24 704
24 725
24 747
24 770
24 803
24 848
24 913
24 942
24 989
25 52
25 64
25 69
25 73
25 108
25 177
25 227
25 285
25 317
25 335
25 391
25 428
25 537
25 553
25 560
25 572
25 591
25 746
25 754
25 817
25 852
25 873
25 888
25 908
25 919
25 999
26 51
26 205
26 253
26 312
26 499
26 500
26 549
26 566
26 594
26 597
26 705
26 717
26 768
26 771
26 777
26 825
26 842
26 849
26 984
27 65
27 112
27 125
27 145
27 147
27 233
27 244
27 284
27 342
27 374
27 417
27 418
27 449
27 486
27 527
27 592
27 725
27 733
27 767
27 824
27 881
27 884
27 916
27 929
27 930
27 967
27 969
28 33
28 88
28 94
28 109
28 126
28 173
28 178
28 214
28 257
28 287
28 304
28 364
28 450
28 461
28 477
28 569
28 583
28 623
28 636
28 688
28 728
28 745
28 796
28 819
28 846
28 936
28 978
28 980
28 993
29 51
29 64
29 74
29 92
29 142
29 161
29 162
29 170
29 178
29 230
29 247
29 284
29 307
29 336
29 348
29 368
29 397
29 399
29 417
29 421
29 423
29 425
29 514
29 533
29 597
29 602
29 645
29 647
29 649
29 650
29 658
29 830
29 894
29 906
29 907
29 917
29 940
29 977
29 994
29 999
30 31
30 39
30 98
30 169
30 179
30 186
30 202
30 227
30 237
30 283
30 345
30 467
30 611
30 736
30 845
30 901
30 902
30 918
30 941
30 967
30 990
31 89
31 113
31 153
31 200
31 216
31 219
31 282
31 348
31 385
31 429
31 432
31 477
31 489
31 508
31 534
31 537
31 538
31 548
31 552
31 582
31 601
31 602
31 604
31 626
31 656
31 667
31 689
31 690
31 707
31 732
31 761
31 831
31 853
31 880
31 890
31 935
31 944
31 973
31 983
32 37
32 43
32 49
32 116
32 136
32 201
32 235
32 298
32 302
32 436
32 449
32 473
32 502
32 553
32 573
32 595
32 618
32 635
32 660
32 668
32 689
32 702
32 875
32 877
32 900
32 947
33 147
33 173
33 187
33 283
33 304
33 356
33 364
33 387
33 569
33 604
33 616
33 623
33 645
33 741
33 742
33 743
33 745
33 772
33 800
33 821
33 900
33 903
33 908
33 945
33 986
34 37
34 92
34 204
34 254
34 282
34 304
34 327
34 354
34 407
34 485
34 494
34 512
34 574
34 590
34 592
34 657
34 689
34 715
34 735
34 747
34 761
34 774
34 796
34 798
34 842
34 876
34 889
34 895
34 988
35 65
35 81
35 89
35 112
35 150
35 165
35 194
35 224
35 274
35 288
35 290
35 370
35 372
35 375
35 395
35 403
35 408
35 415
35 427
35 437
35 441
35 501
35 514
35 551
35 552
35 558
35 579
35 608
35 662
35 669
35 677
35 685
35 714
35 718
35 727
35 728
35 742
35 753
35 767
35 778
35 803
35 830
35 835
35 909
35 926
35 930
35 990
36 186
36 227
36 235
36 269
36 310
36 333
36 360
36 380
36 400
36 403
36 409
36 481
36 525
36 621
36 653
36 786
36 791
36 819
36 845
36 876
36 889
36 920
36 927
36 961
36 969
37 55
37 77
37 81
37 88
37 102
37 123
37 146
37 152
37 204
37 215
37 221
37 226
37 237
37 246
37 254
37 272
37 327
37 435
37 437
37 438
37 508
37 566
37 592
37 621
37 628
37 663
37 670
37 673
37 694
37 706
37 715
37 727
37 738
37 780
37 825
37 827
37 832
37 836
37 844
37 872
37 879
37 885
37 934
37 942
38 53
38 289
38 354
38 437
38 518
38 574
38 610
38 704
38 770
38 814
38 907
39 144
39 186
39 246
39 279
39 371
39 421
39 491
39 499
39 515
39 578
39 981
40 46
40 68
40 192
40 339
40 371
40 409
40 445
40 446
40 465
40 514
40 553
40 605
40 655
40 691
40 805
40 884
40 924
41 70
41 134
41 188
41 215
41 261
41 287
41 380
41 394
41 479
41 517
41 536
41 544
41 644
41 648
41 724
41 727
41 740
41 763
41 768
41 784
41 821
41 893
41 976
41 981
41 997
42 127
42 210
42 243
42 263
42 278
42 279
42 313
42 373
42 519
42 553
42 798
42 849
42 901
42 937
42 959
43 94
43 214
43 276
43 283
43 299
43 302
43 430
43 462
43 554
43 596
43 773
43 819
43 871
43 889
43 912
43 933
43 949
43 972
43 984
44 51
44 148
44 167
44 193
44 206
44 241
44 360
44 374
44 378
44 386
44 393
44 409
44 412
44 475
44 476
44 525
44 555
44 644
44 726
44 757
44 801
44 823
44 825
44 889
44 906
44 918
44 951
45 50
45 98
45 217
45 371
45 508
45 513
45 534
45 546
45 601
45 626
45 671
45 944
45 967
45 1000
46 88
46 90
46 115
46 121
46 132
46 141
46 150
46 164
46 235
46 285
46 296
46 336
46 344
46 353
46 382
46 439
46 516
46 527
46 574
46 592
46 642
46 654
46 703
46 721
46 734
46 769
46 791
46 817
46 825
46 838
46 868
46 926
46 952
47 81
47 102
47 138
47 161
47 165
47 240
47 242
47 251
47 255
47 282
47 296
47 451
47 517
47 554
47 592
47 621
47 694
47 722
47 750
47 764
47 774
47 828
47 832
47 913
47 927
47 951
47 967
48 51
48 66
48 174
48 182
48 200
48 405
48 413
48 465
48 482
48 487
48 491
48 813
48 852
48 907
48 916
48 926
48 977
49 88
49 221
49 237
49 280
49 294
49 296
49 371
49 376
49 462
49 487
49 508
49 520
49 523
49 573
49 574
49 592
49 621
49 723
49 740
49 742
49 762
49 774
49 775
49 791
49 794
49 832
49 899
49 911
49 935
50 72
50 73
50 106
50 143
50 177
50 328
50 387
50 467
50 610
50 703
50 779
50 795
50 810
50 884
50 946
51 60
51 67
51 76
51 103
51 140
51 141
51 149
51 196
51 197
51 208
51 296
51 302
51 304
51 306
51 310
51 323
51 341
51 401
51 431
51 444
51 505
51 536
51 542
51 553
51 564
51 566
51 585
51 592
51 597
51 608
51 640
51 673
51 690
51 696
51 718
51 757
51 791
51 807
51 841
51 897
51 936
51 937
51 990
52 56
52 74
52 145
52 160
52 200
52 210
52 212
52 219
52 233
52 270
52 280
52 302
52 308
52 335
52 370
52 499
52 510
52 560
52 640
52 643
52 665
52 710
52 740
52 760
52 815
52 827
52 871
52 936
52 948
52 958
53 71
53 80
53 106
53 113
53 195
53 353
53 377
53 512
53 522
53 523
53 644
53 817
53 834
53 984
53 993
54 113
54 187
54 202
54 586
54 591
54 640
54 704
54 735
54 790
54 842
54 853
54 860
54 941
54 977
55 195
55 203
55 237
55 248
55 269
55 272
55 340
55 345
55 512
55 554
55 579
55 598
55 602
55 666
55 670
55 733
55 774
55 819
55 830
55 845
55 846
55 852
55 868
55 883
55 981
56 198
56 202
56 382
56 417
56 421
56 433
56 516
56 541
56 545
56 589
56 662
56 708
56 737
56 750
56 827
56 834
56 850
56 851
56 866
56 892
56 903
56 941
56 988
57 70
57 87
57 164
57 165
57 219
57 239
57 242
57 407
57 418
57 445
57 531
57 622
57 667
57 735
57 794
57 822
57 829
57 850
57 969
57 997
58 60
58 227
58 261
58 308
58 313
58 318
58 338
58 340
58 374
58 418
58 446
58 447
58 474
58 475
58 554
58 623
58 624
58 629
58 824
58 830
58 859
58 861
58 897
58 948
58 956
59 63
59 131
59 156
59 300
59 310
59 475
59 495
59 546
59 570
59 624
59 691
59 862
59 918
60 89
60 120
60 125
60 142
60 146
60 157
60 191
60 196
60 220
60 231
60 268
60 295
60 345
60 409
60 421
60 447
60 485
60 486
60 520
60 536
60 562
60 566
60 585
60 608
60 646
60 648
60 683
60 728
60 730
60 733
60 776
60 834
60 871
60 929
60 941
60 954
60 983
61 102
61 117
61 167
61 204
61 342
61 406
61 410
61 465
61 494
61 547
61 604
61 636
61 730
61 740
61 745
61 774
61 795
61 800
61 853
61 872
61 934
62 156
62 173
62 181
62 255
62 280
62 313
62 429
62 436
62 470
62 499
62 560
62 578
62 636
62 649
62 655
62 687
62 728
62 755
62 834
62 930
62 943
62 967
62 969
62 1000
63 69
63 125
63 135
63 177
63 212
63 304
63 390
63 439
63 443
63 479
63 551
63 554
63 566
63 722
63 733
63 793
63 809
63 830
63 884
64 74
64 77
64 142
64 303
64 399
64 403
64 422
64 432
64 465
64 514
64 533
64 538
64 578
64 652
64 710
64 716
64 753
64 886
64 977
65 66
65 77
65 82
65 120
65 165
65 188
65 194
65 198
65 205
65 252
65 305
65 345
65 352
65 375
65 383
65 384
65 409
65 424
65 427
65 437
65 450
65 456
65 484
65 519
65 535
65 552
65 558
65 586
65 603
65 644
65 658
65 665
65 669
65 677
65 685
65 700
65 795
65 822
65 834
65 863
65 898
65 918
65 922
65 926
65 932
65 952
65 964
66 160
66 165
66 233
66 252
66 452
66 511
66 526
66 615
66 757
66 797
66 852
66 854
66 913
66 948
66 949
66 976
67 310
67 509
67 519
67 566
67 604
67 646
67 726
67 778
67 819
67 892
67 923
67 959
67 976
68 134
68 172
68 182
68 195
68 200
68 233
68 258
68 263
68 324
68 338
68 388
68 426
68 476
68 526
68 533
68 626
68 631
68 640
68 648
68 687
68 698
68 700
68 718
68 755
68 772
68 806
68 853
68 941
69 78
69 79
69 99
69 102
69 128
69 177
69 197
69 219
69 220
69 283
69 348
69 385
69 434
69 471
69 578
69 628
69 749
69 787
69 843
69 857
69 893
69 918
69 955
69 973
69 993
69 998
70 101
70 297
70 307
70 339
70 514
70 571
70 667
70 670
70 752
70 771
70 819
70 832
70 880
70 911
71 83
71 86
71 87
71 89
71 93
71 108
71 115
71 126
71 152
71 174
71 200
71 231
71 247
71 277
71 292
71 457
71 473
71 511
71 528
71 552
71 614
71 632
71 666
71 691
71 713
71 723
71 802
71 811
71 851
71 874
71 914
71 927
71 929
71 941
71 956
71 960
71 983
71 992
72 84
72 85
72 98
72 151
72 165
72 188
72 209
72 214
72 228
72 229
72 268
72 319
72 328
72 338
72 362
72 375
72 392
72 425
72 486
72 488
72 494
72 521
72 538
72 541
72 544
72 548
72 587
72 599
72 604
72 612
72 635
72 648
72 673
72 682
72 753
72 759
72 764
72 803
72 830
72 844
72 869
72 881
72 899
72 972
73 107
73 133
73 137
73 157
73 202
73 259
73 280
73 330
73 404
73 457
73 472
73 491
73 520
73 545
73 569
73 614
73 623
73 694
73 808
73 816
73 895
73 923
73 978
74 293
74 335
74 389
74 462
74 823
74 932
75 78
75 118
75 165
75 230
75 242
75 298
75 302
75 321
75 348
75 362
75 394
75 401
75 406
75 444
75 456
75 457
75 464
75 492
75 617
75 658
75 668
75 676
75 688
75 690
75 705
75 709
75 734
75 735
75 782
75 799
75 819
75 927
75 928
75 938
75 953
75 982
76 146
76 209
76 221
76 256
76 306
76 312
76 395
76 416
76 426
76 538
76 566
76 797
76 848
76 925
77 136
77 412
77 515
77 590
77 610
77 761
77 782
77 798
77 821
77 969
78 111
78 173
78 201
78 202
78 283
78 302
78 311
78 367
78 369
78 391
78 427
78 451
78 561
78 602
78 689
78 702
78 729
78 767
78 814
78 819
78 852
78 904
78 927
78 947
78 949
78 954
78 973
78 982
79 235
79 324
79 477
79 565
79 624
79 626
79 654
79 657
79 750
79 844
79 903
79 929
80 82
80 112
80 161
80 267
80 292
80 364
80 379
80 481
80 513
80 515
80 520
80 559
80 594
80 605
80 640
80 682
80 689
80 736
80 742
80 829
80 845
80 865
80 883
80 884
80 967
80 977
80 982
81 88
81 115
81 143
81 262
81 265
81 295
81 317
81 321
81 342
81 347
81 355
81 438
81 485
81 592
81 593
81 609
81 613
81 673
81 694
81 727
81 754
81 794
81 824
81 832
81 903
81 967
81 997
81 1000
82 83
82 90
82 169
82 205
82 252
82 264
82 274
82 333
82 355
82 421
82 432
82 726
82 757
82 761
82 817
82 818
82 864
82 882
82 904
82 950
82 973
82 990
83 87
83 115
83 132
83 144
83 165
83 261
83 270
83 374
83 382
83 457
83 528
83 547
83 549
83 696
83 702
83 829
83 838
83 851
83 865
83 874
83 896
83 941
83 999
84 85
84 98
84 151
84 179
84 220
84 229
84 247
84 285
84 340
84 342
84 344
84 353
84 371
84 392
84 418
84 450
84 485
84 486
84 539
84 572
84 599
84 628
84 674
84 705
84 726
84 753
84 841
84 844
84 868
84 896
84 966
84 977
84 989
85 176
85 280
85 289
85 342
85 356
85 362
85 385
85 392
85 477
85 486
85 574
85 616
85 632
85 673
85 725
85 753
85 811
85 901
86 89
86 101
86 117
86 126
86 160
86 200
86 210
86 246
86 259
86 327
86 355
86 374
86 425
86 448
86 457
86 522
86 528
86 549
86 602
86 626
86 632
86 680
86 721
86 738
86 748
86 823
86 838
86 851
86 866
86 874
86 896
86 908
86 922
86 956
87 199
87 232
87 325
87 374
87 463
87 632
87 648
87 689
87 703
87 720
87 832
87 844
87 955
87 975
88 104
88 237
88 317
88 471
88 477
88 507
88 543
88 548
88 592
88 673
88 740
88 741
88 841
88 959
88 969
88 993
89 93
89 241
89 254
89 257
89 263
89 268
89 269
89 275
89 318
89 368
89 408
89 528
89 555
89 566
89 585
89 602
89 607
89 611
89 624
89 632
89 634
89 656
89 659
89 713
89 722
89 729
89 788
89 851
89 860
89 867
89 874
89 896
89 904
89 942
89 956
89 962
90 96
90 102
90 112
90 131
90 147
90 166
90 206
90 230
90 236
90 253
90 256
90 265
90 280
90 332
90 379
90 386
90 389
90 419
90 421
90 423
90 472
90 482
90 486
90 501
90 502
90 534
90 543
90 550
90 567
90 586
90 614
90 622
90 643
90 649
90 687
90 692
90 701
90 761
90 785
90 847
90 860
90 864
90 865
90 883
90 885
90 887
90 933
90 952
90 991
91 93
91 105
91 118
91 121
91 142
91 181
91 189
91 200
91 263
91 402
91 416
91 491
91 608
91 617
91 653
91 703
91 744
91 834
91 853
91 959
91 983
91 985
92 127
92 140
92 155
92 168
92 233
92 238
92 247
92 269
92 286
92 287
92 300
92 316
92 338
92 369
92 400
92 404
92 422
92 475
92 505
92 513
92 518
92 547
92 548
92 564
92 607
92 625
92 633
92 654
92 681
92 758
92 776
92 827
92 874
92 889
92 927
92 943
92 952
93 107
93 112
93 137
93 422
93 446
93 463
93 574
93 632
93 837
93 871
93 896
93 928
93 930
93 958
93 999
94 100
94 163
94 182
94 272
94 365
94 481
94 561
94 570
94 575
94 756
94 761
94 770
94 808
94 836
94 843
94 958
94 975
94 989
95 186
95 229
95 298
95 311
95 343
95 380
95 626
95 643
95 691
95 815
95 949
96 341
96 482
96 569
96 598
96 605
96 705
96 819
96 861
96 870
96 902
96 911
97 233
97 298
97 321
97 332
97 352
97 422
97 476
97 508
97 624
97 648
97 735
97 746
98 151
98 160
98 250
98 273
98 344
98 425
98 486
98 501
98 599
98 628
98 648
98 673
98 729
98 753
98 762
98 826
98 892
98 923
98 927
98 936
98 986
99 183
99 192
99 232
99 304
99 321
99 322
99 367
99 372
99 385
99 432
99 457
99 465
99 474
99 574
99 684
99 702
99 792
99 807
99 942
100 165
100 186
100 266
100 273
100 312
100 342
100 362
100 398
100 494
100 537
100 561
100 689
100 770
100 783
100 954
100 962
100 998
101 126
101 165
101 244
101 360
101 405
101 411
101 527
101 542
101 590
101 617
101 632
101 788
101 815
101 834
101 925
101 999
102 103
102 141
102 155
102 200
102 207
102 213
102 221
102 225
102 238
102 266
102 278
102 317
102 319
102 354
102 365
102 372
102 398
102 427
102 438
102 462
102 523
102 592
102 601
102 621
102 688
102 694
102 715
102 727
102 733
102 740
102 743
102 771
102 784
102 794
102 844
102 866
102 928
102 938
102 956
102 959
102 997
103 160
103 220
103 224
103 288
103 357
103 529
103 566
103 572
103 733
103 844
103 913
103 935
103 942
104 265
104 280
104 446
104 450
104 475
104 491
104 590
104 624
104 777
104 886
105 155
105 353
105 357
105 441
105 451
105 486
105 514
105 610
105 635
105 770
105 923
105 957
105 971
105 994
106 107
106 129
106 145
106 289
106 291
106 335
106 393
106 476
106 597
106 694
106 863
106 864
106 938
107 118
107 131
107 161
107 166
107 179
107 192
107 216
107 227
107 251
107 279
107 310
107 336
107 371
107 397
107 463
107 529
107 595
107 599
107 609
107 643
107 649
107 653
107 681
107 714
107 734
107 739
107 821
107 829
107 837
107 841
107 877
107 940
107 942
107 948
107 958
107 980
107 983
107 989
107 1000
108 298
108 467
108 586
108 682
108 801
108 815
108 837
108 853
108 871
108 961
109 126
109 173
109 198
109 226
109 277
109 310
109 384
109 427
109 437
109 467
109 632
109 705
109 733
109 868
109 926
109 996
110 159
110 165
110 252
110 307
110 335
110 397
110 403
110 593
110 642
110 826
110 895
111 113
111 172
111 310
111 312
111 437
111 479
111 597
111 632
111 881
111 894
111 930
111 939
111 985
111 990
112 185
112 214
112 223
112 227
112 253
112 281
112 307
112 333
112 339
112 368
112 397
112 409
112 449
112 498
112 500
112 512
112 524
112 533
112 561
112 595
112 604
112 609
112 669
112 684
112 722
112 728
112 737
112 768
112 778
112 822
112 842
112 850
112 860
112 924
112 932
112 958
112 962
112 992
113 186
113 298
113 342
113 344
113 359
113 360
113 373
113 392
113 416
113 508
113 516
113 533
113 630
113 638
113 657
113 678
113 732
113 747
113 768
113 769
113 825
113 860
113 875
113 890
113 917
113 966
113 969
114 118
114 125
114 132
114 146
114 169
114 203
114 205
114 215
114 224
114 231
114 235
114 249
114 267
114 274
114 306
114 335
114 366
114 378
114 386
114 398
114 419
114 463
114 476
114 480
114 489
114 504
114 509
114 516
114 525
114 591
114 663
114 728
114 732
114 808
114 848
114 867
114 869
114 952
115 166
115 176
115 236
115 271
115 292
115 343
115 346
115 373
115 431
115 449
115 527
115 528
115 559
115 632
115 755
115 788
115 956
115 969
116 155
116 201
116 298
116 343
116 387
116 390
116 505
116 518
116 533
116 547
116 550
116 572
116 625
116 633
116 681
116 797
116 872
116 927
116 931
116 942
116 966
117 126
117 160
117 166
117 184
117 194
117 213
117 308
117 310
117 320
117 324
117 344
117 366
117 367
117 374
117 380
117 401
117 406
117 415
117 429
117 430
117 444
117 463
117 488
117 497
117 499
117 506
117 560
117 596
117 600
117 601
117 639
117 640
117 650
117 671
117 721
117 751
117 754
117 762
117 820
117 894
117 901
117 930
117 948
117 987
118 177
118 198
118 201
118 230
118 234
118 235
118 236
118 279
118 283
118 292
118 298
118 302
118 310
118 362
118 364
118 406
118 429
118 464
118 480
118 555
118 649
118 651
118 655
118 668
118 679
118 702
118 716
118 721
118 767
118 773
118 785
118 794
118 799
118 819
118 832
118 909
118 927
118 928
118 929
118 935
118 942
118 944
118 947
118 949
118 953
118 964
118 982
119 198
119 361
119 362
119 373
119 438
119 501
119 527
119 566
119 578
119 588
119 691
119 775
119 782
119 819
119 918
119 944
120 152
120 181
120 183
120 233
120 289
120 334
120 353
120 387
120 452
120 479
120 527
120 580
120 618
120 643
120 650
120 680
120 731
120 735
120 745
120 750
120 815
120 826
120 828
120 838
120 842
120 897
120 901
120 972
120 988
120 995
121 164
121 253
121 285
121 300
121 311
121 446
121 517
121 527
121 537
121 584
121 620
121 626
121 700
121 899
122 153
122 260
122 302
122 346
122 384
122 392
122 492
122 547
122 587
122 624
122 626
122 629
122 648
122 796
122 799
122 815
122 819
122 854
122 927
123 131
123 133
123 176
123 201
123 325
123 396
123 399
123 658
123 691
123 829
123 876
123 911
123 976
123 977
124 125
124 205
124 222
124 258
124 279
124 300
124 395
124 455
124 468
124 516
124 555
124 600
124 610
124 641
124 653
124 878
124 903
124 975
124 986
125 130
125 160
125 176
125 192
125 281
125 322
125 331
125 334
125 353
125 354
125 402
125 448
125 500
125 504
125 515
125 560
125 595
125 602
125 603
125 612
125 615
125 634
125 670
125 685
125 700
125 755
125 758
125 760
125 766
125 808
125 815
125 824
125 839
125 864
125 885
125 903
125 909
125 916
125 936
125 950
125 970
125 972
126 184
126 185
126 196
126 204
126 218
126 243
126 263
126 276
126 324
126 380
126 394
126 430
126 439
126 440
126 459
126 472
126 482
126 488
126 501
126 553
126 581
126 638
126 652
126 663
126 686
126 701
126 708
126 722
126 860
126 898
126 906
126 976
127 147
127 222
127 240
127 371
127 436
127 453
127 522
127 551
127 641
127 649
127 673
127 709
127 773
127 803
127 857
127 894
127 944
127 959
127 987
128 174
128 279
128 302
128 303
128 353
128 370
128 567
128 728
128 761
128 770
128 771
128 772
128 827
128 836
128 899
128 956
129 210
129 268
129 342
129 360
129 411
129 596
129 605
129 626
129 692
129 693
129 851
129 855
129 876
129 933
130 140
130 285
130 291
130 311
130 394
130 428
130 441
130 451
130 585
130 647
130 669
130 723
130 725
130 750
130 775
130 816
131 145
131 177
131 380
131 393
131 402
131 462
131 471
131 536
131 546
131 582
131 626
131 650
131 942
131 973
131 990
132 137
132 142
132 147
132 161
132 164
132 170
132 200
132 367
132 420
132 512
132 548
132 652
132 654
132 716
132 736
132 747
132 791
132 817
132 886
132 891
132 935
132 960
133 176
133 477
133 552
133 561
133 622
133 654
133 687
133 781
133 856
133 979
134 257
134 367
134 396
134 414
134 457
134 479
134 586
134 630
134 688
134 716
134 846
134 859
134 875
135 339
135 342
135 366
135 400
135 466
135 545
135 548
135 783
135 923
135 950
135 990
135 998
136 159
136 163
136 171
136 181
136 201
136 243
136 266
136 268
136 336
136 370
136 377
136 392
136 393
136 397
136 400
136 411
136 412
136 434
136 500
136 504
136 517
136 542
136 552
136 560
136 564
136 571
136 580
136 601
136 629
136 637
136 643
136 651
136 664
136 717
136 729
136 735
136 745
136 813
136 815
136 827
136 860
136 871
136 878
136 883
136 910
136 937
136 950
136 959
136 970
137 160
137 186
137 197
137 219
137 258
137 352
137 421
137 478
137 510
137 555
137 558
137 674
137 755
137 823
137 854
137 903
137 913
137 968
137 998
137 1000
138 142
138 162
138 340
138 383
138 414
138 477
138 494
138 516
138 556
138 603
138 659
138 743
138 764
138 787
138 843
138 876
138 960
139 176
139 217
139 230
139 237
139 385
139 659
139 667
139 671
139 733
139 817
139 929
139 960
139 993
140 145
140 153
140 160
140 182
140 198
140 220
140 340
140 345
140 351
140 355
140 380
140 397
140 437
140 498
140 513
140 585
140 603
140 631
140 718
140 776
140 782
140 802
140 804
140 877
140 962
140 977
141 208
141 215
141 259
141 282
141 288
141 292
141 296
141 334
141 382
141 395
141 417
141 456
141 473
141 478
141 484
141 515
141 571
141 603
141 606
141 609
141 643
141 652
141 676
141 691
141 692
141 735
141 808
141 811
141 823
141 856
141 878
141 881
141 936
141 941
141 966
141 972
141 979
141 980
141 989
141 997
142 180
142 186
142 237
142 238
142 270
142 383
142 391
142 425
142 514
142 533
142 600
142 633
142 648
142 650
142 656
142 658
142 691
142 707
142 718
142 736
142 756
142 804
142 819
142 879
142 920
142 938
142 939
143 144
143 170
143 207
143 210
143 269
143 272
143 288
143 334
143 349
143 353
143 405
143 536
143 546
143 554
143 607
143 678
143 730
143 775
143 828
143 829
143 859
143 993
144 172
144 189
144 239
144 288
144 296
144 336
144 340
144 344
144 358
144 373
144 408
144 445
144 475
144 492
144 493
144 555
144 573
144 578
144 610
144 747
144 750
144 829
144 886
144 937
144 968
145 153
145 163
145 171
145 186
145 198
145 201
145 203
145 239
145 240
145 285
145 315
145 371
145 381
145 383
145 402
145 416
145 421
145 461
145 473
145 499
145 516
145 519
145 540
145 545
145 555
145 589
145 615
145 658
145 754
145 766
145 812
145 821
145 867
145 892
145 902
145 937
145 951
145 962
145 963
145 996
145 998
146 174
146 176
146 235
146 293
146 301
146 363
146 372
146 446
146 490
146 501
146 536
146 540
146 566
146 597
146 617
146 629
146 694
146 696
146 698
146 742
146 788
146 794
146 806
146 825
146 841
146 874
146 929
146 957
146 990
147 155
147 163
147 172
147 239
147 241
147 284
147 320
147 342
147 476
147 506
147 560
147 578
147 634
147 689
147 699
147 710
147 733
147 790
147 810
147 823
147 831
147 870
147 886
147 917
148 155
148 239
148 333
148 379
148 516
148 554
148 555
148 575
148 589
148 592
148 651
148 743
148 823
148 834
148 892
148 902
148 941
148 959
149 227
149 263
149 281
149 285
149 486
149 600
149 621
149 660
149 664
149 675
149 682
149 737
149 942
150 155
150 198
150 200
150 205
150 238
150 478
150 482
150 571
150 599
150 737
150 794
150 828
150 835
151 188
151 344
151 364
151 391
151 604
151 607
151 612
151 618
151 628
151 658
151 673
151 675
151 753
151 769
151 785
151 803
151 841
151 876
151 908
151 954
151 997
152 180
152 240
152 251
152 261
152 278
152 331
152 340
152 353
152 370
152 437
152 447
152 500
152 525
152 629
152 634
152 639
152 655
152 700
152 793
152 820
152 856
152 895
152 911
152 947
153 160
153 164
153 174
153 214
153 266
153 283
153 287
153 425
153 441
153 457
153 597
153 610
153 612
153 763
153 837
153 853
153 941
153 942
153 965
154 246
154 280
154 327
154 361
154 372
154 386
154 459
154 562
154 594
154 678
154 688
154 762
154 787
154 791
154 794
154 795
154 832
154 840
154 872
154 897
154 971
155 162
155 168
155 200
155 227
155 287
155 302
155 316
155 357
155 374
155 380
155 390
155 392
155 398
155 420
155 422
155 483
155 498
155 505
155 518
155 522
155 539
155 547
155 557
155 568
155 599
155 607
155 625
155 633
155 700
155 738
155 877
155 899
155 916
155 954
155 969
155 977
156 162
156 179
156 187
156 244
156 331
156 349
156 351
156 455
156 480
156 508
156 517
156 529
156 538
156 542
156 544
156 562
156 570
156 573
156 632
156 673
156 682
156 837
156 930
156 941
156 942
156 1000
157 200
157 321
157 330
157 364
157 421
157 459
157 555
157 575
157 602
157 638
157 771
157 899
157 903
157 925
157 944
158 179
158 217
158 267
158 277
158 370
158 379
158 446
158 513
158 629
158 710
158 732
158 815
158 978
159 373
159 383
159 447
159 466
159 612
159 680
159 735
159 747
159 825
159 849
159 863
159 885
159 895
159 911
159 952
160 195
160 252
160 344
160 346
160 383
160 584
160 651
160 660
160 687
160 771
160 792
160 796
160 800
160 871
160 927
160 928
160 992
161 167
161 179
161 191
161 248
161 255
161 295
161 342
161 379
161 380
161 499
161 538
161 687
161 853
161 861
161 942
161 983
161 993
162 219
162 258
162 270
162 307
162 336
162 383
162 425
162 459
162 621
162 649
162 650
162 652
162 658
162 705
162 733
162 754
162 812
162 894
162 908
163 170
163 270
163 280
163 281
163 291
163 318
163 321
163 351
163 409
163 462
163 466
163 495
163 499
163 605
163 619
163 634
163 643
163 650
163 679
163 748
163 753
163 823
163 826
163 831
163 886
163 920
163 969
164 176
164 213
164 285
164 295
164 358
164 383
164 390
164 427
164 461
164 470
164 560
164 565
164 647
164 876
164 897
164 923
165 171
165 194
165 211
165 215
165 219
165 240
165 243
165 256
165 273
165 290
165 324
165 334
165 369
165 386
165 391
165 413
165 415
165 427
165 437
165 467
165 558
165 576
165 662
165 671
165 707
165 720
165 765
165 804
165 922
165 996
166 198
166 199
166 220
166 226
166 262
166 339
166 445
166 476
166 501
166 568
166 605
166 866
166 928
166 948
167 185
167 233
167 235
167 271
167 321
167 335
167 339
167 346
167 373
167 393
167 403
167 429
167 446
167 509
167 560
167 564
167 585
167 597
167 606
167 611
167 716
167 725
167 809
167 941
167 959
167 964
167 970
167 971
168 177
168 188
168 193
168 263
168 283
168 294
168 386
168 389
168 438
168 476
168 560
168 602
168 633
168 762
168 853
168 870
168 881
168 889
169 180
169 224
169 249
169 269
169 301
169 304
169 350
169 370
169 375
169 403
169 428
169 509
169 525
169 529
169 569
169 617
169 783
169 798
169 817
169 948
169 996
170 174
170 192
170 233
170 259
170 292
170 330
170 337
170 340
170 350
170 360
170 361
170 392
170 414
170 448
170 466
170 499
170 515
170 566
170 576
170 584
170 616
170 628
170 657
170 704
170 750
170 790
170 820
170 826
170 839
170 840
170 843
170 873
170 884
170 885
170 888
170 930
170 995
171 260
171 385
171 390
171 421
171 448
171 483
171 554
171 602
171 608
171 727
171 787
171 860
171 902
171 904
171 941
171 950
171 952
171 997
172 182
172 229
172 251
172 257
172 263
172 319
172 389
172 400
172 421
172 468
172 483
172 504
172 505
172 507
172 593
172 695
172 746
172 757
172 798
172 806
172 883
172 886
172 939
173 188
173 198
173 212
173 214
173 217
173 236
173 238
173 250
173 259
173 289
173 304
173 307
173 310
173 370
173 379
173 387
173 394
173 428
173 461
173 496
173 521
173 533
173 566
173 569
173 624
173 629
173 636
173 654
173 725
173 745
173 771
173 781
173 814
173 840
173 854
173 862
173 913
173 920
173 959
173 978
173 986
174 209
174 242
174 280
174 324
174 330
174 349
174 350
174 387
174 389
174 395
174 410
174 434
174 467
174 486
174 492
174 574
174 601
174 605
174 627
174 641
174 655
174 657
174 679
174 689
174 700
174 790
174 804
174 810
174 823
174 826
174 828
174 831
174 834
174 863
174 890
174 933
174 936
174 938
174 943
174 946
174 967
174 969
175 186
175 284
175 319
175 388
175 408
175 415
175 497
175 520
175 537
175 541
175 626
175 759
175 782
175 872
175 875
175 882
175 898
175 939
175 961
175 993
175 996
176 189
176 203
176 244
176 265
176 308
176 359
176 381
176 394
176 467
176 484
176 510
176 552
176 582
176 616
176 620
176 628
176 667
176 673
176 675
176 709
176 736
176 776
176 803
176 826
176 827
176 892
176 897
176 907
176 931
176 969
177 198
177 216
177 222
177 284
177 290
177 338
177 353
177 384
177 436
177 470
177 489
177 517
177 531
177 550
177 582
177 621
177 626
177 637
177 656
177 673
177 756
177 802
177 815
177 880
177 969
177 979
178 199
178 389
178 405
178 421
178 436
178 477
178 588
178 715
178 832
178 894
179 188
179 215
179 260
179 279
179 283
179 286
179 295
179 332
179 379
179 380
179 382
179 431
179 435
179 451
179 502
179 508
179 520
179 529
179 562
179 590
179 611
179 648
179 658
179 689
179 691
179 705
179 710
179 728
179 732
179 757
179 780
179 807
179 810
179 817
179 853
179 857
179 880
179 902
179 920
179 960
179 976
179 981
179 984
180 224
180 229
180 252
180 274
180 276
180 286
180 374
180 385
180 386
180 555
180 611
180 629
180 648
180 691
180 739
180 752
180 792
180 841
180 914
180 946
180 998
181 246
181 293
181 340
181 398
181 451
181 496
181 499
181 504
181 515
181 516
181 517
181 529
181 536
181 582
181 583
181 587
181 600
181 627
181 646
181 651
181 757
181 769
181 827
181 866
181 900
181 921
181 967
181 972
181 994
182 187
182 200
182 240
182 285
182 320
182 354
182 364
182 365
182 382
182 402
182 417
182 423
182 439
182 491
182 529
182 537
182 561
182 565
182 567
182 575
182 585
182 657
182 671
182 705
182 731
182 759
182 766
182 780
182 783
182 793
182 813
182 819
182 822
182 846
182 907
182 950
182 969
182 996
183 247
183 270
183 335
183 340
183 342
183 354
183 466
183 555
183 792
183 809
183 833
183 848
183 884
183 893
183 922
183 982
184 236
184 509
184 614
184 643
184 796
184 827
184 901
184 905
184 961
185 227
185 255
185 360
185 374
185 408
185 409
185 426
185 480
185 487
185 493
185 536
185 538
185 550
185 552
185 569
185 624
185 642
185 682
185 727
185 747
185 749
185 802
185 843
185 860
185 867
185 947
185 959
186 214
186 252
186 275
186 281
186 290
186 295
186 301
186 381
186 481
186 494
186 499
186 508
186 516
186 519
186 525
186 540
186 545
186 583
186 590
186 670
186 697
186 725
186 819
186 827
186 891
186 892
186 896
186 940
186 941
186 966
186 969
187 394
187 404
187 474
187 483
187 513
187 607
187 751
187 776
187 815
187 867
187 870
187 871
188 191
188 199
188 203
188 205
188 215
188 237
188 260
188 279
188 286
188 436
188 442
188 476
188 489
188 517
188 529
188 531
188 538
188 542
188 543
188 562
188 613
188 617
188 638
188 648
188 650
188 659
188 660
188 682
188 739
188 750
188 763
188 768
188 769
188 789
188 819
188 837
188 893
188 910
188 919
188 938
188 940
188 953
188 976
188 984
188 989
189 262
189 263
189 289
189 373
189 383
189 451
189 493
189 599
189 660
189 697
189 727
189 790
189 801
189 810
189 886
189 905
189 950
190 204
190 251
190 315
190 333
190 386
190 402
190 403
190 432
190 466
190 475
190 487
190 542
190 554
190 615
190 661
190 682
190 726
190 741
190 792
190 820
190 830
190 833
190 876
190 899
191 241
191 297
191 301
191 378
191 416
191 443
191 496
191 508
191 529
191 531
191 544
191 563
191 665
191 678
191 730
191 732
191 750
191 780
191 807
191 844
191 881
191 921
191 956
191 976
191 977
192 201
192 210
192 222
192 242
192 283
192 316
192 319
192 466
192 492
192 522
192 540
192 583
192 669
192 732
192 813
192 823
192 831
192 834
192 884
192 903
192 957
193 199
193 224
193 265
193 267
193 277
193 376
193 408
193 446
193 460
193 476
193 515
193 526
193 533
193 605
193 715
193 815
193 925
193 969
193 976
194 198
194 215
194 277
194 300
194 342
194 408
194 433
194 437
194 493
194 557
194 656
194 823
194 885
194 898
194 936
195 236
195 269
195 298
195 340
195 345
195 385
195 398
195 413
195 447
195 503
195 554
195 583
195 610
195 636
195 658
195 708
195 716
195 755
195 771
195 772
195 781
195 825
195 830
195 831
195 849
195 852
195 905
195 938
195 958
195 993
196 263
196 266
196 267
196 289
196 329
196 336
196 374
196 390
196 646
196 692
196 724
196 731
196 803
196 815
196 868
196 881
196 896
196 938
196 953
196 990
197 226
197 289
197 336
197 373
197 422
197 574
197 634
197 700
197 856
197 934
197 948
198 205
198 241
198 266
198 289
198 299
198 317
198 336
198 338
198 340
198 363
198 407
198 408
198 427
198 437
198 520
198 535
198 544
198 558
198 562
198 579
198 595
198 600
198 665
198 677
198 700
198 748
198 779
198 809
198 810
198 822
198 839
198 922
198 997
199 206
199 241
199 253
199 266
199 267
199 277
199 278
199 282
199 298
199 304
199 324
199 344
199 369
199 385
199 446
199 449
199 464
199 465
199 468
199 482
199 502
199 513
199 622
199 626
199 645
199 722
199 729
199 737
199 748
199 847
199 862
199 865
199 866
199 883
199 898
199 910
199 934
199 954
199 977
200 227
200 246
200 285
200 351
200 356
200 405
200 418
200 421
200 441
200 467
200 516
200 563
200 570
200 644
200 656
200 707
200 714
200 726
200 831
200 853
200 891
200 921
200 923
200 984
200 999
201 211
201 215
201 260
201 269
201 298
201 302
201 391
201 408
201 420
201 464
201 469
201 506
201 556
201 573
201 580
201 631
201 668
201 684
201 715
201 719
201 767
201 806
201 819
201 858
201 874
201 927
201 928
201 947
201 949
201 982
201 983
202 210
202 234
202 263
202 267
202 284
202 291
202 373
202 378
202 406
202 456
202 479
202 534
202 564
202 607
202 628
202 630
202 670
202 675
202 735
202 825
202 834
202 844
202 895
202 917
202 941
203 208
203 209
203 210
203 240
203 339
203 596
203 652
203 728
203 753
203 913
203 944
204 212
204 289
204 334
204 574
204 581
204 590
204 592
204 602
204 622
204 768
204 779
204 800
204 801
204 849
204 913
204 950
204 978
204 986
205 260
205 360
205 383
205 401
205 402
205 531
205 609
205 615
205 679
205 743
205 753
205 879
205 881
205 946
205 973
206 227
206 237
206 265
206 267
206 312
206 379
206 457
206 541
206 594
206 685
206 700
206 741
206 752
206 862
206 897
207 296
207 336
207 394
207 409
207 451
207 491
207 536
207 553
207 691
207 702
207 723
207 896
207 940
207 965
207 967
208 231
208 239
208 277
208 314
208 351
208 355
208 362
208 368
208 381
208 420
208 428
208 436
208 453
208 463
208 507
208 510
208 516
208 559
208 568
208 582
208 600
208 635
208 675
208 683
208 702
208 707
208 718
208 728
208 744
208 762
208 771
208 775
208 777
208 794
208 801
208 823
208 835
208 839
208 853
208 860
208 880
208 881
208 897
208 907
208 923
208 954
208 989
209 266
209 272
209 285
209 304
209 308
209 314
209 324
209 345
209 351
209 398
209 401
209 423
209 475
209 510
209 524
209 534
209 554
209 557
209 629
209 642
209 652
209 688
209 717
209 741
209 743
209 760
209 809
209 810
209 830
209 852
209 889
209 925
209 942
209 958
209 964
209 992
210 222
210 239
210 246
210 263
210 278
210 287
210 320
210 327
210 352
210 354
210 389
210 395
210 408
210 451
210 491
210 548
210 595
210 649
210 666
210 691
210 697
210 706
210 723
210 725
210 750
210 795
210 805
210 859
210 891
210 911
210 917
210 919
210 946
210 959
210 971
210 993
211 260
211 295
211 311
211 361
211 403
211 538
211 546
211 648
211 667
211 803
211 815
211 821
211 977
212 253
212 259
212 304
212 372
212 392
212 408
212 412
212 440
212 446
212 456
212 485
212 486
212 505
212 527
212 529
212 561
212 647
212 706
212 717
212 723
212 732
212 736
212 743
212 744
212 816
212 837
212 886
212 931
212 996
213 235
213 241
213 355
213 394
213 419
213 435
213 441
213 531
213 544
213 546
213 592
213 782
213 898
213 901
214 256
214 259
214 304
214 319
214 425
214 461
214 474
214 521
214 539
214 566
214 613
214 617
214 629
214 646
214 771
214 781
214 782
214 802
214 813
214 851
214 899
214 920
214 934
214 942
215 334
215 342
215 370
215 426
215 437
215 599
215 648
215 702
215 786
215 853
216 217
216 219
216 364
216 467
216 477
216 654
216 677
216 726
216 841
216 857
216 876
216 896
216 941
217 228
217 266
217 284
217 383
217 458
217 481
217 494
217 508
217 511
217 680
217 683
217 734
217 736
217 747
217 748
217 765
217 771
217 789
217 816
217 882
217 925
217 952
218 280
218 291
218 367
218 418
218 436
218 451
218 472
218 526
218 554
218 776
218 886
218 889
218 890
218 893
219 296
219 326
219 348
219 393
219 406
219 419
219 475
219 478
219 487
219 492
219 527
219 582
219 626
219 697
219 724
219 747
219 749
219 787
219 805
219 830
219 871
219 893
219 894
219 895
219 949
219 973
220 340
220 360
220 375
220 390
220 402
220 408
220 529
220 531
220 582
220 610
220 622
220 735
220 743
220 770
220 831
220 912
220 929
220 972
220 980
221 237
221 249
221 369
221 457
221 494
221 520
221 562
221 597
221 642
221 743
221 779
221 794
221 832
221 935
221 943
221 989
222 329
222 331
222 341
222 362
222 386
222 422
222 439
222 479
222 499
222 635
222 655
222 681
222 699
222 731
222 736
222 755
222 790
222 831
222 863
222 911
222 915
222 929
222 987
222 1000
223 282
223 321
223 333
223 434
223 509
223 562
223 567
223 657
223 776
223 809
223 904
223 932
224 227
224 249
224 328
224 360
224 400
224 436
224 527
224 536
224 538
224 574
224 611
224 712
224 747
224 785
224 851
224 872
225 298
225 302
225 390
225 431
225 504
225 518
225 521
225 548
225 626
225 673
225 683
225 726
225 832
225 969
226 397
226 399
226 472
226 473
226 596
226 682
226 687
226 688
226 774
226 796
226 832
226 884
226 886
226 887
226 929
226 935
226 986
227 235
227 266
227 274
227 300
227 335
227 368
227 371
227 386
227 403
227 409
227 506
227 525
227 538
227 540
227 595
227 611
227 613
227 632
227 650
227 679
227 683
227 693
227 712
227 722
227 726
227 764
227 792
227 808
227 809
227 846
227 848
227 851
227 855
227 856
227 857
227 879
227 894
227 942
227 944
227 946
227 952
227 959
227 960
227 964
227 998
228 229
228 384
228 405
228 409
228 440
228 454
228 491
228 528
228 533
228 534
228 641
228 648
228 677
228 697
228 750
228 827
228 881
228 920
228 922
228 971
228 993
229 247
229 310
229 319
229 344
229 392
229 433
229 459
229 486
229 499
229 552
229 561
229 587
229 611
229 672
229 673
229 686
229 723
229 844
230 251
230 298
230 369
230 450
230 468
230 499
230 509
230 518
230 595
230 605
230 694
230 819
230 820
230 853
230 899
230 927
230 928
230 953
231 260
231 353
231 383
231 449
231 686
231 906
231 917
232 319
232 388
232 446
232 467
232 475
232 590
232 813
232 837
232 877
233 259
233 280
233 306
233 319
233 321
233 330
233 342
233 349
233 383
233 415
233 434
233 466
233 468
233 479
233 492
233 544
233 572
233 576
233 599
233 651
233 657
233 687
233 689
233 703
233 704
233 710
233 719
233 736
233 770
233 790
233 800
233 802
233 826
233 837
233 840
233 843
233 849
233 863
233 878
233 888
233 890
233 893
233 929
233 930
233 944
233 967
233 984
233 987
234 266
234 288
234 289
234 349
234 370
234 373
234 384
234 400
234 451
234 460
234 462
234 490
234 496
234 597
234 678
234 687
234 781
234 829
234 845
234 993
235 278
235 307
235 328
235 347
235 368
235 369
235 374
235 378
235 400
235 412
235 416
235 431
235 458
235 476
235 480
235 481
235 506
235 514
235 535
235 560
235 591
235 604
235 611
235 634
235 636
235 652
235 672
235 686
235 690
235 739
235 835
235 862
235 873
235 879
235 959
235 969
235 975
235 998
236 251
236 270
236 304
236 406
236 514
236 526
236 596
236 611
236 741
236 793
236 829
236 927
236 930
236 931
236 952
236 959
237 254
237 282
237 308
237 327
237 372
237 385
237 401
237 434
237 438
237 439
237 474
237 520
237 557
237 568
237 592
237 608
237 616
237 690
237 694
237 715
237 734
237 737
237 773
237 817
237 824
237 826
237 842
237 872
237 922
237 962
237 964
237 997
238 239
238 298
238 357
238 398
238 406
238 550
238 625
238 629
238 682
238 706
238 713
238 731
238 735
238 740
238 771
238 811
238 974
239 263
239 318
239 329
239 368
239 384
239 499
239 523
239 609
239 617
239 645
239 691
239 695
239 698
239 703
239 768
239 823
239 840
239 913
239 969
240 249
240 256
240 272
240 294
240 315
240 332
240 333
240 339
240 366
240 379
240 393
240 453
240 482
240 486
240 487
240 501
240 513
240 532
240 533
240 554
240 628
240 645
240 648
240 697
240 703
240 712
240 737
240 837
240 839
240 848
240 875
240 979
241 286
241 295
241 299
241 314
241 367
241 439
241 540
241 544
241 551
241 610
241 648
241 651
241 728
241 763
241 815
241 871
241 877
241 881
241 916
241 989
242 262
242 275
242 280
242 283
242 350
242 574
242 584
242 599
242 602
242 657
242 689
242 717
242 746
242 793
242 797
242 810
242 813
242 823
242 828
242 835
242 839
242 957
243 351
243 437
243 550
243 583
243 644
243 682
243 834
243 853
243 987
244 249
244 285
244 320
244 407
244 482
244 550
244 615
244 621
244 787
244 790
244 818
244 865
244 936
244 972
244 974
245 282
245 361
245 386
245 389
245 486
245 522
245 648
245 714
245 735
245 825
246 274
246 278
246 326
246 330
246 437
246 444
246 484
246 555
246 634
246 711
246 740
246 761
246 787
246 805
246 870
246 938
246 965
247 249
247 255
247 276
247 299
247 303
247 344
247 364
247 392
247 439
247 478
247 486
247 497
247 516
247 518
247 597
247 599
247 604
247 612
247 659
247 678
247 753
247 764
247 861
247 962
248 361
248 560
248 572
248 586
248 640
248 698
248 812
248 814
248 955
248 963
248 972
249 257
249 289
249 301
249 329
249 403
249 420
249 439
249 479
249 501
249 508
249 527
249 544
249 564
249 595
249 747
249 823
249 843
249 938
249 947
250 304
250 310
250 311
250 342
250 387
250 553
250 566
250 586
250 722
250 806
250 816
250 897
250 923
250 935
250 968
251 257
251 267
251 278
251 293
251 331
251 336
251 370
251 373
251 395
251 399
251 481
251 482
251 483
251 551
251 597
251 650
251 669
251 724
251 777
251 787
251 797
251 852
251 858
251 881
251 951
252 272
252 281
252 286
252 337
252 345
252 390
252 427
252 447
252 508
252 583
252 723
252 803
252 892
252 985
253 348
253 360
253 430
253 605
253 654
253 696
253 703
253 749
253 750
253 751
253 782
253 850
253 865
253 893
253 904
253 917
253 972
253 979
253 987
254 406
254 437
254 467
254 512
254 583
254 621
254 633
254 642
254 673
254 694
254 709
254 713
254 730
254 740
254 817
254 825
254 832
254 891
254 901
254 913
255 257
255 282
255 295
255 378
255 451
255 492
255 517
255 521
255 551
255 585
255 670
255 715
255 730
255 746
255 774
255 846
255 852
255 861
255 925
256 277
256 303
256 387
256 400
256 415
256 438
256 497
256 582
256 605
256 681
256 722
256 725
256 822
256 832
256 877
256 906
256 910
256 970
257 267
257 297
257 409
257 432
257 468
257 508
257 538
257 605
257 640
257 803
257 806
257 821
257 855
257 894
257 921
257 940
258 285
258 287
258 308
258 421
258 439
258 507
258 512
258 516
258 530
258 560
258 565
258 571
258 589
258 672
258 696
258 719
258 855
258 871
258 892
258 902
258 913
258 918
258 941
258 944
258 948
258 955
259 261
259 281
259 336
259 342
259 362
259 391
259 474
259 496
259 602
259 700
259 707
259 715
259 725
259 741
259 777
259 786
259 808
259 902
259 929
260 345
260 414
260 468
260 482
260 562
260 626
260 635
260 677
260 700
260 728
260 738
260 747
260 757
260 803
260 837
260 938
260 971
260 976
260 991
261 310
261 317
261 351
261 378
261 496
261 566
261 597
261 614
261 635
261 701
261 742
261 806
261 868
261 909
261 955
262 286
262 326
262 467
262 482
262 513
262 524
262 534
262 585
262 724
262 761
262 882
262 977
263 289
263 307
263 366
263 384
263 460
263 491
263 522
263 560
263 569
263 604
263 656
263 746
263 793
263 797
263 828
263 858
263 886
263 899
263 917
263 925
263 936
263 943
263 948
264 285
264 291
264 324
264 403
264 521
264 679
264 690
264 716
264 728
264 746
264 803
264 936
264 991
265 323
265 364
265 379
265 498
265 519
265 675
265 726
265 972
265 991
266 269
266 276
266 293
266 301
266 304
266 354
266 382
266 537
266 561
266 565
266 575
266 615
266 652
266 667
266 837
266 926
266 993
267 288
267 336
267 367
267 404
267 412
267 520
267 552
267 586
267 658
267 660
267 697
267 703
267 781
267 822
267 892
267 917
267 933
267 985
267 988
268 370
268 371
268 377
268 398
268 500
268 536
268 555
268 598
268 671
268 755
268 756
268 763
268 790
268 816
268 819
268 852
268 878
268 922
268 939
268 999
269 272
269 294
269 337
269 340
269 345
269 447
269 466
269 494
269 503
269 514
269 527
269 539
269 554
269 578
269 649
269 708
269 733
269 750
269 772
269 809
269 828
269 830
269 927
269 935
269 953
269 990
270 307
270 317
270 397
270 425
270 549
270 550
270 551
270 556
270 577
270 598
270 620
270 650
270 658
270 662
270 726
270 758
270 784
270 894
270 906
270 907
271 302
271 333
271 346
271 408
271 507
271 515
271 599
271 608
271 623
271 627
271 699
271 761
271 779
271 827
271 856
271 897
271 941
271 997
272 319
272 338
272 345
272 405
272 446
272 447
272 611
272 613
272 635
272 677
272 809
272 837
272 903
273 370
273 384
273 393
273 467
273 596
273 625
273 643
273 728
273 790
273 977
274 312
274 316
274 360
274 372
274 400
274 402
274 405
274 434
274 509
274 553
274 591
274 604
274 644
274 732
274 804
274 815
274 832
275 312
275 324
275 407
275 505
275 524
275 551
275 553
275 615
275 709
275 753
275 835
275 856
275 933
276 286
276 351
276 528
276 583
276 589
276 625
276 647
276 675
276 840
276 885
276 886
276 913
276 942
277 384
277 398
277 475
277 483
277 542
277 602
277 612
277 662
277 670
277 906
277 918
277 944
278 285
278 289
278 363
278 377
278 391
278 403
278 475
278 553
278 652
278 684
278 691
278 723
278 735
278 815
278 829
278 853
278 874
278 973
278 993
279 320
279 374
279 407
279 482
279 538
279 544
279 669
279 706
279 732
279 787
279 913
279 999
280 283
280 342
280 407
280 419
280 434
280 466
280 531
280 555
280 613
280 634
280 657
280 659
280 662
280 687
280 708
280 768
280 806
280 810
280 826
280 832
280 834
280 840
280 870
280 967
280 969
280 986
281 364
281 468
281 516
281 570
281 632
281 676
281 702
281 847
281 860
281 909
281 944
281 949
281 996
282 317
282 327
282 433
282 441
282 605
282 622
282 663
282 713
282 727
282 728
282 730
282 768
282 806
282 842
282 844
282 934
283 361
283 443
283 479
283 481
283 499
283 503
283 646
283 650
283 657
283 728
283 743
283 745
283 784
283 790
283 813
283 823
283 843
283 884
283 886
283 888
283 899
283 915
283 987
283 1000
284 285
284 287
284 303
284 349
284 468
284 501
284 536
284 575
284 634
284 783
284 813
284 820
284 826
284 857
284 868
284 900
285 328
285 355
285 369
285 382
285 425
285 428
285 439
285 450
285 451
285 500
285 512
285 527
285 537
285 577
285 596
285 603
285 642
285 647
285 651
285 652
285 703
285 707
285 745
285 791
285 817
285 838
285 861
285 883
285 894
285 896
285 908
285 935
285 971
286 291
286 296
286 323
286 435
286 538
286 622
286 648
286 680
286 702
286 727
286 754
286 763
286 771
286 823
286 887
286 984
287 383
287 405
287 408
287 421
287 434
287 535
287 632
287 676
287 777
287 861
287 942
287 997
288 300
288 344
288 359
288 370
288 552
288 608
288 643
288 651
288 697
288 746
288 757
288 881
288 886
288 927
288 977
288 988
289 296
289 368
289 370
289 379
289 405
289 460
289 491
289 526
289 558
289 562
289 579
289 608
289 626
289 660
289 666
289 697
289 706
289 723
289 743
289 757
289 777
289 779
289 806
289 821
289 850
289 852
289 859
289 890
289 923
289 937
289 953
289 966
289 980
290 335
290 364
290 446
290 472
290 736
290 848
290 876
290 938
291 307
291 322
291 344
291 353
291 360
291 375
291 383
291 410
291 440
291 493
291 529
291 560
291 567
291 606
291 615
291 616
291 630
291 646
291 647
291 667
291 683
291 717
291 734
291 740
291 774
291 782
291 796
291 827
291 829
291 848
291 870
291 883
291 888
291 893
291 896
291 908
291 910
291 932
291 960
292 307
292 474
292 491
292 550
292 566
292 589
292 592
292 649
292 665
292 677
292 702
292 721
292 755
292 796
292 800
292 833
292 844
292 903
292 936
292 961
292 967
292 972
292 996
293 298
293 398
293 434
293 474
293 479
293 529
293 578
293 580
293 700
293 702
293 735
293 736
293 787
293 788
293 799
293 832
293 846
293 954
293 956
293 987
294 312
294 316
294 370
294 396
294 547
294 678
294 797
294 903
294 906
294 953
295 538
295 544
295 581
295 609
295 654
295 673
295 706
295 780
295 875
295 942
295 967
296 384
296 405
296 555
296 592
296 596
296 618
296 678
296 727
296 829
296 859
296 896
296 915
296 955
297 340
297 400
297 549
297 576
297 581
297 632
297 682
297 687
297 781
297 786
297 803
297 821
297 830
297 837
297 963
297 970
298 300
298 302
298 362
298 408
298 464
298 522
298 546
298 668
298 712
298 773
298 795
298 799
298 804
298 819
298 873
298 900
298 927
298 928
298 947
298 949
298 953
298 959
298 961
298 968
298 984
299 332
299 427
299 538
299 610
299 702
299 747
299 751
299 765
299 772
299 777
299 875
299 987
299 994
299 996
300 325
300 415
300 593
300 622
300 626
300 627
300 636
300 705
300 771
300 777
300 789
300 825
300 832
300 865
300 875
301 386
301 472
301 508
301 518
301 562
301 570
301 648
301 796
301 911
301 959
302 336
302 341
302 362
302 402
302 436
302 464
302 497
302 499
302 549
302 573
302 576
302 645
302 668
302 675
302 702
302 703
302 722
302 726
302 736
302 767
302 773
302 792
302 799
302 819
302 834
302 844
302 854
302 856
302 869
302 927
302 928
302 949
302 953
302 960
302 964
303 336
303 523
303 568
303 616
303 740
303 746
303 755
303 895
303 926
303 964
304 440
304 475
304 486
304 488
304 499
304 535
304 560
304 566
304 569
304 575
304 576
304 602
304 717
304 745
304 850
304 920
304 932
304 934
304 961
304 986
304 999
305 415
305 426
305 440
305 486
305 508
305 660
305 901
305 937
305 964
306 310
306 312
306 386
306 437
306 455
306 468
306 552
306 566
306 596
306 602
306 632
306 690
306 825
306 829
306 848
306 997
307 316
307 397
307 457
307 508
307 586
307 614
307 650
307 709
307 756
307 870
307 894
307 901
307 906
308 324
308 340
308 345
308 380
308 447
308 548
308 554
308 677
308 791
308 852
308 925
308 991
309 383
309 414
309 538
309 580
309 628
309 691
309 735
309 750
309 788
309 841
309 960
310 312
310 341
310 343
310 362
310 433
310 445
310 504
310 564
310 566
310 608
310 636
310 728
310 747
310 780
310 893
310 897
310 902
311 402
311 423
311 428
311 439
311 507
311 512
311 513
311 550
311 647
311 654
311 711
311 744
311 770
311 819
311 899
311 908
312 425
312 444
312 509
312 541
312 564
312 566
312 585
312 597
312 601
312 608
312 618
312 630
312 632
312 642
312 655
312 683
312 696
312 722
312 742
312 756
312 778
312 801
312 846
312 847
312 881
312 886
312 921
312 936
312 965
313 322
313 342
313 387
313 393
313 411
313 434
313 445
313 477
313 679
313 692
313 731
313 747
313 810
313 826
313 834
313 849
313 924
313 930
313 960
313 969
313 985
313 995
314 336
314 353
314 383
314 393
314 440
314 467
314 574
314 582
314 715
314 722
315 371
315 382
315 416
315 426
315 480
315 509
315 520
315 611
315 656
315 771
315 846
315 855
315 858
315 902
315 952
315 983
316 400
316 403
316 445
316 475
316 488
316 608
316 691
316 716
316 723
316 832
316 906
316 936
316 993
317 354
317 380
317 503
317 520
317 544
317 556
317 574
317 619
317 689
317 691
317 743
317 933
318 419
318 462
318 488
318 489
318 625
318 642
318 662
318 682
318 771
318 776
319 335
319 342
319 384
319 434
319 479
319 507
319 527
319 596
319 634
319 644
319 679
319 691
319 790
319 803
319 823
319 834
319 845
319 863
319 888
319 892
319 895
319 915
319 918
319 969
320 330
320 347
320 382
320 471
320 477
320 487
320 536
320 582
320 600
320 671
320 681
320 754
320 759
320 788
320 828
320 851
320 897
320 900
320 952
320 969
321 335
321 341
321 344
321 441
321 467
321 491
321 551
321 634
321 642
321 695
321 699
321 749
321 854
321 873
321 901
321 918
322 338
322 367
322 440
322 489
322 495
322 538
322 550
322 593
322 595
322 741
322 796
322 810
322 936
322 985
322 999
323 391
323 437
323 536
323 566
323 894
323 899
323 969
323 990
323 996
324 326
324 355
324 377
324 423
324 424
324 436
324 462
324 463
324 485
324 497
324 555
324 615
324 618
324 692
324 694
324 752
324 756
324 807
324 819
324 843
324 853
324 945
324 986
324 990
325 341
325 446
325 459
325 480
325 502
325 536
325 549
325 630
325 680
325 724
325 744
325 789
325 791
325 825
325 864
325 875
325 954
326 330
326 382
326 436
326 488
326 516
326 524
326 547
326 553
326 601
326 620
326 635
326 699
326 728
326 748
326 774
326 776
326 898
326 900
326 901
326 903
327 358
327 423
327 429
327 442
327 604
327 608
327 624
327 631
327 637
327 650
327 655
327 658
327 674
327 794
327 832
327 966
328 356
328 395
328 489
328 509
328 525
328 561
328 735
328 736
328 761
328 803
328 846
328 866
328 867
328 911
328 997
329 351
329 371
329 374
329 416
329 426
329 441
329 467
329 525
329 550
329 561
329 570
329 640
329 746
329 770
329 812
329 827
329 911
329 990
330 447
330 542
330 632
330 645
330 646
330 652
330 657
330 689
330 729
330 823
330 977
331 405
331 457
331 497
331 505
331 609
331 611
331 657
331 691
331 755
331 764
331 770
331 780
331 815
331 918
331 950
332 360
332 378
332 447
332 501
332 522
332 640
332 953
332 974
332 976
333 379
333 463
333 482
333 500
333 506
333 529
333 558
333 576
333 622
333 697
333 702
333 703
333 722
333 737
333 833
333 845
333 866
333 891
333 921
333 966
333 977
333 979
333 981
334 346
334 391
334 393
334 412
334 417
334 496
334 511
334 643
334 836
334 894
334 997
335 360
335 364
335 366
335 387
335 400
335 403
335 434
335 481
335 611
335 662
335 674
335 726
335 757
335 792
335 834
335 862
335 871
335 878
335 969
336 361
336 376
336 384
336 395
336 396
336 397
336 431
336 445
336 451
336 458
336 460
336 471
336 489
336 491
336 531
336 546
336 550
336 626
336 641
336 659
336 662
336 701
336 736
336 741
336 757
336 759
336 764
336 777
336 797
336 804
336 829
336 858
336 902
336 904
336 917
336 973
336 985
337 357
337 392
337 395
337 404
337 470
337 504
337 542
337 560
337 788
337 805
337 837
337 881
337 988
337 993
338 340
338 345
338 454
338 468
338 503
338 554
338 555
338 592
338 611
338 623
338 628
338 629
338 647
338 728
338 733
338 782
338 806
338 809
338 816
338 818
338 823
338 830
339 408
339 531
339 535
339 567
339 605
339 643
339 645
339 662
339 778
339 794
339 850
339 866
340 470
340 475
340 495
340 503
340 512
340 583
340 591
340 629
340 651
340 666
340 678
340 704
340 708
340 732
340 733
340 735
340 750
340 778
340 809
340 826
340 830
340 839
340 852
340 861
340 877
340 878
340 880
340 907
340 918
340 953
340 958
340 959
340 962
340 969
340 994
341 353
341 566
341 577
341 816
341 961
341 990
341 998
342 358
342 361
342 414
342 433
342 443
342 477
342 493
342 497
342 499
342 503
342 511
342 551
342 592
342 632
342 635
342 659
342 679
342 688
342 699
342 732
342 736
342 740
342 746
342 763
342 802
342 813
342 823
342 834
342 836
342 840
342 841
342 849
342 858
342 863
342 870
342 886
342 888
342 890
342 896
342 925
342 943
342 995
343 374
343 398
343 404
343 471
343 509
343 537
343 577
343 610
343 639
343 643
343 741
343 861
343 891
343 901
343 930
343 936
343 988
344 357
344 364
344 436
344 443
344 463
344 486
344 527
344 554
344 583
344 599
344 612
344 628
344 654
344 665
344 668
344 673
344 680
344 703
344 726
344 753
344 759
344 764
344 782
344 818
344 844
344 876
344 893
344 928
344 931
344 933
344 938
344 959
344 972
344 992
345 380
345 460
345 475
345 512
345 531
345 554
345 566
345 583
345 595
345 609
345 629
345 633
345 733
345 769
345 770
345 772
345 795
345 809
345 830
345 852
345 889
345 958
345 967
345 994
346 364
346 383
346 391
346 449
346 461
346 486
346 535
346 539
346 550
346 571
346 580
346 585
346 588
346 606
346 631
346 646
346 670
346 686
346 717
346 721
346 739
346 758
346 797
346 802
346 815
346 872
346 943
347 560
347 588
347 649
347 697
347 727
347 778
347 782
347 792
347 821
347 881
347 959
348 390
348 399
348 443
348 499
348 684
348 869
349 388
349 411
349 434
349 466
349 482
349 492
349 560
349 639
349 648
349 683
349 907
349 935
349 946
349 969
350 395
350 399
350 462
350 477
350 487
350 550
350 586
350 595
350 596
350 604
350 634
350 648
350 659
350 710
350 810
350 820
350 894
350 902
350 927
350 990
351 441
351 453
351 467
351 475
351 535
351 617
351 620
351 621
351 705
351 712
351 752
351 814
351 828
351 871
351 920
351 936
351 951
351 995
352 365
352 561
352 575
352 610
352 735
352 755
352 759
352 774
352 778
352 780
352 840
352 973
352 985
352 986
353 368
353 402
353 477
353 494
353 511
353 514
353 524
353 556
353 605
353 629
353 630
353 656
353 705
353 722
353 754
353 762
353 765
353 815
353 909
353 922
353 940
353 992
354 382
354 437
354 543
354 561
354 575
354 578
354 614
354 636
354 782
354 895
354 896
355 384
355 402
355 424
355 604
355 632
355 736
355 814
355 876
355 904
355 906
355 962
356 369
356 467
356 609
356 634
356 853
356 952
356 953
357 363
357 386
357 403
357 499
357 501
357 525
357 539
357 561
357 588
357 712
357 715
357 736
357 750
357 809
357 825
357 846
357 990
358 402
358 424
358 473
358 510
358 511
358 530
358 541
358 615
358 624
358 734
358 746
358 761
358 781
358 881
359 366
359 439
359 475
359 542
359 560
359 708
359 862
360 361
360 369
360 374
360 394
360 396
360 400
360 403
360 444
360 451
360 481
360 495
360 531
360 549
360 611
360 632
360 634
360 637
360 643
360 666
360 701
360 709
360 744
360 764
360 785
360 787
360 802
360 817
360 833
360 836
360 871
360 873
360 919
360 955
361 433
361 466
361 509
361 588
361 655
361 689
361 800
361 821
361 840
361 862
361 872
361 898
361 929
361 950
361 966
362 365
362 536
362 563
362 569
362 667
362 819
362 852
362 898
362 927
362 951
362 984
363 482
363 624
363 682
363 892
363 899
363 918
363 942
363 944
363 950
364 373
364 392
364 486
364 491
364 495
364 593
364 604
364 612
364 628
364 638
364 654
364 673
364 753
364 836
364 844
364 855
364 860
364 869
364 887
364 925
364 926
364 934
364 960
364 964
365 375
365 437
365 501
365 530
365 561
365 793
365 799
365 913
366 371
366 483
366 495
366 605
366 612
366 712
366 853
366 867
366 886
366 896
366 938
366 947
366 959
367 405
367 494
367 509
367 547
367 552
367 600
367 606
367 655
367 763
367 825
367 875
367 945
368 386
368 391
368 403
368 429
368 437
368 621
368 638
368 671
368 694
368 726
368 737
368 762
368 792
368 815
368 874
369 371
369 510
369 554
369 605
369 611
369 641
369 747
369 776
369 892
369 930
369 959
370 381
370 414
370 416
370 440
370 500
370 534
370 558
370 567
370 597
370 600
370 603
370 623
370 643
370 663
370 674
370 718
370 721
370 755
370 815
370 851
370 918
370 932
370 951
370 985
371 374
371 389
371 400
371 421
371 429
371 440
371 509
371 638
371 747
371 808
371 846
371 867
371 871
371 873
371 882
371 907
371 911
371 936
371 973
371 984
371 998
371 999
372 434
372 622
372 628
372 632
372 649
372 675
372 700
372 825
372 935
372 973
372 997
373 447
373 451
373 465
373 474
373 494
373 531
373 695
373 697
373 882
373 944
373 950
373 954
373 998
374 378
374 408
374 409
374 411
374 426
374 454
374 495
374 509
374 515
374 520
374 525
374 576
374 591
374 596
374 613
374 615
374 660
374 723
374 747
374 752
374 800
374 855
374 879
374 930
374 941
374 946
374 966
374 969
374 983
374 990
375 394
375 419
375 427
375 437
375 606
375 676
375 865
375 899
375 933
376 377
376 520
376 536
376 580
376 629
376 654
376 661
376 829
376 969
377 379
377 383
377 625
377 775
377 805
377 817
377 818
377 819
377 835
377 914
377 938
377 975
378 386
378 390
378 425
378 460
378 468
378 473
378 580
378 582
378 690
378 792
378 802
378 847
378 959
378 962
378 964
378 972
378 998
379 482
379 551
379 569
379 575
379 660
379 693
379 721
379 752
379 827
379 860
379 875
379 887
379 892
379 924
379 933
379 945
379 946
379 954
379 988
379 991
379 997
380 496
380 503
380 517
380 562
380 589
380 599
380 611
380 648
380 723
380 788
380 803
380 836
380 841
380 848
380 952
380 958
380 976
381 393
381 448
381 516
381 589
381 602
381 740
381 756
381 875
381 892
381 902
381 931
381 960
382 416
382 434
382 476
382 481
382 561
382 670
382 716
382 759
382 780
382 793
382 806
382 818
382 850
382 921
382 932
383 393
383 402
383 408
383 426
383 465
383 497
383 532
383 550
383 560
383 588
383 599
383 602
383 606
383 607
383 609
383 674
383 681
383 717
383 720
383 748
383 769
383 778
383 783
383 800
383 811
383 871
383 969
383 986
383 988
383 999
384 405
384 438
384 440
384 445
384 473
384 483
384 491
384 496
384 561
384 590
384 607
384 616
384 632
384 660
384 668
384 678
384 684
384 695
384 697
384 706
384 724
384 740
384 746
384 757
384 769
384 804
384 806
384 813
384 840
384 849
384 876
384 886
384 900
384 940
384 948
384 967
384 972
384 977
384 988
385 516
385 525
385 543
385 548
385 555
385 582
385 589
385 635
385 648
385 769
385 823
385 829
385 838
385 903
386 404
386 409
386 426
386 449
386 455
386 476
386 480
386 491
386 509
386 521
386 590
386 599
386 602
386 611
386 632
386 644
386 673
386 690
386 732
386 745
386 747
386 753
386 766
386 784
386 802
386 826
386 846
386 861
386 913
386 915
386 919
386 933
386 938
386 952
386 996
387 398
387 408
387 499
387 562
387 582
387 636
387 706
387 741
387 757
387 974
388 413
388 562
388 564
388 587
388 589
388 612
388 679
388 771
388 821
388 927
389 431
389 479
389 510
389 561
389 579
389 629
389 660
389 674
389 695
389 706
389 711
389 773
389 856
389 881
389 923
389 932
389 992
389 993
390 457
390 505
390 518
390 547
390 548
390 607
390 633
390 705
390 736
390 746
390 811
390 941
390 973
391 400
391 402
391 430
391 444
391 481
391 490
391 530
391 538
391 556
391 602
391 616
391 762
391 814
391 908
391 910
391 980
392 486
392 536
392 575
392 604
392 612
392 640
392 643
392 673
392 780
392 838
392 869
392 908
392 959
392 972
392 982
392 987
393 400
393 402
393 434
393 442
393 476
393 479
393 498
393 560
393 561
393 615
393 646
393 663
393 668
393 671
393 676
393 713
393 749
393 756
393 815
393 827
393 858
393 902
393 937
393 944
393 985
393 990
393 993
393 997
394 403
394 426
394 488
394 517
394 538
394 544
394 549
394 573
394 588
394 627
394 635
394 694
394 732
394 803
394 824
394 832
394 857
394 860
394 919
394 928
394 972
394 987
394 999
395 432
395 451
395 509
395 554
395 885
396 472
396 505
396 510
396 635
396 642
396 664
396 668
396 781
396 782
396 796
396 801
396 843
396 867
396 877
396 913
396 923
396 958
396 960
396 999
397 417
397 425
397 493
397 514
397 533
397 552
397 599
397 649
397 650
397 658
397 720
397 736
397 748
397 813
397 867
397 919
397 969
398 466
398 468
398 516
398 547
398 588
398 727
398 970
399 402
399 406
399 494
399 626
399 668
399 710
400 409
400 425
400 445
400 534
400 670
400 747
400 760
400 767
400 770
400 817
400 845
400 867
400 979
401 467
401 552
401 553
401 708
401 776
401 898
401 906
401 936
401 964
402 425
402 440
402 452
402 479
402 523
402 524
402 534
402 550
402 571
402 595
402 641
402 643
402 725
402 766
402 799
402 800
402 812
402 830
402 839
402 937
402 964
402 985
402 998
402 1000
403 404
403 441
403 442
403 443
403 446
403 458
403 496
403 512
403 567
403 634
403 636
403 676
403 681
403 726
403 823
403 845
403 846
403 879
403 894
403 904
404 470
404 585
404 613
404 632
404 736
404 827
404 847
404 912
404 948
404 961
404 998
405 408
405 417
405 424
405 453
405 472
405 491
405 574
405 644
405 713
405 777
405 781
405 800
405 808
405 818
405 886
405 927
406 520
406 694
406 776
406 835
406 934
407 428
407 437
407 509
407 558
407 592
407 769
407 776
407 908
407 945
408 415
408 423
408 431
408 445
408 582
408 723
408 784
408 790
408 829
408 833
408 835
408 881
408 885
408 951
408 988
409 411
409 443
409 478
409 493
409 509
409 525
409 558
409 566
409 577
409 609
409 611
409 616
409 646
409 652
409 685
409 709
409 726
409 736
409 747
409 785
409 833
409 837
409 855
409 873
409 881
409 899
409 908
409 927
409 933
409 959
409 971
409 987
409 995
410 421
410 425
410 556
410 559
410 663
410 667
410 723
410 794
410 815
410 871
410 951
410 960
411 426
411 482
411 566
411 598
411 634
411 738
411 832
412 427
412 466
412 470
412 554
412 577
412 593
412 673
412 682
412 812
412 860
412 867
412 882
412 886
413 417
413 596
413 658
413 675
413 771
413 851
413 852
413 853
413 902
414 581
414 647
414 699
414 714
414 759
414 767
414 775
414 834
414 843
414 861
414 892
415 476
415 632
415 634
415 710
415 714
415 755
415 826
415 838
415 952
415 958
415 969
415 991
415 994
416 471
416 561
416 661
416 851
416 866
416 935
417 425
417 433
417 447
417 529
417 531
417 533
417 613
417 716
417 758
417 885
417 913
417 948
418 561
418 575
418 591
418 694
418 728
418 744
418 804
418 807
418 809
418 851
418 927
418 944
419 482
419 527
419 556
419 571
419 627
419 668
419 675
419 720
419 728
419 771
419 800
419 802
419 958
420 523
420 662
420 718
420 821
420 827
420 876
420 894
420 897
420 980
421 436
421 506
421 516
421 519
421 526
421 530
421 539
421 540
421 563
421 589
421 596
421 602
421 619
421 631
421 632
421 653
421 703
421 736
421 756
421 773
421 812
421 838
421 922
421 934
421 966
421 990
421 997
422 434
422 493
422 537
422 547
422 567
422 571
422 580
422 625
422 881
422 901
422 937
422 972
422 988
423 554
423 595
423 604
423 743
423 786
423 789
423 797
423 907
424 579
424 639
424 723
424 776
424 792
424 846
424 941
424 961
424 992
425 450
425 514
425 533
425 552
425 577
425 584
425 649
425 650
425 658
425 710
425 711
425 720
425 735
425 775
425 869
425 887
425 892
425 894
425 906
425 954
425 957
425 961
425 962
426 509
426 652
426 659
426 747
426 813
427 437
427 451
427 473
427 505
427 532
427 552
427 558
427 576
427 650
427 662
427 684
427 779
427 791
427 832
427 834
427 980
428 433
428 509
428 708
428 827
428 908
428 942
429 485
429 526
429 544
429 584
429 610
429 633
429 682
429 766
429 803
429 807
429 876
429 901
429 902
429 914
430 517
430 532
430 542
430 776
430 867
430 876
430 898
430 976
431 441
431 496
431 499
431 513
431 528
431 660
431 691
431 781
431 794
431 808
431 925
431 953
431 970
431 993
432 505
432 594
432 657
432 698
432 740
432 772
432 843
432 855
432 950
432 951
432 960
433 708
433 728
433 750
433 792
433 828
433 876
433 935
433 939
433 948
433 959
434 436
434 443
434 483
434 486
434 552
434 563
434 597
434 634
434 681
434 689
434 699
434 763
434 823
434 829
434 840
434 843
434 863
434 888
434 914
434 930
434 943
434 944
434 967
434 985
435 521
435 537
435 697
435 722
435 736
435 841
435 861
435 884
435 938
436 456
436 505
436 506
436 521
436 536
436 588
436 613
436 693
436 720
436 776
436 777
436 829
436 898
436 951
436 954
437 453
437 473
437 535
437 551
437 555
437 558
437 562
437 576
437 579
437 587
437 619
437 622
437 677
437 685
437 700
437 724
437 740
437 747
437 754
437 776
437 807
437 830
437 857
437 861
437 871
437 949
437 952
437 991
437 996
438 536
438 560
438 563
438 574
438 578
438 606
438 673
438 715
438 789
438 935
438 944
439 500
439 518
439 528
439 608
439 618
439 662
439 665
439 818
439 868
439 898
439 910
439 951
439 961
440 493
440 507
440 512
440 515
440 520
440 529
440 538
440 554
440 573
440 628
440 681
440 703
440 735
440 756
440 823
440 833
440 868
440 904
440 956
440 963
441 450
441 487
441 563
441 583
441 586
441 598
441 640
441 648
441 651
441 674
441 679
441 770
441 788
441 791
441 824
441 837
441 846
441 847
441 853
441 857
441 877
441 908
441 924
441 965
442 497
442 501
442 551
442 664
442 744
442 800
442 871
442 900
442 903
442 908
443 540
443 625
443 634
443 657
443 665
443 687
443 721
443 874
443 907
443 914
443 972
444 446
444 516
444 525
444 536
444 566
444 585
444 592
444 597
444 608
444 634
444 691
444 723
444 760
444 768
444 936
444 938
444 990
445 451
445 468
445 474
445 594
445 621
445 640
445 643
445 668
445 676
445 691
445 697
445 881
445 885
445 911
445 941
446 450
446 482
446 499
446 514
446 543
446 546
446 551
446 565
446 568
446 597
446 664
446 690
446 791
446 847
446 877
446 929
446 968
446 979
447 475
447 544
447 554
447 560
447 583
447 606
447 629
447 708
447 724
447 830
447 880
447 898
447 951
447 990
447 997
448 475
448 507
448 592
448 622
448 771
448 823
448 827
448 833
448 862
448 890
448 949
449 537
449 571
449 605
449 803
449 892
449 910
449 986
450 468
450 504
450 599
450 660
450 695
450 712
450 745
450 772
450 789
450 891
451 481
451 491
451 544
451 608
451 625
451 660
451 684
451 697
451 702
451 717
451 757
451 761
451 762
451 786
451 792
451 891
451 905
451 937
451 956
451 960
451 972
451 983
451 997
451 998
452 469
452 569
452 579
452 621
452 700
452 735
452 798
452 863
452 864
452 895
452 936
452 961
453 603
453 643
453 650
453 865
453 964
453 988
454 462
454 588
454 747
454 815
454 852
454 858
454 902
454 971
455 486
455 494
455 598
455 620
455 679
455 708
455 731
455 870
456 517
456 538
456 649
456 741
456 794
456 821
456 827
456 829
456 871
456 911
456 936
456 968
456 971
457 528
457 549
457 569
457 590
457 599
457 609
457 632
457 636
457 713
457 716
457 788
457 851
457 863
457 914
457 942
457 956
457 999
458 516
458 633
458 667
458 736
458 847
458 897
458 899
459 596
459 706
459 732
459 759
459 876
459 917
459 967
460 589
460 594
460 605
460 613
460 691
460 740
460 881
461 482
461 520
461 544
461 553
461 612
461 617
461 694
461 725
461 743
461 772
462 484
462 554
462 557
462 619
462 628
462 646
462 682
462 720
462 748
462 760
462 776
462 780
462 785
462 834
462 860
462 880
463 531
463 644
463 685
463 705
463 710
463 770
463 776
463 805
463 872
464 482
464 519
464 573
464 656
464 752
464 773
464 797
464 873
464 893
464 947
464 949
464 972
465 527
465 605
465 753
465 897
465 969
466 478
466 500
466 510
466 514
466 516
466 522
466 568
466 596
466 605
466 634
466 656
466 689
466 710
466 752
466 774
466 790
466 825
466 870
466 896
466 907
466 937
466 951
466 969
467 549
467 598
467 712
467 729
467 740
467 756
467 834
467 867
467 868
467 900
467 921
467 941
467 958
467 972
467 975
468 486
468 500
468 517
468 538
468 601
468 640
468 666
468 736
468 803
468 821
468 834
468 853
468 886
468 897
468 942
468 952
468 985
469 502
469 548
469 591
469 597
469 648
469 770
469 891
469 909
469 982
470 494
470 520
470 554
470 574
470 587
470 708
470 830
470 832
470 852
470 920
470 929
470 981
471 475
471 517
471 626
471 687
471 711
471 960
472 560
472 605
472 640
472 795
472 810
472 834
472 859
472 865
472 898
472 976
473 538
473 602
473 678
473 723
473 795
473 829
473 898
473 903
474 485
474 544
474 725
474 741
474 812
474 813
474 816
474 883
474 903
474 907
474 967
475 479
475 533
475 554
475 555
475 596
475 629
475 653
475 658
475 680
475 683
475 688
475 708
475 730
475 793
475 809
475 823
475 830
475 899
475 906
475 962
476 539
476 580
476 589
476 611
476 617
476 694
476 844
477 479
477 504
477 561
477 602
477 628
477 629
477 653
477 680
477 689
477 690
477 810
477 823
477 826
477 870
477 930
477 969
477 995
478 539
478 603
478 735
478 929
478 936
479 532
479 645
479 699
479 706
479 720
479 725
479 809
479 813
479 826
479 834
479 843
479 863
479 941
479 950
479 969
480 482
480 592
480 611
480 649
480 726
480 742
480 846
480 867
480 909
480 918
480 938
481 509
481 522
481 547
481 674
481 788
481 820
481 826
482 495
482 498
482 523
482 534
482 634
482 669
482 670
482 679
482 685
482 687
482 693
482 722
482 737
482 845
482 847
482 853
482 865
482 882
482 883
482 924
482 987
483 563
483 568
483 570
483 637
483 815
483 826
483 853
483 876
483 905
483 971
483 993
484 491
484 497
484 566
484 577
484 697
484 773
484 973
485 511
485 708
485 896
485 925
486 499
486 604
486 612
486 628
486 642
486 673
486 715
486 753
486 786
486 827
486 830
486 834
486 837
486 844
486 851
486 873
486 881
486 906
486 908
486 924
486 936
486 951
486 962
486 981
487 526
487 598
487 604
487 732
487 767
487 885
487 887
487 904
487 970
487 991
488 515
488 531
489 626
489 792
489 823
489 894
489 984
490 604
490 610
490 661
490 770
490 800
490 885
490 909
490 965
491 580
491 610
491 633
491 684
491 701
491 714
491 723
491 725
491 736
491 765
491 767
491 777
491 781
491 786
491 800
491 881
491 915
491 961
491 973
491 976
491 993
492 610
492 657
492 710
492 790
492 870
492 915
492 945
493 515
493 531
493 583
493 600
493 605
493 610
493 646
493 660
493 704
493 726
493 747
493 871
493 891
494 497
494 504
494 509
494 520
494 523
494 531
494 651
494 688
494 715
494 730
494 740
494 759
494 762
494 768
494 774
494 789
494 791
494 794
494 830
494 842
494 846
494 864
494 890
494 935
494 960
495 611
495 697
495 715
495 747
495 998
496 883
496 884
496 940
497 773
497 891
497 901
497 981
498 513
498 536
498 567
498 579
498 605
498 977
498 987
498 997
499 568
499 636
499 655
499 657
499 687
499 704
499 705
499 710
499 755
499 760
499 765
499 776
499 810
499 826
499 831
499 834
499 843
499 858
499 863
499 885
499 888
499 915
499 951
499 959
499 967
499 976
500 560
500 759
500 874
500 951
501 519
501 551
501 559
501 570
501 571
501 690
501 731
501 761
501 776
501 831
501 845
501 876
501 942
501 976
501 977
501 994
502 508
502 517
502 569
502 648
502 661
502 694
502 731
502 803
502 824
503 554
503 613
503 678
503 679
503 688
503 698
503 708
503 725
503 733
503 891
503 909
503 958
504 549
504 581
504 699
504 796
504 810
504 933
504 951
504 959
504 997
505 543
505 547
505 611
505 625
505 633
505 681
505 724
505 730
505 734
505 889
505 937
505 946
505 968
506 585
506 594
506 661
506 663
506 682
506 724
506 776
506 898
506 928
506 982
507 519
507 524
507 527
507 643
507 704
507 725
507 846
507 855
507 859
507 866
507 892
507 975
508 525
508 538
508 544
508 565
508 587
508 629
508 638
508 666
508 713
508 732
508 736
508 739
508 785
508 793
508 837
508 876
508 885
508 894
508 909
508 960
508 966
508 976
508 984
508 989
509 517
509 549
509 571
509 587
509 611
509 656
509 661
509 738
509 787
509 803
509 845
509 892
509 912
509 919
509 938
509 941
509 952
509 959
509 976
509 998
510 544
510 596
510 650
510 700
510 701
510 819
510 860
510 938
511 694
511 789
511 797
511 884
511 886
511 891
511 925
511 949
511 991
512 552
512 628
512 632
512 655
512 686
512 726
512 771
512 801
512 817
512 865
512 878
512 999
513 559
513 560
513 589
513 806
513 826
513 894
513 933
513 975
514 587
514 653
514 658
514 712
514 797
514 906
514 927
515 516
515 532
515 555
515 595
515 618
515 630
515 654
515 670
515 722
515 839
515 841
515 875
515 908
515 934
515 980
516 526
516 530
516 534
516 535
516 555
516 589
516 602
516 604
516 672
516 676
516 695
516 700
516 715
516 726
516 731
516 740
516 744
516 779
516 792
516 902
516 941
516 961
516 968
516 985
517 542
517 559
517 648
517 730
517 732
517 742
517 768
517 803
517 848
517 918
517 933
517 997
518 542
518 548
518 625
518 681
518 725
518 797
518 803
518 892
518 894
518 909
518 923
519 538
519 555
519 608
519 625
519 626
519 713
519 715
519 770
519 853
519 854
519 892
519 937
519 944
519 987
520 523
520 621
520 654
520 657
520 663
520 715
520 730
520 791
520 794
520 800
520 837
520 890
520 914
520 935
520 993
521 603
521 640
521 692
521 694
521 705
521 725
521 745
521 875
521 920
521 956
521 967
521 986
522 556
522 565
522 585
522 611
522 619
522 626
522 634
522 654
522 657
522 741
522 772
522 862
522 909
522 936
523 574
523 592
523 621
523 740
523 743
523 794
523 832
523 839
523 873
523 876
523 935
523 997
524 550
524 572
524 633
524 783
524 821
524 830
524 846
524 871
524 988
524 997
525 591
525 611
525 625
525 634
525 640
525 653
525 690
525 730
525 785
525 789
525 816
525 867
525 873
525 955
526 589
526 735
526 792
526 827
526 902
526 903
526 934
527 574
527 613
527 647
527 665
527 667
527 690
527 706
527 723
527 733
527 736
527 827
527 849
527 872
527 908
527 919
527 921
527 927
527 976
527 997
528 549
528 565
528 578
528 614
528 707
528 788
528 804
528 851
528 874
528 930
528 955
529 564
529 685
529 691
529 716
529 739
529 763
529 768
529 798
529 803
529 866
529 937
529 942
529 976
530 545
530 551
530 554
530 555
530 556
530 581
530 653
530 686
530 728
530 747
530 814
530 897
530 913
530 950
531 552
531 560
531 582
531 604
531 610
531 626
531 706
531 711
531 745
531 749
531 759
531 868
531 871
531 880
531 893
531 973
532 633
532 687
532 689
532 730
532 827
532 897
532 913
532 936
532 961
533 538
533 549
533 575
533 607
533 611
533 815
533 876
533 894
533 922
533 990
534 551
534 561
534 571
534 615
534 636
534 664
534 704
534 735
534 739
534 756
534 764
534 792
534 806
534 814
534 815
534 871
534 882
534 932
534 937
535 593
535 602
535 860
535 881
536 540
536 566
536 637
536 681
536 699
536 700
536 830
536 841
536 859
536 975
536 983
537 561
537 578
537 615
537 701
537 729
537 734
537 751
537 762
537 793
537 828
537 829
537 857
537 886
537 975
538 542
538 590
538 609
538 633
538 638
538 648
538 683
538 732
538 754
538 787
538 803
538 805
538 827
538 837
538 842
538 940
538 942
538 954
538 976
538 984
538 989
538 1000
539 547
539 554
539 625
539 681
539 742
539 765
539 853
539 940
539 944
539 954
539 989
540 553
540 575
540 870
540 958
540 960
540 966
541 565
541 596
541 633
541 757
541 790
541 840
541 876
541 891
541 977
542 608
542 609
542 725
542 747
542 830
542 844
542 865
542 867
542 976
543 580
543 695
543 715
543 763
543 823
543 886
543 887
543 938
543 998
544 562
544 572
544 594
544 596
544 608
544 658
544 668
544 743
544 744
544 771
544 799
544 817
544 821
544 857
544 878
544 942
544 948
544 957
544 976
545 602
545 611
545 640
545 653
545 765
545 789
545 799
545 809
545 811
545 812
545 941
546 554
546 580
546 582
546 603
546 645
546 655
546 732
546 735
546 906
547 548
547 577
547 700
547 704
547 845
547 859
547 889
547 933
547 943
547 979
548 608
548 681
548 775
548 919
549 574
549 626
549 632
549 644
549 788
549 820
549 845
549 856
549 896
549 938
549 956
549 999
550 553
550 580
550 612
550 616
550 629
550 641
550 646
550 654
550 662
550 666
550 708
550 735
550 817
550 853
550 913
550 924
550 930
550 950
550 961
550 963
550 970
550 995
551 605
551 628
551 690
551 747
551 794
551 845
551 849
551 861
551 918
551 977
551 982
551 990
551 991
551 992
552 662
552 686
552 730
552 776
552 791
552 794
552 836
552 942
552 998
553 639
553 716
553 727
553 752
553 834
553 987
554 620
554 629
554 674
554 721
554 733
554 758
554 787
554 809
554 817
554 830
554 839
554 852
554 878
554 886
554 903
554 944
554 958
554 994
555 570
555 589
555 596
555 620
555 627
555 639
555 653
555 698
555 741
555 764
555 792
555 804
555 812
555 849
555 862
555 884
555 892
555 903
555 944
555 993
556 570
556 614
556 639
556 676
556 762
556 843
556 871
556 925
556 936
557 610
557 701
557 770
557 772
557 814
557 823
557 830
557 891
557 997
558 658
558 707
558 736
558 821
558 902
559 580
559 586
559 701
559 803
559 817
559 891
559 957
559 979
560 615
560 621
560 627
560 675
560 676
560 679
560 702
560 838
560 905
560 914
560 956
560 977
560 989
560 998
561 563
561 565
561 575
561 587
561 594
561 660
561 671
561 731
561 759
561 767
561 777
561 780
561 783
561 793
561 808
561 836
561 838
561 889
561 905
561 928
561 975
562 604
562 636
562 648
562 680
562 725
562 732
562 777
562 801
562 803
562 821
562 942
563 599
563 650
563 714
563 744
563 789
563 829
563 853
564 569
564 694
564 801
564 846
564 923
564 961
564 990
564 997
565 636
565 648
565 670
565 671
565 710
565 753
565 772
565 781
565 793
565 907
565 925
566 575
566 580
566 585
566 597
566 608
566 634
566 637
566 660
566 664
566 693
566 696
566 700
566 742
566 745
566 780
566 798
566 841
566 862
566 967
567 603
567 611
567 670
567 735
567 790
567 823
567 832
568 626
568 681
568 765
568 830
568 996
569 609
569 636
569 639
569 652
569 670
569 671
569 684
569 725
569 730
569 745
569 754
569 757
569 816
569 854
569 886
569 915
569 929
569 936
569 965
569 974
569 978
569 999
570 626
570 634
570 640
570 735
570 822
570 840
570 927
571 602
571 659
571 680
571 735
571 835
571 984
572 624
572 715
572 814
572 865
573 711
573 743
573 808
573 819
573 897
573 906
573 927
573 972
573 982
574 592
574 621
574 687
574 715
574 741
574 743
574 832
574 916
574 930
574 934
575 582
575 597
575 652
575 731
575 743
575 756
575 790
575 813
575 823
575 834
575 841
575 845
575 850
575 863
575 870
575 891
575 924
575 957
575 967
575 981
576 879
576 915
577 610
577 654
577 661
577 686
577 735
577 770
577 776
577 891
577 977
578 596
578 606
578 719
578 765
578 766
578 769
578 780
578 815
578 928
578 942
579 649
579 672
579 722
579 759
579 807
580 628
580 659
580 674
580 684
580 691
580 720
580 741
580 747
580 778
580 785
580 800
580 835
580 936
580 951
581 759
581 845
581 855
581 973
581 982
582 592
582 601
582 618
582 670
582 690
582 790
582 817
582 838
582 990
583 629
583 673
583 759
583 833
583 839
583 953
583 983
583 994
584 592
584 646
584 660
584 825
584 950
584 956
584 959
584 985
585 592
585 608
585 615
585 676
585 738
585 753
585 778
585 826
585 874
585 898
585 912
585 927
586 595
586 598
586 617
586 648
586 751
586 776
586 853
586 856
586 876
586 883
586 969
586 975
586 1000
587 645
587 707
587 736
587 741
587 758
587 771
587 805
587 960
587 987
588 611
588 735
588 766
588 795
588 819
588 839
588 896
588 934
589 602
589 618
589 640
589 692
589 812
589 815
589 872
589 902
589 907
589 964
590 622
590 632
590 647
590 678
590 713
590 788
590 855
590 870
590 894
590 956
590 999
591 649
591 726
591 736
591 746
591 747
591 760
591 827
591 919
591 938
591 974
592 595
592 644
592 647
592 688
592 694
592 715
592 727
592 730
592 734
592 740
592 756
592 762
592 776
592 806
592 827
592 829
592 832
592 842
592 855
592 872
592 903
592 949
593 612
593 623
593 656
593 788
593 792
593 917
594 605
594 662
594 722
594 785
594 829
594 943
595 606
595 665
595 745
595 764
595 807
595 815
595 879
595 906
595 993
596 610
596 614
596 620
596 632
596 657
596 662
596 666
596 694
596 705
596 726
596 728
596 769
596 843
596 886
596 894
596 919
596 928
596 942
597 669
597 682
597 795
597 810
597 979
597 990
598 640
598 641
598 643
598 663
598 708
598 788
598 853
598 919
599 604
599 612
599 628
599 673
599 682
599 752
599 782
599 844
599 869
599 877
600 640
600 731
600 742
601 626
601 675
601 676
601 705
601 708
601 727
601 761
601 826
601 881
601 899
601 901
601 919
601 920
601 928
601 995
602 619
602 653
602 672
602 709
602 760
602 815
602 896
602 902
602 903
602 907
602 922
602 926
603 691
603 710
603 740
603 796
603 934
603 966
603 999
604 673
604 689
604 727
604 753
604 764
604 889
604 893
604 920
605 612
605 624
605 696
605 710
605 736
605 738
605 786
605 796
605 836
605 869
605 879
605 882
605 904
605 965
605 979
606 659
606 673
606 679
606 729
606 750
606 767
606 806
606 876
606 884
606 997
607 611
607 624
607 681
607 705
607 735
607 815
607 842
607 933
608 637
608 650
608 742
608 798
608 988
609 615
609 651
609 737
609 758
609 803
609 815
609 857
609 871
609 979
610 614
610 629
610 631
610 641
610 704
610 714
610 727
610 749
610 770
610 780
610 824
610 842
610 851
610 873
610 909
610 963
611 626
611 678
611 682
611 701
611 712
611 726
611 747
611 792
611 802
611 833
611 846
611 863
611 885
611 951
611 971
611 997
611 998
612 673
612 679
612 721
612 753
612 844
612 856
612 898
612 934
613 666
613 669
613 778
613 795
613 822
613 874
613 947
613 960
613 976
614 626
614 632
614 713
614 716
614 771
614 864
614 906
614 954
614 956
614 978
614 983
614 988
614 998
615 616
615 659
615 674
615 710
615 722
615 735
615 803
615 880
615 936
615 992
615 997
616 680
616 695
616 717
616 811
616 815
616 825
616 827
616 844
616 976
616 984
617 777
617 786
617 791
617 875
617 893
617 979
617 1000
618 626
618 853
618 958
618 980
618 992
619 691
619 753
619 804
619 892
619 902
619 908
619 941
619 947
619 950
619 963
620 920
620 947
621 668
621 674
621 707
621 715
621 817
621 832
621 915
621 916
621 935
621 962
622 731
622 795
622 817
622 900
623 741
623 816
623 866
623 938
624 687
624 698
624 704
624 733
624 769
624 782
624 802
624 832
624 854
624 863
624 956
624 960
624 975
624 976
625 628
625 648
625 651
625 763
625 821
625 832
625 842
625 925
625 928
625 942
625 959
626 766
626 904
626 926
626 959
626 969
626 973
626 985
627 634
627 661
627 825
627 875
627 892
627 903
627 926
628 649
628 673
628 719
628 731
628 746
628 760
628 810
628 869
628 876
628 887
628 912
629 708
629 723
629 731
629 757
629 805
629 809
629 812
629 830
629 833
629 894
629 951
629 991
630 800
630 970
631 655
631 690
631 770
631 772
631 802
631 885
631 891
631 990
632 676
632 707
632 713
632 723
632 724
632 771
632 784
632 788
632 809
632 811
632 851
632 874
632 908
632 925
632 930
632 956
632 983
632 999
633 763
633 793
633 806
633 819
633 825
633 830
633 849
633 881
633 959
633 990
634 644
634 679
634 687
634 691
634 714
634 733
634 735
634 781
634 796
634 820
634 823
634 826
634 834
634 840
634 841
634 847
634 871
634 965
635 652
635 776
635 823
635 876
635 903
635 922
635 984
636 725
636 779
636 867
636 880
636 907
637 768
637 886
637 987
638 648
638 732
638 797
638 803
638 901
638 947
638 987
639 656
639 770
639 781
639 985
640 673
640 694
640 713
640 714
640 716
640 737
640 771
640 898
640 906
640 951
640 989
641 712
641 738
641 790
641 836
641 878
641 896
641 925
642 708
642 729
642 794
642 881
642 908
642 958
642 973
643 646
643 674
643 722
643 733
643 735
643 740
643 741
643 745
643 762
643 815
643 865
643 871
643 884
643 902
643 911
643 916
643 936
643 970
644 653
644 765
644 837
644 848
644 874
644 876
644 901
644 904
644 931
644 979
645 910
645 913
646 685
646 711
646 794
646 796
646 808
646 815
646 916
646 937
646 951
646 977
647 712
647 789
647 817
647 822
647 863
647 898
648 671
648 732
648 739
648 755
648 756
648 768
648 791
648 795
648 807
648 810
648 825
648 837
648 883
648 942
648 945
648 951
648 984
648 987
649 650
649 652
649 725
649 733
649 843
649 988
649 993
650 658
650 667
650 718
650 789
650 862
650 894
650 895
650 897
650 914
650 986
651 707
651 884
651 949
651 960
651 962
652 663
652 673
652 801
652 859
652 906
652 918
652 930
652 932
652 973
653 658
653 659
653 834
653 849
653 892
653 961
654 691
654 779
654 806
654 807
654 808
654 833
654 838
654 858
654 870
654 892
654 897
654 908
654 934
654 991
655 662
655 679
655 714
655 736
655 759
655 819
655 823
655 843
655 866
655 929
655 943
655 951
656 770
656 813
656 822
656 915
656 923
656 930
656 950
657 662
657 681
657 688
657 710
657 810
657 823
657 831
657 834
657 853
657 870
657 884
657 885
657 954
658 669
658 693
658 720
658 787
658 894
658 918
658 958
658 961
658 970
659 689
659 704
659 726
659 782
659 800
659 807
659 870
659 907
659 922
659 949
659 990
660 666
660 695
660 725
660 762
660 799
660 824
660 864
660 886
660 939
660 990
661 736
661 817
661 850
661 873
661 876
661 900
661 991
662 690
662 728
662 738
662 742
662 755
662 761
662 763
662 765
662 795
662 807
662 815
662 826
662 897
662 900
662 902
662 903
662 917
663 682
663 684
663 688
663 761
663 776
663 778
663 895
663 913
663 955
663 978
664 759
664 850
665 670
665 728
665 751
665 846
665 870
665 908
665 945
666 673
666 684
666 691
666 727
666 802
666 881
666 904
666 917
666 988
667 671
667 684
667 751
668 773
668 819
668 927
668 928
668 939
668 947
669 675
669 684
669 696
669 859
670 752
670 842
670 891
670 940
670 961
670 969
670 987
670 989
671 683
671 694
671 759
671 780
671 801
671 858
671 948
671 951
671 958
671 975
671 991
672 803
672 823
672 875
672 887
672 892
672 902
672 941
672 987
672 993
673 688
673 708
673 730
673 764
673 834
673 844
673 849
673 859
673 869
673 890
673 917
673 951
673 960
673 978
673 985
673 988
674 770
674 825
674 849
674 871
674 876
674 929
674 942
674 949
674 951
674 964
675 676
675 719
675 747
675 770
675 775
675 793
675 858
675 859
676 735
676 796
676 833
676 899
676 925
676 970
676 985
677 690
677 820
677 859
677 871
677 934
677 988
678 689
678 691
678 737
678 817
678 872
678 940
679 704
679 721
679 758
679 810
679 840
679 870
679 873
679 909
680 695
680 700
680 767
680 776
680 812
680 813
680 857
680 861
680 898
680 902
681 688
681 705
681 734
681 812
681 868
681 889
681 919
681 977
682 692
682 726
682 741
682 752
682 756
682 776
682 830
682 864
682 900
682 901
682 908
682 922
682 950
682 961
682 966
682 974
682 984
683 783
683 850
683 971
684 685
684 695
684 830
684 886
684 937
684 993
685 702
685 747
685 784
685 815
685 831
685 851
685 932
685 935
685 980
686 702
686 757
686 790
686 972
686 997
687 699
687 704
687 755
687 762
687 790
687 808
687 826
687 828
687 853
688 693
688 722
688 730
688 740
688 803
688 952
689 699
689 704
689 728
689 755
689 820
689 826
689 840
689 862
689 884
689 890
689 900
689 903
689 917
689 950
690 701
690 723
690 725
690 726
690 785
690 833
690 919
690 964
690 990
691 723
691 780
691 781
691 795
691 806
691 837
691 853
691 857
691 887
691 916
691 919
691 939
691 971
691 988
691 993
691 996
692 756
692 901
692 932
692 965
693 697
693 699
693 726
693 789
693 825
693 936
693 943
693 961
694 794
694 799
694 872
694 915
694 935
695 720
695 746
695 748
695 771
695 777
695 786
695 796
695 799
695 850
695 886
695 891
695 901
695 936
696 732
696 817
696 991
697 699
697 723
697 733
697 803
697 806
697 811
697 881
697 883
697 902
697 928
697 944
697 966
697 988
697 995
698 849
698 878
698 917
698 936
698 938
699 700
699 760
699 790
699 810
699 856
699 870
699 884
699 908
699 928
699 963
699 965
700 732
700 733
700 751
700 811
700 840
700 845
700 889
700 929
701 722
701 725
701 792
701 828
701 891
701 896
701 917
701 937
701 960
702 767
702 773
702 796
702 799
702 806
702 819
702 832
702 859
702 927
702 928
702 938
702 941
702 948
703 908
703 911
703 917
704 735
704 754
704 863
704 876
704 941
704 952
705 714
705 740
705 771
705 869
705 876
705 897
705 944
705 968
706 708
706 727
706 752
706 852
706 889
706 895
706 917
706 927
707 735
707 821
707 915
707 961
708 733
708 809
708 834
708 898
708 958
708 959
709 876
709 973
710 810
710 817
710 825
710 834
710 839
710 840
710 888
710 914
710 919
710 965
710 967
711 735
711 769
711 791
711 898
711 919
712 856
712 859
712 994
713 733
713 781
713 788
713 804
713 839
713 963
714 790
714 870
714 909
714 965
714 968
714 975
714 999
715 740
715 770
715 800
715 935
715 938
715 988
715 992
715 999
716 770
716 809
716 825
716 855
716 868
716 875
716 955
717 725
717 733
717 810
717 822
717 839
717 846
717 913
717 927
718 726
718 799
718 969
718 980
719 759
719 797
719 830
719 876
720 740
720 894
720 997
721 803
721 911
722 756
722 786
722 788
722 838
722 847
722 888
722 944
722 972
723 724
723 736
723 746
723 770
723 786
723 797
723 886
723 930
723 943
723 949
723 971
723 972
724 735
724 764
724 841
724 869
724 895
725 782
725 807
725 831
725 843
725 853
725 854
725 890
725 928
725 976
725 978
725 986
725 993
726 732
726 763
726 833
726 846
726 879
726 959
726 964
727 774
727 794
727 830
727 875
727 902
728 731
728 736
728 771
728 805
728 824
728 825
728 893
728 908
728 911
728 931
729 809
729 830
729 853
729 871
729 960
729 997
730 740
730 832
730 879
730 903
730 935
730 978
730 986
731 776
731 780
731 837
731 840
731 895
731 918
731 935
731 959
731 975
731 995
731 1000
732 737
732 754
732 763
732 794
732 795
732 803
732 820
732 837
732 926
732 942
732 989
733 749
733 775
733 804
733 834
733 839
733 843
733 851
733 869
733 870
733 923
733 933
733 958
733 982
734 818
734 829
734 869
734 915
735 814
735 916
735 919
735 983
736 773
736 794
736 798
736 824
736 833
736 876
736 878
736 890
736 907
736 911
736 922
736 931
736 955
736 982
737 905
737 917
737 945
737 970
738 802
738 852
739 762
739 918
739 942
739 968
739 993
739 999
740 743
740 794
740 842
740 892
740 923
740 934
740 957
741 841
741 843
741 845
741 854
741 889
741 900
742 803
742 941
742 954
743 794
743 866
743 874
743 913
743 934
743 986
744 746
744 847
744 862
744 876
744 920
745 803
745 817
745 833
745 927
745 976
745 987
746 757
746 795
746 870
746 881
746 895
746 941
747 781
747 785
747 855
747 914
747 919
747 944
747 946
747 952
747 955
747 959
747 966
747 971
747 983
748 764
748 765
748 885
748 936
748 991
749 762
749 942
750 941
750 958
750 994
751 761
751 771
751 895
751 944
752 776
752 788
752 818
752 903
752 925
753 761
753 767
753 787
753 803
753 833
753 851
753 890
753 963
753 976
754 755
754 827
754 849
754 862
754 917
754 935
754 997
755 760
755 823
755 828
755 888
755 929
756 761
756 776
756 808
756 826
756 853
756 894
756 922
756 942
757 770
757 809
757 886
758 810
758 904
758 987
758 988
759 783
759 882
759 922
759 933
760 826
760 832
760 848
760 879
760 934
760 935
761 874
761 908
762 772
762 814
762 831
762 860
762 887
762 919
763 864
763 899
763 940
763 942
763 988
764 795
764 803
764 921
764 952
765 923
766 782
766 831
766 872
766 999
767 768
767 773
767 816
767 819
767 824
767 947
767 949
768 780
768 808
768 821
768 852
768 924
768 942
768 977
769 871
769 884
769 886
769 920
769 936
770 772
770 784
770 794
770 797
770 820
770 871
770 891
770 909
770 921
770 963
771 774
771 822
771 827
771 864
771 887
771 898
771 943
771 944
772 861
772 891
772 893
772 909
772 915
772 918
772 936
772 963
772 978
773 819
773 838
773 887
773 888
773 896
773 927
774 794
774 814
774 832
774 842
774 854
774 912
774 923
774 927
776 782
776 785
776 819
776 905
776 925
776 928
776 930
776 961
776 968
777 806
777 870
777 881
777 908
777 948
777 985
777 993
778 786
778 950
779 797
780 783
780 885
780 890
780 934
781 786
781 813
781 826
781 842
781 844
781 886
781 919
781 993
782 818
782 819
782 827
782 929
782 964
782 979
783 841
783 902
783 903
783 906
783 927
783 948
783 975
783 976
783 983
784 899
784 913
784 956
784 976
784 977
784 989
785 792
785 834
785 846
785 878
785 959
786 829
786 856
786 864
786 878
786 932
786 951
786 962
786 967
787 861
787 914
787 970
788 829
788 851
788 913
789 832
789 836
789 890
789 912
789 914
789 960
790 867
790 915
790 942
790 969
790 972
790 973
791 904
791 908
791 959
791 980
792 846
792 867
792 910
792 959
792 960
792 961
793 795
793 858
793 890
793 949
793 972
793 976
794 803
794 805
794 834
794 842
794 858
794 872
794 895
794 931
794 967
794 976
794 983
795 829
795 880
795 993
796 854
796 935
796 972
796 998
797 843
797 881
797 895
797 898
797 907
797 908
797 930
797 955
797 988
798 830
798 840
799 815
799 819
799 821
799 851
799 899
799 927
799 949
799 974
799 980
800 871
800 886
800 894
800 936
800 942
800 978
801 888
802 876
802 915
802 959
803 821
803 857
803 860
803 864
803 940
803 942
803 943
803 961
803 976
803 984
803 987
803 989
803 993
803 1000
804 846
804 850
804 852
804 898
804 924
805 819
805 943
806 829
806 850
806 882
806 891
806 917
807 855
807 901
807 922
807 933
808 837
808 920
808 930
808 959
808 993
809 817
809 830
809 839
809 852
809 912
809 916
809 960
810 815
810 823
810 851
810 870
810 890
810 907
810 939
810 969
810 981
811 823
811 826
811 832
811 840
811 889
811 953
811 982
812 884
812 892
812 902
812 927
812 979
812 993
813 823
813 834
813 863
813 884
813 949
814 819
814 827
814 969
815 827
815 877
815 896
815 910
815 932
815 936
815 951
815 970
815 980
815 988
815 994
816 962
817 831
817 855
817 947
817 973
817 979
818 889
818 987
819 879
819 927
819 949
819 953
819 956
819 958
819 961
819 971
820 823
820 885
820 915
820 995
821 954
821 976
821 1000
822 983
823 828
823 834
823 840
823 843
823 863
823 885
823 888
823 929
823 947
823 967
823 976
823 982
824 864
824 870
824 899
824 917
824 931
825 832
825 868
825 899
825 913
825 967
826 828
826 840
826 847
826 848
826 879
826 885
826 930
826 969
827 885
827 894
827 912
827 914
827 951
827 969
828 929
828 934
828 948
829 856
829 859
829 864
829 867
829 877
829 898
829 921
829 936
829 937
829 997
830 846
830 852
830 976
831 891
831 956
831 969
832 836
832 880
832 910
832 934
832 935
832 956
833 942
834 863
834 969
834 994
835 909
835 977
836 897
836 909
836 938
836 977
836 996
837 857
837 905
837 949
837 985
838 870
838 908
838 973
839 951
839 965
839 990
840 862
840 930
840 941
840 950
840 967
841 891
841 925
842 848
842 868
842 993
843 846
843 877
843 884
843 885
843 890
843 901
843 946
843 959
843 965
844 990
844 996
845 869
846 855
846 862
846 888
846 959
846 990
847 855
847 897
847 900
847 951
847 982
848 871
848 946
848 975
848 998
849 866
849 879
849 900
849 958
849 977
850 866
851 887
851 943
851 947
851 999
852 865
852 899
852 969
852 983
852 994
853 892
853 921
854 920
854 929
855 938
855 959
856 886
856 887
856 917
856 927
856 930
856 935
856 952
856 979
856 987
857 899
857 903
857 912
857 942
858 886
858 992
859 993
860 868
860 907
860 924
860 962
860 983
860 991
863 916
863 927
863 1000
864 891
864 899
864 992
864 999
865 876
865 954
865 970
865 972
866 977
867 950
867 959
869 926
869 927
869 998
870 876
870 930
870 969
870 998
871 984
871 1000
872 902
872 969
874 906
874 929
874 999
875 878
875 912
875 943
875 983
875 987
875 997
876 900
876 908
876 920
876 931
876 987
878 890
878 894
878 951
879 935
879 941
879 959
880 881
881 933
881 936
881 977
881 983
882 926
882 987
883 904
883 934
883 951
884 922
884 943
885 904
885 965
885 967
886 892
886 932
886 961
886 997
887 927
888 969
889 964
889 978
890 902
890 918
890 959
891 902
891 909
891 963
891 975
892 902
892 922
892 926
892 931
892 941
893 913
893 952
894 906
894 972
895 904
895 906
895 913
895 920
895 939
895 941
895 963
896 898
896 961
896 999
897 936
897 939
897 948
897 999
898 913
898 925
898 941
898 953
898 962
898 976
899 930
899 951
899 979
900 913
900 933
900 954
900 962
900 979
901 938
901 987
901 992
902 903
902 926
902 939
902 941
902 944
902 948
902 991
903 940
903 941
903 947
903 994
903 997
904 915
904 935
904 968
906 957
907 941
908 943
908 999
909 988
910 933
910 997
913 917
913 918
913 923
913 956
913 957
913 999
914 947
914 976
915 969
915 976
915 999
916 951
916 962
917 992
918 975
918 986
918 991
921 942
921 972
923 951
923 973
923 997
924 933
925 944
925 970
925 987
926 928
926 941
927 949
927 953
927 960
928 947
928 952
928 976
929 943
929 969
930 969
930 976
931 948
931 965
932 936
933 967
934 941
934 953
934 987
935 996
936 959
936 967
936 970
937 943
937 958
937 999
939 947
940 976
941 958
942 943
942 948
942 956
942 989
942 1000
944 996
945 946
946 959
946 998
946 1000
947 949
947 958
947 960
948 962
948 983
948 993
950 962
950 974
951 955
951 965
951 972
953 969
954 977
955 965
955 969
956 987
956 992
956 999
959 964
960 989
961 974
961 988
962 976
967 969
971 972
971 988
972 997
976 981
976 984
976 987
976 1000
977 992
983 999
985 997
987 995
993 995
997 998
