# LFR benchmark graph: regime=B mu=0.5 realization=3
# undirected, unweighted; 1-based node ids; each edge listed once.
1 136
1 143
1 191
1 212
1 213
1 275
1 306
1 309
1 363
1 385
1 427
1 428
1 455
1 459
1 468
1 499
1 516
1 567
1 574
1 591
1 656
1 675
1 687
1 688
1 691
1 709
1 711
1 727
1 869
1 904
1 960
1 975
1 978
1 989
1 996
2 18
2 139
2 158
2 226
2 315
2 317
2 318
2 348
2 377
2 389
2 391
2 444
2 448
2 564
2 601
2 625
2 638
2 652
2 680
2 687
2 726
2 798
2 799
2 825
2 878
2 879
2 913
2 917
2 978
3 23
3 78
3 95
3 164
3 192
3 208
3 232
3 235
3 261
3 318
3 425
3 439
3 444
3 513
3 587
3 606
3 665
3 669
3 714
3 718
3 727
3 759
3 790
3 876
3 885
3 931
3 958
4 32
4 45
4 94
4 99
4 204
4 233
4 245
4 372
4 398
4 467
4 512
4 595
4 642
4 659
4 698
4 749
4 922
5 14
5 40
5 54
5 77
5 190
5 219
5 235
5 256
5 323
5 334
5 349
5 471
5 624
5 795
5 808
5 897
5 910
6 56
6 86
6 122
6 238
6 284
6 327
6 382
6 458
6 461
6 491
6 516
6 525
6 540
6 542
6 548
6 550
6 668
6 672
6 694
6 717
6 735
6 759
6 779
6 797
6 814
6 844
6 848
6 850
6 851
6 900
6 923
6 933
6 938
6 945
6 983
6 989
6 997
7 56
7 138
7 170
7 204
7 209
7 213
7 251
7 259
7 262
7 292
7 392
7 494
7 537
7 570
7 650
7 744
7 767
7 824
7 914
7 916
7 978
7 996
8 18
8 98
8 99
8 104
8 105
8 107
8 117
8 141
8 167
8 172
8 241
8 278
8 301
8 308
8 317
8 344
8 346
8 386
8 447
8 452
8 455
8 469
8 505
8 507
8 523
8 533
8 535
8 545
8 562
8 563
8 569
8 615
8 662
8 675
8 676
8 689
8 694
8 700
8 701
8 732
8 762
8 766
8 770
8 812
8 823
8 873
8 885
8 925
8 950
8 977
8 987
9 32
9 54
9 65
9 83
9 93
9 126
9 140
9 145
9 146
9 218
9 280
9 338
9 362
9 377
9 378
9 486
9 499
9 545
9 572
9 629
9 638
9 679
9 711
9 738
9 744
9 778
9 792
9 860
9 935
9 944
9 985
10 20
10 77
10 143
10 150
10 156
10 176
10 191
10 199
10 272
10 301
10 336
10 361
10 396
10 506
10 513
10 563
10 628
10 689
10 851
10 859
10 964
11 54
11 95
11 138
11 178
11 255
11 261
11 283
11 285
11 332
11 376
11 407
11 426
11 501
11 503
11 533
11 576
11 598
11 601
11 624
11 686
11 813
11 880
11 913
11 957
11 982
11 985
12 20
12 44
12 119
12 143
12 161
12 170
12 247
12 256
12 266
12 358
12 473
12 488
12 600
12 618
12 676
12 693
12 741
12 787
12 791
12 859
12 862
12 945
12 991
13 23
13 36
13 58
13 66
13 96
13 123
13 144
13 192
13 209
13 238
13 248
13 258
13 394
13 406
13 411
13 418
13 461
13 562
13 582
13 587
13 602
13 606
13 647
13 656
13 667
13 692
13 714
13 756
13 840
13 855
13 877
13 885
13 889
13 912
13 931
13 932
13 934
13 947
13 955
13 962
13 965
14 65
14 94
14 116
14 123
14 182
14 228
14 234
14 479
14 516
14 545
14 552
14 643
14 656
14 729
14 766
14 772
14 853
14 890
14 941
14 982
14 998
15 24
15 26
15 31
15 32
15 51
15 120
15 121
15 124
15 182
15 184
15 203
15 208
15 266
15 289
15 376
15 384
15 458
15 555
15 638
15 704
15 765
15 780
15 862
15 873
15 904
15 926
16 45
16 90
16 120
16 143
16 207
16 272
16 332
16 359
16 461
16 520
16 527
16 563
16 756
16 793
16 795
17 67
17 92
17 93
17 98
17 107
17 133
17 177
17 204
17 223
17 244
17 303
17 323
17 407
17 419
17 525
17 527
17 537
17 591
17 641
17 653
17 718
17 779
17 807
17 910
17 959
18 38
18 40
18 99
18 158
18 162
18 246
18 284
18 351
18 382
18 419
18 517
18 524
18 564
18 567
18 650
18 689
18 745
18 803
18 827
18 853
18 891
18 930
18 957
18 972
18 987
19 41
19 79
19 102
19 112
19 246
19 252
19 404
19 448
19 555
19 556
19 579
19 622
19 665
19 689
19 725
19 735
19 837
19 838
19 847
20 33
20 44
20 123
20 148
20 161
20 171
20 172
20 222
20 228
20 247
20 250
20 273
20 275
20 285
20 299
20 341
20 386
20 485
20 486
20 489
20 518
20 645
20 648
20 690
20 743
20 753
20 762
20 877
20 945
20 974
21 34
21 43
21 109
21 119
21 176
21 224
21 236
21 243
21 271
21 327
21 342
21 356
21 399
21 423
21 454
21 458
21 463
21 468
21 477
21 524
21 645
21 649
21 675
21 705
21 709
21 768
21 783
21 791
21 803
21 831
21 842
21 854
21 868
21 895
21 909
21 945
21 951
21 957
21 972
21 983
21 991
22 70
22 79
22 129
22 152
22 204
22 226
22 259
22 322
22 380
22 384
22 472
22 494
22 520
22 550
22 650
22 697
22 727
22 854
22 900
22 963
22 973
23 81
23 87
23 110
23 118
23 168
23 175
23 193
23 231
23 236
23 242
23 246
23 258
23 384
23 406
23 411
23 424
23 439
23 513
23 517
23 530
23 532
23 569
23 595
23 606
23 627
23 697
23 718
23 730
23 774
23 782
23 807
23 845
23 847
23 885
23 920
23 934
23 940
23 947
24 86
24 94
24 106
24 138
24 147
24 165
24 188
24 190
24 214
24 267
24 286
24 297
24 342
24 370
24 396
24 409
24 413
24 418
24 422
24 434
24 461
24 462
24 485
24 496
24 539
24 613
24 621
24 622
24 684
24 693
24 716
24 717
24 720
24 745
24 748
24 757
24 789
24 790
24 834
24 846
24 859
24 868
24 878
24 910
24 914
24 969
25 55
25 91
25 144
25 214
25 273
25 283
25 327
25 416
25 428
25 508
25 542
25 568
25 677
25 681
25 692
25 709
25 712
25 715
25 790
25 904
26 31
26 92
26 93
26 110
26 115
26 124
26 143
26 153
26 159
26 188
26 202
26 203
26 208
26 238
26 244
26 266
26 267
26 311
26 359
26 366
26 382
26 412
26 474
26 503
26 555
26 557
26 569
26 621
26 625
26 652
26 704
26 732
26 775
26 780
26 806
26 843
26 873
26 883
26 889
26 911
26 914
26 926
26 937
26 957
26 988
27 57
27 79
27 94
27 199
27 205
27 237
27 286
27 318
27 329
27 350
27 457
27 485
27 588
27 599
27 653
27 792
27 917
28 32
28 69
28 237
28 250
28 273
28 274
28 275
28 290
28 329
28 350
28 391
28 434
28 498
28 757
28 765
28 909
28 916
28 997
29 47
29 75
29 98
29 117
29 207
29 304
29 346
29 464
29 495
29 517
29 537
29 555
29 566
29 642
29 643
29 708
29 775
29 847
29 949
29 987
29 989
30 63
30 119
30 144
30 177
30 343
30 357
30 402
30 482
30 527
30 537
30 556
30 559
30 564
30 599
30 645
30 716
30 779
30 789
30 800
30 837
30 859
30 874
30 897
30 906
30 963
30 974
31 92
31 171
31 193
31 208
31 233
31 242
31 266
31 298
31 334
31 359
31 369
31 381
31 417
31 434
31 535
31 551
31 555
31 563
31 584
31 590
31 617
31 621
31 627
31 642
31 722
31 776
31 780
31 802
31 873
31 919
32 49
32 51
32 94
32 96
32 106
32 109
32 111
32 114
32 167
32 190
32 206
32 228
32 229
32 234
32 262
32 297
32 299
32 381
32 384
32 437
32 438
32 531
32 540
32 575
32 593
32 643
32 679
32 692
32 727
32 808
32 816
32 829
32 870
32 873
32 916
32 950
33 142
33 172
33 207
33 250
33 270
33 435
33 504
33 655
33 727
33 735
33 753
33 840
33 852
33 905
33 930
33 953
33 960
34 79
34 148
34 171
34 317
34 390
34 523
34 670
34 715
34 843
34 890
34 930
35 93
35 128
35 212
35 225
35 251
35 331
35 360
35 457
35 622
35 655
35 705
35 713
35 719
35 765
35 849
35 875
35 890
35 976
35 985
36 47
36 93
36 227
36 322
36 343
36 348
36 406
36 417
36 456
36 500
36 529
36 536
36 674
36 745
36 782
36 786
36 917
36 924
36 947
37 44
37 62
37 79
37 88
37 130
37 203
37 214
37 233
37 332
37 360
37 380
37 431
37 447
37 473
37 474
37 485
37 486
37 542
37 586
37 591
37 695
37 707
37 755
37 795
37 884
37 929
37 965
37 984
38 42
38 55
38 76
38 84
38 178
38 189
38 197
38 204
38 207
38 209
38 266
38 282
38 309
38 414
38 475
38 498
38 499
38 541
38 593
38 615
38 632
38 684
38 738
38 779
38 888
38 932
38 936
38 966
38 976
38 996
39 49
39 61
39 118
39 192
39 214
39 242
39 258
39 263
39 320
39 361
39 411
39 448
39 450
39 453
39 463
39 530
39 548
39 566
39 611
39 656
39 719
39 751
39 878
39 885
39 900
39 947
39 978
40 49
40 97
40 257
40 301
40 345
40 410
40 539
40 639
40 777
40 782
40 786
40 797
40 808
40 874
40 914
40 925
40 953
40 963
41 48
41 73
41 166
41 176
41 251
41 284
41 318
41 451
41 492
41 519
41 610
41 616
41 693
41 736
41 738
41 771
41 791
41 924
41 972
41 991
42 50
42 113
42 121
42 201
42 203
42 237
42 253
42 285
42 331
42 340
42 353
42 389
42 394
42 436
42 450
42 467
42 500
42 531
42 570
42 586
42 691
42 736
42 788
42 792
42 807
42 808
42 860
42 864
42 878
42 925
42 938
42 943
42 967
43 48
43 157
43 280
43 384
43 398
43 456
43 514
43 807
43 835
43 881
43 899
43 991
44 52
44 60
44 70
44 72
44 128
44 129
44 207
44 212
44 243
44 257
44 274
44 285
44 305
44 316
44 319
44 347
44 396
44 411
44 420
44 472
44 500
44 513
44 578
44 589
44 632
44 643
44 667
44 672
44 716
44 717
44 750
44 757
44 769
44 779
44 782
44 790
44 792
44 833
44 854
44 884
44 909
44 922
44 953
45 68
45 79
45 107
45 133
45 152
45 176
45 208
45 307
45 362
45 414
45 419
45 523
45 581
45 606
45 668
45 675
45 734
45 750
45 758
45 791
45 804
45 873
45 982
46 133
46 164
46 171
46 237
46 319
46 370
46 462
46 536
46 581
46 623
46 791
46 864
47 73
47 87
47 162
47 166
47 186
47 193
47 236
47 270
47 326
47 362
47 378
47 407
47 410
47 443
47 446
47 453
47 485
47 534
47 761
47 768
47 823
47 827
47 927
47 931
47 942
48 72
48 94
48 108
48 159
48 180
48 312
48 365
48 415
48 422
48 428
48 438
48 444
48 449
48 512
48 525
48 530
48 575
48 597
48 654
48 687
48 695
48 720
48 727
48 737
48 740
48 838
48 874
48 909
49 82
49 97
49 118
49 237
49 242
49 267
49 270
49 287
49 301
49 364
49 377
49 413
49 496
49 500
49 583
49 616
49 635
49 652
49 663
49 720
49 727
49 754
49 777
49 782
49 783
49 796
49 869
49 887
49 921
49 962
50 73
50 98
50 137
50 154
50 163
50 224
50 237
50 251
50 281
50 287
50 330
50 392
50 530
50 557
50 601
50 613
50 648
50 668
50 696
50 770
50 845
50 920
51 100
51 113
51 115
51 183
51 209
51 212
51 224
51 283
51 310
51 350
51 417
51 433
51 435
51 514
51 645
51 762
51 805
51 847
51 876
52 60
52 64
52 73
52 77
52 108
52 110
52 152
52 153
52 157
52 170
52 217
52 226
52 244
52 259
52 273
52 298
52 332
52 335
52 337
52 381
52 455
52 474
52 478
52 489
52 497
52 510
52 513
52 517
52 526
52 534
52 538
52 570
52 581
52 584
52 592
52 620
52 624
52 741
52 742
52 750
52 757
52 758
52 774
52 861
52 884
52 945
52 961
52 998
53 86
53 90
53 159
53 319
53 329
53 337
53 395
53 468
53 608
53 645
53 664
53 676
53 782
53 811
53 833
53 852
53 889
53 925
53 943
53 972
53 987
54 62
54 67
54 103
54 128
54 193
54 202
54 221
54 232
54 234
54 317
54 375
54 414
54 457
54 492
54 496
54 553
54 560
54 579
54 670
54 705
54 709
54 758
54 805
54 830
54 860
54 864
54 875
54 901
54 911
54 936
54 976
55 127
55 131
55 143
55 291
55 341
55 404
55 432
55 630
55 645
55 675
55 739
55 755
55 786
55 791
55 807
55 904
55 958
55 994
55 1000
56 242
56 245
56 289
56 297
56 376
56 380
56 521
56 523
56 624
56 765
56 852
56 961
57 76
57 175
57 196
57 204
57 224
57 241
57 273
57 319
57 332
57 438
57 449
57 526
57 533
57 538
57 552
57 582
57 655
57 741
57 758
57 768
57 774
57 792
57 882
57 983
58 74
58 113
58 131
58 142
58 156
58 169
58 188
58 204
58 210
58 211
58 228
58 286
58 348
58 485
58 524
58 564
58 613
58 667
58 692
58 781
58 814
58 862
58 985
59 68
59 77
59 137
59 144
59 215
59 227
59 262
59 308
59 315
59 352
59 427
59 475
59 538
59 542
59 546
59 613
59 614
59 624
59 638
59 679
59 712
59 843
59 975
60 64
60 71
60 89
60 118
60 148
60 194
60 195
60 264
60 267
60 272
60 273
60 277
60 298
60 343
60 350
60 384
60 389
60 404
60 481
60 489
60 526
60 532
60 535
60 538
60 540
60 543
60 560
60 574
60 661
60 664
60 675
60 708
60 741
60 742
60 758
60 804
60 840
60 869
60 891
60 898
60 969
60 977
60 998
61 148
61 196
61 248
61 382
61 403
61 438
61 496
61 513
61 514
61 601
61 853
61 920
62 121
62 131
62 151
62 264
62 309
62 468
62 506
62 514
62 580
62 669
62 670
62 674
62 723
62 745
62 756
62 794
62 808
62 829
62 840
62 911
62 929
62 984
63 70
63 107
63 154
63 157
63 186
63 239
63 290
63 310
63 334
63 342
63 350
63 402
63 438
63 458
63 517
63 577
63 579
63 585
63 607
63 675
63 685
63 713
63 779
63 800
63 837
63 934
63 946
63 993
64 65
64 78
64 152
64 182
64 264
64 284
64 384
64 489
64 497
64 540
64 551
64 598
64 619
64 686
64 741
64 763
64 771
64 810
64 811
64 831
64 866
64 881
64 902
64 918
64 940
64 1000
65 234
65 244
65 253
65 316
65 377
65 385
65 425
65 443
65 448
65 545
65 594
65 611
65 660
65 718
65 727
65 807
65 864
65 929
65 978
66 73
66 76
66 110
66 139
66 266
66 377
66 436
66 571
66 642
66 643
66 662
66 711
66 744
66 791
66 807
66 843
66 957
66 976
66 980
67 77
67 278
67 290
67 332
67 448
67 452
67 543
67 570
67 589
67 627
67 629
67 649
67 693
67 770
67 849
67 873
67 934
67 950
67 967
68 73
68 99
68 140
68 151
68 174
68 234
68 250
68 294
68 303
68 312
68 369
68 397
68 419
68 424
68 475
68 494
68 577
68 587
68 597
68 600
68 613
68 662
68 684
68 685
68 713
68 714
68 763
68 764
68 776
68 781
68 818
68 819
68 829
68 893
68 898
68 899
68 909
68 913
68 957
68 977
69 152
69 243
69 281
69 306
69 338
69 353
69 521
69 527
69 559
69 612
69 624
69 650
69 752
69 837
69 847
69 874
69 888
69 897
69 983
69 998
70 83
70 86
70 98
70 155
70 175
70 242
70 258
70 559
70 648
70 752
70 761
70 833
70 872
70 969
70 973
71 73
71 100
71 106
71 111
71 142
71 159
71 261
71 270
71 291
71 391
71 398
71 415
71 459
71 471
71 497
71 499
71 613
71 710
71 748
71 750
71 791
71 821
71 839
71 852
71 867
71 881
72 75
72 160
72 175
72 207
72 210
72 232
72 331
72 480
72 535
72 562
72 645
72 775
72 779
72 854
72 896
72 912
73 83
73 143
73 145
73 149
73 154
73 181
73 186
73 204
73 226
73 340
73 355
73 373
73 447
73 453
73 459
73 463
73 476
73 498
73 519
73 525
73 526
73 537
73 552
73 555
73 596
73 643
73 656
73 727
73 731
73 737
73 776
73 791
73 798
73 816
73 841
73 842
73 844
73 900
73 902
73 905
73 913
73 944
73 987
74 88
74 105
74 109
74 145
74 146
74 161
74 178
74 251
74 312
74 347
74 368
74 415
74 454
74 466
74 475
74 501
74 566
74 568
74 586
74 597
74 619
74 638
74 645
74 674
74 679
74 684
74 699
74 700
74 730
74 734
74 793
74 827
74 834
74 867
74 896
74 913
74 920
74 972
74 979
74 1000
75 98
75 156
75 278
75 279
75 306
75 386
75 517
75 524
75 559
75 608
75 664
75 753
75 823
75 870
75 933
75 987
76 154
76 163
76 170
76 212
76 290
76 373
76 394
76 456
76 597
76 622
76 659
76 699
76 713
76 724
76 747
76 782
76 851
76 853
76 888
77 79
77 92
77 134
77 138
77 200
77 222
77 225
77 226
77 268
77 284
77 351
77 359
77 524
77 618
77 638
77 667
77 670
77 697
77 755
77 771
77 787
77 837
77 849
77 914
77 958
77 976
77 979
78 164
78 174
78 182
78 266
78 272
78 332
78 350
78 531
78 623
78 880
78 947
79 98
79 130
79 160
79 163
79 204
79 223
79 228
79 234
79 256
79 372
79 384
79 390
79 394
79 402
79 404
79 416
79 425
79 429
79 455
79 476
79 490
79 560
79 596
79 600
79 609
79 626
79 630
79 633
79 664
79 687
79 731
79 732
79 764
79 795
79 800
79 801
79 826
79 945
79 954
79 969
79 982
79 985
80 93
80 142
80 167
80 190
80 226
80 239
80 243
80 251
80 260
80 268
80 293
80 341
80 350
80 355
80 386
80 416
80 435
80 441
80 460
80 461
80 465
80 469
80 504
80 546
80 569
80 660
80 664
80 675
80 676
80 688
80 730
80 737
80 789
80 793
80 866
80 871
80 876
80 920
80 921
80 926
80 933
80 974
80 999
81 113
81 192
81 194
81 213
81 258
81 269
81 309
81 372
81 403
81 513
81 520
81 530
81 533
81 659
81 809
81 829
81 947
82 168
82 307
82 448
82 493
82 514
82 577
82 608
82 622
82 689
82 697
82 753
82 853
82 870
82 873
82 879
82 959
83 207
83 287
83 288
83 296
83 330
83 369
83 411
83 422
83 490
83 505
83 536
83 553
83 562
83 577
83 807
83 930
83 992
84 98
84 127
84 163
84 197
84 222
84 226
84 227
84 246
84 248
84 288
84 307
84 328
84 341
84 376
84 395
84 429
84 473
84 498
84 499
84 507
84 546
84 595
84 600
84 612
84 615
84 652
84 687
84 695
84 726
84 751
84 791
84 798
84 799
84 816
84 817
84 843
84 844
84 856
84 862
84 867
84 869
84 870
84 881
84 902
84 911
84 917
84 941
84 968
84 976
85 178
85 182
85 193
85 299
85 335
85 512
85 607
85 608
85 648
85 667
85 672
85 739
85 761
85 774
85 802
85 804
85 933
86 113
86 114
86 137
86 139
86 142
86 151
86 161
86 178
86 213
86 242
86 251
86 262
86 350
86 413
86 416
86 422
86 427
86 458
86 460
86 469
86 474
86 511
86 516
86 542
86 580
86 622
86 654
86 661
86 664
86 694
86 791
86 800
86 807
86 828
86 852
86 867
86 903
86 904
86 909
86 923
86 933
86 938
86 955
86 961
86 975
86 983
87 131
87 140
87 367
87 430
87 470
87 476
87 488
87 562
87 577
87 684
87 691
87 715
87 730
87 745
87 753
87 914
87 938
88 154
88 158
88 226
88 258
88 482
88 514
88 580
88 633
88 683
88 716
88 741
88 805
88 813
88 838
88 846
88 934
88 954
88 971
89 182
89 204
89 354
89 416
89 425
89 577
89 597
89 619
89 861
89 875
89 926
89 944
89 945
89 950
89 958
89 992
90 146
90 152
90 169
90 178
90 327
90 353
90 410
90 452
90 477
90 547
90 607
90 718
90 764
90 775
90 788
90 810
90 853
90 952
90 987
91 112
91 238
91 244
91 250
91 302
91 338
91 392
91 488
91 490
91 523
91 633
91 751
91 765
91 767
91 829
91 916
91 933
92 203
92 208
92 226
92 376
92 424
92 447
92 554
92 780
92 873
92 884
92 991
93 104
93 192
93 203
93 208
93 263
93 363
93 380
93 388
93 419
93 432
93 469
93 474
93 549
93 570
93 584
93 592
93 608
93 662
93 684
93 761
93 764
93 775
93 780
93 795
93 810
93 817
93 840
93 873
93 932
94 96
94 109
94 114
94 167
94 187
94 209
94 229
94 234
94 242
94 250
94 257
94 262
94 273
94 296
94 357
94 424
94 493
94 549
94 552
94 631
94 632
94 638
94 642
94 646
94 659
94 727
94 743
94 770
94 790
94 811
94 813
94 819
94 841
94 867
94 959
94 995
95 122
95 240
95 290
95 336
95 357
95 422
95 451
95 496
95 629
95 652
95 713
95 791
95 855
95 936
95 989
96 252
96 309
96 343
96 581
96 614
96 646
96 655
96 659
96 682
96 697
96 782
96 904
96 923
96 964
97 193
97 206
97 237
97 245
97 315
97 361
97 390
97 467
97 537
97 557
97 601
97 650
97 652
97 657
97 754
97 822
97 831
98 99
98 105
98 117
98 129
98 141
98 149
98 167
98 189
98 241
98 255
98 257
98 278
98 285
98 353
98 359
98 386
98 436
98 448
98 455
98 459
98 517
98 524
98 529
98 535
98 552
98 573
98 584
98 592
98 608
98 638
98 649
98 676
98 688
98 694
98 698
98 728
98 741
98 762
98 770
98 775
98 893
98 904
98 938
98 939
98 943
98 987
98 995
98 1000
99 210
99 249
99 288
99 386
99 418
99 457
99 533
99 701
99 755
99 775
99 806
99 907
99 936
99 987
100 113
100 131
100 148
100 186
100 232
100 282
100 287
100 333
100 410
100 425
100 457
100 667
100 705
100 731
100 823
100 875
100 941
100 943
101 107
101 108
101 110
101 127
101 172
101 177
101 199
101 295
101 302
101 303
101 315
101 318
101 348
101 393
101 402
101 406
101 485
101 497
101 511
101 537
101 566
101 577
101 662
101 665
101 722
101 728
101 779
101 782
101 800
101 884
101 921
101 948
101 958
102 138
102 181
102 251
102 265
102 297
102 322
102 361
102 369
102 411
102 439
102 591
102 649
102 678
102 745
102 853
102 992
103 164
103 222
103 284
103 409
103 420
103 460
103 730
103 798
103 806
103 976
104 122
104 163
104 170
104 183
104 197
104 271
104 272
104 337
104 357
104 420
104 424
104 426
104 526
104 570
104 597
104 603
104 627
104 628
104 755
104 776
104 787
104 796
104 822
104 824
104 875
104 898
104 911
104 922
104 925
105 109
105 135
105 269
105 292
105 403
105 445
105 462
105 511
105 567
105 574
105 762
105 799
105 807
105 838
105 987
106 153
106 177
106 218
106 240
106 394
106 422
106 433
106 471
106 634
106 646
106 679
106 748
106 776
106 888
106 977
107 168
107 177
107 328
107 373
107 376
107 417
107 419
107 425
107 458
107 474
107 495
107 525
107 526
107 527
107 535
107 564
107 573
107 577
107 599
107 604
107 627
107 663
107 665
107 729
107 738
107 745
107 779
107 785
107 800
107 829
107 837
107 854
107 861
107 872
107 921
107 959
107 976
108 152
108 156
108 162
108 197
108 206
108 224
108 258
108 283
108 291
108 346
108 370
108 437
108 471
108 533
108 536
108 611
108 615
108 621
108 741
108 753
108 796
108 825
108 883
109 161
109 203
109 234
109 255
109 275
109 659
109 723
109 739
109 747
109 782
109 808
109 849
110 119
110 124
110 132
110 180
110 203
110 208
110 419
110 451
110 462
110 474
110 584
110 598
110 607
110 610
110 703
110 710
110 776
110 889
110 946
111 112
111 143
111 240
111 258
111 260
111 500
111 523
111 569
111 623
111 952
112 208
112 211
112 243
112 250
112 282
112 321
112 337
112 338
112 369
112 380
112 449
112 571
112 659
112 677
112 696
112 697
112 729
112 790
112 791
112 806
112 864
112 916
112 956
112 963
113 125
113 136
113 166
113 171
113 175
113 178
113 184
113 186
113 214
113 301
113 306
113 314
113 341
113 390
113 445
113 465
113 485
113 505
113 516
113 544
113 554
113 565
113 569
113 571
113 593
113 643
113 671
113 674
113 684
113 739
113 834
113 892
113 958
114 127
114 132
114 145
114 160
114 259
114 292
114 379
114 552
114 643
114 659
114 709
114 799
114 814
114 838
114 892
115 124
115 168
115 203
115 204
115 208
115 289
115 297
115 314
115 392
115 446
115 474
115 727
115 750
115 759
115 780
115 873
115 889
115 981
115 989
116 141
116 299
116 310
116 518
116 563
116 661
116 716
116 723
116 751
116 758
116 789
116 829
116 857
116 891
116 963
116 983
116 991
117 162
117 210
117 333
117 425
117 478
117 506
117 517
117 535
117 603
117 744
117 746
117 979
117 982
118 119
118 144
118 193
118 264
118 369
118 475
118 530
118 656
118 773
118 871
118 873
118 885
118 904
118 947
118 950
119 120
119 121
119 125
119 152
119 174
119 215
119 217
119 262
119 263
119 299
119 308
119 333
119 339
119 346
119 367
119 385
119 402
119 410
119 432
119 437
119 461
119 487
119 488
119 533
119 563
119 578
119 599
119 614
119 625
119 654
119 655
119 669
119 706
119 748
119 755
119 761
119 777
119 779
119 794
119 796
119 809
119 824
119 838
119 875
119 886
119 935
119 949
119 961
119 970
119 972
119 975
119 999
120 123
120 140
120 144
120 152
120 217
120 254
120 255
120 263
120 281
120 344
120 384
120 467
120 490
120 495
120 509
120 564
120 567
120 591
120 603
120 657
120 668
120 738
120 795
120 859
120 888
120 918
120 995
121 237
121 248
121 286
121 368
121 400
121 420
121 481
121 490
121 500
121 521
121 640
121 642
121 729
121 754
121 755
121 773
121 786
121 789
121 882
121 889
122 143
122 200
122 211
122 214
122 215
122 298
122 357
122 518
122 594
122 642
122 650
122 655
122 660
122 680
122 735
122 763
122 816
122 845
122 876
122 894
122 925
122 944
123 193
123 259
123 287
123 405
123 411
123 716
123 943
123 991
124 152
124 173
124 208
124 216
124 266
124 359
124 440
124 445
124 546
124 548
124 621
124 709
124 710
124 740
124 769
124 792
124 800
124 854
124 855
124 873
124 921
124 926
124 937
124 952
124 956
124 971
124 981
124 988
125 145
125 147
125 162
125 181
125 194
125 219
125 268
125 269
125 270
125 274
125 275
125 349
125 368
125 464
125 469
125 496
125 508
125 562
125 563
125 586
125 619
125 655
125 658
125 660
125 677
125 733
125 755
125 811
125 818
125 860
125 902
125 912
125 926
125 968
126 174
126 213
126 249
126 312
126 427
126 438
126 590
126 605
126 623
126 729
126 833
126 987
127 149
127 167
127 267
127 270
127 304
127 305
127 306
127 307
127 330
127 365
127 395
127 414
127 578
127 623
127 647
127 671
127 675
127 762
127 768
127 796
127 797
127 831
127 898
127 936
127 970
127 986
127 988
128 202
128 226
128 299
128 363
128 457
128 522
128 527
128 627
128 658
128 670
128 695
128 765
128 780
128 841
128 945
128 999
129 137
129 172
129 187
129 230
129 292
129 310
129 357
129 370
129 380
129 422
129 440
129 483
129 548
129 723
129 840
129 841
129 870
129 878
129 888
129 904
129 949
129 953
130 198
130 207
130 214
130 329
130 373
130 445
130 459
130 486
130 530
130 637
130 853
130 878
130 922
130 939
130 946
131 158
131 170
131 178
131 190
131 251
131 306
131 341
131 350
131 417
131 445
131 453
131 469
131 530
131 531
131 541
131 562
131 692
131 719
131 739
131 799
131 832
131 847
131 849
132 135
132 143
132 243
132 252
132 357
132 408
132 414
132 538
132 642
132 678
132 692
132 732
132 804
132 843
132 894
132 920
132 950
132 995
133 135
133 172
133 204
133 207
133 240
133 270
133 274
133 297
133 304
133 313
133 319
133 343
133 365
133 371
133 407
133 424
133 439
133 442
133 460
133 511
133 522
133 562
133 608
133 624
133 650
133 678
133 679
133 697
133 701
133 703
133 735
133 747
133 750
133 751
133 856
133 870
133 975
133 980
134 155
134 222
134 231
134 273
134 369
134 400
134 504
134 560
134 624
134 666
134 670
134 674
134 729
134 751
134 771
134 795
134 813
134 820
134 849
135 143
135 160
135 175
135 177
135 216
135 240
135 324
135 370
135 379
135 430
135 442
135 487
135 547
135 597
135 604
135 612
135 634
135 642
135 925
135 991
136 151
136 218
136 251
136 280
136 346
136 378
136 543
136 544
136 557
136 667
136 766
136 897
136 946
137 178
137 204
137 221
137 322
137 346
137 443
137 452
137 504
137 536
137 554
137 562
137 597
137 619
137 635
137 650
137 679
137 727
137 753
137 854
137 881
137 891
137 979
138 151
138 206
138 235
138 245
138 265
138 310
138 322
138 326
138 373
138 418
138 460
138 469
138 649
138 732
138 741
138 779
138 840
138 932
138 943
138 954
138 955
138 961
139 232
139 275
139 295
139 346
139 350
139 453
139 493
139 536
139 541
139 558
139 669
139 692
139 838
139 868
139 878
140 329
140 402
140 452
140 454
140 510
140 512
140 581
140 590
140 704
140 734
140 803
140 874
141 167
141 234
141 278
141 516
141 524
141 525
141 528
141 531
141 730
141 826
141 848
141 857
141 935
141 973
141 987
142 149
142 164
142 219
142 255
142 284
142 320
142 338
142 341
142 345
142 360
142 382
142 389
142 391
142 392
142 394
142 401
142 416
142 428
142 461
142 468
142 475
142 479
142 487
142 493
142 497
142 511
142 549
142 575
142 593
142 638
142 669
142 670
142 686
142 709
142 711
142 715
142 793
142 803
142 820
142 856
142 871
142 893
142 903
142 904
142 907
142 938
142 989
143 154
143 160
143 201
143 304
143 313
143 354
143 370
143 389
143 420
143 489
143 515
143 532
143 577
143 621
143 643
143 663
143 696
143 713
143 759
143 762
143 775
143 844
143 895
143 917
143 975
143 991
144 195
144 232
144 249
144 433
144 453
144 530
144 572
144 625
144 659
144 684
144 732
144 949
144 973
144 991
145 147
145 152
145 170
145 177
145 186
145 236
145 246
145 247
145 273
145 308
145 324
145 346
145 381
145 472
145 554
145 573
145 595
145 622
145 753
145 755
145 794
145 823
145 880
145 987
145 998
146 157
146 159
146 187
146 240
146 297
146 354
146 357
146 385
146 660
146 669
146 693
146 787
146 800
146 835
146 845
146 876
146 929
146 939
147 261
147 346
147 400
147 442
147 449
147 487
147 533
147 610
147 619
147 624
147 654
147 733
147 761
147 771
147 794
147 811
147 870
147 880
147 949
147 972
148 385
148 395
148 422
148 468
148 500
148 553
148 605
148 624
148 655
148 656
148 707
148 721
148 736
148 740
148 765
148 782
148 863
148 953
149 190
149 247
149 301
149 420
149 429
149 445
149 457
149 552
149 657
149 675
149 692
149 728
149 752
149 843
150 153
150 184
150 388
150 472
150 506
150 535
150 536
150 650
150 697
150 727
150 738
150 787
150 846
150 877
150 957
150 991
151 269
151 392
151 464
151 501
151 565
151 566
151 617
151 633
151 670
151 678
151 679
151 680
151 684
151 795
151 851
151 913
151 920
151 938
152 190
152 199
152 207
152 307
152 308
152 341
152 345
152 349
152 362
152 366
152 437
152 472
152 488
152 519
152 607
152 625
152 695
152 747
152 755
152 756
152 775
152 778
152 794
152 811
152 876
152 888
152 912
152 914
152 919
152 982
153 203
153 248
153 300
153 382
153 448
153 513
153 695
153 723
153 795
153 879
153 916
153 978
154 160
154 163
154 171
154 238
154 247
154 253
154 296
154 396
154 442
154 477
154 496
154 597
154 603
154 642
154 663
154 707
154 713
154 724
154 739
154 768
154 775
154 776
154 816
154 927
155 215
155 245
155 253
155 287
155 299
155 408
155 410
155 521
155 526
155 655
155 658
155 715
155 728
155 764
155 777
155 782
155 794
155 842
155 861
155 869
155 938
155 956
155 958
156 259
156 268
156 316
156 323
156 336
156 373
156 437
156 452
156 453
156 456
156 474
156 493
156 550
156 575
156 605
156 624
156 765
156 792
156 840
156 852
157 159
157 177
157 303
157 332
157 381
157 464
157 517
157 525
157 537
157 555
157 578
157 651
157 654
157 728
157 740
157 779
157 800
157 921
157 950
157 957
158 180
158 211
158 257
158 322
158 324
158 394
158 407
158 426
158 452
158 579
158 582
158 598
158 645
158 696
158 776
158 810
158 852
158 866
158 925
158 987
159 164
159 179
159 183
159 185
159 198
159 212
159 308
159 371
159 492
159 508
159 544
159 561
159 676
159 775
159 804
159 811
159 835
159 840
159 924
160 163
160 180
160 211
160 254
160 264
160 377
160 408
160 420
160 548
160 558
160 596
160 597
160 603
160 624
160 654
160 663
160 823
160 884
160 925
160 939
160 941
160 960
160 996
161 184
161 192
161 312
161 342
161 368
161 370
161 507
161 645
161 674
161 679
161 738
161 834
161 836
161 944
162 177
162 201
162 253
162 285
162 346
162 369
162 428
162 463
162 472
162 545
162 557
162 568
162 604
162 667
162 680
162 681
162 694
162 697
162 759
162 800
162 808
162 816
162 850
162 888
162 931
162 944
162 985
163 166
163 214
163 265
163 343
163 397
163 405
163 462
163 578
163 613
163 636
163 663
163 713
163 813
163 834
163 969
164 166
164 239
164 253
164 321
164 349
164 355
164 394
164 434
164 453
164 465
164 519
164 520
164 525
164 626
164 651
164 672
164 683
164 701
164 723
164 738
164 757
164 759
164 789
164 814
164 828
164 871
164 902
164 915
164 920
164 978
164 989
165 213
165 243
165 300
165 364
165 488
165 563
165 568
165 648
165 652
165 666
165 693
165 722
165 728
165 788
165 833
165 837
166 204
166 290
166 468
166 605
166 627
166 680
166 715
166 728
166 730
166 765
166 768
166 808
167 193
167 300
167 319
167 370
167 386
167 426
167 430
167 442
167 449
167 578
167 583
167 608
167 616
167 628
167 642
167 741
167 760
167 780
167 829
167 893
167 920
167 923
167 995
168 213
168 225
168 238
168 284
168 344
168 350
168 384
168 425
168 449
168 494
168 511
168 517
168 526
168 556
168 588
168 656
168 666
168 670
168 682
168 723
168 741
168 762
168 875
168 879
168 898
168 983
168 998
169 298
169 345
169 351
169 389
169 399
169 446
169 566
169 574
169 605
169 634
169 679
169 739
169 759
169 796
169 799
169 830
169 847
169 875
169 886
169 893
169 971
170 207
170 259
170 266
170 408
170 453
170 499
170 530
170 561
170 580
170 597
170 607
170 695
170 716
170 738
170 820
170 845
170 876
170 903
170 930
171 194
171 209
171 217
171 220
171 241
171 276
171 292
171 297
171 340
171 348
171 354
171 377
171 410
171 455
171 488
171 589
171 641
171 672
171 726
171 753
171 814
171 836
171 853
171 869
172 179
172 203
172 207
172 213
172 218
172 246
172 252
172 267
172 268
172 283
172 291
172 319
172 371
172 383
172 413
172 433
172 477
172 500
172 503
172 504
172 511
172 556
172 573
172 695
172 703
172 719
172 779
172 781
172 801
172 845
172 897
172 913
172 964
172 965
172 998
173 233
173 425
173 432
173 499
173 521
173 570
173 575
173 649
173 650
173 659
173 723
173 753
173 830
173 866
173 878
173 910
173 938
173 979
174 182
174 197
174 205
174 230
174 263
174 264
174 269
174 314
174 324
174 370
174 401
174 411
174 432
174 441
174 464
174 468
174 489
174 551
174 573
174 614
174 620
174 622
174 655
174 708
174 761
174 829
174 831
174 912
174 919
174 949
174 983
175 188
175 447
175 465
175 530
175 602
175 669
175 678
175 719
175 761
175 918
176 194
176 232
176 431
176 670
176 754
176 814
176 818
176 845
176 866
176 868
176 949
177 255
177 343
177 378
177 384
177 402
177 416
177 419
177 440
177 458
177 489
177 525
177 527
177 577
177 671
177 702
177 730
177 767
177 800
177 872
177 894
177 897
177 916
177 921
177 934
177 971
177 992
178 213
178 254
178 322
178 445
178 447
178 528
178 705
178 719
178 739
178 778
178 875
178 979
179 215
179 253
179 282
179 350
179 396
179 404
179 633
179 659
179 771
179 785
179 870
180 251
180 338
180 343
180 350
180 427
180 449
180 538
180 552
180 571
180 684
180 762
180 785
180 821
180 823
180 878
180 903
180 917
180 925
180 963
181 184
181 212
181 215
181 302
181 346
181 361
181 370
181 390
181 447
181 488
181 524
181 551
181 583
181 598
181 612
181 668
181 677
181 717
181 755
181 771
181 794
181 811
181 890
182 211
182 304
182 357
182 420
182 515
182 539
182 550
182 588
182 597
182 650
182 678
182 820
182 865
182 890
182 925
182 986
183 255
183 281
183 318
183 343
183 500
183 514
183 535
183 590
183 624
183 626
183 646
183 750
183 755
183 762
183 796
183 814
183 824
183 915
183 992
184 218
184 231
184 243
184 324
184 336
184 375
184 419
184 456
184 613
184 632
184 677
184 719
184 981
184 991
185 242
185 253
185 330
185 420
185 676
185 753
185 769
185 791
185 837
185 855
185 944
186 192
186 207
186 209
186 235
186 249
186 323
186 365
186 420
186 429
186 433
186 438
186 439
186 446
186 465
186 482
186 507
186 514
186 589
186 646
186 684
186 690
186 750
186 758
186 781
186 807
186 823
186 834
186 938
186 950
186 966
187 235
187 259
187 280
187 442
187 645
187 722
187 765
187 785
187 923
187 940
187 969
187 979
188 220
188 255
188 263
188 274
188 278
188 280
188 323
188 341
188 345
188 346
188 360
188 388
188 391
188 411
188 487
188 493
188 504
188 540
188 650
188 691
188 693
188 716
188 723
188 725
188 728
188 778
188 797
188 829
188 870
188 947
188 958
188 979
189 242
189 370
189 383
189 416
189 422
189 438
189 479
189 486
189 517
189 535
189 584
189 608
189 615
189 643
189 684
189 762
189 792
189 883
189 985
189 996
190 205
190 206
190 246
190 251
190 262
190 282
190 329
190 330
190 350
190 355
190 358
190 360
190 401
190 412
190 441
190 469
190 485
190 508
190 511
190 516
190 528
190 559
190 575
190 593
190 625
190 664
190 668
190 676
190 691
190 692
190 742
190 767
190 791
190 793
190 892
190 921
190 925
190 943
190 960
190 967
190 968
190 983
190 989
190 995
190 997
190 999
191 250
191 377
191 382
191 468
191 469
191 491
191 498
191 516
191 562
191 601
191 619
191 637
191 679
191 691
191 763
191 978
192 193
192 229
192 242
192 275
192 285
192 287
192 294
192 296
192 306
192 349
192 358
192 359
192 396
192 411
192 424
192 428
192 437
192 439
192 460
192 461
192 512
192 577
192 589
192 598
192 608
192 648
192 656
192 688
192 718
192 719
192 733
192 772
192 800
192 808
192 822
192 947
192 955
192 962
192 972
193 221
193 232
193 242
193 258
193 299
193 348
193 385
193 418
193 424
193 433
193 441
193 453
193 513
193 592
193 602
193 620
193 655
193 656
193 666
193 669
193 678
193 684
193 714
193 719
193 730
193 740
193 754
193 767
193 780
193 782
193 849
193 880
193 885
193 947
193 962
193 998
194 208
194 259
194 291
194 321
194 330
194 337
194 366
194 377
194 417
194 435
194 474
194 486
194 495
194 591
194 655
194 684
194 711
194 713
194 725
194 766
194 774
194 789
194 807
194 966
194 982
194 993
195 235
195 237
195 245
195 267
195 308
195 451
195 500
195 561
195 573
195 582
195 648
195 707
195 715
195 839
195 845
195 874
195 960
196 251
196 416
196 473
196 602
196 648
196 671
196 682
196 754
196 945
196 989
196 994
197 301
197 309
197 322
197 343
197 389
197 416
197 434
197 448
197 473
197 482
197 504
197 511
197 534
197 550
197 594
197 599
197 656
197 696
197 704
197 737
197 753
197 761
197 781
197 791
197 794
197 804
197 842
197 843
197 863
197 918
197 925
197 934
197 959
197 993
198 245
198 384
198 461
198 469
198 526
198 896
198 939
198 949
198 989
199 253
199 280
199 458
199 530
199 572
199 603
199 605
199 610
199 736
199 799
199 851
199 917
199 932
199 976
200 226
200 287
200 293
200 398
200 585
200 625
200 735
200 826
200 882
200 889
201 269
201 289
201 337
201 369
201 384
201 392
201 422
201 450
201 486
201 502
201 512
201 517
201 545
201 581
201 692
201 698
201 702
201 725
201 752
201 782
201 784
201 835
201 848
201 884
201 901
201 985
202 221
202 353
202 364
202 401
202 457
202 468
202 490
202 512
202 670
202 675
202 717
202 736
202 741
202 833
202 875
202 898
202 956
202 976
202 993
203 208
203 246
203 255
203 266
203 274
203 313
203 321
203 359
203 376
203 398
203 408
203 413
203 423
203 436
203 483
203 584
203 627
203 735
203 737
203 744
203 771
203 780
203 860
203 873
203 926
203 931
203 992
204 223
204 235
204 240
204 249
204 264
204 315
204 323
204 374
204 397
204 418
204 431
204 466
204 477
204 486
204 524
204 540
204 557
204 576
204 578
204 632
204 641
204 659
204 691
204 720
204 727
204 735
204 739
204 753
204 776
204 785
204 803
204 896
204 915
204 918
204 949
204 958
204 968
204 991
205 237
205 241
205 248
205 423
205 448
205 455
205 533
205 625
205 673
205 682
205 707
205 756
205 787
205 805
205 916
205 956
205 978
205 979
205 985
205 992
206 250
206 399
206 416
206 474
206 523
206 624
206 727
206 735
206 765
206 901
207 219
207 253
207 345
207 356
207 382
207 424
207 526
207 558
207 568
207 581
207 628
207 684
207 687
207 727
207 747
207 811
207 831
207 861
207 870
207 927
208 249
208 250
208 266
208 294
208 315
208 324
208 331
208 354
208 359
208 366
208 367
208 376
208 404
208 418
208 474
208 515
208 539
208 548
208 555
208 584
208 600
208 617
208 621
208 645
208 704
208 710
208 711
208 722
208 734
208 737
208 748
208 762
208 777
208 830
208 847
208 875
208 881
208 889
208 893
208 926
208 943
208 986
209 266
209 278
209 293
209 297
209 309
209 320
209 328
209 353
209 425
209 492
209 532
209 534
209 550
209 551
209 579
209 622
209 641
209 643
209 661
209 671
209 715
209 741
209 803
209 866
209 875
209 881
209 1000
210 242
210 300
210 378
210 423
210 470
210 472
210 474
210 514
210 540
210 629
210 657
210 681
210 716
210 774
210 777
211 228
211 301
211 380
211 567
211 642
211 648
211 650
211 696
211 812
211 925
212 215
212 370
212 387
212 411
212 452
212 472
212 489
212 497
212 525
212 533
212 622
212 655
212 733
212 743
212 762
212 846
212 950
212 968
213 257
213 416
213 461
213 469
213 472
213 567
213 655
213 673
213 759
213 798
213 850
213 870
213 879
213 904
213 938
213 958
213 967
213 973
213 982
214 294
214 322
214 379
214 407
214 429
214 439
214 454
214 535
214 594
214 650
214 667
214 691
214 702
214 711
214 761
214 763
214 790
214 817
214 843
214 898
214 921
214 994
215 253
215 308
215 335
215 346
215 363
215 370
215 431
215 445
215 462
215 472
215 533
215 589
215 595
215 606
215 609
215 618
215 622
215 654
215 667
215 700
215 707
215 751
215 761
215 811
215 818
215 831
215 833
215 880
215 907
215 935
215 991
215 993
215 1000
216 242
216 306
216 315
216 349
216 362
216 499
216 515
216 529
216 693
216 755
216 866
216 876
216 927
217 236
217 258
217 262
217 292
217 370
217 388
217 428
217 468
217 532
217 571
217 715
217 746
217 750
217 758
217 780
217 793
217 875
217 945
218 343
218 377
218 441
218 533
218 545
218 577
218 698
218 726
218 909
218 917
218 929
218 981
219 225
219 253
219 265
219 275
219 311
219 329
219 332
219 334
219 338
219 373
219 400
219 434
219 461
219 467
219 487
219 512
219 517
219 518
219 546
219 572
219 616
219 629
219 640
219 698
219 708
219 776
219 807
219 811
219 860
219 873
219 878
219 896
219 900
219 918
219 984
219 993
220 237
220 244
220 246
220 332
220 496
220 500
220 511
220 514
220 660
220 738
220 809
220 874
220 958
220 976
221 323
221 328
221 392
221 454
221 493
221 589
221 678
221 781
221 966
222 237
222 253
222 462
222 478
222 529
222 613
222 637
222 649
222 684
222 689
222 712
222 716
222 734
222 774
222 813
222 820
222 849
222 851
222 859
222 863
222 877
222 901
222 908
222 933
222 989
223 245
223 275
223 330
223 531
223 547
223 603
223 648
223 748
223 791
223 868
223 927
223 940
224 348
224 434
224 469
224 545
224 642
224 661
224 803
224 805
224 813
224 826
224 960
224 970
224 988
224 997
224 999
225 264
225 317
225 349
225 457
225 462
225 586
225 624
225 639
225 670
225 701
225 711
225 738
225 832
225 843
225 867
225 881
225 885
225 904
225 934
225 942
225 945
225 976
226 264
226 271
226 272
226 274
226 289
226 297
226 301
226 302
226 305
226 374
226 379
226 433
226 438
226 470
226 507
226 536
226 605
226 618
226 633
226 679
226 687
226 729
226 753
226 763
226 795
226 802
226 839
226 854
226 884
226 921
226 964
227 287
227 296
227 380
227 410
227 482
227 489
227 597
227 659
227 754
227 838
227 864
227 874
227 922
227 958
227 972
227 978
227 986
228 313
228 600
228 603
228 645
228 682
228 723
228 781
228 790
228 872
229 338
229 430
229 533
229 543
229 549
229 646
229 659
229 702
229 705
229 716
229 745
229 759
229 789
230 242
230 373
230 400
230 530
230 552
230 557
230 609
230 648
230 681
230 692
230 742
230 774
230 790
230 814
230 829
230 850
230 885
230 953
230 961
231 243
231 288
231 295
231 299
231 321
231 325
231 342
231 367
231 390
231 433
231 438
231 444
231 526
231 649
231 657
231 723
231 822
231 836
231 837
231 847
231 896
231 927
231 938
231 953
231 957
231 964
232 256
232 259
232 271
232 275
232 299
232 346
232 386
232 456
232 460
232 486
232 534
232 555
232 559
232 565
232 582
232 727
232 778
232 787
232 800
232 817
232 889
232 935
232 945
232 978
232 979
233 235
233 255
233 295
233 354
233 378
233 379
233 496
233 509
233 766
233 795
234 342
234 364
234 386
234 425
234 438
234 552
234 554
234 587
234 668
234 690
234 958
234 994
235 258
235 260
235 301
235 313
235 345
235 348
235 364
235 415
235 441
235 472
235 482
235 497
235 510
235 534
235 538
235 637
235 652
235 670
235 672
235 763
235 775
235 836
235 870
235 925
235 929
235 953
235 975
235 978
236 266
236 499
236 543
236 601
236 624
236 633
236 773
236 849
236 927
237 260
237 267
237 274
237 294
237 296
237 301
237 302
237 344
237 366
237 446
237 482
237 483
237 500
237 527
237 534
237 573
237 582
237 640
237 680
237 702
237 709
237 735
237 754
237 759
237 764
237 773
237 782
237 786
237 824
237 833
237 836
237 861
237 874
237 880
237 891
237 895
237 916
237 938
237 980
238 299
238 388
238 441
238 468
238 502
238 514
238 520
238 537
238 653
238 682
238 722
238 753
238 774
238 843
238 924
238 973
238 976
238 989
239 323
239 354
239 412
239 413
239 444
239 461
239 537
239 611
239 630
239 648
239 650
239 673
239 674
239 715
239 837
239 880
239 933
239 962
239 989
240 388
240 390
240 507
240 544
240 571
240 594
240 753
240 780
240 794
240 818
240 840
240 853
240 912
240 927
240 939
241 363
241 457
241 517
241 523
241 524
241 539
241 611
241 630
241 636
241 670
241 717
241 762
241 769
241 770
241 775
241 778
241 811
241 870
241 878
241 959
241 976
241 987
242 258
242 265
242 286
242 315
242 370
242 422
242 424
242 444
242 464
242 508
242 513
242 530
242 572
242 602
242 656
242 669
242 699
242 719
242 802
242 807
242 859
243 260
243 279
243 295
243 342
243 352
243 356
243 412
243 413
243 447
243 507
243 517
243 580
243 660
243 677
243 774
243 789
243 790
243 809
243 827
243 921
243 945
243 975
243 982
244 272
244 338
244 395
244 408
244 423
244 514
244 521
244 546
244 570
244 611
244 659
244 669
244 708
244 741
244 760
244 800
244 864
244 869
244 930
244 945
244 946
245 295
245 377
245 438
245 449
245 475
245 482
245 500
245 534
245 562
245 573
245 610
245 639
245 650
245 723
245 763
245 777
245 805
245 814
245 833
245 836
245 869
245 874
245 888
245 971
246 251
246 391
246 438
246 474
246 537
246 589
246 643
246 687
246 688
246 753
246 764
246 830
246 870
246 916
246 941
246 978
247 264
247 280
247 410
247 467
247 648
247 650
247 663
247 833
247 909
248 310
248 327
248 470
248 485
248 583
248 681
248 705
248 888
248 959
249 305
249 410
249 427
249 441
249 468
249 479
249 483
249 667
249 713
249 938
249 947
250 253
250 273
250 277
250 290
250 392
250 408
250 422
250 425
250 456
250 457
250 494
250 523
250 530
250 570
250 576
250 595
250 605
250 624
250 626
250 627
250 665
250 668
250 689
250 695
250 722
250 746
250 751
250 756
250 870
250 874
250 936
250 953
250 970
250 973
250 977
251 253
251 266
251 271
251 315
251 397
251 415
251 454
251 459
251 475
251 529
251 565
251 566
251 586
251 587
251 596
251 599
251 610
251 631
251 679
251 685
251 699
251 752
251 779
251 827
251 875
251 938
251 957
251 993
252 264
252 284
252 336
252 352
252 377
252 399
252 434
252 467
252 520
252 591
252 623
252 629
252 666
252 706
252 711
252 781
252 807
252 818
252 840
252 860
252 884
252 925
252 969
252 980
252 981
252 985
252 988
253 271
253 289
253 299
253 305
253 312
253 327
253 331
253 334
253 337
253 339
253 400
253 417
253 425
253 435
253 443
253 450
253 465
253 471
253 476
253 486
253 488
253 517
253 520
253 605
253 641
253 642
253 644
253 667
253 698
253 711
253 718
253 723
253 756
253 784
253 793
253 819
253 841
253 845
253 878
253 944
253 980
253 981
254 482
254 488
254 495
254 605
254 660
254 682
254 740
254 772
254 778
254 785
254 865
255 281
255 317
255 379
255 384
255 387
255 433
255 439
255 466
255 474
255 491
255 493
255 508
255 520
255 522
255 557
255 570
255 576
255 596
255 630
255 638
255 724
255 731
255 734
255 797
255 822
255 827
255 859
255 863
255 873
255 886
255 903
255 956
256 390
256 597
256 616
256 623
256 667
256 745
256 750
256 878
257 384
257 394
257 455
257 468
257 534
257 577
257 605
257 661
257 715
257 759
257 829
257 834
257 993
258 346
258 406
258 411
258 424
258 448
258 492
258 499
258 530
258 570
258 616
258 620
258 650
258 692
258 724
258 728
258 738
258 862
258 885
258 911
258 931
259 260
259 275
259 290
259 330
259 341
259 361
259 393
259 397
259 399
259 456
259 466
259 523
259 532
259 567
259 576
259 590
259 599
259 641
259 659
259 660
259 674
259 691
259 723
259 733
259 744
259 821
259 875
259 879
259 945
259 987
260 264
260 391
260 514
260 521
260 523
260 529
260 534
260 604
260 648
260 652
260 782
260 786
260 859
260 926
260 950
261 269
261 299
261 328
261 457
261 543
261 711
261 720
261 747
261 766
261 780
261 834
261 857
261 862
261 874
261 882
261 909
261 930
261 947
261 974
262 762
262 829
262 856
262 884
262 890
262 904
262 988
263 273
263 346
263 370
263 377
263 385
263 432
263 503
263 514
263 519
263 521
263 557
263 563
263 584
263 598
263 622
263 627
263 651
263 655
263 677
263 696
263 719
263 755
263 774
263 782
263 935
263 984
263 989
264 285
264 335
264 375
264 382
264 427
264 472
264 499
264 528
264 530
264 540
264 651
264 694
264 712
264 733
264 750
264 758
264 772
264 781
264 849
264 957
264 976
265 344
265 364
265 389
265 403
265 410
265 469
265 489
265 546
265 624
265 730
265 776
265 884
265 988
266 277
266 330
266 333
266 339
266 359
266 366
266 376
266 412
266 424
266 485
266 539
266 542
266 571
266 576
266 592
266 617
266 648
266 684
266 690
266 710
266 742
266 774
266 780
266 809
266 873
266 889
266 913
266 927
267 301
267 385
267 387
267 466
267 534
267 652
267 753
267 764
267 788
267 815
267 828
267 888
267 935
268 285
268 345
268 346
268 359
268 361
268 469
268 519
268 533
268 561
268 622
268 656
268 708
268 732
268 753
268 761
268 791
268 811
268 812
268 831
268 858
268 873
269 325
269 351
269 361
269 363
269 533
269 563
269 616
269 681
269 692
269 761
269 796
269 831
269 870
269 896
269 913
270 282
270 308
270 309
270 319
270 328
270 349
270 368
270 422
270 442
270 457
270 499
270 514
270 556
270 562
270 574
270 589
270 605
270 639
270 658
270 672
270 677
270 736
270 771
270 777
270 780
270 785
270 815
270 841
270 898
270 902
270 905
270 926
270 930
270 940
270 947
270 954
270 971
271 307
271 315
271 334
271 337
271 378
271 402
271 450
271 475
271 500
271 531
271 711
271 736
271 745
271 824
271 846
271 878
271 879
271 946
271 952
271 985
272 273
272 332
272 347
272 384
272 416
272 432
272 454
272 510
272 526
272 532
272 570
272 612
272 660
272 740
272 741
272 750
272 753
272 758
272 772
272 774
272 776
272 830
272 833
272 912
272 987
273 298
273 394
273 460
273 599
273 622
273 633
273 647
273 663
273 677
273 741
273 750
273 772
273 780
273 793
273 810
273 812
273 826
274 377
274 384
274 438
274 444
274 681
274 714
274 724
274 753
274 791
274 804
274 816
274 903
275 280
275 316
275 325
275 326
275 386
275 425
275 481
275 504
275 509
275 559
275 613
275 627
275 680
275 715
275 723
275 736
275 754
275 759
275 767
275 768
275 805
275 822
275 838
275 871
275 897
275 909
275 973
276 376
276 409
276 468
276 496
276 560
276 579
276 622
276 693
276 795
276 814
276 844
276 845
276 850
276 864
276 868
277 325
277 365
277 411
277 412
277 420
277 421
277 438
277 457
277 484
277 499
277 634
277 656
277 779
277 810
277 819
277 856
277 857
277 878
277 929
277 949
277 951
277 998
278 302
278 342
278 367
278 413
278 526
278 535
278 537
278 567
278 676
278 708
278 762
278 770
278 851
278 893
278 899
278 931
278 947
278 980
278 987
279 293
279 346
279 406
279 435
279 459
279 496
279 501
279 529
279 726
279 736
279 744
279 764
279 806
279 846
279 853
279 879
279 895
279 916
279 944
279 958
279 963
279 974
280 283
280 302
280 334
280 362
280 378
280 438
280 442
280 465
280 486
280 558
280 559
280 725
280 736
280 809
280 877
280 878
280 902
280 929
280 945
280 965
280 967
280 985
281 301
281 422
281 439
281 456
281 536
281 598
281 659
281 715
281 989
282 417
282 450
282 595
282 637
282 679
282 680
282 699
282 828
282 867
282 920
283 353
283 357
283 551
283 565
283 576
283 605
283 649
283 675
283 750
283 832
283 889
283 907
283 938
283 967
283 989
284 292
284 381
284 385
284 590
284 668
284 709
284 738
284 870
284 893
284 984
285 337
285 362
285 434
285 457
285 604
285 668
285 757
285 773
285 777
285 864
285 884
285 887
285 939
285 944
285 957
286 304
286 331
286 341
286 377
286 427
286 439
286 450
286 494
286 520
286 553
286 565
286 568
286 571
286 652
286 667
286 725
286 800
286 807
286 845
286 888
286 894
286 912
286 957
286 982
286 996
287 291
287 324
287 546
287 610
287 659
287 708
287 764
287 766
287 800
288 300
288 415
288 550
288 571
288 659
288 727
288 765
288 796
288 798
288 810
288 918
289 338
289 377
289 382
289 389
289 417
289 495
289 602
289 658
289 683
289 736
289 853
289 863
289 878
289 895
289 985
289 1000
290 331
290 380
290 401
290 407
290 410
290 437
290 456
290 482
290 494
290 531
290 689
290 732
290 746
290 834
290 867
290 868
290 928
290 948
291 328
291 338
291 351
291 352
291 373
291 384
291 386
291 389
291 434
291 459
291 473
291 479
291 632
291 738
291 752
291 761
291 787
291 829
291 843
291 893
291 897
291 899
291 900
291 902
291 904
291 938
291 952
292 347
292 453
292 499
292 653
292 668
292 672
292 682
292 798
292 800
292 848
292 852
292 855
292 893
292 916
292 930
293 369
293 377
293 425
293 512
293 582
293 629
293 744
293 839
293 908
293 974
294 371
294 410
294 588
294 593
294 609
294 676
294 749
294 778
294 790
294 885
294 965
295 298
295 347
295 351
295 367
295 369
295 402
295 439
295 487
295 586
295 625
295 633
295 652
295 663
295 670
295 827
295 830
295 852
295 859
295 876
295 933
295 946
295 976
296 376
296 391
296 397
296 446
296 476
296 482
296 485
296 495
296 500
296 521
296 534
296 635
296 652
296 658
296 721
296 754
296 777
296 782
296 787
296 794
296 905
296 985
297 310
297 315
297 354
297 363
297 371
297 394
297 461
297 465
297 468
297 513
297 519
297 558
297 619
297 622
297 664
297 667
297 684
297 712
297 770
297 777
297 805
297 869
297 921
297 992
297 996
298 351
298 452
298 462
298 470
298 489
298 526
298 540
298 570
298 574
298 596
298 741
298 750
298 760
298 854
298 869
298 880
298 915
299 308
299 335
299 345
299 368
299 553
299 608
299 617
299 629
299 673
299 685
299 728
299 760
299 780
299 781
299 806
299 903
300 307
300 440
300 459
300 499
300 502
300 504
300 511
300 568
300 617
300 685
300 721
300 735
300 776
300 804
300 817
300 831
300 840
300 843
300 873
300 885
301 305
301 313
301 354
301 367
301 404
301 438
301 448
301 500
301 522
301 529
301 534
301 550
301 597
301 604
301 640
301 652
301 684
301 687
301 714
301 716
301 717
301 725
301 748
301 777
301 780
301 782
301 800
301 820
301 836
301 860
301 863
301 875
301 891
301 899
301 964
301 988
302 370
302 391
302 398
302 458
302 544
302 616
302 639
302 675
302 704
302 726
302 791
302 908
302 912
302 927
302 1000
303 318
303 424
303 498
303 537
303 564
303 585
303 599
303 686
303 779
303 799
303 800
303 821
303 827
303 918
303 973
304 348
304 448
304 650
304 771
304 789
304 846
304 882
304 902
304 937
304 995
305 354
305 433
305 456
305 469
305 650
305 711
305 822
305 876
305 883
305 891
306 370
306 418
306 453
306 511
306 514
306 535
306 557
306 684
306 705
306 715
306 817
306 847
306 958
306 993
307 411
307 422
307 448
307 511
307 571
307 767
307 788
307 792
307 833
307 944
307 972
308 324
308 381
308 382
308 417
308 431
308 440
308 444
308 452
308 464
308 487
308 491
308 590
308 628
308 646
308 705
308 723
308 742
308 779
308 792
308 838
308 840
308 926
308 929
308 934
308 961
308 975
309 323
309 616
309 647
309 652
309 669
309 755
309 818
310 312
310 325
310 341
310 359
310 421
310 541
310 567
310 593
310 663
310 680
310 695
310 706
310 718
310 728
310 808
310 811
310 816
310 822
310 893
310 958
310 982
311 369
311 421
311 438
311 489
311 520
311 545
311 553
311 555
311 574
311 575
311 623
311 646
311 711
311 755
311 770
311 773
311 826
311 834
311 944
311 980
311 985
312 367
312 368
312 461
312 466
312 527
312 556
312 586
312 662
312 684
312 686
312 695
312 849
312 868
312 916
312 943
312 984
312 998
313 346
313 364
313 380
313 399
313 488
313 500
313 520
313 534
313 604
313 656
313 726
313 750
313 764
313 768
313 842
313 874
313 986
313 993
314 352
314 468
314 470
314 576
314 629
314 642
314 684
314 715
314 723
314 790
314 951
314 991
315 361
315 438
315 517
315 554
315 576
315 643
315 645
315 676
315 700
315 752
315 755
315 788
315 815
315 836
315 847
315 888
315 925
315 938
315 945
315 959
316 386
316 495
316 557
316 595
316 615
316 730
316 755
316 782
316 890
316 965
317 381
317 384
317 399
317 417
317 421
317 435
317 457
317 555
317 579
317 670
317 697
317 736
317 821
317 890
317 909
317 973
317 976
318 419
318 420
318 480
318 481
318 526
318 537
318 673
318 715
318 779
318 800
318 837
318 872
318 921
319 327
319 329
319 371
319 405
319 522
319 534
319 553
319 579
319 595
319 613
319 658
319 701
319 784
319 794
319 797
319 822
319 826
319 953
320 345
320 364
320 403
320 445
320 449
320 468
320 565
320 622
320 715
320 723
320 764
320 785
320 789
320 850
320 933
320 983
321 446
321 462
321 511
321 531
321 540
321 573
321 645
321 755
321 833
321 944
321 945
322 368
322 439
322 445
322 485
322 547
322 593
322 614
322 667
322 815
322 834
322 847
322 1000
323 371
323 461
323 469
323 540
323 609
323 616
323 653
323 673
323 685
323 755
323 820
323 890
323 904
323 925
324 335
324 377
324 387
324 419
324 430
324 432
324 500
324 563
324 579
324 598
324 608
324 670
324 675
324 761
324 793
324 820
324 838
324 869
324 907
324 993
325 480
325 559
325 776
325 853
325 860
325 888
325 986
326 382
326 464
326 516
326 564
326 675
326 725
326 750
326 751
326 788
326 829
326 944
327 414
327 661
327 669
327 698
327 702
327 707
327 811
327 830
327 856
327 872
327 911
328 438
328 517
328 520
328 527
328 533
328 645
328 664
328 707
328 716
328 788
328 857
328 875
328 878
328 903
328 913
328 916
328 925
328 929
328 951
328 964
329 427
329 465
329 513
329 547
329 673
329 794
329 904
329 933
329 989
330 335
330 340
330 357
330 367
330 437
330 453
330 473
330 516
330 528
330 535
330 546
330 580
330 593
330 616
330 637
330 658
330 717
330 768
330 781
330 790
330 811
330 854
330 926
330 962
331 352
331 482
331 514
331 520
331 578
331 648
331 711
331 763
331 805
331 818
331 857
331 864
331 884
331 949
331 956
331 962
331 985
332 394
332 570
332 622
332 741
332 750
332 774
332 944
332 975
332 976
333 418
333 440
333 655
333 656
333 677
333 761
333 788
333 831
333 853
333 930
333 947
333 960
333 966
334 440
334 467
334 500
334 574
334 618
334 740
334 775
334 860
334 926
334 985
335 410
335 431
335 503
335 524
335 526
335 538
335 709
335 741
335 750
335 760
335 774
335 817
335 869
335 879
335 900
335 990
336 357
336 386
336 392
336 479
336 489
336 624
336 678
336 719
336 738
336 816
336 856
336 965
337 349
337 368
337 395
337 496
337 545
337 597
337 601
337 740
337 807
337 837
337 851
337 915
337 925
337 963
338 345
338 377
338 384
338 403
338 496
338 640
338 711
338 726
338 731
338 752
338 808
338 865
338 883
338 944
339 527
339 556
339 615
339 622
339 644
339 686
339 755
339 811
339 836
339 964
340 344
340 354
340 374
340 431
340 514
340 557
340 593
340 610
340 674
340 722
340 736
340 740
340 755
340 771
340 793
340 833
341 354
341 390
341 448
341 705
341 758
341 814
341 885
342 344
342 439
342 451
342 553
342 568
342 679
342 697
342 715
342 774
342 914
342 991
343 425
343 454
343 527
343 537
343 577
343 593
343 648
343 665
343 734
343 737
343 779
343 800
343 813
343 890
343 946
344 384
344 385
344 484
344 506
344 513
344 517
344 523
344 563
344 567
344 609
344 684
344 713
344 726
344 762
344 770
344 857
344 878
344 942
344 965
344 987
345 451
345 472
345 487
345 572
345 600
345 613
345 652
345 696
345 728
345 762
345 791
345 792
345 872
345 881
345 964
345 978
346 350
346 352
346 381
346 385
346 406
346 417
346 431
346 450
346 468
346 472
346 487
346 509
346 533
346 553
346 563
346 598
346 618
346 625
346 628
346 650
346 655
346 661
346 668
346 683
346 711
346 761
346 771
346 790
346 794
346 796
346 801
346 843
346 856
346 876
346 880
346 894
346 918
346 935
346 946
346 947
346 993
347 368
347 376
347 469
347 484
347 488
347 490
347 543
347 546
347 559
347 636
347 702
347 722
347 827
347 837
347 844
347 902
347 923
347 992
348 354
348 363
348 432
348 453
348 624
348 646
348 738
348 751
348 791
348 795
348 829
348 853
348 928
349 432
349 440
349 472
349 491
349 582
349 598
349 653
349 658
349 677
349 703
349 708
349 737
349 778
349 798
349 838
349 867
349 902
349 912
349 934
349 949
349 953
349 992
349 993
350 355
350 468
350 469
350 470
350 498
350 542
350 544
350 651
350 673
350 713
350 714
350 755
350 764
350 775
350 794
350 821
350 832
350 841
350 891
350 933
350 991
350 999
351 369
351 434
351 480
351 497
351 535
351 538
351 581
351 701
351 777
351 933
352 382
352 385
352 411
352 412
352 485
352 528
352 559
352 572
352 672
352 675
352 722
352 725
352 759
352 765
352 768
352 776
352 796
352 878
352 879
352 889
352 906
352 931
352 932
352 941
352 944
352 952
352 992
353 354
353 376
353 386
353 443
353 448
353 457
353 486
353 507
353 522
353 643
353 645
353 681
353 700
353 728
353 729
353 738
353 759
353 783
354 421
354 448
354 500
354 501
354 513
354 535
354 549
354 571
354 588
354 589
354 607
354 609
354 644
354 653
354 707
354 738
354 740
354 748
354 764
354 790
354 803
354 821
354 825
354 869
354 870
354 878
354 879
354 882
354 932
354 946
354 953
354 958
354 981
355 358
355 382
355 394
355 402
355 403
355 421
355 468
355 545
355 624
355 649
355 673
355 684
355 697
355 711
355 847
355 885
355 886
355 906
355 909
355 926
356 416
356 542
356 580
356 637
356 639
356 656
356 693
356 752
356 754
356 879
356 906
356 971
356 991
357 388
357 392
357 395
357 452
357 459
357 480
357 483
357 585
357 610
357 616
357 645
357 718
357 723
357 728
357 803
357 957
358 545
358 550
358 758
358 765
358 824
358 837
358 842
358 944
358 962
358 981
359 486
359 557
359 661
359 732
359 776
359 780
359 791
359 806
359 925
360 374
360 394
360 434
360 452
360 612
360 652
360 668
360 715
360 740
360 796
360 806
360 859
360 925
360 970
360 989
361 398
361 428
361 439
361 451
361 507
361 622
361 655
361 670
361 693
361 757
361 796
361 870
361 949
361 953
361 961
362 378
362 385
362 400
362 406
362 420
362 466
362 512
362 629
362 680
362 736
362 772
362 780
362 795
362 812
362 912
362 979
363 369
363 382
363 441
363 468
363 629
363 661
363 715
363 729
363 750
363 811
363 964
364 432
364 483
364 487
364 517
364 561
364 616
364 658
364 687
364 688
364 754
364 771
364 782
364 794
364 805
364 838
364 923
364 976
364 978
365 406
365 569
365 592
365 615
365 760
365 771
365 920
365 930
365 991
366 383
366 410
366 419
366 462
366 539
366 594
366 656
366 704
366 706
366 721
366 723
366 766
366 771
366 811
366 853
366 888
366 925
366 965
367 380
367 425
367 459
367 475
367 512
367 515
367 518
367 592
367 645
367 649
367 670
367 724
367 727
367 741
367 833
368 512
368 513
368 557
368 597
368 928
369 377
369 402
369 403
369 425
369 434
369 467
369 471
369 486
369 491
369 495
369 508
369 518
369 557
369 629
369 676
369 679
369 691
369 783
369 791
369 801
369 840
369 860
369 869
369 902
369 932
369 943
369 963
369 981
370 385
370 393
370 411
370 420
370 472
370 501
370 516
370 554
370 614
370 653
370 655
370 669
370 677
370 683
370 755
370 760
370 770
370 801
370 831
370 861
370 880
370 884
370 907
370 912
371 436
371 439
371 559
371 593
371 609
371 734
371 867
372 383
372 495
372 553
372 737
372 740
372 843
372 855
372 895
372 909
372 913
372 965
372 975
373 378
373 529
373 550
373 578
373 616
373 720
373 762
373 812
373 815
373 821
374 379
374 462
374 511
374 556
374 650
374 654
374 661
374 669
374 692
374 740
374 753
374 880
374 884
374 899
374 945
375 457
375 490
375 496
375 670
375 730
375 734
375 875
375 904
375 976
375 993
376 477
376 646
376 732
376 828
376 863
376 864
376 873
376 926
376 933
376 946
376 961
376 979
377 378
377 382
377 394
377 403
377 420
377 422
377 467
377 478
377 520
377 537
377 545
377 560
377 572
377 576
377 580
377 635
377 680
377 692
377 696
377 699
377 705
377 726
377 749
377 764
377 813
377 883
377 887
377 899
377 917
377 943
377 944
377 963
377 988
378 430
378 451
378 507
378 514
378 527
378 566
378 605
378 634
378 749
378 759
378 854
378 856
378 888
378 904
379 425
379 436
379 470
379 491
379 574
379 578
379 586
379 588
379 633
379 650
379 660
379 697
379 727
379 728
379 768
379 782
379 785
379 878
379 968
379 970
380 400
380 418
380 434
380 438
380 523
380 610
380 735
380 796
380 930
380 936
380 968
381 472
381 513
381 533
381 581
381 672
381 755
381 796
381 822
381 824
381 838
381 880
381 969
382 418
382 423
382 436
382 438
382 439
382 452
382 469
382 486
382 490
382 514
382 523
382 591
382 643
382 653
382 760
382 764
382 798
382 859
382 896
382 918
382 985
383 452
383 482
383 527
383 597
383 601
383 627
383 680
383 814
383 858
383 874
383 987
384 391
384 412
384 421
384 459
384 481
384 482
384 490
384 497
384 509
384 626
384 699
384 706
384 742
384 795
384 813
384 871
384 943
384 959
384 968
384 995
384 1000
385 431
385 437
385 442
385 449
385 464
385 472
385 512
385 563
385 575
385 596
385 598
385 654
385 687
385 725
385 757
385 773
385 780
385 796
385 812
385 819
385 824
385 831
385 851
385 875
385 877
385 912
385 914
385 919
385 949
385 950
385 958
386 438
386 441
386 462
386 505
386 517
386 612
386 623
386 625
386 628
386 650
386 671
386 676
386 746
386 775
386 792
386 853
386 854
386 933
386 987
387 417
387 484
387 533
387 536
387 572
387 622
387 645
387 755
387 766
387 796
387 854
387 889
387 948
387 979
388 401
388 517
388 541
388 566
388 610
388 645
388 687
388 723
388 790
388 798
388 816
388 829
388 840
388 887
388 959
388 985
389 417
389 436
389 477
389 553
389 588
389 602
389 646
389 677
389 689
389 722
389 780
389 870
389 902
389 909
389 994
390 464
390 476
390 493
390 522
390 590
390 607
390 676
390 795
390 812
390 817
390 902
390 929
390 955
390 958
390 971
390 976
390 986
391 392
391 430
391 538
391 681
391 733
391 745
391 750
391 834
391 853
391 873
392 403
392 414
392 448
392 456
392 511
392 605
392 701
392 811
392 891
392 909
392 915
392 919
392 964
392 970
393 494
393 665
393 683
393 684
393 745
393 751
393 867
393 879
393 912
393 937
393 972
393 986
394 440
394 453
394 542
394 545
394 593
394 639
394 644
394 668
394 670
394 691
394 933
394 985
394 997
395 409
395 482
395 580
395 636
395 659
395 675
395 773
395 843
395 922
396 459
396 468
396 481
396 533
396 544
396 563
396 598
396 711
396 728
396 747
396 878
396 979
397 434
397 440
397 442
397 485
397 537
397 645
397 724
397 740
397 761
397 771
397 780
397 830
397 858
397 907
397 988
398 420
398 428
398 436
398 458
398 472
398 514
398 618
398 675
398 697
398 782
398 832
398 834
398 888
398 906
398 927
398 982
399 523
399 576
399 684
399 722
399 723
399 739
399 769
399 804
399 817
399 832
399 906
399 925
400 486
400 489
400 512
400 528
400 569
400 588
400 724
400 815
400 840
400 875
400 908
400 917
400 927
400 946
401 457
401 466
401 626
401 629
401 702
401 714
401 715
401 716
401 796
401 840
402 432
402 504
402 525
402 537
402 577
402 580
402 599
402 626
402 665
402 709
402 779
402 800
402 916
402 949
402 959
402 993
403 423
403 425
403 438
403 464
403 466
403 479
403 520
403 581
403 773
403 798
403 899
403 952
404 481
404 526
404 538
404 560
404 574
404 741
404 758
404 774
404 810
404 869
404 906
404 985
405 486
405 502
405 518
405 563
405 578
405 603
405 623
405 642
405 656
405 663
405 673
405 707
405 785
405 925
405 927
405 933
406 421
406 439
406 513
406 530
406 614
406 656
406 685
406 829
406 885
406 931
406 944
407 452
407 622
407 637
407 670
407 672
407 772
407 789
407 814
407 904
408 416
408 417
408 420
408 461
408 469
408 546
408 603
408 688
408 741
408 743
408 750
408 763
408 770
408 876
408 896
408 913
408 978
409 418
409 452
409 472
409 562
409 594
409 631
409 854
409 874
409 931
410 485
410 494
410 621
410 672
410 691
410 777
410 794
410 807
410 992
410 994
411 439
411 463
411 487
411 513
411 530
411 537
411 555
411 633
411 669
411 719
411 814
411 834
411 888
411 934
411 935
411 955
411 982
411 995
411 996
412 453
412 505
412 567
412 753
412 761
412 795
412 889
413 475
413 530
413 576
413 579
413 602
413 605
413 716
413 728
413 730
413 854
413 901
413 932
413 940
414 472
414 499
414 610
414 778
414 782
414 792
414 814
414 833
415 440
415 446
415 487
415 529
415 530
415 562
415 588
415 655
415 837
415 932
415 935
415 958
416 429
416 433
416 461
416 498
416 526
416 603
416 645
416 703
416 715
416 754
416 776
416 789
416 825
416 901
416 906
417 458
417 633
417 691
417 711
417 725
417 754
417 759
417 788
417 849
417 860
417 899
417 917
417 929
417 935
417 989
418 439
418 530
418 595
418 635
418 656
418 677
418 738
418 765
418 822
418 885
418 904
419 448
419 458
419 488
419 525
419 537
419 540
419 577
419 582
419 601
419 615
419 649
419 660
419 696
419 704
419 724
419 755
419 779
419 800
419 856
419 921
419 991
419 997
420 426
420 445
420 476
420 481
420 499
420 504
420 573
420 597
420 622
420 642
420 691
420 716
420 774
420 808
420 811
420 905
420 950
421 472
421 511
421 514
421 677
421 702
421 705
421 735
421 740
421 812
421 853
422 471
422 473
422 491
422 504
422 523
422 534
422 664
422 706
422 762
422 810
422 832
422 841
422 855
422 965
422 982
423 480
423 481
423 496
423 564
423 570
423 654
423 659
423 696
423 700
423 711
423 716
423 736
423 808
423 809
423 944
423 972
423 982
424 576
424 602
424 656
424 726
424 732
424 734
424 873
424 882
424 906
424 912
424 941
424 947
424 958
425 500
425 501
425 520
425 546
425 572
425 629
425 639
425 726
425 733
425 736
425 795
425 808
425 836
425 878
425 942
425 957
425 962
425 973
425 985
426 450
426 547
426 556
426 581
426 603
426 697
426 757
426 776
426 876
426 884
427 458
427 540
427 555
427 758
427 773
427 834
427 842
428 468
428 469
428 495
428 551
428 627
428 680
428 715
428 740
428 747
429 436
429 526
429 540
429 606
429 667
429 739
429 761
429 813
429 854
429 859
429 873
429 876
429 991
430 431
430 458
430 496
430 500
430 504
430 583
430 620
430 629
430 642
430 660
430 661
430 682
430 740
430 746
430 781
430 832
430 863
430 875
430 885
430 933
430 952
431 464
431 533
431 554
431 561
431 562
431 577
431 622
431 653
431 661
431 704
431 716
431 801
431 859
431 877
431 880
431 938
431 949
431 963
432 459
432 585
432 622
432 628
432 761
432 794
432 799
432 817
432 824
432 838
432 847
432 895
432 898
432 900
432 924
433 493
433 544
433 641
433 645
433 650
433 685
433 715
433 722
433 725
433 726
433 736
433 752
434 466
434 467
434 494
434 603
434 717
434 764
434 782
434 806
434 843
434 846
434 888
434 931
435 448
435 468
435 481
435 592
435 807
435 832
435 839
435 864
435 878
435 891
435 908
435 944
436 453
436 541
436 579
436 667
436 699
436 762
436 823
437 452
437 453
437 520
437 563
437 622
437 656
437 677
437 682
437 743
437 746
437 773
437 801
437 826
437 875
438 446
438 452
438 492
438 497
438 589
438 637
438 652
438 687
438 727
438 747
438 795
438 817
438 836
438 864
438 870
438 874
438 915
438 936
438 972
439 470
439 512
439 513
439 518
439 530
439 546
439 562
439 576
439 602
439 605
439 612
439 669
439 696
439 709
439 730
439 769
439 827
439 856
439 869
439 885
439 900
439 920
439 931
439 934
439 947
439 962
439 982
439 994
440 445
440 519
440 534
440 548
440 570
440 572
440 608
440 614
440 615
440 621
440 622
440 628
440 631
440 655
440 690
440 726
440 739
440 743
440 758
440 778
440 802
440 811
440 824
440 835
440 849
440 865
440 916
440 969
440 993
441 455
441 468
441 488
441 521
441 547
441 674
441 691
441 735
441 791
441 826
441 852
441 904
441 926
442 444
442 469
442 496
442 513
442 514
442 532
442 705
442 734
442 745
442 751
442 774
442 825
442 912
442 993
443 453
443 459
443 580
443 651
443 684
443 774
443 920
443 973
444 472
444 484
444 500
444 520
444 552
444 559
444 567
444 642
444 652
444 675
444 676
444 682
444 712
444 716
444 717
444 738
444 747
444 775
444 788
444 887
444 893
444 911
444 926
444 930
444 951
444 958
445 459
445 485
445 517
445 528
445 538
445 602
446 452
446 472
446 739
446 828
446 888
446 943
447 448
447 496
447 608
447 639
447 665
447 702
447 791
447 792
447 984
448 496
448 546
448 560
448 606
448 610
448 636
448 660
448 666
448 673
448 708
448 747
448 766
448 796
448 800
448 825
448 840
448 847
448 848
448 866
448 891
448 979
448 990
448 992
448 993
449 571
449 586
449 607
449 647
449 675
449 708
449 713
449 762
449 817
449 830
449 934
450 486
450 506
450 726
450 760
451 676
451 791
451 803
451 814
451 822
451 923
451 945
452 469
452 472
452 492
452 514
452 562
452 598
452 655
452 713
452 721
452 743
452 772
452 811
452 838
452 876
452 993
453 542
453 581
453 618
453 629
453 667
453 705
453 714
453 809
453 847
453 921
454 562
454 649
454 722
454 973
455 497
455 535
455 651
455 667
455 679
455 732
455 905
455 970
455 987
456 523
456 525
456 529
456 533
456 550
456 622
456 624
456 679
456 689
456 744
456 751
456 823
456 888
456 900
456 951
456 969
456 986
457 462
457 475
457 478
457 481
457 483
457 518
457 542
457 554
457 560
457 566
457 579
457 597
457 613
457 627
457 638
457 639
457 670
457 673
457 686
457 690
457 733
457 762
457 771
457 813
457 826
457 844
457 848
457 869
457 885
457 901
457 936
457 949
457 956
457 971
457 976
458 524
458 529
458 536
458 537
458 564
458 591
458 670
458 800
458 830
458 867
459 480
459 496
459 498
459 580
459 624
459 650
459 674
459 710
459 931
459 943
459 952
459 955
459 969
459 975
459 991
459 994
460 536
460 544
460 546
460 567
460 611
460 683
460 728
460 738
460 780
460 811
460 861
460 938
461 472
461 542
461 774
461 842
461 846
461 889
461 976
462 500
462 514
462 576
462 676
462 766
462 879
462 901
462 952
462 969
462 978
463 537
463 639
463 711
463 734
463 741
463 816
463 932
464 520
464 577
464 622
464 684
464 691
464 757
464 838
464 839
464 875
464 920
464 923
465 506
465 538
465 677
465 962
465 965
466 565
466 581
466 737
466 778
466 811
466 850
466 927
466 998
467 478
467 495
467 501
467 515
467 550
467 615
467 662
467 735
467 741
467 764
467 766
467 784
467 811
467 827
467 873
467 942
467 998
468 469
468 502
468 509
468 516
468 523
468 533
468 542
468 561
468 593
468 595
468 612
468 621
468 650
468 664
468 673
468 683
468 684
468 691
468 757
468 803
468 845
468 863
468 904
468 923
468 938
469 471
469 517
469 536
469 563
469 653
469 673
469 688
469 699
469 715
469 723
469 758
469 792
469 794
469 820
469 871
469 873
469 904
469 941
469 958
469 973
469 989
470 474
470 556
470 585
470 631
470 676
470 735
470 742
470 753
470 768
470 772
470 829
470 849
470 968
470 991
471 499
471 571
471 572
471 622
471 632
471 726
471 747
471 791
471 808
471 858
472 473
472 513
472 518
472 533
472 541
472 560
472 569
472 598
472 622
472 651
472 654
472 756
472 792
472 794
472 838
472 880
472 912
472 914
472 919
472 963
472 979
472 993
473 569
473 635
473 667
473 688
473 795
473 914
473 947
474 494
474 496
474 534
474 539
474 564
474 600
474 617
474 622
474 685
474 686
474 762
474 780
474 867
474 873
474 889
474 933
474 951
475 499
475 575
475 679
475 833
475 883
475 897
475 919
475 920
475 985
476 510
476 639
476 692
476 722
476 784
476 893
476 987
477 512
477 705
477 735
477 759
477 792
477 898
478 532
478 614
478 685
478 771
478 815
478 841
478 860
478 994
479 517
479 537
479 591
479 725
479 876
479 988
480 541
480 637
480 728
480 738
480 804
480 826
480 833
480 850
480 872
480 899
480 959
480 989
480 992
480 995
480 997
481 495
481 534
481 560
481 616
481 656
481 697
481 752
481 885
481 932
481 950
482 489
482 513
482 521
482 537
482 538
482 567
482 569
482 658
482 681
482 764
482 782
482 804
482 954
483 499
483 500
483 534
483 616
483 652
483 690
483 712
483 732
483 782
483 876
483 891
483 979
483 987
484 490
484 524
484 537
484 681
484 691
484 707
484 747
484 786
484 976
485 488
485 541
485 543
485 546
485 559
485 574
485 627
485 667
485 687
485 705
485 739
485 755
485 764
485 783
485 829
485 834
485 847
485 885
485 967
485 994
486 495
486 512
486 520
486 545
486 572
486 591
486 667
486 694
486 711
486 729
486 746
486 759
486 849
486 876
486 877
486 894
486 907
486 944
486 965
486 985
487 489
487 523
487 633
487 650
487 656
487 668
487 683
487 694
487 797
487 822
487 832
487 836
487 854
487 864
487 880
487 904
487 909
487 911
488 550
488 565
488 572
488 641
488 653
488 677
488 711
488 738
488 783
488 829
488 924
488 930
488 986
488 990
489 544
489 551
489 577
489 592
489 680
489 741
489 744
489 750
489 754
489 761
489 769
489 807
489 811
489 848
489 853
489 859
489 873
490 514
490 527
490 590
490 599
490 606
490 637
490 707
490 722
490 744
490 751
490 752
490 805
490 812
490 837
490 910
490 964
490 980
491 585
491 602
491 619
491 679
491 696
491 874
491 974
491 987
492 545
492 551
492 557
492 577
492 613
492 714
492 731
492 834
492 843
493 612
493 773
493 833
493 860
494 500
494 705
494 762
494 815
494 868
495 533
495 651
495 675
495 695
495 716
495 747
495 763
495 768
495 878
495 988
495 993
496 502
496 511
496 522
496 542
496 551
496 590
496 612
496 621
496 633
496 641
496 658
496 702
496 707
496 712
496 722
496 724
496 736
496 758
496 763
496 781
496 846
496 853
496 873
496 888
496 947
496 948
496 954
496 958
496 983
496 996
496 1000
497 538
497 570
497 653
497 654
497 892
497 907
497 986
498 499
498 535
498 546
498 622
498 663
498 739
498 843
499 507
499 508
499 601
499 610
499 676
499 711
499 778
499 797
499 839
499 841
499 847
499 878
499 892
499 898
499 905
499 948
500 512
500 517
500 521
500 534
500 538
500 575
500 604
500 616
500 640
500 646
500 652
500 658
500 706
500 749
500 760
500 777
500 779
500 782
500 811
500 836
500 841
500 876
500 891
500 917
500 944
500 965
500 973
500 992
500 1000
501 542
501 549
501 610
501 714
501 804
501 892
501 909
501 971
502 512
502 645
502 689
502 697
502 859
503 513
503 583
503 673
503 677
503 687
503 727
503 738
503 753
503 832
503 855
503 915
503 989
504 544
504 560
504 590
504 602
504 680
504 799
505 517
505 567
505 574
505 738
505 762
505 809
505 992
506 545
506 556
506 642
506 702
506 716
506 741
506 760
506 810
506 813
506 816
506 939
507 523
507 537
507 915
507 986
508 727
508 775
508 853
508 907
509 537
509 557
509 561
509 568
509 763
509 909
509 916
509 919
509 926
510 532
510 560
510 570
510 592
510 741
510 761
510 779
510 794
510 810
510 849
510 886
511 521
511 585
511 594
511 609
511 647
511 666
511 675
511 686
511 712
511 728
511 733
511 741
511 756
511 765
511 788
511 833
511 946
511 965
511 993
512 556
512 624
512 698
512 759
512 852
512 880
512 917
512 950
512 971
513 516
513 530
513 571
513 602
513 617
513 656
513 669
513 674
513 692
513 699
513 714
513 749
513 859
513 860
513 885
513 931
513 934
513 947
513 955
513 962
514 527
514 540
514 568
514 583
514 594
514 613
514 615
514 620
514 666
514 697
514 781
514 798
514 799
514 804
514 806
514 820
514 821
514 824
514 840
514 854
514 870
514 888
514 890
514 904
514 925
514 929
514 954
514 958
514 966
515 568
515 644
515 676
515 687
515 757
515 790
515 829
515 833
515 858
515 859
515 861
515 863
515 979
516 552
516 593
516 617
516 634
516 759
516 776
516 809
516 814
516 848
516 882
516 901
516 904
516 923
516 978
517 567
517 588
517 601
517 608
517 615
517 616
517 624
517 667
517 694
517 732
517 752
517 762
517 770
517 890
517 893
517 904
517 909
517 920
517 924
517 926
517 936
517 939
517 941
517 964
517 979
517 991
518 590
518 645
518 648
518 725
518 728
518 778
518 780
518 796
518 822
518 845
518 859
518 867
518 881
518 897
518 962
518 979
518 993
519 533
519 598
519 603
519 628
519 659
519 755
519 756
519 761
519 794
519 796
519 818
519 831
519 841
519 905
519 912
519 928
520 545
520 561
520 626
520 676
520 784
520 806
520 843
520 900
520 944
520 952
520 981
520 985
521 616
521 636
521 652
521 725
521 777
521 818
521 836
521 878
521 904
521 908
521 944
521 979
522 526
522 604
522 622
522 719
522 739
522 878
523 524
523 531
523 624
523 629
523 653
523 655
523 678
523 735
523 759
523 765
523 767
523 873
523 886
523 906
523 916
523 944
523 950
523 970
524 535
524 622
524 640
524 676
524 747
524 775
524 794
524 796
524 855
524 860
524 963
525 527
525 537
525 584
525 598
525 665
525 713
525 743
525 800
525 837
525 871
525 872
525 921
525 947
525 973
526 529
526 532
526 543
526 569
526 574
526 691
526 732
526 741
526 750
526 757
526 772
526 933
526 961
526 970
527 537
527 560
527 577
527 620
527 665
527 667
527 679
527 779
527 808
527 872
527 873
527 898
527 905
527 933
527 942
527 975
528 649
528 749
528 767
528 771
528 792
528 991
529 534
529 539
529 595
529 599
529 669
529 782
529 829
529 877
529 944
530 585
530 644
530 669
530 705
530 714
530 719
530 814
530 885
530 897
530 954
530 961
530 962
530 980
530 999
531 576
531 601
531 624
531 698
531 741
531 764
531 795
532 538
532 570
532 592
532 593
532 694
532 715
532 722
532 741
532 772
532 876
532 919
532 983
532 998
533 558
533 615
533 628
533 655
533 672
533 720
533 733
533 755
533 762
533 767
533 769
533 785
533 801
533 806
533 824
533 832
533 838
533 844
533 862
533 901
533 903
533 912
533 914
533 919
533 929
533 949
533 953
533 961
533 998
534 547
534 555
534 556
534 573
534 593
534 611
534 634
534 658
534 716
534 777
534 782
534 801
534 849
534 888
534 930
534 936
534 945
534 961
534 962
534 972
535 546
535 585
535 589
535 608
535 631
535 636
535 650
535 673
535 694
535 749
535 770
535 777
535 891
535 893
535 916
535 993
536 613
536 650
536 651
536 664
536 702
536 737
536 748
536 855
536 860
536 868
536 961
536 999
537 564
537 577
537 618
537 630
537 633
537 663
537 722
537 725
537 759
537 763
537 779
537 800
537 837
537 838
537 872
537 901
537 908
537 921
537 923
537 951
538 551
538 570
538 629
538 645
538 667
538 682
538 698
538 723
538 741
538 742
538 750
538 757
538 758
538 772
538 869
538 927
538 932
539 564
539 621
539 636
539 689
539 723
539 740
539 780
539 873
539 876
539 921
540 541
540 543
540 574
540 587
540 650
540 667
540 715
540 741
540 750
540 772
540 826
540 917
540 998
541 631
541 699
541 716
541 735
541 771
541 778
541 812
541 845
541 868
541 898
541 991
542 577
542 642
542 656
542 687
542 703
542 705
542 791
542 814
542 864
542 972
543 588
543 600
543 609
543 621
543 750
543 756
543 800
543 831
543 843
543 921
543 985
544 603
544 627
544 632
544 677
544 678
544 685
544 703
544 723
544 782
544 810
544 835
544 852
544 854
545 572
545 574
545 586
545 678
545 711
545 759
545 784
545 897
545 922
545 939
545 944
545 988
545 991
546 557
546 559
546 590
546 603
546 615
546 651
546 656
546 702
546 739
546 755
546 762
546 814
546 833
546 854
546 859
546 862
546 909
546 922
546 945
546 991
547 680
547 764
547 777
547 782
547 807
547 870
547 882
547 888
547 920
547 935
547 958
547 997
548 685
548 804
548 854
548 976
549 590
549 643
549 645
549 659
549 692
549 695
549 854
549 857
549 933
549 979
549 998
550 719
550 821
551 622
551 725
551 741
551 749
551 796
551 810
551 811
551 827
551 907
552 557
552 581
552 640
552 646
552 659
552 687
552 703
552 706
552 732
552 880
552 932
552 958
552 976
553 563
553 645
553 675
553 693
553 720
553 737
553 833
553 915
553 958
553 991
553 995
554 613
554 635
554 670
554 677
554 750
554 875
554 939
554 976
554 979
555 568
555 584
555 640
555 660
555 714
555 780
555 898
556 565
556 571
556 618
556 622
556 627
556 637
556 679
556 681
556 735
556 781
556 810
556 838
556 857
556 870
556 900
556 905
556 982
557 570
557 653
557 662
557 693
557 707
557 714
557 726
557 783
557 815
557 831
557 845
557 920
557 949
557 991
558 633
558 697
558 715
558 741
558 787
558 884
558 956
558 961
559 592
559 634
559 640
559 683
559 702
559 722
559 725
559 728
559 734
559 747
559 888
559 925
559 947
559 956
559 972
559 991
560 566
560 568
560 611
560 652
560 736
560 750
560 806
560 836
560 936
560 976
561 580
561 611
561 616
561 637
561 652
561 669
561 680
561 754
561 764
561 791
561 821
561 859
561 882
561 999
562 596
562 598
562 649
562 704
562 716
562 723
562 726
562 728
562 773
562 782
562 860
562 862
562 882
562 901
562 909
562 916
562 949
562 951
562 954
562 956
562 958
562 965
562 969
563 598
563 600
563 615
563 628
563 655
563 673
563 698
563 721
563 751
563 755
563 756
563 761
563 762
563 796
563 801
563 811
563 839
563 880
563 896
563 907
563 908
563 912
563 949
563 993
564 571
564 750
564 800
564 807
564 834
564 887
565 623
565 627
565 687
565 711
565 744
565 944
566 570
566 614
566 618
566 664
566 827
566 986
567 608
567 623
567 665
567 676
567 735
567 775
567 785
567 786
567 809
567 903
567 934
567 987
568 648
568 686
568 705
568 746
568 827
568 854
568 885
568 897
568 905
568 966
568 987
569 649
569 680
569 684
569 720
569 742
569 766
569 770
569 849
569 960
570 647
570 677
570 690
570 724
570 741
570 750
570 758
570 774
570 807
570 809
570 886
570 954
571 638
571 639
571 663
571 778
571 785
571 816
571 855
571 881
571 940
571 943
571 959
571 977
571 990
572 576
572 600
572 709
572 843
572 860
572 887
572 917
572 944
572 957
572 985
573 616
573 662
573 668
573 702
573 718
573 784
573 874
573 891
573 895
573 949
574 576
574 582
574 741
574 742
574 750
574 772
574 777
574 888
574 893
574 940
574 974
574 978
574 984
575 606
575 615
575 648
575 660
575 664
575 691
575 722
575 758
576 605
576 622
576 679
576 694
576 701
576 728
576 743
576 771
576 781
576 873
576 929
577 588
577 665
577 750
577 779
577 837
577 859
577 872
578 650
578 675
578 681
578 694
578 727
578 737
578 759
578 873
578 904
578 989
578 991
579 670
579 724
579 776
579 875
579 901
579 915
579 987
579 989
579 991
579 1000
580 602
580 697
580 780
580 786
580 833
580 956
580 991
581 595
581 622
581 633
581 773
581 804
581 863
581 902
581 906
581 913
582 647
582 652
582 673
582 741
582 750
582 758
582 774
582 800
582 802
582 931
582 979
583 650
583 670
583 715
583 725
583 743
583 868
583 885
583 953
583 977
584 645
584 650
584 773
584 808
585 722
585 752
585 818
585 890
585 950
586 650
586 679
586 686
586 843
586 923
587 624
587 679
587 684
587 735
587 827
587 831
587 900
587 901
587 920
587 922
587 964
588 606
588 674
588 709
588 715
588 740
588 774
588 777
588 833
588 876
588 908
588 944
588 949
588 965
588 988
589 626
589 682
589 745
589 781
589 853
589 888
589 936
589 958
590 796
590 875
590 933
591 628
591 675
591 726
591 741
591 750
591 793
591 807
591 826
591 854
591 878
591 904
591 914
591 966
591 967
592 741
592 750
592 774
592 810
592 849
592 877
593 670
593 705
593 717
593 732
593 744
593 753
593 764
593 902
593 958
594 595
594 613
594 624
594 647
594 704
594 722
594 745
594 840
594 930
595 612
595 674
595 756
595 822
595 866
595 881
595 943
595 968
595 984
595 996
596 709
596 718
596 904
596 949
596 996
597 613
597 623
597 642
597 643
597 703
597 736
597 759
597 761
597 847
597 851
597 861
597 876
597 908
597 919
597 925
598 601
598 614
598 628
598 654
598 655
598 702
598 708
598 740
598 782
598 796
598 902
598 907
598 991
599 634
599 664
599 671
599 681
599 683
599 800
599 856
599 921
600 679
600 750
600 774
600 888
600 894
600 920
601 616
601 649
601 675
601 684
601 687
601 728
601 740
601 791
601 833
601 910
601 979
602 656
602 679
602 681
602 754
602 833
602 885
602 947
602 962
602 992
603 688
603 693
603 736
603 755
603 835
603 876
603 927
603 941
603 950
603 952
603 976
603 998
604 605
604 649
604 753
604 782
604 904
604 908
604 912
604 942
604 989
605 624
605 701
605 724
605 742
605 867
605 963
605 974
605 986
606 615
606 638
606 746
606 780
606 840
606 888
606 894
606 930
606 946
606 947
607 647
607 697
607 786
607 938
608 687
608 705
608 762
608 979
609 633
609 649
609 671
609 677
609 695
609 954
609 960
610 707
610 721
610 740
610 745
610 819
610 931
610 935
610 997
611 616
611 680
611 693
611 727
611 733
611 742
611 777
611 779
611 805
611 861
611 864
611 874
611 910
611 979
611 987
612 675
612 692
612 888
613 624
613 646
613 716
613 737
613 796
613 812
613 813
613 831
613 853
613 854
613 969
614 615
614 634
614 655
614 677
614 715
614 790
614 796
614 811
614 836
614 849
614 876
614 911
615 622
615 625
615 628
615 655
615 664
615 733
615 761
615 800
615 818
615 834
615 840
615 875
615 876
615 889
615 902
615 903
615 975
615 977
616 659
616 670
616 673
616 754
616 773
616 785
616 953
617 654
617 678
617 710
617 718
617 723
617 782
617 788
617 831
617 847
617 968
618 627
618 675
618 728
618 791
618 814
618 822
618 842
618 878
618 911
618 965
619 624
619 679
619 896
619 974
619 982
619 987
620 649
620 681
620 740
620 750
620 754
620 814
620 933
620 979
620 1000
621 640
621 708
621 710
621 780
621 873
621 947
622 645
622 695
622 727
622 735
622 743
622 755
622 756
622 761
622 794
622 811
622 838
622 871
622 877
622 880
622 899
622 908
622 919
622 935
622 944
622 953
622 975
622 1000
623 668
623 677
623 743
623 776
623 888
624 744
624 746
624 758
624 760
624 762
624 769
624 774
624 779
624 807
624 857
624 907
624 916
624 949
624 972
625 715
625 733
625 765
625 788
625 969
626 732
626 853
626 888
626 890
626 978
626 991
627 642
627 812
627 815
627 883
627 924
628 703
628 708
628 712
628 720
628 724
628 725
628 779
628 806
628 845
628 850
628 852
628 873
628 949
629 658
629 692
629 693
629 736
629 878
629 899
629 917
629 929
629 931
629 978
629 981
629 997
630 658
630 683
630 706
630 728
630 741
630 761
630 795
630 861
630 909
631 679
631 727
631 799
631 834
631 861
632 652
632 659
632 910
632 942
633 727
633 915
634 727
634 729
634 733
634 735
634 753
634 851
634 870
634 944
635 644
635 687
635 738
635 782
635 785
635 794
635 854
635 909
635 938
635 982
635 985
636 710
636 742
636 804
636 825
636 913
636 973
637 725
637 812
637 854
637 927
638 665
638 679
638 684
638 824
638 827
638 931
639 641
639 647
639 788
639 793
639 797
639 804
639 817
639 844
639 851
639 853
639 872
639 893
639 905
639 918
639 940
639 948
639 951
639 952
639 969
640 700
640 747
640 878
640 902
640 976
640 979
640 992
641 672
641 711
641 740
641 863
641 896
641 933
641 956
642 677
642 712
642 870
642 876
643 659
643 671
643 722
643 733
643 740
643 833
643 871
643 885
643 897
643 971
644 645
644 652
644 656
644 870
644 874
644 886
644 991
645 648
645 723
645 725
645 726
645 741
645 752
645 759
645 792
645 826
645 885
645 889
645 890
645 924
645 981
645 1000
646 649
646 651
646 692
646 728
646 743
646 769
646 797
646 804
647 722
647 740
647 814
647 849
647 930
647 974
647 987
648 723
648 752
648 762
648 777
648 790
648 796
648 820
648 833
648 883
648 885
648 887
648 888
648 922
648 933
648 954
648 955
649 654
649 677
649 688
649 717
649 737
649 757
649 779
649 836
649 859
649 885
649 902
649 923
649 944
649 945
649 958
649 976
649 991
649 995
650 652
650 690
650 697
650 698
650 802
650 891
650 933
650 963
650 965
650 978
650 992
651 668
651 691
651 705
651 803
651 838
651 849
651 901
651 933
651 938
651 969
651 992
651 999
652 671
652 716
652 745
652 761
652 777
652 782
652 783
652 790
652 793
652 861
652 874
652 898
652 914
652 985
653 761
653 854
653 904
653 929
653 966
654 677
654 755
654 761
654 796
654 805
654 811
654 906
654 925
655 723
655 787
655 801
655 811
655 815
655 818
655 839
655 904
655 924
655 975
655 993
656 696
656 718
656 720
656 757
656 811
656 873
656 882
656 884
656 885
656 931
656 947
656 955
656 964
656 988
656 996
657 720
657 739
657 833
657 853
657 875
657 1000
658 680
658 684
658 762
658 782
658 822
658 823
658 892
658 894
658 936
658 964
659 674
659 711
659 745
659 768
659 856
659 874
659 890
659 912
659 955
659 992
659 994
660 675
660 720
660 731
660 735
660 740
660 783
660 835
660 874
660 879
660 888
660 917
661 728
661 731
661 792
661 867
661 923
661 942
661 951
661 965
661 967
662 673
662 679
662 681
662 684
662 716
662 730
662 814
662 942
663 751
663 795
663 882
663 945
664 668
664 761
665 800
665 921
666 667
666 722
666 797
666 804
666 807
666 829
666 840
666 845
666 947
666 981
666 989
666 992
667 672
667 705
667 768
667 782
667 792
667 793
667 813
667 830
667 891
667 944
667 988
668 711
668 735
668 760
668 790
668 804
668 807
668 898
668 908
668 930
668 950
668 963
668 981
669 692
669 730
669 767
669 790
669 849
669 934
669 962
669 978
669 989
670 729
670 736
670 771
670 797
670 805
670 813
670 901
670 904
670 926
670 976
670 978
671 683
671 876
671 878
671 919
671 966
672 684
672 754
672 904
672 940
673 702
673 715
673 737
673 744
673 783
673 848
673 852
673 855
673 900
673 904
673 923
673 933
673 938
673 955
673 971
673 989
674 679
674 684
674 692
674 920
674 947
674 962
675 703
675 747
675 842
675 843
675 865
675 867
675 881
675 920
675 926
675 991
675 1000
676 694
676 775
676 792
676 829
676 843
676 921
676 933
676 939
676 969
677 678
677 701
677 708
677 733
677 755
677 795
677 796
677 801
677 811
677 884
677 912
677 953
677 975
677 993
678 728
678 845
678 866
678 888
678 941
678 978
678 995
679 684
679 749
679 793
679 808
679 810
679 812
679 862
679 898
679 925
679 930
679 934
679 993
680 689
680 713
680 754
680 864
680 874
680 969
681 684
681 702
681 783
681 799
681 814
681 825
681 829
681 835
681 864
681 931
681 966
681 974
682 740
682 754
682 755
682 851
682 862
682 873
682 879
682 930
682 937
682 958
682 961
682 979
682 992
683 684
683 715
683 740
683 871
683 935
683 958
683 964
684 827
684 838
684 862
684 913
684 920
684 921
684 927
684 941
684 971
684 983
685 703
685 828
685 859
685 881
685 937
686 711
686 782
686 822
686 836
686 883
687 697
687 761
687 795
687 864
687 870
687 911
687 975
688 725
688 746
688 767
688 837
688 852
688 853
688 872
688 917
688 944
689 778
689 907
690 839
690 908
690 911
690 943
690 964
691 738
691 741
691 792
691 796
691 836
691 850
691 853
691 905
691 915
691 923
691 928
691 932
691 933
692 710
692 742
692 748
692 754
692 844
692 859
692 873
692 901
692 930
693 720
693 724
693 725
693 728
693 733
693 769
693 790
693 808
693 825
693 833
693 843
693 880
693 931
693 932
693 945
693 956
693 979
694 762
694 770
694 868
694 880
694 909
694 987
695 723
695 753
695 764
695 870
696 746
696 783
696 785
696 925
696 927
696 972
696 993
697 726
697 754
697 802
697 816
698 710
698 711
698 736
698 756
698 759
698 769
698 869
698 878
698 883
698 903
698 904
698 944
698 972
698 991
699 760
699 762
699 827
699 885
699 920
699 947
700 758
700 824
700 901
700 907
700 912
700 936
700 962
700 976
701 847
701 869
701 889
702 724
702 737
702 798
702 810
702 821
702 839
702 908
702 924
702 951
702 956
702 980
703 740
703 745
703 753
704 710
704 716
704 780
704 834
704 909
704 926
704 932
704 965
704 979
705 783
705 847
705 858
705 891
705 994
706 792
706 797
706 869
706 879
706 987
707 740
707 980
707 984
707 992
708 714
708 735
708 755
708 761
708 801
708 825
708 838
708 859
708 880
708 904
708 912
708 919
708 924
708 930
708 957
709 745
709 912
709 920
709 933
709 958
709 966
709 967
710 747
710 748
710 768
710 780
710 782
710 787
710 889
710 909
710 912
710 982
711 736
711 759
711 760
711 768
711 769
711 792
711 807
711 846
711 855
711 858
711 864
711 883
711 932
711 955
711 988
712 716
712 719
712 735
712 740
712 843
712 932
712 952
713 735
713 757
713 773
713 774
713 798
713 831
713 876
713 919
713 927
714 792
714 885
714 947
714 963
714 967
714 976
715 751
715 780
715 809
715 878
715 879
715 892
715 912
715 933
715 938
715 948
715 960
715 971
715 977
715 985
715 989
715 999
716 720
716 730
716 749
716 779
716 780
716 793
716 799
716 874
716 890
716 895
716 912
716 933
716 955
716 960
716 972
717 723
717 739
717 846
717 873
717 973
718 741
718 781
718 914
718 943
718 944
718 947
719 723
719 741
719 789
719 833
719 844
719 921
719 931
720 728
720 787
720 839
720 872
720 945
720 991
720 995
721 750
721 833
721 945
721 957
722 738
722 745
722 780
722 826
722 853
722 879
722 927
722 937
722 949
722 969
722 989
723 725
723 741
723 744
723 751
723 773
723 783
723 784
723 805
723 822
723 826
723 832
723 851
723 854
723 857
723 859
723 887
723 895
723 909
723 922
723 954
723 993
724 738
724 739
724 787
724 829
724 853
724 859
724 970
724 986
724 991
724 997
725 772
725 833
725 853
725 868
725 890
725 911
725 987
725 992
726 749
726 779
726 803
727 760
727 885
727 897
727 906
727 947
727 982
727 989
728 753
728 854
728 889
728 954
728 970
729 748
729 771
729 833
729 836
729 849
729 859
729 901
729 949
729 976
729 987
730 753
730 782
730 865
730 947
730 992
731 750
731 811
731 865
732 762
732 775
732 815
732 828
732 987
733 794
733 838
733 845
733 876
733 879
733 907
733 958
733 962
733 976
734 742
734 781
734 822
735 753
735 761
735 763
735 778
735 786
735 799
735 813
735 814
735 840
735 846
735 854
735 928
735 930
735 941
735 943
735 958
735 974
735 980
736 743
736 803
736 807
736 814
736 858
736 878
736 887
736 932
736 934
736 960
736 985
737 757
737 759
737 760
737 832
737 905
737 974
738 743
738 770
738 781
738 854
738 859
738 900
738 903
738 909
738 918
738 928
738 941
738 950
738 952
738 965
739 744
739 758
739 778
739 847
739 854
739 945
739 991
740 769
740 776
740 814
740 819
740 828
740 839
740 843
740 847
740 880
740 882
740 917
740 929
740 940
740 992
741 750
741 758
741 772
741 810
741 813
741 818
741 821
741 836
741 915
741 978
741 982
742 759
742 803
742 823
742 873
742 963
742 978
742 996
743 811
743 831
743 854
743 949
743 959
743 965
743 990
744 782
744 787
744 885
744 915
744 916
744 923
744 939
745 784
745 796
745 816
745 853
745 911
745 973
745 974
745 989
745 996
746 757
746 810
746 821
746 878
746 911
746 992
747 775
747 785
747 796
747 833
747 944
747 945
747 955
748 761
749 781
749 836
749 838
749 886
750 758
750 774
750 810
750 866
750 869
750 946
750 984
750 998
751 843
751 870
751 877
751 910
752 783
752 810
752 903
752 921
752 956
752 982
752 994
753 775
753 814
753 924
753 930
753 932
753 933
753 945
753 961
753 965
753 990
753 991
753 997
754 782
754 814
754 836
754 862
754 874
754 993
754 997
755 756
755 761
755 811
755 818
755 830
755 831
755 848
755 880
755 903
755 951
755 997
756 764
756 791
756 796
756 807
756 831
756 970
757 772
757 857
757 933
758 810
758 813
758 819
758 898
758 966
758 999
759 769
759 784
759 785
759 807
759 875
759 878
759 884
759 899
760 771
760 780
760 833
760 987
761 765
761 809
761 828
761 838
761 931
761 946
761 985
762 770
762 772
762 775
762 833
762 856
762 892
762 893
762 963
762 987
762 996
763 833
763 992
764 777
764 874
764 881
764 891
764 950
765 779
765 922
765 940
765 962
765 984
766 771
766 840
766 841
766 917
767 791
767 900
767 944
767 968
768 792
769 873
769 909
769 925
769 929
769 957
770 772
770 775
770 782
770 801
770 841
770 862
770 939
770 987
771 775
771 936
772 833
772 885
772 890
772 915
772 930
772 990
772 998
772 999
773 779
773 780
773 844
773 854
773 909
773 916
773 920
773 963
773 991
774 810
774 815
774 850
774 964
775 800
775 812
775 893
775 894
775 939
775 945
775 961
775 980
775 987
776 845
776 895
776 920
776 925
776 927
777 786
777 787
777 800
777 837
777 881
777 887
777 971
777 980
778 789
778 848
778 879
778 933
778 966
779 785
779 794
779 800
779 802
779 837
779 840
779 857
779 872
779 905
779 920
779 921
779 940
779 959
780 787
780 803
780 836
780 873
780 876
780 893
780 934
780 982
780 990
781 851
781 853
781 856
781 872
781 902
781 910
781 931
782 789
782 795
782 814
782 821
782 859
782 861
782 891
782 898
783 904
783 927
783 990
784 792
784 797
784 813
784 871
784 882
784 943
784 985
785 794
785 827
785 861
785 900
785 938
785 985
785 986
786 824
786 897
786 912
786 926
787 788
787 796
787 867
787 899
787 971
787 989
788 795
788 802
788 843
788 890
788 898
788 899
789 813
789 933
789 934
790 826
790 854
790 859
790 899
790 904
790 908
790 912
790 934
790 997
791 804
791 819
791 844
791 855
791 905
791 934
791 947
791 966
792 798
792 814
792 815
792 856
792 860
792 867
792 894
792 902
792 916
792 920
792 935
793 884
793 958
794 796
794 801
794 804
794 829
794 878
794 883
794 912
794 917
794 938
794 961
794 972
794 993
795 797
795 815
795 826
795 844
795 923
795 943
795 944
795 982
796 808
796 824
796 829
796 831
796 835
796 881
796 887
796 899
796 908
796 912
796 921
796 976
797 801
797 984
798 824
799 876
800 820
800 837
800 869
800 897
800 930
800 933
800 989
800 997
800 1000
801 835
801 864
801 904
801 941
801 944
801 984
802 885
802 923
802 958
803 815
803 933
803 958
804 843
804 852
804 853
804 985
805 847
805 860
805 909
805 928
805 991
806 842
806 862
806 870
806 945
806 985
806 994
807 814
807 846
807 878
807 894
807 916
807 921
807 943
808 816
808 860
808 868
808 882
808 922
808 932
808 954
808 958
808 992
809 826
809 875
809 932
809 957
810 998
811 813
811 831
811 868
811 907
811 912
811 914
811 944
811 955
811 958
811 966
812 814
812 822
812 833
812 860
812 864
812 898
812 958
813 820
813 823
813 875
813 900
813 907
813 915
813 949
813 958
813 976
814 857
814 909
814 912
814 968
814 992
815 830
815 880
815 940
815 966
816 819
816 831
816 865
816 901
816 911
817 821
818 933
818 960
819 842
820 901
821 890
821 930
823 834
823 880
823 976
823 989
824 854
824 860
824 880
824 960
825 886
825 894
825 964
825 996
826 829
826 884
826 958
827 901
827 915
827 920
827 954
827 965
828 892
828 904
828 916
828 923
828 964
828 982
828 985
829 853
829 882
829 891
829 909
829 923
829 931
829 963
830 836
830 977
831 879
831 883
831 990
831 992
831 993
832 958
833 873
833 878
833 901
833 909
833 931
833 942
833 945
833 946
833 953
833 972
834 838
834 913
834 944
834 954
834 955
835 850
835 873
836 851
837 873
837 890
838 839
838 915
838 934
838 949
838 953
838 961
838 982
838 993
839 904
839 919
840 873
840 890
840 948
841 843
841 1000
842 847
842 923
842 944
842 987
843 863
843 911
843 928
843 929
843 947
843 982
845 941
845 952
845 956
846 888
847 849
847 864
847 930
847 973
848 883
848 989
849 893
849 901
849 976
850 912
850 925
850 947
850 985
851 868
852 870
852 914
852 923
852 933
852 962
852 978
852 989
853 881
853 909
853 920
853 923
853 928
853 937
853 948
853 958
853 999
854 859
854 862
854 868
854 904
854 915
854 925
854 994
855 913
855 1000
857 868
857 909
857 972
858 901
858 906
858 932
858 936
858 991
859 860
859 872
859 892
859 902
859 925
859 937
859 976
859 979
860 876
860 944
860 955
860 985
861 889
861 997
862 919
862 945
862 972
863 864
864 887
864 930
864 948
864 981
864 987
865 901
865 917
866 886
867 978
867 987
868 909
869 909
869 923
869 948
869 961
870 915
871 874
871 944
871 947
872 935
872 937
873 977
874 894
874 902
874 964
874 976
875 892
875 901
875 972
875 975
876 911
876 941
876 945
876 961
876 976
876 994
877 878
877 896
878 883
878 884
878 927
878 932
878 963
878 985
879 903
880 922
880 967
880 968
881 993
881 994
882 984
883 970
883 990
884 899
884 916
884 944
885 931
885 934
885 955
885 986
886 972
887 908
887 961
887 987
888 948
888 966
888 999
888 1000
889 920
889 926
889 996
890 898
890 904
890 961
890 988
891 917
892 927
892 974
892 989
893 987
894 924
894 929
894 988
895 932
895 945
895 979
895 991
896 945
896 988
896 992
897 910
898 909
898 994
899 971
900 957
900 963
900 977
901 913
901 931
901 936
901 938
901 956
901 958
901 985
903 920
904 923
904 933
904 947
904 977
904 983
904 985
904 989
904 999
905 920
905 946
905 958
905 989
906 916
906 931
906 985
907 949
907 989
908 946
908 963
908 985
909 963
910 990
911 925
912 954
912 975
912 978
912 982
914 950
914 988
914 992
915 943
916 928
916 991
917 929
917 988
918 965
919 959
920 943
920 979
920 997
921 959
922 945
922 979
923 943
923 973
923 978
923 991
924 988
924 993
925 941
925 950
929 944
929 974
929 987
929 993
930 967
930 968
930 983
930 990
930 992
931 947
931 962
931 966
931 987
931 991
933 935
933 950
934 945
934 947
934 989
936 964
936 987
936 995
938 959
939 952
939 989
941 987
943 991
944 949
944 952
944 953
944 963
944 981
944 994
946 985
946 998
947 955
947 961
947 991
948 966
949 961
949 966
950 969
953 969
955 959
957 997
960 978
963 967
963 976
963 981
963 985
965 978
966 991
971 972
972 973
974 991
975 993
979 984
980 998
987 988
