# LFR benchmark graph: regime=B mu=0.5 realization=0
# undirected, unweighted; 1-based node ids; each edge listed once.
1 7
1 52
1 81
1 125
1 145
1 222
1 249
1 282
1 286
1 381
1 384
1 439
1 490
1 552
1 626
1 682
1 714
1 729
1 753
2 96
2 99
2 210
2 256
2 282
2 429
2 512
2 527
2 559
2 633
2 838
2 895
2 907
2 982
2 984
3 9
3 45
3 49
3 107
3 134
3 158
3 159
3 231
3 254
3 275
3 307
3 330
3 335
3 340
3 343
3 353
3 405
3 423
3 449
3 459
3 468
3 514
3 529
3 558
3 581
3 582
3 607
3 614
3 628
3 641
3 651
3 663
3 676
3 680
3 681
3 724
3 738
3 756
3 826
3 854
3 859
3 870
3 897
3 919
3 928
3 929
3 965
3 991
3 995
4 278
4 282
4 290
4 313
4 396
4 413
4 429
4 437
4 439
4 441
4 512
4 594
4 600
4 655
4 695
4 826
4 834
4 841
5 30
5 34
5 104
5 239
5 262
5 268
5 287
5 296
5 325
5 345
5 362
5 365
5 366
5 368
5 553
5 571
5 578
5 586
5 672
5 720
5 726
5 812
5 846
5 884
5 902
5 945
5 953
5 975
6 76
6 104
6 183
6 379
6 388
6 457
6 470
6 517
6 553
6 582
6 616
6 633
6 647
6 683
6 743
6 874
7 13
7 17
7 21
7 26
7 27
7 106
7 112
7 153
7 161
7 168
7 225
7 244
7 270
7 282
7 283
7 295
7 310
7 314
7 369
7 375
7 379
7 381
7 385
7 395
7 490
7 552
7 555
7 567
7 568
7 584
7 586
7 637
7 643
7 669
7 680
7 714
7 728
7 741
7 783
7 793
7 803
7 806
7 816
7 820
7 868
7 883
7 889
7 910
7 935
7 975
7 989
7 995
8 24
8 51
8 68
8 69
8 194
8 228
8 339
8 359
8 393
8 528
8 590
8 599
8 609
8 642
8 657
8 695
8 717
8 738
8 773
8 779
8 868
8 951
8 971
8 984
8 985
9 87
9 105
9 122
9 130
9 134
9 190
9 208
9 224
9 260
9 365
9 386
9 388
9 416
9 497
9 510
9 527
9 535
9 570
9 582
9 840
10 25
10 75
10 150
10 154
10 167
10 245
10 246
10 247
10 265
10 270
10 274
10 279
10 281
10 287
10 305
10 345
10 373
10 395
10 415
10 450
10 501
10 518
10 589
10 650
10 756
10 768
10 776
10 779
10 787
10 837
10 895
10 916
10 933
10 940
10 950
10 983
11 13
11 102
11 126
11 213
11 246
11 412
11 499
11 568
11 744
11 749
11 760
11 761
11 769
11 796
11 848
11 893
11 905
11 919
11 936
11 942
11 976
12 58
12 165
12 222
12 225
12 231
12 244
12 301
12 312
12 314
12 389
12 432
12 453
12 499
12 537
12 790
12 933
13 25
13 26
13 27
13 56
13 80
13 84
13 97
13 185
13 201
13 213
13 219
13 239
13 247
13 256
13 436
13 474
13 481
13 616
13 618
13 620
13 650
13 665
13 702
13 750
13 751
13 878
13 892
13 916
13 933
14 32
14 76
14 77
14 141
14 147
14 262
14 314
14 376
14 425
14 432
14 459
14 469
14 497
14 556
14 666
14 841
14 916
14 942
14 975
14 988
14 993
15 53
15 147
15 156
15 222
15 317
15 410
15 453
15 536
15 547
15 617
15 623
15 632
15 678
15 696
15 873
15 982
16 33
16 44
16 47
16 68
16 77
16 82
16 88
16 203
16 229
16 234
16 257
16 289
16 347
16 376
16 472
16 512
16 560
16 691
16 747
16 955
16 957
17 24
17 74
17 76
17 107
17 167
17 210
17 282
17 317
17 336
17 400
17 418
17 501
17 529
17 536
17 540
17 552
17 592
17 608
17 679
17 714
17 727
17 781
17 809
17 952
17 982
17 995
18 65
18 73
18 94
18 104
18 131
18 151
18 184
18 238
18 434
18 517
18 594
18 632
18 672
18 699
18 760
18 838
18 895
18 899
18 933
18 980
19 52
19 94
19 267
19 311
19 364
19 372
19 446
19 455
19 469
19 482
19 511
19 601
19 661
19 674
19 689
19 799
19 804
19 812
19 818
19 838
19 922
19 992
20 24
20 28
20 97
20 114
20 200
20 228
20 241
20 290
20 333
20 336
20 356
20 375
20 381
20 405
20 447
20 476
20 538
20 616
20 705
20 709
20 758
20 776
20 797
20 820
20 829
20 835
20 869
20 871
20 879
20 956
21 29
21 38
21 53
21 66
21 68
21 70
21 227
21 228
21 261
21 264
21 280
21 312
21 321
21 373
21 401
21 410
21 416
21 477
21 542
21 544
21 632
21 649
21 692
21 788
21 795
21 797
21 857
21 884
21 910
21 998
22 58
22 110
22 198
22 219
22 231
22 234
22 432
22 485
22 499
22 617
22 622
22 753
22 760
22 791
22 817
22 955
22 956
22 993
22 997
23 47
23 86
23 108
23 219
23 264
23 271
23 282
23 304
23 334
23 369
23 459
23 488
23 509
23 547
23 605
23 679
23 716
23 739
23 757
23 792
23 793
23 827
23 953
23 986
24 51
24 69
24 78
24 108
24 114
24 135
24 137
24 139
24 209
24 228
24 241
24 260
24 315
24 380
24 407
24 411
24 425
24 429
24 462
24 493
24 529
24 534
24 640
24 641
24 649
24 651
24 680
24 689
24 694
24 781
24 799
24 818
24 825
24 832
24 834
24 869
24 980
25 54
25 94
25 103
25 131
25 266
25 420
25 427
25 475
25 650
25 707
25 751
25 760
25 773
25 843
25 949
26 71
26 73
26 129
26 283
26 339
26 372
26 381
26 405
26 412
26 507
26 529
26 590
26 620
26 636
26 638
26 640
26 681
26 720
26 745
26 760
26 796
26 805
26 831
26 839
26 846
26 878
26 889
26 908
26 993
27 28
27 118
27 163
27 263
27 405
27 412
27 442
27 499
27 567
27 571
27 625
27 627
27 643
27 653
27 692
27 736
27 748
27 825
27 830
27 846
27 904
27 919
27 993
28 30
28 37
28 60
28 85
28 102
28 111
28 126
28 145
28 166
28 173
28 204
28 250
28 268
28 296
28 316
28 345
28 370
28 385
28 426
28 435
28 452
28 460
28 474
28 521
28 537
28 542
28 570
28 571
28 576
28 583
28 597
28 600
28 618
28 619
28 621
28 624
28 646
28 655
28 656
28 713
28 736
28 750
28 759
28 797
28 859
28 871
28 880
28 883
28 923
28 928
28 971
28 985
29 38
29 57
29 183
29 191
29 199
29 252
29 281
29 321
29 333
29 510
29 544
29 559
29 591
29 667
29 671
29 746
29 826
29 830
29 951
29 995
30 143
30 239
30 253
30 291
30 296
30 368
30 371
30 461
30 501
30 565
30 577
30 583
30 608
30 663
30 733
30 744
30 757
30 786
30 796
30 944
30 980
31 40
31 58
31 61
31 127
31 159
31 165
31 215
31 229
31 254
31 258
31 266
31 276
31 288
31 315
31 339
31 411
31 477
31 484
31 527
31 542
31 596
31 724
31 742
31 807
31 873
31 915
31 943
32 74
32 102
32 107
32 224
32 299
32 304
32 411
32 493
32 513
32 527
32 596
32 658
32 694
32 839
32 848
32 897
32 961
32 976
33 36
33 42
33 43
33 54
33 65
33 175
33 186
33 397
33 415
33 433
33 434
33 436
33 553
33 558
33 582
33 612
33 644
33 681
33 685
33 693
33 699
33 713
33 753
33 765
33 805
33 838
33 865
33 889
33 891
33 893
33 931
33 966
34 104
34 119
34 122
34 194
34 218
34 253
34 271
34 318
34 499
34 586
34 630
34 667
34 683
34 738
34 753
34 759
34 876
34 880
34 889
35 43
35 85
35 227
35 246
35 247
35 258
35 274
35 296
35 320
35 400
35 450
35 470
35 487
35 491
35 494
35 577
35 580
35 600
35 651
35 681
35 683
35 691
35 776
35 863
35 945
36 40
36 72
36 130
36 181
36 258
36 296
36 314
36 327
36 330
36 339
36 417
36 432
36 510
36 532
36 583
36 605
36 648
36 668
36 733
36 744
36 753
36 769
36 799
36 818
36 945
36 975
37 47
37 165
37 276
37 313
37 339
37 363
37 555
37 627
37 653
37 721
37 760
37 897
37 903
37 947
37 952
37 965
37 974
37 975
38 85
38 131
38 161
38 196
38 258
38 321
38 343
38 375
38 407
38 430
38 456
38 475
38 511
38 545
38 591
38 671
38 685
38 784
38 797
38 921
38 976
38 988
39 175
39 182
39 348
39 375
39 418
39 422
39 442
39 558
39 643
39 680
39 690
39 707
39 806
39 835
39 896
39 933
39 934
39 956
39 993
40 55
40 186
40 191
40 235
40 266
40 268
40 276
40 279
40 326
40 353
40 393
40 458
40 471
40 517
40 522
40 523
40 524
40 532
40 589
40 595
40 612
40 640
40 681
40 744
40 801
40 807
40 818
40 866
40 922
40 948
40 953
40 985
41 64
41 108
41 137
41 289
41 331
41 346
41 351
41 510
41 807
41 827
41 895
41 903
41 907
42 93
42 259
42 296
42 302
42 343
42 364
42 374
42 418
42 427
42 441
42 459
42 468
42 524
42 546
42 581
42 582
42 587
42 655
42 676
42 685
42 764
42 793
42 819
42 821
42 839
42 850
42 944
42 991
42 995
43 63
43 73
43 159
43 166
43 206
43 287
43 485
43 496
43 521
43 732
43 733
43 767
43 843
43 855
43 863
43 884
43 970
43 983
43 997
44 102
44 159
44 169
44 175
44 213
44 234
44 331
44 354
44 374
44 448
44 521
44 569
44 612
44 858
44 871
44 884
44 889
44 973
45 61
45 99
45 117
45 130
45 132
45 184
45 191
45 203
45 204
45 208
45 224
45 225
45 233
45 254
45 263
45 271
45 320
45 332
45 345
45 347
45 353
45 390
45 412
45 418
45 421
45 459
45 476
45 511
45 514
45 522
45 526
45 529
45 546
45 548
45 556
45 559
45 582
45 666
45 690
45 725
45 738
45 748
45 753
45 754
45 773
45 789
45 793
45 813
45 846
45 897
45 919
45 927
45 933
46 106
46 176
46 242
46 502
46 507
46 515
46 562
46 606
46 694
46 706
46 829
46 896
46 909
46 914
46 924
46 925
46 940
46 950
46 987
47 55
47 69
47 71
47 94
47 122
47 133
47 206
47 234
47 239
47 253
47 257
47 292
47 296
47 314
47 319
47 320
47 341
47 375
47 407
47 452
47 468
47 533
47 540
47 563
47 628
47 640
47 660
47 668
47 698
47 778
47 831
47 902
47 933
47 953
48 260
48 263
48 269
48 299
48 357
48 435
48 512
48 601
48 710
48 741
48 774
48 802
48 832
48 863
48 909
48 910
48 927
48 980
49 75
49 98
49 119
49 157
49 170
49 185
49 299
49 312
49 313
49 317
49 319
49 328
49 456
49 479
49 614
49 658
49 782
49 790
49 913
49 917
49 923
50 66
50 70
50 79
50 80
50 82
50 104
50 155
50 227
50 237
50 254
50 317
50 337
50 380
50 410
50 435
50 544
50 692
50 785
50 788
50 795
50 848
50 866
51 59
51 186
51 222
51 228
51 262
51 362
51 378
51 403
51 409
51 471
51 476
51 491
51 637
51 640
51 720
51 791
51 872
51 951
51 964
51 980
51 995
52 62
52 83
52 100
52 196
52 200
52 228
52 258
52 260
52 284
52 338
52 406
52 429
52 433
52 435
52 643
52 647
52 670
52 796
52 838
52 851
52 895
52 961
52 983
52 996
53 71
53 102
53 104
53 112
53 239
53 296
53 308
53 317
53 342
53 365
53 410
53 568
53 693
53 694
53 732
53 812
53 910
53 953
53 956
53 980
54 168
54 181
54 222
54 309
54 371
54 405
54 430
54 455
54 474
54 488
54 533
54 612
54 636
54 690
54 703
54 705
54 764
54 800
54 805
54 822
54 832
54 881
54 920
54 928
55 58
55 72
55 105
55 150
55 151
55 155
55 159
55 165
55 189
55 202
55 266
55 276
55 339
55 403
55 456
55 480
55 484
55 503
55 510
55 522
55 523
55 532
55 548
55 566
55 618
55 668
55 698
55 711
55 720
55 744
55 753
55 768
55 769
55 774
55 791
55 798
55 818
55 944
55 957
55 968
56 176
56 201
56 235
56 253
56 259
56 412
56 522
56 552
56 578
56 593
56 627
56 665
56 703
56 730
56 766
56 815
56 846
56 997
57 82
57 85
57 87
57 88
57 148
57 155
57 156
57 181
57 200
57 216
57 221
57 224
57 237
57 257
57 264
57 295
57 321
57 359
57 376
57 465
57 486
57 511
57 544
57 659
57 692
57 701
57 788
57 822
57 837
57 863
57 923
57 973
58 103
58 106
58 155
58 165
58 176
58 197
58 211
58 219
58 258
58 266
58 325
58 356
58 404
58 429
58 510
58 522
58 532
58 724
58 729
58 733
58 744
58 769
58 777
58 793
58 813
58 818
58 835
58 857
58 886
58 895
58 923
58 943
58 982
58 993
59 107
59 147
59 176
59 180
59 204
59 256
59 278
59 315
59 319
59 357
59 371
59 400
59 458
59 465
59 535
59 537
59 604
59 608
59 671
59 763
59 776
59 780
59 782
59 794
59 830
59 868
59 874
59 933
60 85
60 117
60 119
60 124
60 137
60 142
60 149
60 180
60 227
60 232
60 236
60 250
60 269
60 304
60 311
60 335
60 351
60 370
60 382
60 387
60 395
60 418
60 444
60 451
60 459
60 460
60 471
60 521
60 542
60 543
60 559
60 570
60 571
60 576
60 597
60 599
60 600
60 604
60 624
60 640
60 654
60 674
60 678
60 687
60 699
60 705
60 756
60 785
60 810
60 823
60 859
60 881
60 892
60 897
60 929
60 985
60 988
61 131
61 173
61 180
61 230
61 274
61 410
61 431
61 497
61 530
61 548
61 610
61 636
61 672
61 679
61 865
61 874
61 902
61 909
62 162
62 210
62 237
62 253
62 271
62 432
62 472
62 493
62 509
62 549
62 575
62 594
62 623
62 634
62 650
62 711
62 733
62 735
62 790
62 914
62 933
62 951
62 980
63 125
63 155
63 267
63 270
63 314
63 329
63 404
63 416
63 460
63 530
63 559
63 561
63 604
63 631
63 647
63 662
63 690
63 709
63 718
63 719
63 739
63 740
63 784
63 790
63 806
63 820
63 878
63 979
64 224
64 412
64 456
64 575
64 576
64 624
64 627
64 647
64 710
64 752
64 799
64 877
64 997
65 134
65 174
65 178
65 203
65 263
65 289
65 393
65 430
65 486
65 647
65 659
65 673
65 772
65 903
65 906
65 907
65 910
65 947
66 74
66 80
66 81
66 85
66 88
66 117
66 120
66 172
66 218
66 261
66 283
66 310
66 405
66 413
66 496
66 536
66 544
66 560
66 576
66 664
66 692
66 703
66 750
66 762
66 764
66 788
66 797
66 874
66 875
66 896
66 954
67 118
67 172
67 174
67 192
67 213
67 228
67 310
67 340
67 400
67 446
67 458
67 497
67 576
67 580
67 748
67 750
67 776
67 856
67 901
68 82
68 88
68 105
68 257
68 261
68 363
68 562
68 616
68 645
68 649
68 684
68 694
68 706
68 738
68 762
68 766
68 778
68 795
68 944
69 146
69 167
69 334
69 453
69 497
69 600
69 733
69 863
69 939
69 966
69 980
70 80
70 155
70 166
70 191
70 250
70 261
70 280
70 289
70 291
70 495
70 519
70 527
70 539
70 593
70 620
70 677
70 687
70 692
70 703
70 738
70 788
70 832
70 938
70 963
70 988
71 84
71 138
71 180
71 222
71 263
71 308
71 388
71 441
71 470
71 473
71 506
71 540
71 552
71 561
71 563
71 572
71 576
71 638
71 652
71 655
71 679
71 684
71 691
71 705
71 707
71 743
71 755
71 766
71 768
71 778
71 791
71 821
71 828
71 847
71 928
71 959
72 77
72 339
72 378
72 440
72 522
72 530
72 542
72 556
72 570
72 668
72 706
72 708
72 752
72 769
72 791
72 830
73 91
73 152
73 241
73 314
73 322
73 470
73 500
73 509
73 531
73 566
73 599
73 601
73 619
73 749
73 803
73 851
73 982
74 81
74 112
74 113
74 118
74 168
74 201
74 220
74 255
74 265
74 288
74 292
74 313
74 381
74 385
74 396
74 419
74 429
74 533
74 695
74 764
74 776
74 868
74 883
74 989
74 995
75 82
75 142
75 151
75 172
75 182
75 203
75 235
75 245
75 246
75 247
75 260
75 265
75 288
75 305
75 310
75 313
75 378
75 400
75 430
75 450
75 484
75 499
75 504
75 513
75 514
75 552
75 554
75 558
75 559
75 580
75 606
75 671
75 687
75 700
75 701
75 733
75 746
75 759
75 824
75 845
75 857
75 863
75 938
75 982
76 95
76 121
76 123
76 183
76 191
76 193
76 243
76 251
76 317
76 357
76 369
76 373
76 393
76 431
76 449
76 468
76 471
76 506
76 579
76 597
76 614
76 645
76 654
76 691
76 697
76 710
76 720
76 727
76 783
76 816
76 881
76 915
76 945
76 970
76 979
77 79
77 96
77 108
77 120
77 221
77 249
77 316
77 373
77 447
77 455
77 483
77 513
77 526
77 566
77 586
77 597
77 614
77 615
77 624
77 627
77 645
77 677
77 705
77 711
77 731
77 766
77 888
77 955
78 79
78 101
78 231
78 249
78 323
78 342
78 384
78 435
78 443
78 449
78 534
78 603
78 633
78 657
78 717
78 730
78 771
78 793
78 811
78 820
78 830
78 836
78 841
78 879
78 882
78 900
78 923
78 980
78 994
79 126
79 131
79 149
79 163
79 251
79 268
79 271
79 314
79 317
79 347
79 356
79 388
79 463
79 493
79 509
79 537
79 541
79 554
79 576
79 605
79 647
79 723
79 724
79 756
79 799
79 820
79 838
79 910
79 953
79 976
80 100
80 169
80 264
80 352
80 363
80 376
80 586
80 592
80 594
80 609
80 630
80 681
80 728
80 784
80 796
80 850
81 168
81 270
81 282
81 302
81 316
81 340
81 381
81 453
81 470
81 485
81 490
81 518
81 581
81 596
81 714
81 883
81 995
82 214
82 230
82 234
82 240
82 282
82 312
82 333
82 334
82 372
82 502
82 504
82 519
82 618
82 647
82 756
82 795
82 926
82 980
83 110
83 141
83 142
83 166
83 182
83 317
83 418
83 510
83 540
83 630
83 735
83 846
83 952
84 89
84 98
84 188
84 232
84 239
84 309
84 331
84 448
84 565
84 619
84 635
84 720
84 803
84 920
84 965
84 974
85 118
85 133
85 214
85 261
85 264
85 277
85 280
85 312
85 316
85 365
85 450
85 546
85 584
85 597
85 750
85 784
85 876
86 108
86 210
86 222
86 509
86 637
86 723
86 729
86 735
86 754
86 756
86 776
86 781
86 813
86 816
86 847
86 859
86 893
86 914
87 152
87 171
87 220
87 342
87 457
87 459
87 514
87 549
87 593
87 631
87 659
87 676
87 709
87 772
87 812
87 830
87 892
87 948
87 949
87 997
88 155
88 232
88 295
88 316
88 331
88 425
88 438
88 458
88 628
88 774
88 784
88 803
88 864
88 908
88 954
88 971
89 123
89 331
89 373
89 390
89 455
89 461
89 477
89 591
89 670
89 744
89 773
89 787
89 796
89 809
89 813
89 838
89 847
89 853
89 884
89 967
90 173
90 178
90 241
90 267
90 283
90 372
90 466
90 703
90 714
90 945
90 980
91 93
91 139
91 174
91 180
91 344
91 387
91 401
91 428
91 431
91 442
91 470
91 492
91 516
91 519
91 534
91 559
91 577
91 590
91 596
91 629
91 718
91 738
91 744
91 780
91 790
91 869
91 875
91 909
91 970
91 974
91 980
92 114
92 166
92 183
92 184
92 195
92 198
92 201
92 205
92 283
92 299
92 303
92 304
92 330
92 350
92 355
92 373
92 415
92 455
92 485
92 539
92 544
92 571
92 573
92 579
92 584
92 589
92 596
92 605
92 614
92 650
92 765
92 794
92 826
92 860
92 890
92 946
92 955
92 976
92 988
93 133
93 139
93 159
93 262
93 292
93 313
93 322
93 374
93 382
93 385
93 440
93 445
93 459
93 475
93 514
93 530
93 556
93 582
93 647
93 691
93 709
93 721
93 841
93 884
93 948
93 961
94 107
94 127
94 150
94 160
94 167
94 173
94 259
94 278
94 313
94 341
94 365
94 378
94 381
94 388
94 433
94 507
94 550
94 552
94 598
94 606
94 612
94 616
94 659
94 667
94 671
94 745
94 758
94 811
94 835
94 872
94 931
94 957
94 973
95 105
95 142
95 165
95 199
95 271
95 275
95 317
95 430
95 496
95 498
95 598
95 646
95 683
95 737
95 773
95 856
95 883
96 100
96 120
96 153
96 163
96 213
96 222
96 242
96 271
96 344
96 373
96 391
96 395
96 479
96 502
96 506
96 547
96 594
96 617
96 671
96 719
96 764
96 820
96 835
96 851
96 884
96 899
96 919
96 964
96 990
97 153
97 220
97 362
97 427
97 455
97 592
97 605
97 617
97 636
97 755
97 757
97 785
97 803
97 833
97 953
98 106
98 142
98 149
98 167
98 169
98 245
98 287
98 290
98 291
98 311
98 381
98 407
98 521
98 572
98 700
98 722
98 744
98 909
98 945
98 946
98 953
98 960
99 108
99 131
99 171
99 211
99 233
99 305
99 403
99 509
99 544
99 784
99 822
99 839
99 871
99 876
99 887
99 959
99 993
99 995
100 180
100 267
100 318
100 401
100 499
100 593
100 667
100 692
100 711
100 761
100 800
100 873
100 925
101 173
101 207
101 246
101 259
101 283
101 334
101 362
101 567
101 684
101 739
101 773
101 784
101 831
101 835
101 984
102 137
102 169
102 227
102 243
102 290
102 309
102 341
102 345
102 370
102 415
102 459
102 460
102 461
102 519
102 521
102 543
102 576
102 597
102 603
102 610
102 614
102 621
102 622
102 625
102 692
102 699
102 708
102 753
102 760
102 856
102 872
102 910
102 931
102 955
102 966
103 159
103 188
103 190
103 415
103 425
103 441
103 452
103 496
103 559
103 601
103 603
103 649
103 712
103 733
103 788
103 841
103 875
103 885
104 118
104 120
104 138
104 145
104 146
104 169
104 189
104 234
104 263
104 277
104 296
104 308
104 327
104 368
104 379
104 383
104 384
104 431
104 456
104 463
104 488
104 519
104 527
104 533
104 553
104 585
104 618
104 629
104 630
104 636
104 657
104 667
104 730
104 736
104 752
104 762
104 767
104 783
104 834
104 836
104 837
104 864
104 902
104 938
104 977
104 992
105 118
105 121
105 138
105 158
105 202
105 209
105 215
105 231
105 282
105 306
105 323
105 373
105 389
105 428
105 455
105 466
105 473
105 474
105 525
105 537
105 561
105 595
105 598
105 600
105 613
105 633
105 639
105 642
105 654
105 656
105 661
105 683
105 702
105 711
105 737
105 762
105 763
105 769
105 771
105 812
105 833
105 854
105 888
105 898
105 910
105 919
105 964
106 112
106 115
106 123
106 143
106 193
106 198
106 219
106 273
106 282
106 296
106 480
106 517
106 545
106 567
106 596
106 729
106 740
106 816
106 881
106 903
107 173
107 208
107 276
107 314
107 398
107 404
107 540
107 652
107 700
107 790
107 797
107 810
107 828
107 858
108 161
108 169
108 200
108 210
108 221
108 223
108 271
108 291
108 317
108 328
108 342
108 354
108 403
108 434
108 451
108 465
108 479
108 480
108 484
108 493
108 503
108 509
108 560
108 577
108 594
108 605
108 637
108 683
108 710
108 723
108 752
108 754
108 755
108 774
108 785
108 829
108 853
108 926
108 929
108 957
108 976
108 982
108 992
109 139
109 189
109 223
109 227
109 268
109 288
109 316
109 349
109 360
109 370
109 548
109 553
109 586
109 640
109 648
109 717
109 787
109 829
109 842
109 854
109 987
110 167
110 183
110 219
110 248
110 291
110 309
110 430
110 445
110 463
110 595
110 729
110 741
110 835
110 850
110 927
110 937
110 981
111 183
111 231
111 274
111 299
111 346
111 367
111 551
111 733
111 765
111 873
111 882
111 891
111 994
111 996
112 220
112 221
112 282
112 412
112 496
112 512
112 552
112 714
112 793
112 821
112 937
112 995
113 172
113 189
113 199
113 287
113 316
113 326
113 376
113 390
113 419
113 437
113 444
113 536
113 555
113 661
113 775
113 786
113 803
113 821
113 886
113 997
114 278
114 377
114 473
114 530
114 590
114 658
114 800
114 952
114 980
115 241
115 294
115 374
115 389
115 464
115 534
115 611
115 672
115 971
115 980
115 1000
116 140
116 171
116 186
116 212
116 222
116 257
116 274
116 410
116 456
116 627
116 635
116 779
116 869
116 887
116 907
116 935
116 984
117 260
117 320
117 404
117 409
117 482
117 500
117 509
117 530
117 605
117 615
117 637
117 643
117 651
117 682
117 685
117 694
117 727
117 743
117 777
117 798
117 800
117 888
117 952
118 171
118 234
118 235
118 241
118 260
118 276
118 283
118 286
118 297
118 364
118 391
118 394
118 405
118 408
118 417
118 431
118 440
118 453
118 464
118 475
118 492
118 507
118 525
118 527
118 536
118 582
118 595
118 613
118 636
118 644
118 659
118 685
118 689
118 744
118 749
118 783
118 808
118 811
118 823
118 836
118 868
118 899
118 909
118 939
118 942
118 965
118 966
119 268
119 335
119 440
119 459
119 517
119 743
119 792
119 823
119 872
119 940
119 964
120 123
120 128
120 182
120 198
120 199
120 280
120 314
120 317
120 320
120 323
120 340
120 365
120 389
120 454
120 459
120 483
120 591
120 598
120 608
120 659
120 661
120 679
120 689
120 697
120 733
120 734
120 771
120 822
120 833
120 845
120 898
120 901
120 947
121 154
121 192
121 276
121 296
121 401
121 439
121 510
121 563
121 570
121 598
121 606
121 630
121 646
121 910
121 920
121 993
121 995
122 144
122 237
122 365
122 412
122 446
122 458
122 519
122 531
122 540
122 553
122 593
122 708
122 735
122 767
122 906
122 936
122 953
122 960
123 139
123 230
123 249
123 258
123 313
123 439
123 440
123 606
123 613
123 666
123 711
123 763
123 776
123 891
123 954
123 967
124 157
124 223
124 242
124 257
124 319
124 531
124 591
124 714
124 730
124 740
124 757
124 760
124 761
124 833
124 893
124 914
124 945
125 271
125 282
125 301
125 305
125 314
125 320
125 385
125 422
125 499
125 567
125 605
125 637
125 670
125 675
125 702
125 714
125 722
125 723
125 761
125 769
125 827
125 883
125 948
125 965
125 983
126 172
126 226
126 293
126 305
126 474
126 569
126 579
126 680
126 718
126 731
126 764
126 795
126 912
126 950
126 962
127 166
127 231
127 297
127 595
127 611
127 612
127 673
127 793
127 817
127 828
127 920
127 952
128 132
128 143
128 180
128 198
128 212
128 246
128 248
128 432
128 506
128 522
128 663
128 693
128 865
128 951
128 964
129 148
129 199
129 222
129 260
129 448
129 460
129 522
129 523
129 559
129 636
129 699
129 720
129 742
129 753
129 783
129 818
129 857
129 861
129 879
129 906
129 945
130 147
130 193
130 208
130 263
130 292
130 320
130 367
130 377
130 526
130 549
130 574
130 577
130 592
130 607
130 773
130 803
130 910
130 919
130 989
131 137
131 143
131 188
131 241
131 259
131 289
131 346
131 502
131 561
131 590
131 642
131 704
131 755
131 777
131 839
131 910
131 919
132 163
132 173
132 197
132 201
132 213
132 225
132 294
132 334
132 396
132 409
132 410
132 429
132 456
132 467
132 505
132 525
132 529
132 536
132 537
132 680
132 746
132 821
132 890
132 895
132 916
132 938
133 168
133 239
133 261
133 282
133 296
133 325
133 368
133 379
133 451
133 472
133 675
133 760
133 816
133 953
133 956
134 180
134 233
134 301
134 303
134 312
134 325
134 351
134 361
134 537
134 555
134 560
134 589
134 704
134 791
134 848
134 858
134 888
134 890
134 936
134 948
134 991
135 220
135 252
135 258
135 371
135 381
135 385
135 467
135 575
135 593
135 673
135 793
135 826
135 840
135 873
135 876
136 218
136 239
136 249
136 274
136 317
136 354
136 437
136 581
136 582
136 659
136 685
136 879
136 893
136 918
137 215
137 218
137 250
137 299
137 316
137 344
137 365
137 454
137 460
137 461
137 483
137 542
137 600
137 624
137 852
137 864
137 948
137 954
137 961
138 213
138 217
138 222
138 242
138 251
138 289
138 313
138 314
138 344
138 394
138 467
138 492
138 541
138 552
138 566
138 590
138 651
138 790
138 820
138 827
138 903
138 907
138 937
138 975
139 187
139 228
139 232
139 282
139 310
139 343
139 381
139 420
139 538
139 558
139 572
139 580
139 590
139 597
139 698
139 721
139 740
139 745
139 820
139 843
139 907
139 912
139 917
139 920
140 159
140 197
140 198
140 208
140 211
140 289
140 331
140 389
140 397
140 400
140 402
140 555
140 663
140 774
140 803
140 822
140 844
140 965
140 971
141 152
141 196
141 255
141 289
141 327
141 381
141 418
141 435
141 447
141 502
141 561
141 598
141 614
141 699
141 706
141 707
141 714
141 732
141 834
141 849
141 888
141 902
141 942
141 966
141 973
141 974
141 978
142 284
142 285
142 334
142 339
142 377
142 415
142 469
142 539
142 579
142 589
142 592
142 596
142 623
142 637
142 645
142 654
142 735
142 760
142 819
142 853
142 917
142 982
142 996
143 240
143 253
143 258
143 269
143 271
143 308
143 334
143 553
143 579
143 639
143 683
143 760
143 762
143 767
143 790
143 809
143 829
143 838
143 840
143 886
143 888
143 895
143 902
144 163
144 211
144 213
144 222
144 280
144 383
144 401
144 536
144 550
144 694
144 699
144 714
144 721
144 778
144 933
145 246
145 249
145 373
145 525
145 633
145 812
145 917
145 927
145 953
145 959
145 971
146 147
146 152
146 160
146 429
146 461
146 482
146 565
146 623
146 710
146 711
146 852
146 985
147 155
147 166
147 252
147 273
147 278
147 326
147 398
147 409
147 414
147 427
147 439
147 456
147 465
147 469
147 470
147 537
147 550
147 559
147 562
147 564
147 571
147 589
147 595
147 619
147 667
147 685
147 729
147 791
147 800
147 801
147 816
147 818
147 821
147 828
147 872
147 891
147 900
147 922
147 932
147 954
147 1000
148 161
148 165
148 205
148 218
148 255
148 258
148 314
148 371
148 421
148 444
148 517
148 522
148 628
148 662
148 668
148 678
148 835
148 843
148 857
148 872
148 899
148 991
149 219
149 233
149 273
149 340
149 350
149 373
149 376
149 403
149 412
149 437
149 548
149 553
149 627
149 691
149 783
149 833
149 867
149 885
149 942
149 997
150 159
150 217
150 266
150 276
150 331
150 388
150 456
150 551
150 572
150 769
150 818
150 877
150 879
150 929
150 949
151 152
151 296
151 299
151 418
151 429
151 460
151 514
151 561
151 563
151 575
151 651
151 790
151 816
151 853
151 876
151 885
151 895
151 924
151 975
152 196
152 235
152 262
152 319
152 324
152 400
152 428
152 463
152 485
152 519
152 520
152 527
152 551
152 568
152 654
152 660
152 669
152 714
152 729
152 731
152 736
152 765
152 986
152 993
153 183
153 208
153 215
153 228
153 374
153 393
153 454
153 466
153 488
153 569
153 593
153 598
153 657
153 676
153 677
153 701
153 737
153 761
153 864
153 890
153 962
153 964
153 982
154 174
154 189
154 203
154 213
154 272
154 302
154 321
154 324
154 331
154 521
154 541
154 568
154 667
154 727
154 764
154 772
154 787
154 790
154 827
154 907
154 908
154 947
154 948
154 969
154 973
155 159
155 266
155 302
155 304
155 305
155 406
155 416
155 456
155 506
155 571
155 582
155 743
155 744
155 828
155 833
155 845
155 857
155 883
155 907
156 161
156 314
156 380
156 509
156 518
156 591
156 627
156 728
156 784
156 788
156 882
157 185
157 211
157 230
157 299
157 319
157 377
157 415
157 519
157 524
157 559
157 586
157 596
157 634
157 657
157 658
157 729
157 736
157 769
157 790
157 837
157 860
157 872
157 915
157 976
157 989
158 197
158 235
158 368
158 413
158 432
158 439
158 456
158 464
158 470
158 525
158 530
158 670
158 710
158 741
158 767
158 863
158 914
158 925
158 933
158 957
159 220
159 229
159 258
159 266
159 276
159 320
159 329
159 330
159 375
159 419
159 460
159 463
159 489
159 507
159 522
159 538
159 544
159 583
159 633
159 658
159 668
159 677
159 685
159 724
159 778
159 811
159 812
159 818
159 835
159 862
159 931
159 948
159 995
160 222
160 282
160 312
160 333
160 334
160 378
160 401
160 415
160 559
160 590
160 705
160 792
160 852
160 960
161 182
161 212
161 296
161 336
161 337
161 385
161 426
161 473
161 527
161 592
161 605
161 627
161 635
161 808
161 905
161 960
161 985
162 180
162 237
162 244
162 271
162 343
162 345
162 472
162 564
162 594
162 635
162 638
162 646
162 698
162 733
162 748
162 753
162 754
162 755
162 757
162 883
162 916
162 982
163 179
163 323
163 389
163 391
163 424
163 491
163 557
163 632
163 692
163 776
163 794
163 844
163 899
163 900
163 925
164 180
164 184
164 249
164 368
164 435
164 554
164 589
164 663
164 692
164 748
164 841
164 908
164 917
164 938
165 203
165 205
165 236
165 245
165 258
165 263
165 266
165 329
165 334
165 339
165 363
165 510
165 517
165 522
165 528
165 550
165 560
165 665
165 703
165 739
165 744
165 753
165 769
165 773
165 787
165 790
165 853
165 965
166 231
166 253
166 259
166 298
166 331
166 334
166 346
166 347
166 414
166 443
166 456
166 595
166 606
166 615
166 627
166 648
166 652
166 653
166 675
166 726
166 729
166 738
166 770
166 780
166 787
166 821
166 894
166 926
166 959
166 966
166 988
167 242
167 250
167 288
167 300
167 331
167 355
167 402
167 463
167 538
167 600
167 690
167 798
167 804
167 839
167 984
167 993
168 194
168 251
168 253
168 267
168 271
168 514
168 533
168 537
168 552
168 749
168 919
169 201
169 205
169 219
169 231
169 240
169 415
169 549
169 565
169 566
169 589
169 702
169 723
169 724
169 738
169 739
169 743
169 810
169 817
169 877
169 928
169 960
170 344
170 345
170 346
170 389
170 414
170 510
170 527
170 626
170 745
170 783
170 838
170 850
170 860
170 881
170 969
170 1000
171 201
171 251
171 253
171 337
171 342
171 343
171 441
171 514
171 518
171 521
171 525
171 542
171 688
171 733
171 749
171 794
171 815
171 890
171 909
171 929
171 945
171 948
171 973
172 211
172 232
172 241
172 244
172 246
172 265
172 274
172 278
172 283
172 300
172 305
172 313
172 324
172 355
172 427
172 428
172 430
172 432
172 450
172 471
172 504
172 518
172 546
172 580
172 585
172 591
172 599
172 600
172 602
172 618
172 628
172 632
172 655
172 676
172 723
172 760
172 776
172 777
172 827
172 936
173 182
173 190
173 261
173 278
173 286
173 401
173 462
173 464
173 471
173 545
173 569
173 577
173 589
173 698
173 729
173 755
173 779
173 822
173 823
173 828
173 853
173 884
173 893
173 896
173 901
173 904
173 917
173 956
173 972
173 989
173 993
174 218
174 251
174 283
174 298
174 341
174 392
174 442
174 513
174 541
174 766
174 822
174 848
174 854
174 857
174 904
174 948
174 961
174 980
175 177
175 213
175 239
175 258
175 289
175 304
175 509
175 568
175 590
175 620
175 665
175 704
175 710
175 731
175 740
175 808
175 827
175 840
175 852
175 856
175 969
176 276
176 298
176 335
176 363
176 375
176 385
176 420
176 503
176 594
176 602
176 607
176 639
176 710
176 776
176 800
176 824
176 873
176 933
176 937
177 296
177 305
177 394
177 412
177 420
177 453
177 548
177 597
177 602
177 626
177 738
177 803
177 804
177 887
178 350
178 451
178 510
178 604
178 612
178 661
178 663
178 744
178 903
178 907
178 947
179 267
179 272
179 281
179 310
179 331
179 338
179 339
179 451
179 473
179 510
179 526
179 576
179 593
179 601
179 692
179 701
179 753
179 893
179 931
179 976
179 994
180 230
180 277
180 291
180 311
180 365
180 449
180 460
180 484
180 502
180 537
180 541
180 595
180 639
180 653
180 674
180 679
180 705
180 706
180 722
180 728
180 738
180 746
180 794
180 933
180 955
180 970
180 996
180 1000
181 281
181 311
181 374
181 412
181 452
181 502
181 555
181 562
181 593
181 706
181 762
181 769
181 917
181 926
182 210
182 222
182 238
182 255
182 263
182 322
182 355
182 398
182 402
182 407
182 413
182 424
182 458
182 460
182 498
182 527
182 530
182 555
182 575
182 594
182 623
182 635
182 647
182 649
182 655
182 658
182 665
182 666
182 676
182 691
182 710
182 746
182 791
182 806
182 808
182 812
182 831
182 839
182 862
182 891
182 961
182 977
182 984
183 268
183 285
183 307
183 321
183 324
183 370
183 389
183 512
183 631
183 691
183 695
183 757
183 774
183 781
183 785
183 822
183 823
183 880
184 219
184 230
184 336
184 346
184 440
184 485
184 529
184 617
184 729
184 776
184 803
184 858
185 376
185 404
185 432
185 526
185 639
185 672
185 792
185 820
185 873
185 910
186 231
186 324
186 420
186 452
186 482
186 682
186 709
186 731
186 750
186 789
186 829
186 954
186 955
186 960
186 996
187 226
187 271
187 297
187 312
187 415
187 451
187 453
187 499
187 521
187 541
187 576
187 619
187 621
187 624
187 637
187 650
187 679
187 714
187 889
187 933
187 998
188 220
188 250
188 288
188 306
188 389
188 496
188 509
188 556
188 719
188 731
188 895
188 914
189 439
189 503
189 540
189 690
189 733
189 765
189 798
189 838
190 316
190 388
190 389
190 427
190 462
190 471
190 507
190 556
190 622
190 656
190 792
190 966
191 208
191 340
191 383
191 410
191 411
191 423
191 641
191 647
191 672
191 723
191 748
191 760
191 840
191 843
191 983
191 989
192 235
192 249
192 267
192 268
192 390
192 393
192 414
192 426
192 441
192 449
192 452
192 474
192 483
192 614
192 651
192 669
192 711
192 799
192 910
192 918
192 946
192 954
193 244
193 271
193 300
193 308
193 317
193 346
193 347
193 388
193 476
193 524
193 577
193 648
193 649
193 663
193 671
193 760
193 767
193 799
193 856
193 870
193 887
193 916
193 989
194 196
194 229
194 314
194 346
194 382
194 413
194 469
194 473
194 478
194 499
194 505
194 525
194 529
194 545
194 568
194 587
194 613
194 620
194 670
194 678
194 695
194 710
194 726
194 746
194 763
194 797
194 876
194 913
194 915
194 950
194 970
195 223
195 412
195 452
195 479
195 598
195 641
195 733
195 763
195 805
195 840
195 939
196 271
196 310
196 385
196 481
196 512
196 514
196 521
196 582
196 745
196 802
196 820
196 863
196 909
196 987
197 221
197 311
197 331
197 392
197 430
197 456
197 458
197 599
197 610
197 622
197 716
197 719
197 776
197 802
197 827
197 948
198 222
198 239
198 277
198 317
198 438
198 514
198 542
198 544
198 552
198 554
198 575
198 658
198 714
198 740
198 762
198 785
198 843
198 846
199 208
199 291
199 371
199 412
199 432
199 612
199 700
199 714
199 743
199 749
199 855
199 952
200 405
200 432
200 440
200 462
200 493
200 594
200 628
200 776
200 857
200 901
200 975
200 977
201 213
201 220
201 246
201 262
201 308
201 313
201 358
201 415
201 502
201 554
201 589
201 596
201 660
201 727
201 744
201 764
201 790
201 927
201 942
201 946
201 951
201 955
201 976
201 981
202 212
202 229
202 271
202 359
202 455
202 461
202 470
202 499
202 509
202 521
202 529
202 604
202 691
202 781
202 803
202 873
202 934
202 951
202 955
203 207
203 230
203 306
203 331
203 333
203 473
203 499
203 511
203 522
203 541
203 565
203 573
203 772
203 785
203 854
203 965
204 210
204 248
204 253
204 260
204 295
204 324
204 363
204 404
204 452
204 498
204 589
204 623
204 649
204 780
204 795
204 797
204 813
204 883
204 892
204 898
204 924
204 945
204 968
205 285
205 379
205 423
205 658
205 814
205 820
205 858
205 874
206 207
206 212
206 227
206 252
206 430
206 439
206 453
206 455
206 488
206 530
206 659
206 750
206 833
206 917
206 956
207 288
207 399
207 400
207 406
207 537
207 593
207 601
207 693
207 752
207 797
207 812
207 819
207 832
207 839
207 855
207 954
207 977
208 244
208 269
208 310
208 403
208 420
208 459
208 460
208 520
208 582
208 630
208 707
208 715
208 748
208 780
208 811
208 840
208 887
208 890
208 897
208 917
208 948
208 950
208 983
209 228
209 235
209 348
209 473
209 511
209 628
209 833
209 839
209 848
209 971
209 980
210 218
210 223
210 271
210 289
210 321
210 333
210 381
210 409
210 605
210 646
210 673
210 723
210 726
210 733
210 745
210 749
210 756
210 757
210 840
210 861
210 893
210 941
210 998
211 212
211 258
211 361
211 439
211 473
211 515
211 553
211 605
211 686
211 732
211 789
211 793
211 832
211 855
211 873
211 888
211 948
211 977
212 215
212 222
212 233
212 255
212 317
212 320
212 379
212 417
212 418
212 423
212 432
212 485
212 540
212 583
212 641
212 722
212 898
212 937
213 221
213 238
213 266
213 297
213 331
213 401
213 452
213 454
213 541
213 670
213 680
213 682
213 772
213 795
213 803
213 832
213 852
213 879
213 939
213 965
213 986
213 991
214 219
214 228
214 254
214 400
214 401
214 499
214 620
214 681
214 739
214 749
214 760
214 771
214 822
214 912
214 983
214 997
215 226
215 236
215 249
215 303
215 315
215 316
215 317
215 373
215 406
215 429
215 446
215 449
215 457
215 483
215 513
215 523
215 527
215 548
215 564
215 583
215 664
215 669
215 743
215 881
215 913
215 962
215 994
216 226
216 351
216 401
216 434
216 454
216 486
216 488
216 509
216 567
216 594
216 739
216 741
216 754
216 765
216 794
216 814
216 860
216 899
216 926
216 982
216 989
217 251
217 320
217 363
217 434
217 488
217 498
217 564
217 594
217 626
217 646
217 647
217 654
217 670
217 726
217 798
217 806
217 818
217 819
217 841
217 885
217 894
217 920
217 982
218 249
218 292
218 310
218 316
218 323
218 327
218 346
218 374
218 398
218 410
218 448
218 452
218 496
218 531
218 535
218 584
218 605
218 631
218 669
218 701
218 720
218 771
218 798
218 835
218 866
218 879
218 887
218 906
218 912
218 925
218 954
218 964
218 967
218 991
219 238
219 252
219 296
219 302
219 306
219 319
219 322
219 353
219 360
219 378
219 418
219 426
219 440
219 481
219 496
219 499
219 548
219 587
219 592
219 603
219 638
219 730
219 783
219 877
219 878
219 880
219 886
219 913
219 980
219 993
219 999
220 233
220 271
220 282
220 295
220 367
220 395
220 413
220 462
220 490
220 512
220 552
220 595
220 625
220 690
220 715
220 762
220 766
220 878
220 906
220 937
220 949
221 276
221 293
221 316
221 319
221 341
221 345
221 492
221 536
221 546
221 641
221 647
221 653
221 772
221 840
221 853
221 995
222 242
222 423
222 500
222 523
222 536
222 546
222 548
222 579
222 611
222 634
222 645
222 648
222 688
222 738
222 739
222 762
222 801
222 806
222 838
222 958
222 979
222 992
223 240
223 249
223 352
223 354
223 355
223 419
223 452
223 480
223 496
223 514
223 524
223 604
223 605
223 613
223 637
223 672
223 701
223 726
223 735
223 744
223 757
223 799
223 888
223 982
224 244
224 360
224 371
224 387
224 436
224 450
224 518
224 676
224 728
224 841
225 233
225 342
225 343
225 346
225 384
225 413
225 450
225 484
225 514
225 518
225 537
225 550
225 559
225 560
225 599
225 607
225 612
225 641
225 647
225 718
225 732
225 742
225 764
225 789
225 919
225 920
225 926
225 927
225 982
225 989
226 234
226 249
226 259
226 295
226 326
226 342
226 468
226 501
226 568
226 576
226 629
226 660
226 673
226 698
226 715
226 716
226 761
226 812
226 894
226 975
227 243
227 260
227 268
227 284
227 291
227 305
227 323
227 332
227 351
227 387
227 403
227 444
227 478
227 521
227 530
227 571
227 586
227 597
227 619
227 622
227 624
227 766
227 831
227 896
227 899
227 936
227 962
228 242
228 252
228 253
228 271
228 313
228 442
228 476
228 509
228 520
228 523
228 536
228 550
228 574
228 638
228 692
228 804
228 859
228 874
228 892
228 896
228 955
228 956
228 980
229 246
229 256
229 258
229 266
229 330
229 339
229 365
229 413
229 510
229 521
229 532
229 568
229 681
229 782
229 876
229 877
229 884
229 894
229 912
229 964
229 977
229 987
229 999
230 298
230 324
230 329
230 346
230 367
230 373
230 385
230 410
230 471
230 548
230 566
230 640
230 643
230 649
230 655
230 674
230 678
230 690
230 701
230 801
230 825
230 893
230 915
230 968
231 249
231 259
231 263
231 334
231 345
231 384
231 402
231 410
231 447
231 679
231 680
231 733
231 772
231 789
231 821
231 890
231 893
231 901
231 927
231 947
231 982
231 995
232 242
232 244
232 274
232 324
232 327
232 328
232 334
232 337
232 411
232 459
232 507
232 522
232 806
232 874
232 951
232 985
233 237
233 241
233 286
233 299
233 397
233 411
233 439
233 475
233 480
233 514
233 529
233 559
233 607
233 676
233 682
233 711
233 799
233 853
233 976
233 991
233 996
234 240
234 253
234 273
234 430
234 469
234 486
234 540
234 605
234 609
234 627
234 692
234 707
234 771
234 774
234 881
234 919
234 943
235 243
235 262
235 284
235 371
235 500
235 504
235 539
235 691
235 718
235 742
235 829
235 924
235 930
236 268
236 302
236 371
236 387
236 444
236 460
236 494
236 576
236 614
236 647
236 683
236 718
236 764
236 798
236 810
237 279
237 291
237 328
237 390
237 391
237 480
237 499
237 501
237 509
237 543
237 562
237 613
237 635
237 733
237 756
237 893
237 961
237 993
238 239
238 249
238 305
238 332
238 388
238 407
238 410
238 627
238 729
238 810
238 814
238 890
238 903
238 935
239 240
239 244
239 253
239 282
239 292
239 299
239 337
239 360
239 365
239 368
239 388
239 428
239 429
239 439
239 473
239 519
239 555
239 560
239 586
239 641
239 664
239 667
239 716
239 746
239 757
239 774
239 803
239 876
239 878
239 884
239 902
239 940
239 949
239 951
240 253
240 296
240 305
240 314
240 329
240 342
240 383
240 432
240 433
240 486
240 514
240 527
240 553
240 563
240 618
240 630
240 631
240 649
240 671
240 691
240 692
240 704
240 728
240 738
240 787
240 803
240 828
240 876
240 884
240 892
240 940
240 977
240 980
240 1000
241 279
241 297
241 314
241 335
241 403
241 432
241 457
241 476
241 524
241 527
241 577
241 647
241 683
241 719
241 748
241 759
241 799
241 800
241 818
241 828
241 892
241 909
241 913
241 936
241 957
241 964
241 993
242 333
242 338
242 350
242 380
242 397
242 398
242 446
242 458
242 484
242 568
242 589
242 598
242 631
242 635
242 659
242 681
242 707
242 740
242 905
242 909
242 925
242 952
242 958
242 969
243 350
243 391
243 520
243 553
243 566
243 567
243 576
243 579
243 597
243 611
243 621
243 624
243 715
243 785
243 799
243 877
243 926
243 948
243 973
244 251
244 367
244 370
244 387
244 402
244 407
244 412
244 416
244 422
244 493
244 521
244 554
244 582
244 590
244 662
244 727
244 729
244 732
244 747
244 750
244 808
244 839
244 857
244 876
244 959
244 996
245 246
245 270
245 279
245 305
245 308
245 313
245 377
245 382
245 400
245 496
245 560
245 569
245 663
245 707
245 790
245 888
245 922
245 933
245 935
245 957
246 265
246 278
246 287
246 305
246 313
246 351
246 386
246 390
246 424
246 450
246 465
246 470
246 484
246 540
246 568
246 580
246 585
246 601
246 614
246 618
246 631
246 641
246 685
246 695
246 759
246 776
246 779
246 787
246 790
246 813
246 861
246 898
246 918
246 923
246 938
246 951
246 959
247 274
247 314
247 400
247 412
247 440
247 537
247 555
247 609
247 691
247 726
247 776
247 796
247 833
247 834
248 324
248 416
248 488
248 593
248 766
248 890
248 995
249 405
249 419
249 440
249 449
249 472
249 479
249 483
249 519
249 534
249 590
249 602
249 632
249 667
249 668
249 683
249 685
249 697
249 703
249 715
249 720
249 745
249 746
249 763
249 804
249 814
249 832
249 837
249 847
249 877
249 898
249 906
249 921
249 942
249 955
249 964
249 966
249 968
249 986
249 994
249 999
250 338
250 409
250 494
250 559
250 571
250 584
250 647
250 763
250 818
250 888
250 899
250 949
250 964
251 269
251 308
251 434
251 453
251 461
251 472
251 479
251 486
251 488
251 493
251 542
251 544
251 551
251 635
251 695
251 696
251 733
251 756
251 757
251 784
251 785
251 799
251 954
252 257
252 261
252 319
252 389
252 544
252 556
252 699
252 716
252 736
252 788
252 977
253 258
253 261
253 284
253 285
253 296
253 308
253 365
253 368
253 485
253 521
253 525
253 530
253 559
253 561
253 563
253 572
253 575
253 586
253 614
253 628
253 629
253 630
253 634
253 661
253 735
253 752
253 845
253 853
253 867
253 884
253 902
253 905
253 919
253 952
253 975
253 978
254 337
254 354
254 360
254 366
254 432
254 459
254 497
254 514
254 516
254 518
254 525
254 624
254 749
254 764
254 781
254 912
255 353
255 367
255 429
255 558
255 565
255 656
255 658
255 681
255 683
255 687
255 688
255 735
255 922
256 262
256 314
256 371
256 405
256 507
256 513
256 544
256 596
256 620
256 627
256 649
256 650
256 680
256 699
256 783
256 796
256 811
256 846
256 972
256 993
256 997
257 280
257 303
257 353
257 458
257 463
257 511
257 544
257 547
257 582
257 655
257 760
257 827
257 935
258 276
258 278
258 298
258 393
258 433
258 510
258 517
258 522
258 523
258 592
258 615
258 653
258 662
258 680
258 741
258 742
258 744
258 763
258 764
258 769
258 815
258 818
258 849
258 861
258 899
258 991
259 278
259 306
259 391
259 401
259 433
259 472
259 535
259 540
259 569
259 572
259 588
259 600
259 628
259 640
259 660
259 669
259 684
259 687
259 690
259 693
259 705
259 722
259 773
259 795
259 801
259 803
259 865
259 866
259 872
259 877
259 894
259 913
259 925
259 966
260 273
260 277
260 288
260 321
260 388
260 457
260 458
260 491
260 502
260 507
260 550
260 576
260 591
260 618
260 643
260 665
260 732
260 750
260 791
260 797
260 839
260 935
260 954
260 955
260 968
260 977
260 986
261 280
261 289
261 303
261 351
261 352
261 361
261 373
261 376
261 380
261 397
261 398
261 417
261 458
261 490
261 511
261 558
261 564
261 574
261 578
261 585
261 594
261 609
261 653
261 671
261 676
261 703
261 736
261 757
261 784
261 788
261 795
261 797
261 815
261 862
261 906
261 923
261 999
262 278
262 304
262 353
262 358
262 414
262 457
262 471
262 594
262 595
262 734
262 743
262 818
262 842
262 908
262 920
262 926
263 318
263 346
263 349
263 401
263 415
263 501
263 582
263 655
263 729
263 842
263 984
263 996
264 312
264 340
264 365
264 376
264 479
264 525
264 608
264 683
264 692
264 757
264 764
264 784
264 882
264 923
264 947
264 976
265 430
265 432
265 505
265 508
265 579
265 580
265 623
265 695
265 739
265 779
265 781
265 817
265 829
265 861
265 968
265 981
265 986
266 276
266 311
266 401
266 405
266 439
266 448
266 460
266 497
266 522
266 527
266 532
266 542
266 605
266 725
266 738
266 753
266 803
266 835
266 843
266 975
267 274
267 328
267 334
267 336
267 434
267 474
267 520
267 554
267 587
267 627
267 656
267 669
267 759
267 828
267 843
267 858
267 873
267 948
268 292
268 316
268 337
268 370
268 374
268 460
268 484
268 500
268 521
268 533
268 548
268 570
268 576
268 578
268 586
268 600
268 604
268 619
268 621
268 622
268 632
268 638
268 640
268 643
268 652
268 653
268 655
268 674
268 680
268 691
268 726
268 736
268 749
268 822
268 856
268 859
268 889
268 890
268 892
268 936
268 971
268 974
269 356
269 364
269 514
269 620
269 625
269 639
269 678
269 711
269 737
269 802
269 822
269 829
269 888
269 952
270 313
270 319
270 346
270 351
270 383
270 453
270 521
270 531
270 554
270 589
270 676
270 684
270 735
270 793
270 863
270 986
271 327
271 328
271 371
271 375
271 382
271 385
271 468
271 472
271 480
271 501
271 506
271 509
271 538
271 575
271 593
271 594
271 605
271 613
271 635
271 637
271 726
271 733
271 735
271 739
271 740
271 756
271 765
271 785
271 788
271 829
271 846
271 867
271 876
271 898
271 926
271 960
271 963
271 978
271 982
272 371
272 377
272 389
272 414
272 456
272 525
272 536
272 571
272 626
272 650
272 681
272 992
273 377
273 439
273 496
273 503
273 510
273 552
273 593
273 641
273 645
273 766
273 784
273 812
273 864
273 956
274 279
274 305
274 346
274 400
274 516
274 541
274 562
274 585
274 596
274 683
274 701
274 734
274 738
274 759
274 760
274 776
274 980
275 332
275 348
275 453
275 496
275 507
275 527
275 546
275 589
275 597
275 646
275 662
275 733
275 740
275 798
275 814
275 820
276 296
276 330
276 339
276 354
276 449
276 499
276 509
276 523
276 525
276 551
276 573
276 675
276 701
276 757
276 778
276 815
276 818
276 837
276 857
276 941
277 300
277 311
277 371
277 446
277 514
277 547
277 580
277 681
277 738
277 827
277 828
277 829
277 834
277 909
277 980
277 982
278 282
278 313
278 355
278 397
278 405
278 421
278 517
278 527
278 657
278 704
278 714
278 801
278 807
278 821
278 866
278 884
278 923
278 931
278 951
279 305
279 368
279 400
279 422
279 455
279 553
279 582
279 693
279 729
279 751
279 776
279 780
279 824
280 308
280 321
280 509
280 560
280 591
280 622
280 670
280 703
280 732
280 761
280 765
280 820
280 826
280 867
280 974
281 284
281 341
281 374
281 405
281 431
281 433
281 456
281 471
281 583
281 682
281 770
281 866
281 919
281 957
281 996
282 293
282 295
282 369
282 381
282 385
282 444
282 473
282 484
282 567
282 611
282 697
282 714
282 717
282 741
282 760
282 783
282 784
282 816
282 820
282 832
282 836
282 857
282 883
282 889
282 899
282 989
282 993
283 319
283 596
283 630
283 658
283 774
283 790
283 935
283 976
283 986
284 293
284 331
284 593
284 621
284 625
284 670
284 762
284 781
284 927
285 378
285 444
285 455
285 589
285 596
285 668
285 813
285 862
285 872
285 909
285 973
285 976
286 371
286 379
286 413
286 428
286 502
286 603
286 687
286 836
286 870
286 921
286 927
287 305
287 360
287 362
287 380
287 423
287 505
287 631
287 679
287 711
287 746
287 785
287 863
287 909
287 995
288 367
288 401
288 410
288 421
288 424
288 488
288 524
288 546
288 549
288 572
288 583
288 606
288 698
288 720
288 791
288 799
288 840
288 860
288 875
288 883
288 886
288 903
288 955
288 986
289 302
289 404
289 415
289 428
289 460
289 539
289 541
289 609
289 738
289 744
289 752
289 776
289 783
289 803
289 875
289 876
289 903
289 909
290 401
290 404
290 406
290 423
290 590
290 645
290 686
290 775
290 915
291 298
291 389
291 396
291 418
291 429
291 528
291 629
291 631
291 654
291 732
291 747
291 753
291 905
291 923
291 945
291 951
292 420
292 483
292 500
292 579
292 592
292 604
292 633
292 641
292 647
292 650
292 748
292 902
292 913
292 942
292 948
292 984
293 380
293 436
293 469
293 509
293 512
293 551
293 694
293 790
293 873
293 899
293 951
293 972
294 320
294 416
294 447
294 457
294 493
294 495
294 527
294 529
294 549
294 637
294 641
294 841
294 854
294 890
294 919
294 933
294 988
294 993
295 343
295 381
295 385
295 462
295 484
295 581
295 618
295 770
295 859
295 914
295 975
295 989
296 304
296 308
296 318
296 319
296 347
296 358
296 368
296 373
296 379
296 383
296 437
296 501
296 543
296 563
296 586
296 628
296 630
296 667
296 725
296 752
296 760
296 767
296 774
296 786
296 799
296 853
296 854
296 884
296 885
296 970
297 349
297 401
297 470
297 480
297 484
297 488
297 539
297 594
297 605
297 785
297 803
297 809
297 937
297 942
297 960
297 965
297 973
298 338
298 362
298 410
298 418
298 430
298 521
298 601
298 606
298 623
298 658
298 717
298 720
298 774
298 776
298 872
298 883
298 885
298 918
298 922
298 939
298 945
298 954
298 963
299 300
299 304
299 319
299 328
299 329
299 335
299 344
299 402
299 403
299 408
299 415
299 509
299 539
299 589
299 592
299 598
299 684
299 700
299 709
299 790
299 819
299 862
299 870
299 890
299 895
299 916
299 933
299 946
299 960
299 973
299 975
300 310
300 374
300 415
300 454
300 472
300 527
300 589
300 596
300 627
300 631
300 692
300 750
300 758
300 766
300 864
300 963
301 332
301 334
301 411
301 422
301 472
301 475
301 546
301 561
301 597
301 676
301 743
301 749
301 769
301 773
301 811
301 882
301 919
301 973
302 345
302 346
302 509
302 540
302 605
302 647
302 759
302 790
302 808
302 839
302 976
303 305
303 342
303 346
303 353
303 368
303 410
303 507
303 556
303 566
303 572
303 573
303 575
303 600
303 608
303 622
303 645
303 671
303 706
303 777
303 784
303 788
303 795
303 828
303 838
304 327
304 329
304 336
304 365
304 486
304 589
304 596
304 614
304 637
304 663
304 666
304 684
304 709
304 716
304 732
304 766
304 776
304 790
304 836
304 862
304 879
304 889
304 898
304 916
304 946
304 960
304 969
304 976
305 317
305 349
305 352
305 366
305 367
305 388
305 445
305 465
305 497
305 510
305 528
305 580
305 643
305 677
305 694
305 743
305 759
305 760
305 798
305 863
305 877
305 904
305 932
305 938
305 940
305 987
306 439
306 470
306 506
306 522
306 548
306 600
306 694
306 820
306 821
306 940
307 327
307 349
307 392
307 422
307 478
307 520
307 527
307 612
307 711
307 728
307 945
307 962
308 423
308 451
308 512
308 519
308 617
308 650
308 707
308 752
308 876
308 933
308 975
309 359
309 370
309 372
309 418
309 503
309 515
309 527
309 529
309 543
309 597
309 621
309 702
309 799
309 884
309 907
309 928
310 316
310 356
310 378
310 432
310 560
310 680
310 690
310 765
310 909
311 374
311 453
311 474
311 502
311 503
311 507
311 508
311 511
311 518
311 519
311 584
311 603
311 605
311 627
311 644
311 655
311 670
311 685
311 696
311 726
311 746
311 765
311 802
311 825
311 831
311 834
311 853
311 862
311 871
311 888
311 897
311 899
312 402
312 405
312 524
312 544
312 609
312 643
312 784
312 909
312 981
313 362
313 373
313 387
313 423
313 430
313 450
313 505
313 511
313 525
313 558
313 565
313 585
313 592
313 613
313 695
313 745
313 760
313 767
313 776
313 794
313 840
313 844
313 847
313 908
313 915
313 938
313 992
313 1000
314 489
314 499
314 519
314 522
314 539
314 635
314 706
314 709
314 713
314 838
314 841
314 881
314 884
314 885
314 946
315 462
315 478
315 507
315 546
315 572
315 616
315 623
315 649
315 661
315 702
315 744
315 747
315 778
315 846
315 894
315 902
315 931
316 333
316 343
316 344
316 370
316 383
316 412
316 460
316 518
316 521
316 534
316 536
316 542
316 571
316 597
316 600
316 619
316 749
316 810
316 822
316 852
316 858
316 892
316 934
316 974
316 978
316 992
316 993
317 320
317 340
317 345
317 373
317 416
317 453
317 456
317 466
317 500
317 513
317 614
317 632
317 642
317 643
317 665
317 694
317 697
317 704
317 707
317 712
317 720
317 748
317 781
317 788
317 795
317 837
317 874
317 913
317 917
317 928
317 969
317 975
318 342
318 383
318 467
318 600
318 616
318 641
318 927
318 945
319 329
319 355
319 415
319 438
319 439
319 535
319 563
319 569
319 589
319 599
319 604
319 637
319 640
319 651
319 709
319 747
319 790
319 799
319 862
319 897
319 899
319 930
319 931
319 956
320 321
320 332
320 390
320 447
320 456
320 470
320 656
320 676
320 776
320 790
320 793
320 811
320 816
320 842
320 848
320 885
320 887
320 913
320 919
321 342
321 351
321 385
321 411
321 462
321 774
321 784
321 846
321 929
321 999
322 338
322 365
322 449
322 461
322 507
322 553
322 597
322 659
322 691
322 812
323 342
323 374
323 455
323 672
323 683
323 749
323 759
323 768
323 781
323 798
323 800
323 833
323 897
323 941
324 349
324 355
324 358
324 407
324 416
324 458
324 510
324 553
324 570
324 582
324 625
324 694
324 695
324 724
324 730
324 731
324 789
324 799
324 827
324 839
324 845
324 883
324 904
324 913
324 917
324 936
324 984
325 466
325 478
325 537
325 556
325 629
325 630
325 676
325 737
325 761
325 786
325 800
325 850
325 995
326 328
326 508
326 541
326 576
326 624
326 729
326 784
326 829
326 873
326 903
326 931
326 954
327 391
327 435
327 442
327 500
327 512
327 632
327 681
327 735
327 744
327 878
327 895
328 397
328 408
328 415
328 564
328 596
328 651
328 659
328 729
328 766
328 894
328 922
329 415
329 579
329 580
329 589
329 674
329 710
329 728
329 737
329 790
329 926
330 360
330 388
330 418
330 430
330 494
330 510
330 515
330 522
330 532
330 557
330 626
330 726
330 769
330 799
330 813
330 824
330 839
330 857
330 952
330 971
330 997
331 350
331 368
331 380
331 404
331 432
331 458
331 469
331 474
331 515
331 523
331 541
331 596
331 628
331 663
331 674
331 675
331 681
331 739
331 772
331 788
331 803
331 808
331 829
331 832
331 835
331 877
331 881
331 903
331 907
331 936
331 942
331 949
332 440
332 484
332 527
332 548
332 651
332 782
332 871
332 890
333 651
333 782
333 803
333 926
333 942
334 347
334 377
334 387
334 397
334 399
334 435
334 441
334 446
334 447
334 470
334 489
334 530
334 536
334 550
334 553
334 559
334 560
334 565
334 569
334 583
334 596
334 612
334 727
334 771
334 788
334 802
334 806
334 881
334 885
334 892
334 972
334 999
335 413
335 460
335 476
335 495
335 582
335 589
335 590
335 620
335 693
335 717
335 718
335 729
335 980
336 369
336 373
336 381
336 432
336 475
336 485
336 490
336 523
336 567
336 636
336 651
336 717
336 729
336 741
336 791
336 816
336 916
336 941
336 967
336 977
337 340
337 427
337 456
337 459
337 470
337 510
337 723
337 726
337 777
337 844
337 876
337 893
337 919
337 936
338 427
338 453
338 517
338 568
338 578
338 621
338 639
338 662
338 760
338 779
338 821
338 862
338 900
338 914
338 951
339 383
339 394
339 413
339 422
339 490
339 517
339 615
339 668
339 676
339 723
339 744
339 769
339 792
339 835
339 857
340 341
340 348
340 358
340 394
340 469
340 527
340 543
340 564
340 647
340 774
340 789
340 793
340 799
340 909
340 918
340 955
340 983
341 351
341 371
341 489
341 509
341 515
341 522
341 566
341 568
341 772
341 800
341 826
341 926
341 943
342 432
342 470
342 527
342 529
342 571
342 588
342 607
342 615
342 636
342 647
342 669
342 737
342 748
342 752
342 764
342 781
342 799
342 806
342 826
342 998
343 406
343 435
343 458
343 513
343 530
343 551
343 582
343 599
343 641
343 750
343 808
343 899
343 940
344 385
344 452
344 476
344 559
344 590
344 641
344 662
344 790
344 832
344 889
345 351
345 404
345 409
345 439
345 537
345 548
345 597
345 608
345 619
345 624
345 641
345 645
345 681
345 816
345 821
345 859
345 864
345 978
345 979
346 357
346 413
346 421
346 441
346 500
346 516
346 582
346 597
346 639
346 643
346 651
346 665
346 676
346 690
346 707
346 780
346 805
346 806
346 820
346 839
346 865
346 873
346 896
346 950
346 954
346 971
346 986
347 473
347 496
347 582
347 601
347 729
347 804
347 872
347 917
347 920
347 927
347 970
348 492
348 508
348 567
348 597
348 671
348 792
348 828
348 851
348 910
348 923
349 395
349 411
349 733
349 899
349 946
349 951
349 980
350 401
350 418
350 423
350 446
350 491
350 500
350 525
350 531
350 614
350 640
350 658
350 666
350 677
350 681
350 686
350 728
350 738
350 740
350 756
350 773
350 776
350 781
350 782
350 849
350 853
350 860
350 868
350 879
350 888
350 947
350 953
350 965
351 444
351 450
351 460
351 507
351 521
351 523
351 543
351 560
351 592
351 601
351 702
351 717
351 816
351 838
351 856
351 864
351 892
351 904
351 976
351 980
352 381
352 411
352 455
352 502
352 514
352 522
352 563
352 685
352 762
353 355
353 358
353 455
353 468
353 480
353 490
353 518
353 546
353 556
353 616
353 651
353 666
353 679
353 687
353 700
353 877
353 889
353 913
353 932
353 951
353 954
354 436
354 444
354 461
354 480
354 652
354 733
354 735
354 794
354 804
354 885
354 892
354 924
354 938
355 365
355 386
355 392
355 401
355 417
355 425
355 486
355 572
355 580
355 623
355 650
355 694
355 695
355 725
355 768
355 778
355 820
355 822
355 887
355 955
355 977
356 422
356 534
356 571
356 625
356 698
356 731
356 763
356 877
356 892
356 913
356 954
356 965
356 988
357 404
357 413
357 474
357 604
357 649
357 725
357 799
357 820
357 891
357 970
358 388
358 511
358 546
358 556
358 602
358 618
358 861
358 924
358 1000
359 360
359 399
359 412
359 416
359 437
359 448
359 481
359 504
359 513
359 632
359 640
359 735
359 742
359 749
359 783
359 812
359 840
359 872
359 880
359 898
359 913
359 948
360 384
360 412
360 537
360 539
360 557
360 690
360 760
360 812
360 990
360 997
361 386
361 440
361 559
361 593
361 594
361 612
361 619
361 714
361 743
362 394
362 419
362 420
362 445
362 507
362 516
362 539
362 615
362 634
362 765
362 790
362 813
362 822
362 861
362 879
362 889
362 893
362 898
362 915
362 931
362 951
362 982
363 376
363 404
363 429
363 532
363 563
363 627
363 664
363 681
363 877
363 879
363 959
363 977
364 446
364 465
364 471
364 502
364 568
364 640
364 670
364 691
364 800
364 820
364 950
365 368
365 369
365 401
365 404
365 413
365 460
365 461
365 476
365 540
365 553
365 617
365 618
365 625
365 629
365 632
365 638
365 650
365 660
365 712
365 723
365 752
365 753
365 763
365 786
365 846
365 876
365 884
365 902
365 921
365 975
366 529
366 540
366 576
366 726
366 755
366 909
366 926
366 931
366 993
367 394
367 482
367 574
367 593
367 690
367 695
367 775
367 798
367 803
367 822
367 847
367 943
367 952
367 954
368 381
368 433
368 443
368 486
368 487
368 488
368 512
368 519
368 529
368 531
368 553
368 563
368 571
368 603
368 617
368 636
368 660
368 665
368 667
368 732
368 767
368 769
368 771
368 774
368 833
368 836
368 838
368 853
368 902
368 955
368 975
369 381
369 385
369 421
369 455
369 527
369 550
369 614
369 663
369 765
369 883
369 898
369 976
370 444
370 460
370 510
370 576
370 640
370 699
370 789
370 800
370 841
370 948
370 978
371 467
371 507
371 519
371 526
371 590
371 601
371 729
371 825
371 833
371 854
371 919
372 494
372 548
372 554
372 690
372 706
372 717
372 739
372 742
372 749
372 769
372 837
372 883
372 940
372 983
373 379
373 429
373 464
373 466
373 491
373 497
373 499
373 523
373 525
373 535
373 586
373 590
373 595
373 598
373 634
373 670
373 678
373 684
373 685
373 697
373 711
373 713
373 715
373 720
373 768
373 803
373 818
373 881
373 888
373 947
373 954
373 968
373 979
374 375
374 406
374 459
374 526
374 527
374 632
374 647
374 673
374 748
374 756
374 794
374 815
374 841
374 907
374 980
375 405
375 471
375 510
375 527
375 530
375 627
375 778
375 797
375 799
375 803
376 379
376 440
376 560
376 581
376 591
376 609
376 627
376 646
376 782
376 788
376 833
376 963
376 965
376 977
376 979
377 473
377 589
377 768
377 846
377 890
377 971
377 1000
378 389
378 411
378 455
378 556
378 567
378 590
378 596
378 758
378 766
378 781
378 789
378 790
378 822
378 887
378 910
379 380
379 486
379 561
379 612
379 618
379 660
379 677
379 697
379 848
379 906
379 942
379 945
379 975
379 976
380 389
380 460
380 541
380 544
380 546
380 571
380 589
380 591
380 609
380 614
380 671
380 673
380 692
380 784
380 795
380 968
380 976
381 385
381 432
381 438
381 450
381 477
381 538
381 552
381 567
381 602
381 614
381 637
381 702
381 705
381 729
381 738
381 741
381 767
381 775
381 800
381 816
381 844
381 866
381 884
381 889
381 989
382 502
382 542
382 548
382 593
382 657
382 681
382 733
382 748
382 812
382 840
382 899
382 954
383 409
383 540
383 553
383 574
383 682
383 769
383 771
383 790
383 791
383 872
383 876
383 885
383 909
384 422
384 425
384 480
384 546
384 553
384 609
384 622
384 737
384 748
384 774
384 910
384 918
384 975
385 395
385 441
385 459
385 530
385 533
385 552
385 567
385 578
385 647
385 714
385 779
385 789
385 803
385 816
385 867
385 879
385 883
385 889
385 928
385 965
385 989
386 453
386 459
386 462
386 464
386 479
386 499
386 514
386 527
386 534
386 582
386 583
386 630
386 641
386 779
386 840
386 841
386 869
386 911
386 916
386 919
386 982
386 987
387 408
387 417
387 456
387 460
387 521
387 546
387 559
387 619
387 622
387 624
387 740
387 757
387 871
387 945
387 974
387 990
387 1000
388 395
388 414
388 419
388 421
388 433
388 437
388 455
388 471
388 484
388 525
388 596
388 663
388 694
388 700
388 707
388 714
388 717
388 734
388 740
388 814
388 828
388 831
388 840
388 878
388 893
388 898
388 918
388 921
388 953
388 992
389 432
389 449
389 513
389 520
389 551
389 558
389 568
389 595
389 598
389 614
389 623
389 634
389 650
389 652
389 660
389 669
389 683
389 685
389 690
389 711
389 748
389 763
389 771
389 818
389 848
389 871
389 881
389 963
389 981
389 1000
390 403
390 406
390 422
390 449
390 459
390 514
390 539
390 544
390 607
390 608
390 612
390 619
390 636
390 676
390 726
390 748
390 886
390 917
390 938
390 956
391 396
391 424
391 428
391 447
391 465
391 477
391 499
391 504
391 508
391 557
391 568
391 612
391 615
391 630
391 653
391 712
391 782
391 783
391 826
391 851
391 912
391 924
391 946
392 399
392 434
392 463
392 539
392 540
392 640
392 644
392 728
392 787
392 810
392 843
392 859
392 951
392 964
392 992
393 414
393 489
393 694
393 745
393 902
393 965
394 531
394 565
394 613
394 857
394 974
394 977
395 414
395 462
395 565
395 594
395 682
395 696
395 752
395 897
395 951
395 980
396 418
396 466
396 512
396 538
396 565
396 685
396 728
396 846
397 401
397 469
397 470
397 478
397 480
397 553
397 605
397 686
397 744
397 784
397 821
397 879
397 915
398 500
398 546
398 681
398 704
398 766
398 852
398 857
398 997
399 401
399 440
399 496
399 501
399 601
399 620
399 667
399 685
399 729
399 810
399 898
400 494
400 519
400 585
400 592
400 678
400 709
400 776
400 803
400 844
400 918
400 926
401 408
401 410
401 437
401 445
401 448
401 456
401 467
401 523
401 533
401 540
401 546
401 559
401 568
401 610
401 612
401 680
401 693
401 732
401 755
401 788
401 793
401 847
401 855
401 865
401 886
401 965
401 983
401 1000
402 444
402 452
402 495
402 583
402 656
402 747
402 765
402 774
402 802
402 829
402 851
402 906
402 909
402 946
402 955
402 957
403 515
403 526
403 527
403 529
403 556
403 582
403 641
403 676
403 685
403 700
403 748
403 810
403 822
403 957
404 417
404 447
404 449
404 458
404 491
404 498
404 541
404 543
404 556
404 579
404 599
404 621
404 623
404 698
404 720
404 724
404 750
404 761
404 801
404 818
404 820
404 823
404 839
404 948
404 957
404 961
404 977
404 996
405 412
405 499
405 520
405 532
405 538
405 620
405 623
405 625
405 642
405 697
405 730
405 748
405 752
405 786
405 872
405 915
405 988
406 462
406 505
406 577
406 584
406 641
406 676
406 728
406 747
406 749
406 786
406 787
406 929
406 959
406 964
406 980
407 453
407 469
407 620
407 630
407 655
407 665
407 669
407 682
407 820
408 496
408 568
408 612
408 644
408 681
408 775
408 795
408 912
409 499
409 539
409 580
409 714
409 771
410 437
410 478
410 602
410 640
410 647
410 654
410 801
410 821
410 883
410 891
410 969
411 466
411 497
411 582
411 651
411 714
411 764
411 883
411 917
412 435
412 476
412 481
412 499
412 523
412 557
412 561
412 566
412 616
412 625
412 627
412 637
412 658
412 720
412 738
412 749
412 751
412 772
412 783
412 797
412 800
412 820
412 846
412 858
412 878
412 894
412 908
412 915
412 933
412 946
412 952
412 993
413 463
413 508
413 533
413 571
413 607
413 622
413 643
413 655
413 662
413 698
413 712
413 716
413 775
413 791
413 799
413 854
413 877
413 906
413 909
413 953
413 957
413 983
414 473
414 494
414 596
414 617
414 639
414 769
414 805
414 815
414 890
414 975
415 475
415 552
415 589
415 596
415 618
415 658
415 672
415 688
415 766
415 780
415 784
415 790
415 807
415 825
415 834
415 838
415 854
415 862
415 911
415 916
415 948
416 422
416 541
416 549
416 589
416 623
416 627
416 690
416 785
416 786
416 839
416 858
416 898
417 559
417 582
417 596
417 602
417 636
417 690
417 743
417 799
417 800
417 838
417 983
417 993
418 429
418 434
418 466
418 510
418 520
418 525
418 568
418 587
418 593
418 664
418 689
418 699
418 710
418 712
418 721
418 729
418 751
418 760
418 777
418 786
418 814
418 926
418 951
418 961
418 984
419 525
419 527
419 531
419 602
419 777
419 951
419 964
419 983
419 991
420 455
420 468
420 518
420 582
420 589
420 616
420 621
420 636
420 643
420 653
420 683
420 723
420 789
420 791
420 835
420 915
420 925
420 948
421 434
421 440
421 626
421 643
421 646
421 655
421 763
421 784
421 803
421 804
421 824
421 872
421 877
421 894
421 977
422 464
422 495
422 512
422 520
422 628
422 663
422 679
422 691
422 702
422 741
422 828
422 834
422 839
422 877
422 931
422 935
422 996
422 998
423 647
423 679
423 682
423 700
423 708
423 816
423 850
423 873
423 895
424 428
424 450
424 473
424 512
424 576
424 629
424 643
424 649
424 697
424 713
424 721
424 849
424 918
424 949
424 975
425 507
425 648
425 649
425 657
425 676
425 691
425 794
425 884
425 945
425 964
425 992
426 433
426 469
426 499
426 588
426 620
426 625
426 627
426 667
426 698
426 722
426 749
426 762
426 764
426 769
426 796
426 858
426 867
426 919
426 926
426 956
426 960
427 489
427 514
427 581
427 586
427 642
427 728
427 748
427 772
427 826
427 840
427 886
427 890
427 915
427 944
427 948
427 962
427 983
427 993
428 435
428 593
428 602
428 636
428 657
428 681
428 738
428 766
428 895
428 926
429 435
429 443
429 512
429 549
429 560
429 573
429 577
429 595
429 612
429 627
429 628
429 654
429 664
429 681
429 692
429 707
429 717
429 762
429 790
429 810
429 833
429 849
429 851
429 879
430 452
430 456
430 494
430 504
430 509
430 558
430 563
430 580
430 643
430 688
430 695
430 726
430 727
430 776
430 787
430 874
430 879
430 929
431 441
431 614
431 624
431 779
431 847
431 877
431 964
431 966
432 437
432 439
432 446
432 471
432 482
432 501
432 516
432 517
432 535
432 601
432 634
432 635
432 657
432 679
432 743
432 762
432 766
432 771
432 833
432 852
432 857
432 874
432 930
432 932
432 953
432 956
432 977
433 473
433 519
433 570
433 760
433 788
433 791
433 828
433 854
433 898
433 910
433 962
433 965
434 554
434 575
434 605
434 649
434 733
434 785
434 794
434 810
434 884
434 904
434 926
434 952
434 986
435 450
435 528
435 546
435 558
435 595
435 681
435 694
435 754
435 877
435 924
435 940
435 961
435 962
435 992
435 994
436 459
436 557
436 575
436 600
436 733
436 864
436 914
436 915
436 983
437 467
437 482
437 507
437 525
437 547
437 624
437 659
437 683
437 729
437 952
437 957
437 997
438 529
438 559
438 572
438 613
438 639
438 733
438 736
438 796
438 909
438 910
438 953
439 487
439 492
439 513
439 572
439 583
439 629
439 634
439 670
439 676
439 686
439 701
439 728
439 746
439 789
439 816
439 829
439 855
439 867
439 905
439 933
439 940
439 949
439 962
439 966
440 471
440 477
440 481
440 492
440 495
440 503
440 545
440 568
440 574
440 597
440 656
440 658
440 661
440 669
440 677
440 693
440 746
440 761
440 777
440 823
440 825
440 826
440 838
440 841
440 866
440 876
440 900
440 983
441 449
441 515
441 516
441 523
441 541
441 549
441 582
441 587
441 605
441 612
441 626
441 636
441 639
441 682
441 700
441 713
441 728
441 729
441 749
441 755
441 801
441 810
441 815
441 847
441 898
441 916
441 924
441 927
441 938
441 948
441 964
441 972
442 480
442 602
442 620
442 716
442 763
442 773
442 864
442 883
442 944
443 479
443 536
443 597
443 605
443 648
443 722
443 749
443 910
443 946
443 988
444 470
444 556
444 565
444 592
444 597
444 640
444 665
444 762
444 801
444 830
444 852
444 892
444 985
445 473
445 532
445 535
445 598
445 609
445 636
445 676
445 777
445 832
445 869
445 933
446 448
446 456
446 470
446 489
446 496
446 509
446 531
446 565
446 597
446 648
446 664
446 669
446 720
446 728
446 749
446 852
447 510
447 584
447 589
447 632
447 675
447 965
447 968
447 974
448 470
448 510
448 529
448 540
448 738
448 762
448 829
448 983
449 508
449 610
449 919
450 499
450 546
450 560
450 578
450 588
450 659
450 786
450 796
450 806
450 883
450 906
450 951
450 964
451 467
451 499
451 522
451 553
451 570
451 592
451 597
451 624
451 663
451 699
451 741
451 769
451 794
451 820
451 871
451 909
451 971
452 454
452 534
452 632
452 649
452 712
452 741
452 775
452 778
452 820
452 837
452 852
452 853
452 865
452 892
452 918
452 924
452 930
452 935
452 942
452 970
452 996
453 548
453 582
453 588
453 629
453 646
453 654
453 679
453 726
453 754
453 771
453 779
453 794
453 873
454 637
454 668
454 680
454 683
454 706
454 757
454 758
454 790
454 864
454 881
455 555
455 577
455 581
455 583
455 595
455 635
455 649
455 656
455 720
455 760
455 799
455 803
455 839
455 890
455 900
455 940
455 952
455 981
455 995
456 470
456 484
456 502
456 503
456 512
456 524
456 594
456 666
456 684
456 693
456 722
456 755
456 775
456 791
456 795
456 828
456 846
456 957
456 960
457 494
457 631
457 649
457 655
457 682
457 799
457 839
457 904
457 986
458 546
458 687
458 814
458 839
458 845
458 860
458 865
458 886
458 893
458 912
458 957
459 477
459 501
459 525
459 526
459 527
459 550
459 553
459 572
459 582
459 635
459 734
459 745
459 783
459 793
459 811
459 812
459 853
459 866
459 875
459 881
459 890
459 891
459 900
459 973
459 993
460 461
460 469
460 498
460 521
460 543
460 553
460 559
460 571
460 576
460 592
460 597
460 621
460 640
460 650
460 681
460 694
460 699
460 749
460 820
460 823
460 839
460 842
460 892
460 893
460 906
460 919
460 974
460 975
460 997
461 475
461 503
461 521
461 571
461 839
461 856
461 858
461 898
461 945
461 960
462 463
462 602
462 647
462 665
462 679
462 718
462 733
462 793
462 840
462 848
462 850
462 900
462 952
463 540
463 547
463 669
463 672
463 703
463 738
463 796
463 880
463 933
464 481
464 482
464 558
464 559
464 607
464 611
464 622
464 623
464 634
464 676
464 725
464 731
464 799
464 821
464 904
464 909
464 924
465 566
465 589
465 662
465 668
465 680
465 754
465 778
465 904
466 588
466 615
466 728
466 743
466 771
466 809
466 836
466 850
466 910
466 920
466 955
466 965
467 568
467 692
467 764
467 783
467 791
467 822
467 873
467 980
467 988
467 997
468 518
468 525
468 527
468 529
468 558
468 634
468 647
468 767
468 789
468 808
468 917
468 937
469 546
469 603
469 631
469 743
469 786
469 820
469 826
469 902
469 922
469 937
470 478
470 496
470 512
470 513
470 530
470 614
470 624
470 677
470 730
470 747
470 766
470 801
470 833
470 854
470 899
470 902
470 928
470 971
470 976
470 988
471 486
471 489
471 569
471 572
471 606
471 616
471 630
471 653
471 676
471 688
471 748
471 763
471 839
471 855
471 912
471 940
471 953
471 983
471 988
471 1000
472 487
472 488
472 541
472 565
472 594
472 605
472 612
472 637
472 656
472 657
472 733
472 739
472 757
472 901
472 920
472 932
473 544
473 559
473 589
473 601
473 614
473 648
473 666
473 696
473 801
473 821
473 843
473 905
473 907
473 935
473 954
474 502
474 629
474 678
474 714
474 817
474 924
474 974
475 476
475 526
475 677
475 725
475 748
475 764
475 841
475 917
475 927
476 486
476 500
476 529
476 570
476 600
476 613
476 634
476 769
476 797
476 805
476 848
476 857
476 868
476 890
477 572
477 586
477 655
477 708
477 734
477 756
477 776
477 800
477 852
477 935
478 560
478 577
478 693
478 789
478 892
478 895
478 903
479 518
479 529
479 618
479 647
479 773
479 879
479 880
479 895
479 903
479 924
480 509
480 530
480 573
480 605
480 733
480 796
480 885
480 891
480 909
481 488
481 499
481 557
481 569
481 593
481 620
481 625
481 846
481 919
481 946
481 997
482 490
482 495
482 513
482 536
482 555
482 579
482 596
482 606
482 665
482 684
482 690
482 694
482 731
482 744
482 790
482 801
482 808
482 828
482 874
482 910
482 915
482 930
482 949
482 953
483 527
483 594
483 641
483 670
483 790
483 910
483 984
484 494
484 551
484 559
484 582
484 635
484 676
484 728
484 733
484 735
484 767
484 820
484 902
484 980
484 982
485 509
485 559
485 567
485 590
485 906
485 980
486 594
486 643
486 663
486 681
486 825
486 870
486 917
486 975
487 537
487 679
487 729
487 753
487 776
487 853
487 868
487 956
488 497
488 509
488 767
488 839
489 492
489 525
489 573
489 666
489 681
489 695
489 758
490 605
490 647
490 676
490 843
490 897
491 511
491 565
491 788
491 904
491 909
491 939
492 499
492 553
492 593
492 692
492 755
492 820
492 906
493 540
493 560
493 594
493 635
493 690
493 750
493 926
493 956
493 996
494 522
494 554
494 568
494 580
494 610
494 661
494 695
494 714
494 738
494 759
494 776
494 787
494 817
494 826
494 846
494 869
494 890
494 906
494 938
494 982
495 574
495 643
495 662
495 677
495 740
495 745
495 782
495 799
495 886
495 949
495 994
496 525
496 537
496 542
496 566
496 568
496 585
496 613
496 648
496 652
496 690
496 715
496 723
496 748
496 754
496 767
496 768
496 773
496 883
496 987
496 998
497 499
497 521
497 527
497 574
497 622
497 647
497 651
497 709
497 773
497 796
497 807
497 834
497 848
497 871
497 872
497 888
497 917
497 953
497 973
498 521
498 535
498 562
498 597
498 641
498 666
498 690
498 744
498 859
498 956
499 557
499 594
499 596
499 620
499 638
499 730
499 753
499 760
499 762
499 843
499 872
499 917
499 919
499 949
499 952
499 998
499 999
500 581
500 583
500 679
500 715
500 776
500 799
500 839
500 959
501 509
501 553
501 590
501 605
501 607
501 733
501 735
501 822
501 859
501 917
501 957
501 982
502 508
502 558
502 566
502 572
502 574
502 612
502 645
502 658
502 677
502 700
502 717
502 799
502 800
502 805
502 861
502 874
502 883
502 898
502 919
502 922
502 934
502 952
502 984
502 1000
503 588
503 781
503 784
503 887
503 940
503 941
503 943
503 951
504 525
504 589
504 657
504 752
504 815
504 822
504 838
504 883
505 530
505 580
505 672
505 705
505 776
505 795
505 839
505 913
505 977
506 537
506 562
506 738
506 741
506 861
506 873
507 532
507 567
507 612
507 617
507 681
507 695
507 713
507 740
507 743
507 745
507 747
507 799
507 812
507 814
507 831
507 909
507 927
507 966
507 982
508 522
508 600
508 852
508 879
508 895
508 941
509 518
509 522
509 588
509 602
509 635
509 662
509 699
509 703
509 726
509 733
509 735
509 745
509 752
509 754
509 756
509 774
509 794
509 885
509 912
509 926
509 950
509 957
509 979
510 517
510 532
510 570
510 575
510 640
510 725
510 742
510 744
510 769
510 815
510 818
510 835
510 866
510 890
510 934
510 959
510 967
511 604
511 620
511 733
511 763
511 765
511 782
511 784
511 788
511 880
511 963
512 553
512 628
512 636
512 646
512 682
512 683
512 707
512 710
512 803
512 842
512 845
512 923
513 536
513 565
513 575
513 580
513 632
513 743
513 931
513 933
513 945
514 518
514 527
514 600
514 641
514 696
514 741
514 766
514 861
514 870
514 871
514 896
514 917
514 919
514 921
514 944
515 522
515 523
515 542
515 708
515 803
515 827
515 830
515 835
515 952
516 575
516 605
516 620
516 626
516 725
516 785
516 804
516 845
516 887
516 897
516 991
517 523
517 565
517 672
517 693
517 739
517 753
517 769
517 815
517 897
517 993
518 536
518 582
518 586
518 604
518 676
518 708
518 761
518 764
518 778
518 801
518 843
518 917
518 919
518 942
518 948
518 971
519 550
519 597
519 730
519 752
519 884
520 521
520 525
520 527
520 542
520 585
520 619
520 671
520 723
520 745
520 838
520 857
520 898
520 923
520 949
520 964
521 525
521 542
521 546
521 570
521 599
521 614
521 621
521 670
521 674
521 699
521 736
521 741
521 748
521 793
521 804
521 806
521 807
521 820
521 846
521 856
521 858
521 859
521 928
521 934
521 968
521 973
521 974
522 523
522 568
522 590
522 659
522 668
522 707
522 713
522 720
522 744
522 815
522 818
522 819
522 865
522 924
522 926
523 532
523 682
523 691
523 710
523 769
523 809
523 815
523 859
523 955
524 555
524 562
524 690
524 694
524 726
524 733
524 829
524 877
524 904
524 957
525 530
525 542
525 589
525 590
525 602
525 610
525 649
525 663
525 688
525 717
525 719
525 730
525 788
525 858
525 863
525 870
525 895
525 909
525 951
525 992
525 998
526 533
526 559
526 641
526 647
526 676
526 692
526 794
526 795
526 840
526 917
526 942
526 957
526 973
526 977
526 991
527 529
527 531
527 535
527 553
527 572
527 581
527 582
527 607
527 610
527 641
527 676
527 682
527 708
527 711
527 734
527 738
527 762
527 777
527 789
527 814
527 841
527 842
527 851
527 862
527 887
527 889
527 890
527 913
527 920
527 948
527 961
527 965
527 973
528 612
528 623
528 654
528 672
528 688
528 745
528 789
528 790
528 953
529 537
529 544
529 549
529 572
529 582
529 588
529 617
529 679
529 703
529 707
529 724
529 760
529 764
529 770
529 821
529 848
529 910
529 917
529 919
529 929
529 955
529 973
529 975
530 582
530 586
530 640
530 645
530 690
530 702
530 725
530 792
530 876
530 906
530 925
530 928
530 945
530 954
531 538
531 567
531 656
531 659
531 673
531 774
531 850
531 909
531 948
531 973
531 983
532 604
532 681
532 725
532 769
532 772
532 815
532 835
532 958
532 977
532 985
533 541
533 660
533 718
533 752
533 774
533 859
533 869
533 876
533 975
534 646
534 691
534 731
534 905
534 913
534 991
535 624
535 687
535 717
535 743
535 781
535 790
535 973
536 548
536 602
536 663
536 688
536 762
536 768
536 803
536 820
536 877
536 932
536 937
536 988
536 1000
537 548
537 604
537 622
537 654
537 658
537 673
537 680
537 723
537 724
537 726
537 749
537 760
537 762
537 774
537 826
537 885
537 908
537 937
537 954
537 958
537 996
538 643
538 648
538 745
538 871
539 589
539 596
539 621
539 643
539 658
539 764
539 862
539 946
540 618
540 622
540 667
540 767
540 837
540 876
540 884
540 894
540 915
540 981
541 545
541 603
541 629
541 636
541 675
541 681
541 684
541 757
541 778
541 803
541 804
541 832
541 848
541 898
541 907
541 936
541 942
541 944
541 965
541 992
542 566
542 592
542 607
542 621
542 624
542 649
542 840
542 897
542 945
542 985
542 995
543 576
543 585
543 674
543 699
543 708
543 864
543 928
543 945
543 974
543 989
544 560
544 621
544 634
544 663
544 692
544 703
544 712
544 785
544 833
544 879
544 923
544 990
545 576
545 643
545 674
545 696
545 706
545 800
545 838
545 839
545 857
545 884
546 556
546 582
546 647
546 666
546 741
546 749
546 772
546 854
546 924
546 935
546 936
546 945
547 556
547 580
547 617
547 652
547 712
547 734
547 842
547 952
547 953
547 975
548 580
548 592
548 633
548 658
548 686
548 691
548 698
548 771
548 802
548 846
548 873
548 886
548 901
548 933
549 586
549 651
549 748
549 789
549 793
549 817
549 862
549 890
549 907
549 915
550 612
550 653
550 680
550 777
550 828
550 854
550 876
551 554
551 565
551 614
551 648
551 848
551 895
551 942
552 627
552 674
552 749
552 758
552 816
552 821
552 883
552 932
552 952
552 965
552 993
553 586
553 597
553 642
553 664
553 685
553 767
553 768
553 772
553 779
553 904
553 952
553 953
553 964
553 973
553 975
554 574
554 580
554 690
554 776
554 807
554 822
554 835
554 910
554 919
555 579
555 593
555 624
555 694
555 726
555 839
555 846
555 956
556 650
556 680
556 683
556 711
556 756
556 775
556 807
556 890
556 926
556 959
556 993
557 568
557 690
557 704
557 756
557 839
557 899
557 975
557 997
558 597
558 605
558 715
558 817
558 844
558 999
559 571
559 580
559 582
559 612
559 638
559 647
559 727
559 728
559 758
559 760
559 776
559 842
559 879
559 920
559 937
559 963
559 972
559 980
559 987
560 692
560 696
560 797
560 861
560 948
560 963
561 612
561 649
561 662
561 729
561 810
561 995
562 576
562 593
562 604
562 633
562 756
562 757
562 832
563 635
563 757
563 774
563 838
563 945
563 953
563 975
564 684
564 685
564 721
564 771
564 795
564 869
564 969
565 587
565 849
565 927
565 979
566 571
566 589
566 799
566 805
566 810
566 877
566 975
567 589
567 714
567 880
567 883
567 963
567 977
568 573
568 668
568 670
568 695
568 699
568 736
568 753
568 772
568 792
568 800
568 811
568 825
568 856
568 884
568 898
568 922
568 938
568 952
568 987
568 997
569 627
569 648
569 728
569 822
569 913
569 919
569 932
569 969
569 970
570 640
570 676
570 826
570 954
571 592
571 597
571 622
571 624
571 640
571 643
571 694
571 864
571 902
571 963
571 971
572 578
572 611
572 657
572 661
572 729
572 742
572 788
572 851
572 927
572 967
573 589
573 618
573 624
573 637
573 682
573 796
573 838
573 924
573 933
573 943
573 957
574 624
574 642
574 670
574 689
574 745
574 804
574 810
574 893
574 956
575 582
575 592
575 599
575 733
575 755
575 822
575 860
575 885
575 926
575 953
575 982
576 577
576 614
576 621
576 622
576 624
576 626
576 648
576 670
576 693
576 704
576 728
576 736
576 751
576 792
576 858
576 892
576 906
576 977
576 990
577 620
577 714
577 815
577 980
577 993
578 604
578 630
578 652
578 668
578 811
578 896
578 948
578 970
579 589
579 596
579 658
579 709
579 762
579 779
579 790
579 797
579 849
579 912
579 976
580 585
580 626
580 633
580 701
580 739
580 766
580 776
580 779
580 785
580 787
580 866
580 877
580 894
580 916
580 938
580 977
581 582
581 607
581 611
581 755
581 793
581 799
581 841
581 842
581 887
581 919
581 957
582 614
582 630
582 651
582 664
582 690
582 705
582 748
582 784
582 859
582 871
582 887
582 924
582 977
582 989
582 993
583 630
583 632
583 676
583 683
583 781
583 795
583 836
583 980
584 606
584 624
584 625
584 629
584 701
584 774
584 786
584 841
584 876
584 975
585 727
585 729
585 831
585 848
585 853
585 927
586 617
586 630
586 700
586 710
586 755
586 757
586 764
586 767
586 786
586 892
586 957
586 982
587 609
587 636
587 711
587 729
587 733
587 952
588 704
588 763
588 770
588 779
588 875
588 947
588 973
588 997
589 647
589 690
589 709
589 755
589 756
589 789
589 790
589 796
589 798
589 802
589 808
589 841
589 869
589 900
589 902
589 942
589 945
589 953
589 960
589 965
590 628
590 694
590 706
590 754
590 787
590 904
590 963
590 964
590 977
590 980
590 990
591 601
591 642
591 732
591 801
591 848
591 924
592 640
592 693
592 798
592 831
592 928
592 997
593 616
593 645
593 677
593 689
593 722
593 744
593 747
593 804
593 808
593 809
593 838
593 846
593 887
593 904
593 914
593 922
593 959
593 960
593 992
594 610
594 635
594 706
594 733
594 745
594 754
594 763
594 803
594 836
594 965
595 621
595 720
595 728
595 787
595 960
595 977
596 612
596 625
596 658
596 692
596 700
596 706
596 754
596 762
596 774
596 790
596 822
596 849
596 862
596 866
596 917
596 960
596 994
597 599
597 607
597 619
597 640
597 674
597 680
597 736
597 755
597 792
597 804
597 832
597 841
597 859
597 889
597 914
597 974
597 983
597 987
598 625
598 642
598 652
598 695
598 709
598 711
598 715
598 743
598 788
598 797
598 828
598 894
598 938
598 964
598 979
598 981
599 600
599 621
599 622
599 625
599 626
599 651
599 729
599 734
599 743
599 800
599 808
599 859
599 914
599 930
599 945
599 955
599 960
599 985
600 624
600 632
600 692
600 736
600 758
600 803
600 830
600 870
600 887
600 892
600 991
601 606
601 636
601 637
601 662
601 684
601 701
601 715
601 717
601 759
601 762
601 802
601 977
602 617
602 645
602 692
602 771
602 806
602 812
602 828
602 963
603 636
603 668
603 777
603 788
603 791
603 856
603 857
603 876
603 877
603 908
603 919
603 975
604 608
604 614
604 641
604 646
604 672
604 697
604 743
604 790
604 838
604 881
604 884
604 918
604 967
605 623
605 635
605 671
605 733
605 735
605 757
605 794
605 832
605 926
605 980
605 982
605 999
605 1000
606 745
606 793
606 815
606 821
606 839
606 966
607 613
607 639
607 651
607 679
607 695
607 900
607 928
608 640
608 643
608 723
608 869
608 927
608 956
609 614
609 654
609 672
609 692
609 703
609 733
609 751
609 821
609 917
609 923
610 739
610 798
610 963
611 620
611 636
611 716
611 758
611 784
611 791
611 826
612 622
612 652
612 656
612 662
612 688
612 689
612 701
612 740
612 771
612 810
612 836
612 837
612 879
612 895
612 968
613 840
614 632
614 646
614 715
614 794
614 796
614 801
614 854
614 865
614 867
614 910
614 951
614 969
614 987
615 668
615 703
615 706
615 732
615 800
615 804
615 903
615 964
616 625
616 640
616 641
616 749
616 776
616 800
616 846
616 859
616 890
616 970
617 630
617 876
617 884
617 918
617 975
618 668
618 729
618 754
618 797
618 861
619 706
619 839
620 627
620 644
620 658
620 692
620 721
620 730
620 749
620 784
620 812
620 864
620 903
620 915
620 999
621 624
621 627
621 640
621 661
621 716
621 776
621 805
621 809
621 858
621 926
621 981
621 983
621 984
622 624
622 633
622 657
622 663
622 685
622 735
622 825
622 847
622 852
622 854
622 858
622 971
623 647
623 688
623 690
623 701
623 755
623 773
623 784
623 799
623 820
623 839
623 851
623 891
623 906
623 909
623 940
623 953
623 976
624 631
624 672
624 676
624 681
624 694
624 697
624 732
624 750
624 774
624 844
624 847
624 875
624 876
624 892
624 910
624 927
624 937
624 983
624 985
625 668
625 705
625 736
625 749
625 775
625 796
625 863
625 878
625 915
625 933
625 942
625 974
625 996
625 997
626 656
626 688
626 737
626 761
626 815
626 837
626 873
626 907
626 955
626 960
627 630
627 638
627 675
627 734
627 751
627 760
627 831
627 848
627 913
627 934
627 999
628 648
628 704
629 644
629 650
629 667
629 725
629 752
629 767
629 777
629 786
629 904
629 921
629 953
629 978
629 983
630 650
630 681
630 691
630 693
630 762
630 794
630 827
630 846
630 878
630 888
630 910
630 917
630 948
630 953
631 681
631 737
631 749
631 787
631 792
631 814
631 829
631 888
631 899
631 920
631 944
631 987
632 736
632 834
632 884
632 895
632 910
632 974
633 643
633 679
633 683
633 750
633 896
633 938
633 949
634 687
634 702
634 766
634 786
634 795
634 821
634 859
634 887
634 942
634 952
635 719
635 733
635 739
635 751
635 754
635 756
635 765
635 827
635 849
635 903
635 926
635 938
636 663
636 738
636 739
636 794
636 799
636 855
636 864
636 876
636 907
636 928
636 934
636 940
636 952
636 955
636 971
636 975
636 988
636 992
637 704
637 709
637 719
637 723
637 726
637 733
637 735
637 748
637 756
637 765
637 776
637 794
637 822
637 931
638 678
638 682
638 754
638 783
638 798
638 964
638 965
638 976
638 997
639 672
639 743
639 749
639 778
639 819
639 945
639 982
640 713
640 852
640 857
640 893
640 951
640 968
641 650
641 681
641 690
641 706
641 708
641 729
641 747
641 748
641 759
641 764
641 783
641 789
641 868
641 919
641 967
642 679
642 749
642 919
642 924
642 991
643 649
643 666
643 695
643 718
643 732
643 746
643 764
643 778
643 811
643 815
643 826
643 896
643 906
643 934
643 956
643 957
643 975
643 999
644 741
644 754
644 782
644 838
644 931
644 948
644 988
645 704
645 759
645 780
645 838
645 894
645 947
646 649
646 655
646 656
646 709
646 717
646 743
646 760
646 799
646 810
646 879
646 898
646 910
646 918
647 659
647 708
647 749
647 757
647 794
647 797
647 839
647 840
647 841
647 842
647 890
647 899
647 924
647 936
647 976
647 984
647 991
648 663
648 685
648 776
648 828
648 850
648 872
648 890
648 891
648 904
648 923
648 953
648 1000
649 682
649 698
649 716
649 718
649 722
649 745
649 748
649 751
649 776
649 799
649 808
649 820
649 862
649 899
649 905
649 906
649 957
650 774
650 830
650 876
650 914
650 938
650 953
651 653
651 676
651 713
651 724
651 742
651 760
651 781
651 917
651 982
652 676
652 708
652 726
652 731
652 877
652 912
652 984
653 684
653 728
653 764
653 841
653 890
653 909
653 919
653 936
653 956
654 728
654 841
654 895
654 975
655 670
655 675
655 685
655 721
655 722
655 757
655 798
655 799
655 820
655 828
655 839
655 904
655 921
655 968
656 694
656 735
656 740
656 781
656 849
656 875
656 906
656 910
656 963
656 965
657 822
657 871
657 893
657 926
657 984
657 995
658 709
658 782
658 790
658 795
658 808
658 844
658 862
658 872
658 885
658 902
658 933
658 936
658 945
658 956
658 969
658 976
659 679
659 690
659 738
659 748
659 766
659 779
659 839
659 861
659 957
659 965
659 995
660 676
660 685
660 767
660 885
660 886
660 898
660 942
661 663
661 684
661 800
661 818
661 848
661 884
661 898
661 907
661 911
661 928
661 965
661 976
662 665
662 685
662 721
662 749
662 758
662 789
662 949
662 950
662 981
663 665
663 690
663 724
663 772
663 776
663 876
663 895
663 903
663 920
663 942
663 951
663 965
663 970
663 988
664 684
664 710
664 743
664 749
665 682
665 721
665 758
665 821
665 907
665 944
665 992
666 715
666 758
666 798
666 855
666 892
666 910
666 927
666 943
666 955
666 956
667 668
667 674
667 682
667 712
667 786
667 799
667 822
667 843
667 876
667 890
667 899
667 900
667 979
668 690
668 694
668 713
668 742
668 756
668 835
668 909
668 921
669 702
669 718
669 785
669 968
670 676
670 681
670 719
670 746
670 767
670 824
670 838
670 844
671 679
671 692
671 724
671 795
671 879
671 886
671 986
672 684
672 765
672 790
672 813
672 831
672 913
673 694
673 838
673 935
673 938
674 703
674 712
674 733
674 756
674 806
674 867
674 906
674 907
675 795
675 890
675 907
675 942
676 694
676 698
676 764
676 773
676 795
676 803
676 815
676 839
676 842
676 848
676 854
676 866
676 878
676 879
676 887
676 897
676 916
676 918
676 919
676 991
677 683
677 790
677 800
677 846
677 898
677 914
677 933
677 953
678 680
678 744
678 800
678 838
678 851
678 868
678 917
679 687
679 720
679 747
679 775
679 789
679 820
679 841
679 867
679 873
679 893
679 901
680 730
680 755
680 919
681 696
681 736
681 776
681 805
681 809
681 820
681 865
681 888
681 894
681 928
681 945
681 951
681 952
681 958
681 964
681 974
681 977
682 690
682 746
682 769
682 784
682 798
682 800
682 820
682 877
682 906
682 920
682 954
682 996
683 803
683 820
683 849
683 945
684 724
684 725
684 770
684 872
684 900
684 908
684 936
684 994
685 738
685 755
685 768
685 817
685 818
685 821
685 822
685 837
685 855
685 894
685 956
686 688
686 723
686 769
686 864
686 874
686 933
686 980
687 722
687 736
687 750
687 762
687 770
687 909
687 977
688 738
688 805
688 873
688 957
689 728
689 794
689 838
689 862
689 864
689 875
690 717
690 719
690 735
690 775
690 778
690 792
690 799
690 820
690 839
690 870
690 875
690 885
690 956
691 845
691 957
692 698
692 789
692 797
692 920
692 923
692 955
692 963
692 981
693 706
693 729
693 985
694 712
694 733
694 746
694 758
694 764
694 767
694 775
694 783
694 796
694 799
694 890
694 906
694 910
694 919
694 927
694 935
694 952
694 956
694 964
694 972
694 973
694 996
695 701
695 718
695 730
695 773
695 776
695 781
695 817
695 908
695 938
695 952
695 961
695 997
696 783
696 964
697 766
697 877
697 960
697 990
698 789
698 820
698 883
698 921
698 922
698 957
698 994
699 925
699 971
700 828
700 976
701 727
701 743
701 772
701 773
701 776
701 828
701 877
701 878
701 954
702 858
702 866
702 899
702 910
702 960
703 716
703 779
703 890
703 977
704 729
704 738
704 779
704 786
704 828
704 836
704 858
704 868
704 933
704 976
704 994
705 826
705 952
705 985
706 709
706 710
706 800
706 811
706 844
706 978
706 995
707 749
707 751
707 772
707 787
707 793
707 819
707 975
708 748
708 756
708 838
708 841
708 900
708 909
708 949
708 969
708 980
709 760
709 771
709 915
710 773
710 812
710 823
710 895
710 961
710 999
711 740
711 745
711 752
711 754
711 782
711 838
712 744
712 758
712 765
712 769
712 788
712 808
712 820
712 868
712 888
712 891
712 906
712 910
712 912
712 922
712 942
713 727
713 745
713 782
713 879
713 955
714 801
714 812
714 813
714 876
714 942
714 964
714 995
715 717
715 758
715 846
715 894
715 910
716 734
716 748
716 831
716 843
716 876
716 907
717 729
717 763
717 821
717 873
717 886
717 900
718 738
718 825
718 859
718 880
718 966
719 763
719 803
719 858
719 903
719 944
720 729
720 795
720 905
720 954
720 964
721 952
722 785
722 800
722 880
722 949
722 997
723 739
723 774
723 862
723 909
723 913
724 740
724 761
724 829
724 838
724 915
724 929
724 936
724 953
725 800
725 915
725 938
725 973
725 974
726 733
726 745
726 756
726 762
726 793
726 845
726 848
726 906
726 999
727 744
727 770
727 777
727 799
727 815
727 847
727 864
727 894
728 738
728 741
728 767
728 784
728 838
728 873
729 778
729 784
729 810
729 816
729 821
729 853
729 863
729 869
729 929
729 956
729 979
730 760
730 810
730 846
730 915
730 936
730 997
731 756
731 797
731 799
731 861
731 957
731 999
732 758
732 760
732 762
732 798
732 820
732 879
732 929
732 930
732 964
733 739
733 765
733 794
733 827
733 832
733 861
733 870
733 940
733 954
733 982
733 995
734 786
734 807
734 812
734 941
734 982
734 983
735 755
735 799
735 802
735 827
735 876
735 928
735 982
737 778
737 880
737 951
737 964
737 997
738 745
738 855
738 865
738 873
738 920
738 937
739 745
739 757
739 871
739 885
739 916
739 989
740 925
740 974
740 992
741 820
741 846
741 861
741 876
741 964
742 744
742 766
742 769
742 806
742 820
742 857
742 893
742 924
743 761
743 776
743 781
743 807
743 837
743 855
743 910
743 913
743 928
743 958
743 981
744 753
744 764
744 769
744 839
744 841
744 872
744 907
744 945
744 972
745 785
745 794
745 833
745 842
745 854
745 855
745 879
745 885
745 888
745 967
745 975
746 783
746 800
746 899
746 910
747 754
747 756
747 881
747 888
747 936
747 951
748 764
748 787
748 790
748 805
748 842
748 884
748 887
748 890
748 917
748 926
748 929
748 948
748 951
748 972
748 973
749 760
749 779
749 813
749 836
749 843
749 846
749 853
749 878
749 905
749 910
749 915
749 933
749 951
749 985
749 997
750 792
750 982
751 780
751 781
751 876
751 895
751 896
751 919
752 765
752 767
752 791
752 800
752 975
753 769
753 774
753 785
753 802
753 957
753 991
754 862
754 933
754 996
755 758
755 909
755 939
756 757
756 833
756 846
756 885
756 906
756 926
756 941
756 952
756 982
757 759
757 769
757 807
757 842
757 879
757 882
757 885
757 926
757 967
757 982
757 997
758 766
758 778
758 799
758 820
758 906
758 966
759 996
760 781
760 783
760 824
760 840
760 847
760 863
760 886
760 943
760 983
760 993
760 996
760 997
761 843
761 861
761 931
762 782
762 806
762 833
762 843
762 858
762 871
762 882
762 920
762 933
762 964
762 995
762 996
763 769
763 774
763 788
763 790
763 818
763 829
763 858
763 910
764 789
764 793
764 822
764 840
764 848
764 849
764 854
764 876
764 881
764 887
764 976
764 991
764 993
765 848
765 885
765 902
765 904
765 982
765 989
766 773
766 792
766 805
766 827
766 856
766 860
766 905
767 812
767 832
767 868
767 884
767 902
767 923
767 962
767 975
768 826
768 942
768 952
768 957
768 979
769 787
769 835
769 852
769 872
769 985
769 991
770 810
770 815
770 827
770 829
770 856
770 987
771 826
771 842
772 799
772 802
772 827
772 879
772 907
772 919
772 947
772 965
773 821
773 840
773 846
773 921
773 929
773 943
773 995
774 874
774 896
774 903
774 926
774 945
774 950
774 975
775 796
775 891
775 944
776 779
776 781
776 790
776 805
776 817
776 820
776 902
776 913
776 938
776 949
776 975
777 829
777 832
777 835
777 838
777 840
777 939
777 945
777 964
778 799
778 877
778 889
778 928
778 944
779 854
779 866
780 791
780 822
780 877
780 890
780 899
780 913
780 935
780 955
780 970
780 979
781 807
781 883
781 927
781 959
781 981
782 826
782 827
782 865
782 866
782 895
782 899
782 903
782 904
782 939
782 951
782 992
783 872
783 940
783 948
783 950
783 999
784 795
785 787
785 793
785 800
785 818
785 839
785 877
785 898
785 915
785 982
785 993
786 876
786 883
786 953
786 960
786 975
786 978
786 983
786 992
787 928
787 955
788 825
788 917
789 800
789 837
789 868
789 919
789 964
789 973
789 995
790 813
790 819
790 860
790 862
790 888
790 904
790 936
790 976
791 799
791 808
791 839
791 877
791 896
791 984
791 986
792 820
792 826
792 921
792 929
792 954
792 955
792 996
793 802
793 842
793 899
793 957
793 965
794 804
794 890
794 897
794 979
795 843
795 871
796 810
796 815
796 846
796 860
796 887
796 919
796 976
796 993
797 853
797 923
797 946
797 963
798 820
798 829
798 837
798 842
798 867
798 883
798 892
798 898
798 904
798 937
799 802
799 806
799 820
799 886
799 904
799 915
799 954
799 956
799 991
800 803
800 823
800 824
800 932
800 958
802 812
802 902
802 935
803 827
803 840
803 842
803 865
803 889
803 903
803 965
803 968
803 977
804 879
804 885
804 890
804 905
804 920
805 857
805 964
806 887
806 951
806 986
807 877
807 894
807 964
808 833
808 873
808 945
808 956
808 989
808 996
809 852
809 863
810 891
810 919
810 921
810 927
810 945
810 955
810 961
810 963
810 981
810 990
811 839
812 843
812 851
812 868
812 894
812 912
812 919
812 945
812 964
812 975
812 982
813 860
813 964
813 979
814 968
814 977
815 833
815 835
815 873
816 822
816 860
816 911
816 978
817 860
817 887
817 920
817 933
817 968
817 990
818 821
818 935
818 948
819 832
819 833
819 869
819 885
819 898
819 905
819 960
819 980
820 822
820 826
820 879
820 883
820 886
820 906
820 936
820 957
821 878
821 951
822 826
822 833
822 851
822 861
822 867
822 876
822 887
822 893
822 895
822 909
822 911
822 912
822 920
822 923
822 935
822 945
822 963
823 888
823 965
824 871
824 873
824 892
824 976
825 846
825 872
825 899
825 975
826 847
826 885
826 888
826 934
826 953
826 962
826 998
827 942
827 965
828 876
828 891
828 893
828 918
828 932
828 935
828 955
828 966
828 978
829 860
829 901
829 904
829 951
829 992
830 982
831 877
832 887
832 907
832 939
832 983
833 839
833 906
833 914
833 925
833 960
834 943
834 945
834 969
835 841
835 955
836 988
838 852
838 866
838 871
838 877
838 916
838 922
838 927
838 942
838 990
839 873
839 896
839 906
839 912
839 954
839 970
839 976
840 859
840 898
840 907
840 917
841 887
841 902
842 880
842 897
842 983
842 993
843 872
843 915
843 922
843 997
844 901
845 895
845 899
845 936
846 863
846 872
846 877
846 878
846 906
846 915
846 997
848 906
848 942
849 859
849 951
849 974
851 865
851 894
851 899
851 996
853 905
853 933
853 968
854 913
854 919
855 959
855 994
855 998
856 864
856 898
856 899
856 901
856 997
857 897
857 929
857 975
857 990
858 864
858 927
858 957
858 993
860 926
860 928
861 989
862 939
862 952
862 960
863 932
863 938
863 978
863 982
864 951
865 928
865 949
865 967
865 997
866 983
867 873
867 907
867 991
867 996
868 886
868 952
868 980
869 955
870 947
870 951
870 968
871 963
871 964
872 975
872 993
872 999
873 874
873 879
873 894
873 898
873 948
873 965
873 969
873 993
874 876
874 923
874 966
875 939
875 945
875 991
876 888
876 975
876 978
877 904
877 957
877 984
878 895
878 902
879 945
879 954
879 964
879 998
880 899
880 965
880 997
881 910
881 956
882 906
882 930
882 934
883 948
883 972
883 978
884 910
884 953
885 982
886 915
887 888
887 936
887 948
888 895
888 911
888 912
888 920
890 897
890 917
890 948
892 903
892 953
892 957
893 901
893 948
894 925
894 946
894 959
894 980
895 948
895 949
895 976
896 901
896 945
896 955
897 919
897 945
897 948
897 984
897 995
899 967
900 933
901 955
902 922
902 953
903 907
903 916
903 934
903 942
903 965
903 980
904 956
905 938
905 945
905 971
906 976
906 994
907 911
908 951
909 910
909 911
909 945
909 951
909 990
910 912
910 914
910 958
911 934
911 951
911 952
913 926
913 927
913 940
914 941
914 997
914 1000
915 993
916 917
917 929
917 940
918 945
919 923
919 929
919 935
919 936
919 959
919 985
920 937
920 943
920 961
920 974
920 980
924 944
924 951
924 991
925 967
926 955
926 962
926 979
927 933
927 970
927 980
927 995
930 963
930 999
931 976
931 980
932 953
932 958
932 993
933 939
933 944
935 971
935 996
936 948
936 996
937 943
940 956
940 997
940 998
941 989
942 947
942 962
942 965
942 992
943 962
945 951
945 969
946 955
946 976
947 965
948 955
948 959
948 970
948 983
948 989
949 966
949 978
950 996
951 975
951 986
951 998
951 1000
952 967
952 993
953 975
954 955
954 969
955 984
957 986
957 992
958 992
959 966
960 976
960 997
962 988
964 996
964 998
966 968
971 979
973 983
973 997
975 978
976 977
976 982
976 987
980 992
983 988
983 990
983 994
984 996
986 990
988 994
993 997
