# LFR benchmark graph: regime=B mu=0.6 realization=4
# undirected, unweighted; 1-based node ids; each edge listed once.
1 18
1 94
1 96
1 122
1 206
1 232
1 244
1 343
1 361
1 368
1 372
1 408
1 443
1 542
1 553
1 608
1 672
1 677
1 697
1 721
1 769
1 832
1 862
1 865
1 948
1 950
1 994
2 30
2 31
2 75
2 160
2 161
2 178
2 187
2 334
2 348
2 350
2 375
2 462
2 541
2 615
2 634
2 716
2 954
2 986
3 21
3 29
3 51
3 69
3 74
3 82
3 94
3 136
3 137
3 147
3 149
3 181
3 198
3 234
3 279
3 298
3 299
3 358
3 410
3 433
3 441
3 464
3 492
3 493
3 515
3 516
3 520
3 526
3 585
3 672
3 696
3 713
3 731
3 732
3 769
3 795
3 828
3 851
3 854
3 862
3 897
3 913
3 938
3 950
4 31
4 73
4 96
4 99
4 107
4 115
4 122
4 126
4 132
4 157
4 248
4 255
4 260
4 300
4 318
4 329
4 356
4 359
4 388
4 533
4 567
4 569
4 610
4 619
4 635
4 643
4 657
4 733
4 777
4 834
4 900
4 915
5 38
5 93
5 192
5 246
5 301
5 337
5 351
5 380
5 432
5 445
5 477
5 521
5 528
5 656
5 692
5 751
5 767
5 807
5 813
5 815
5 864
5 891
5 900
5 934
5 957
6 30
6 64
6 81
6 134
6 148
6 298
6 304
6 314
6 378
6 405
6 406
6 458
6 548
6 589
6 629
6 670
6 866
6 957
7 26
7 30
7 44
7 68
7 70
7 102
7 115
7 132
7 283
7 297
7 343
7 393
7 395
7 397
7 427
7 438
7 483
7 516
7 541
7 544
7 571
7 629
7 636
7 647
7 649
7 705
7 737
7 750
7 797
7 862
7 979
8 50
8 77
8 106
8 254
8 322
8 600
8 620
8 621
8 665
8 667
8 675
8 680
8 689
8 710
8 745
8 797
8 843
8 853
8 871
8 875
8 895
8 928
8 954
9 146
9 182
9 222
9 226
9 240
9 299
9 327
9 340
9 342
9 348
9 388
9 474
9 516
9 526
9 590
9 740
9 801
9 833
9 847
9 856
9 902
9 914
9 980
10 113
10 134
10 144
10 164
10 245
10 274
10 393
10 436
10 644
10 798
11 47
11 144
11 200
11 217
11 250
11 275
11 455
11 492
11 553
11 618
11 647
11 662
11 681
11 811
11 838
11 852
11 895
11 973
11 999
12 130
12 167
12 193
12 451
12 563
12 564
12 649
12 693
12 719
12 761
12 877
12 999
13 166
13 272
13 306
13 310
13 474
13 730
13 731
13 751
13 844
13 857
13 914
14 29
14 41
14 51
14 87
14 95
14 112
14 204
14 216
14 217
14 254
14 255
14 290
14 294
14 301
14 314
14 338
14 491
14 500
14 515
14 528
14 530
14 553
14 627
14 631
14 691
14 692
14 732
14 783
14 793
14 828
14 854
14 869
14 964
14 995
14 996
15 70
15 73
15 154
15 218
15 285
15 307
15 309
15 314
15 465
15 535
15 676
15 769
15 843
16 78
16 96
16 133
16 153
16 224
16 244
16 251
16 286
16 298
16 317
16 372
16 380
16 533
16 535
16 634
16 657
16 683
16 707
16 732
16 739
16 740
16 777
16 783
16 818
16 845
16 851
16 914
17 98
17 133
17 187
17 240
17 360
17 413
17 474
17 563
17 615
17 617
17 749
17 762
17 934
17 940
17 965
18 34
18 76
18 114
18 135
18 173
18 175
18 208
18 288
18 429
18 432
18 477
18 486
18 491
18 557
18 596
18 614
18 675
18 708
18 742
18 785
18 818
18 821
18 832
18 858
18 873
18 897
18 927
18 957
18 961
18 974
18 997
19 51
19 160
19 194
19 201
19 296
19 304
19 477
19 643
19 683
19 737
19 923
19 985
20 102
20 105
20 255
20 266
20 312
20 325
20 339
20 356
20 396
20 405
20 435
20 442
20 510
20 511
20 559
20 574
20 585
20 702
20 705
20 749
20 818
20 826
20 877
20 907
20 916
20 954
20 972
21 29
21 51
21 137
21 146
21 275
21 278
21 279
21 316
21 380
21 406
21 459
21 516
21 527
21 550
21 652
21 697
21 706
21 909
21 958
22 31
22 37
22 44
22 49
22 54
22 91
22 130
22 135
22 219
22 224
22 252
22 267
22 402
22 404
22 438
22 476
22 483
22 511
22 541
22 553
22 563
22 569
22 574
22 608
22 615
22 679
22 681
22 694
22 721
22 888
22 913
22 958
22 972
22 992
22 1000
23 30
23 65
23 109
23 124
23 149
23 187
23 193
23 208
23 260
23 345
23 350
23 351
23 380
23 480
23 490
23 495
23 544
23 545
23 559
23 577
23 581
23 583
23 647
23 715
23 750
23 751
23 760
23 795
23 816
23 881
23 914
23 927
23 944
23 1000
24 30
24 55
24 56
24 148
24 156
24 167
24 190
24 368
24 375
24 400
24 408
24 474
24 527
24 532
24 547
24 554
24 571
24 692
24 787
24 914
24 950
25 68
25 97
25 167
25 189
25 203
25 207
25 249
25 304
25 345
25 375
25 477
25 511
25 582
25 653
25 672
25 673
25 895
25 959
26 48
26 52
26 75
26 133
26 138
26 177
26 222
26 239
26 244
26 347
26 368
26 374
26 397
26 401
26 407
26 420
26 437
26 443
26 469
26 495
26 496
26 521
26 528
26 529
26 546
26 636
26 660
26 667
26 680
26 720
26 738
26 776
26 802
26 804
26 810
26 813
26 826
26 851
26 859
26 870
26 902
26 941
26 947
26 950
27 51
27 64
27 69
27 86
27 136
27 264
27 335
27 346
27 441
27 545
27 598
27 636
27 661
27 675
27 711
27 714
27 756
27 881
28 92
28 132
28 186
28 235
28 268
28 396
28 400
28 522
28 553
28 594
28 727
28 791
28 850
28 992
29 41
29 69
29 143
29 147
29 266
29 279
29 377
29 414
29 441
29 516
29 525
29 585
29 596
29 641
29 688
29 696
29 726
29 764
29 777
29 782
29 804
29 820
29 826
29 905
29 922
29 947
29 956
29 988
30 40
30 73
30 83
30 97
30 101
30 134
30 149
30 170
30 256
30 284
30 338
30 361
30 421
30 434
30 495
30 516
30 529
30 533
30 540
30 554
30 593
30 603
30 621
30 631
30 662
30 677
30 681
30 758
30 779
30 795
30 800
30 846
30 853
30 963
30 965
30 996
31 81
31 97
31 308
31 333
31 347
31 398
31 426
31 492
31 615
31 619
31 769
31 810
31 932
31 969
31 981
32 133
32 295
32 314
32 437
32 444
32 490
32 493
32 634
32 643
32 796
32 797
32 862
32 878
32 888
32 915
32 934
32 950
32 965
32 995
33 195
33 313
33 318
33 329
33 373
33 398
33 491
33 541
33 560
33 668
33 879
33 914
33 927
33 941
34 50
34 84
34 87
34 91
34 134
34 268
34 313
34 468
34 492
34 493
34 511
34 515
34 525
34 527
34 538
34 578
34 588
34 617
34 691
34 782
34 810
34 937
34 978
34 998
35 48
35 106
35 126
35 149
35 183
35 221
35 234
35 236
35 345
35 366
35 464
35 472
35 504
35 517
35 528
35 601
35 620
35 630
35 820
35 825
35 827
35 856
35 880
35 883
35 908
35 943
35 954
35 978
36 57
36 113
36 130
36 160
36 165
36 168
36 177
36 279
36 282
36 350
36 365
36 506
36 560
36 595
36 748
36 760
36 834
36 920
37 39
37 66
37 67
37 172
37 203
37 210
37 254
37 319
37 416
37 428
37 482
37 507
37 512
37 531
37 532
37 549
37 554
37 560
37 566
37 604
37 647
37 663
37 670
37 688
37 710
37 713
37 768
37 823
37 829
37 844
37 855
37 873
37 897
37 904
37 946
37 975
37 989
37 992
38 76
38 133
38 134
38 166
38 284
38 291
38 376
38 402
38 483
38 513
38 569
38 574
38 578
38 710
38 753
38 772
38 779
38 859
38 860
38 970
39 51
39 85
39 94
39 150
39 221
39 299
39 308
39 368
39 408
39 413
39 439
39 563
39 651
39 653
39 747
39 792
39 826
39 888
40 61
40 97
40 135
40 163
40 187
40 198
40 240
40 286
40 327
40 328
40 360
40 419
40 424
40 448
40 454
40 469
40 528
40 529
40 543
40 546
40 564
40 601
40 610
40 650
40 693
40 781
40 818
40 822
40 847
40 856
40 912
40 960
40 982
41 43
41 134
41 144
41 176
41 242
41 286
41 299
41 307
41 320
41 365
41 380
41 397
41 435
41 490
41 499
41 501
41 511
41 528
41 569
41 584
41 600
41 612
41 656
41 783
41 839
41 961
41 973
41 976
41 977
42 52
42 101
42 106
42 121
42 127
42 159
42 295
42 319
42 397
42 399
42 406
42 417
42 443
42 468
42 489
42 511
42 546
42 569
42 681
42 682
42 713
42 765
42 818
42 864
42 898
42 933
42 970
43 50
43 70
43 112
43 146
43 159
43 186
43 228
43 243
43 248
43 278
43 290
43 313
43 358
43 410
43 433
43 437
43 457
43 494
43 496
43 501
43 504
43 515
43 524
43 527
43 528
43 537
43 547
43 553
43 555
43 559
43 572
43 682
43 702
43 741
43 754
43 786
43 793
43 828
43 837
43 841
43 895
43 909
43 910
43 914
43 920
43 930
43 931
43 948
43 953
43 959
43 971
43 977
44 56
44 65
44 145
44 161
44 187
44 304
44 314
44 423
44 459
44 607
44 844
44 897
44 951
44 958
45 78
45 106
45 131
45 173
45 186
45 237
45 375
45 474
45 549
45 564
45 566
45 588
45 604
45 665
45 777
45 817
45 872
45 881
45 884
45 895
45 947
45 989
46 139
46 265
46 305
46 318
46 322
46 344
46 375
46 467
46 513
46 622
46 770
46 824
46 861
46 862
46 923
47 56
47 74
47 132
47 170
47 264
47 393
47 398
47 432
47 457
47 483
47 490
47 607
47 709
47 792
47 803
47 875
48 64
48 184
48 263
48 264
48 339
48 417
48 566
48 638
48 837
48 850
48 860
48 877
48 914
49 107
49 153
49 202
49 211
49 225
49 232
49 234
49 244
49 261
49 287
49 329
49 340
49 408
49 439
49 460
49 523
49 547
49 548
49 586
49 656
49 724
49 788
49 801
49 838
49 934
49 956
49 980
50 71
50 73
50 101
50 112
50 124
50 192
50 313
50 323
50 369
50 372
50 387
50 439
50 458
50 474
50 477
50 485
50 511
50 537
50 555
50 632
50 761
50 766
50 829
50 843
50 878
50 961
50 967
50 995
50 999
51 69
51 82
51 86
51 88
51 92
51 98
51 115
51 117
51 136
51 137
51 139
51 147
51 148
51 165
51 223
51 268
51 276
51 279
51 286
51 313
51 401
51 441
51 453
51 461
51 475
51 490
51 504
51 516
51 520
51 548
51 563
51 572
51 598
51 619
51 632
51 692
51 696
51 714
51 717
51 726
51 732
51 735
51 774
51 775
51 794
51 818
51 826
51 827
51 838
51 896
51 904
51 913
51 944
51 979
51 981
52 67
52 93
52 222
52 294
52 304
52 312
52 334
52 346
52 397
52 480
52 545
52 587
52 669
52 696
52 704
52 744
52 819
52 823
52 836
52 886
52 907
52 929
52 946
52 965
53 74
53 75
53 91
53 130
53 142
53 172
53 248
53 326
53 344
53 359
53 375
53 417
53 431
53 438
53 547
53 551
53 552
53 554
53 687
53 691
53 694
53 709
53 740
53 768
53 776
53 798
53 842
53 864
53 929
53 959
53 961
54 108
54 185
54 293
54 314
54 408
54 411
54 518
54 592
54 667
54 958
55 136
55 226
55 273
55 299
55 302
55 318
55 391
55 547
55 559
55 585
55 607
55 657
55 694
55 734
55 770
55 801
55 837
55 866
55 883
55 948
55 984
56 71
56 132
56 138
56 224
56 233
56 268
56 323
56 340
56 363
56 378
56 478
56 529
56 534
56 647
56 656
56 661
56 703
56 772
56 797
56 869
56 926
56 935
57 149
57 177
57 193
57 226
57 296
57 318
57 332
57 339
57 411
57 463
57 521
57 560
57 582
57 681
57 692
57 758
57 794
57 822
57 864
57 930
57 958
58 78
58 274
58 306
58 321
58 466
58 476
58 544
58 566
58 585
58 592
58 622
58 624
58 757
58 768
58 807
58 904
58 994
58 996
59 186
59 207
59 216
59 238
59 304
59 317
59 340
59 432
59 437
59 460
59 517
59 529
59 580
59 590
59 618
59 658
59 670
59 691
59 692
59 740
59 781
59 853
59 867
59 871
59 914
59 927
59 938
59 945
59 959
60 77
60 165
60 210
60 242
60 298
60 302
60 367
60 431
60 463
60 508
60 525
60 564
60 577
60 615
60 627
60 662
60 666
60 715
60 888
60 963
60 979
60 999
61 138
61 260
61 397
61 460
61 549
61 553
61 588
61 688
61 866
61 962
62 87
62 89
62 134
62 316
62 376
62 474
62 492
62 622
62 648
62 661
62 924
62 951
62 957
62 997
63 106
63 145
63 158
63 167
63 214
63 228
63 269
63 308
63 372
63 426
63 451
63 508
63 544
63 579
63 704
63 729
63 742
63 748
63 754
63 770
63 826
63 850
63 888
63 905
63 947
63 957
63 963
64 161
64 195
64 244
64 356
64 443
64 455
64 460
64 529
64 543
64 574
64 600
64 662
64 801
64 829
64 868
64 869
64 886
64 937
64 975
65 151
65 177
65 205
65 212
65 220
65 230
65 272
65 457
65 474
65 507
65 539
65 638
65 639
65 674
65 711
65 713
65 752
65 758
65 930
65 965
65 986
66 112
66 170
66 285
66 286
66 334
66 377
66 412
66 439
66 500
66 501
66 528
66 564
66 726
66 744
66 807
66 895
66 940
66 980
67 89
67 100
67 139
67 153
67 175
67 283
67 344
67 567
67 640
67 662
67 752
67 764
67 816
67 934
68 254
68 286
68 377
68 393
68 431
68 529
68 569
68 570
68 660
68 772
68 815
68 836
68 891
68 905
68 912
69 82
69 101
69 118
69 137
69 144
69 147
69 329
69 343
69 397
69 441
69 516
69 645
69 667
69 714
69 726
69 832
69 840
70 127
70 132
70 146
70 152
70 196
70 208
70 298
70 302
70 318
70 326
70 455
70 460
70 531
70 550
70 560
70 569
70 590
70 593
70 658
70 683
70 687
70 693
70 764
70 772
70 794
70 801
70 805
70 819
70 837
70 839
70 840
70 841
70 850
70 875
70 890
70 922
70 964
70 971
71 105
71 133
71 134
71 176
71 225
71 242
71 248
71 253
71 286
71 345
71 380
71 405
71 418
71 484
71 504
71 527
71 528
71 585
71 587
71 610
71 640
71 694
71 706
71 788
71 904
72 148
72 153
72 179
72 194
72 207
72 348
72 375
72 513
72 529
72 578
72 631
72 646
72 672
72 798
72 802
72 804
72 883
73 148
73 154
73 175
73 206
73 229
73 263
73 310
73 337
73 340
73 364
73 430
73 436
73 447
73 451
73 464
73 500
73 504
73 506
73 523
73 549
73 581
73 647
73 750
73 762
73 773
73 788
73 794
73 839
73 855
73 913
73 929
73 943
73 951
73 969
73 971
74 215
74 228
74 289
74 291
74 317
74 323
74 345
74 432
74 456
74 474
74 519
74 545
74 630
74 671
74 743
74 945
74 950
75 76
75 97
75 123
75 126
75 188
75 212
75 213
75 254
75 268
75 274
75 280
75 292
75 298
75 328
75 344
75 436
75 489
75 521
75 531
75 536
75 548
75 578
75 600
75 608
75 636
75 716
75 740
75 764
75 769
75 792
75 804
75 824
75 846
75 891
75 926
75 945
75 971
75 972
76 84
76 97
76 237
76 265
76 267
76 308
76 351
76 413
76 464
76 505
76 539
76 542
76 548
76 552
76 554
76 845
76 864
76 897
76 898
76 921
77 81
77 149
77 159
77 175
77 177
77 193
77 208
77 268
77 295
77 333
77 359
77 379
77 407
77 555
77 564
77 592
77 596
77 612
77 655
77 729
77 749
77 811
77 822
77 918
77 954
78 91
78 103
78 140
78 202
78 218
78 260
78 282
78 304
78 370
78 464
78 476
78 492
78 530
78 605
78 608
78 613
78 615
78 717
78 951
78 962
79 88
79 94
79 95
79 103
79 166
79 178
79 238
79 328
79 340
79 342
79 376
79 380
79 385
79 393
79 477
79 588
79 638
79 957
80 92
80 100
80 151
80 195
80 258
80 351
80 411
80 512
80 514
80 530
80 554
80 560
80 566
80 697
80 860
80 891
80 917
80 959
80 984
81 138
81 157
81 164
81 188
81 201
81 245
81 252
81 268
81 282
81 289
81 300
81 343
81 345
81 354
81 359
81 416
81 428
81 559
81 564
81 589
81 599
81 609
81 625
81 637
81 650
81 663
81 671
81 683
81 697
81 699
81 715
81 732
81 766
81 771
81 798
81 815
81 852
81 870
81 898
81 910
81 984
81 992
82 106
82 110
82 137
82 149
82 166
82 170
82 175
82 397
82 413
82 437
82 566
82 569
82 629
82 655
82 674
82 759
82 781
82 806
82 934
83 117
83 166
83 168
83 190
83 205
83 237
83 254
83 272
83 321
83 381
83 464
83 471
83 472
83 550
83 590
83 615
83 628
83 674
83 699
83 707
83 744
83 798
83 830
83 840
83 888
83 898
83 915
83 919
83 934
83 949
83 966
83 980
83 981
83 1000
84 133
84 137
84 166
84 199
84 254
84 319
84 335
84 355
84 401
84 432
84 521
84 632
84 634
84 667
84 688
84 746
84 874
84 963
84 987
85 257
85 276
85 282
85 334
85 353
85 359
85 474
85 619
85 707
85 739
85 777
85 778
85 787
85 793
85 807
85 934
86 133
86 136
86 137
86 147
86 190
86 203
86 260
86 271
86 328
86 344
86 421
86 481
86 520
86 522
86 546
86 566
86 575
86 644
86 675
86 726
86 812
86 826
86 886
86 922
86 982
87 125
87 146
87 188
87 242
87 243
87 286
87 306
87 469
87 478
87 531
87 552
87 566
87 620
87 622
87 633
87 640
87 703
87 830
87 857
87 935
87 936
87 957
87 995
88 130
88 136
88 207
88 318
88 359
88 378
88 382
88 450
88 456
88 813
88 825
88 827
88 868
88 890
88 895
88 905
88 1000
89 189
89 193
89 408
89 496
89 498
89 510
89 568
89 610
89 626
89 638
89 658
89 716
89 787
89 823
89 947
90 313
90 351
90 400
90 457
90 512
90 518
90 562
90 607
90 647
90 690
90 714
90 719
90 782
90 797
90 807
90 811
90 900
90 983
91 102
91 103
91 124
91 139
91 213
91 220
91 256
91 262
91 318
91 325
91 337
91 358
91 365
91 412
91 456
91 467
91 487
91 503
91 512
91 555
91 574
91 575
91 627
91 657
91 660
91 713
91 736
91 749
91 761
91 819
91 840
91 845
91 854
91 934
92 199
92 213
92 348
92 391
92 397
92 424
92 431
92 432
92 435
92 490
92 513
92 541
92 585
92 614
92 733
92 818
92 841
92 843
92 905
92 942
93 116
93 119
93 120
93 124
93 137
93 168
93 217
93 244
93 285
93 296
93 304
93 315
93 325
93 412
93 429
93 437
93 506
93 509
93 561
93 580
93 593
93 610
93 657
93 673
93 734
93 764
93 797
93 819
93 826
93 891
93 915
93 935
94 131
94 146
94 203
94 228
94 237
94 316
94 357
94 408
94 437
94 455
94 477
94 489
94 499
94 515
94 524
94 528
94 553
94 632
94 689
94 698
94 731
94 749
94 755
94 776
94 817
94 821
94 828
94 830
94 837
94 857
94 870
94 929
94 934
94 961
94 995
95 153
95 165
95 169
95 194
95 226
95 237
95 283
95 329
95 349
95 352
95 359
95 369
95 383
95 414
95 430
95 439
95 478
95 549
95 568
95 577
95 697
95 736
95 740
95 764
95 766
95 872
95 880
95 948
95 955
95 967
95 973
95 992
96 97
96 149
96 189
96 357
96 383
96 412
96 435
96 450
96 619
96 627
96 637
96 638
96 703
96 704
96 760
96 794
96 854
96 857
96 879
96 884
96 935
96 942
96 957
96 984
97 153
97 177
97 215
97 218
97 244
97 270
97 324
97 347
97 359
97 462
97 505
97 569
97 577
97 710
97 802
97 975
98 126
98 128
98 179
98 193
98 228
98 338
98 342
98 396
98 407
98 412
98 417
98 439
98 569
98 628
98 668
98 673
98 702
98 727
98 728
98 771
98 811
98 828
98 837
98 894
98 924
98 926
98 945
98 963
98 976
98 992
99 102
99 108
99 134
99 179
99 196
99 199
99 205
99 255
99 314
99 340
99 350
99 356
99 358
99 378
99 395
99 402
99 408
99 470
99 522
99 540
99 555
99 575
99 635
99 666
99 677
99 734
99 780
99 781
99 839
99 870
99 875
99 925
100 155
100 166
100 170
100 213
100 226
100 227
100 259
100 273
100 287
100 328
100 360
100 398
100 416
100 437
100 444
100 510
100 561
100 568
100 585
100 600
100 619
100 658
100 712
100 728
100 816
100 856
100 908
100 941
100 979
101 207
101 417
101 509
101 511
101 690
101 715
101 765
101 827
101 924
101 930
101 934
101 970
101 982
102 157
102 253
102 254
102 255
102 283
102 299
102 302
102 334
102 339
102 351
102 372
102 536
102 657
102 761
102 788
102 796
102 807
102 826
102 869
102 965
103 164
103 187
103 211
103 252
103 255
103 396
103 398
103 403
103 435
103 489
103 567
103 662
103 667
103 680
103 691
103 692
103 724
103 843
103 869
103 889
103 901
103 920
103 938
104 108
104 113
104 159
104 164
104 211
104 220
104 242
104 302
104 303
104 408
104 494
104 519
104 577
104 602
104 704
104 749
104 765
104 913
105 131
105 133
105 187
105 389
105 398
105 411
105 527
105 567
105 636
105 676
105 749
105 781
105 827
105 838
105 857
106 112
106 130
106 135
106 173
106 176
106 186
106 256
106 272
106 277
106 278
106 305
106 334
106 335
106 351
106 380
106 383
106 445
106 446
106 470
106 482
106 488
106 582
106 595
106 609
106 613
106 617
106 619
106 620
106 623
106 653
106 657
106 658
106 665
106 711
106 731
106 770
106 771
106 804
106 829
106 835
106 839
106 869
106 879
106 884
106 895
106 911
106 942
106 954
106 985
106 995
107 108
107 129
107 176
107 191
107 202
107 267
107 323
107 358
107 397
107 429
107 502
107 519
107 555
107 585
107 641
107 657
107 710
107 717
107 719
107 776
107 802
107 952
107 981
108 136
108 140
108 176
108 204
108 224
108 227
108 276
108 358
108 443
108 484
108 568
108 615
108 617
108 627
108 672
108 716
108 794
108 804
108 875
108 947
108 1000
109 137
109 249
109 270
109 518
109 533
109 585
109 606
109 624
109 647
109 714
109 811
109 838
109 917
109 950
109 981
109 982
109 986
109 992
110 255
110 342
110 436
110 439
110 448
110 518
110 585
110 628
110 643
110 657
110 749
110 798
110 807
110 838
110 862
110 886
110 995
111 149
111 183
111 486
111 546
111 560
111 596
111 652
111 737
111 813
111 868
112 155
112 186
112 224
112 270
112 281
112 314
112 330
112 332
112 384
112 408
112 426
112 430
112 461
112 478
112 512
112 588
112 589
112 606
112 614
112 644
112 732
112 752
112 758
112 799
112 802
112 818
112 839
112 881
112 898
112 911
112 919
112 927
112 967
113 226
113 263
113 302
113 310
113 333
113 356
113 427
113 496
113 512
113 547
113 563
113 594
113 633
113 656
113 760
113 762
113 789
113 793
113 808
113 819
113 846
113 864
113 920
113 971
113 979
114 217
114 295
114 315
114 342
114 451
114 605
114 619
114 634
114 656
114 681
114 756
114 772
114 818
114 880
114 921
115 179
115 294
115 302
115 396
115 444
115 535
115 548
115 761
115 909
116 228
116 250
116 267
116 350
116 393
116 410
116 531
116 569
116 651
116 658
116 725
116 728
116 764
116 773
116 835
116 967
117 119
117 155
117 168
117 175
117 183
117 258
117 262
117 291
117 382
117 399
117 419
117 420
117 482
117 496
117 505
117 534
117 552
117 590
117 614
117 664
117 672
117 680
117 742
117 763
117 783
117 845
117 882
117 977
118 133
118 158
118 168
118 240
118 244
118 281
118 406
118 439
118 575
118 634
118 649
118 757
118 761
118 775
118 800
118 839
118 864
118 908
118 996
119 122
119 156
119 169
119 184
119 196
119 222
119 231
119 292
119 346
119 352
119 366
119 368
119 369
119 405
119 469
119 481
119 566
119 572
119 630
119 661
119 680
119 681
119 692
119 711
119 721
119 727
119 748
119 777
119 799
119 806
119 815
119 845
119 904
119 913
119 925
119 932
119 950
119 954
119 966
119 999
120 123
120 166
120 311
120 361
120 398
120 436
120 467
120 485
120 500
120 506
120 567
120 628
120 651
120 764
120 775
120 801
121 128
121 366
121 381
121 382
121 474
121 541
121 677
121 956
121 981
122 147
122 178
122 184
122 220
122 388
122 425
122 457
122 479
122 532
122 572
122 713
122 715
122 747
122 802
122 914
122 957
122 992
123 318
123 411
123 416
123 436
123 552
123 614
123 750
123 774
123 809
124 128
124 183
124 195
124 213
124 242
124 297
124 318
124 335
124 420
124 517
124 554
124 563
124 582
124 617
124 645
124 672
124 675
124 683
124 686
124 707
124 715
124 741
124 764
124 776
124 795
124 814
124 873
124 900
124 914
124 915
124 927
124 961
125 138
125 155
125 156
125 270
125 340
125 356
125 391
125 397
125 405
125 446
125 509
125 768
125 828
125 870
125 900
125 920
125 963
126 240
126 268
126 292
126 467
126 586
126 611
126 619
126 641
126 719
126 800
126 806
126 838
126 839
126 849
127 261
127 368
127 375
127 384
127 412
127 424
127 492
127 521
127 529
127 630
127 684
127 859
127 995
128 153
128 175
128 185
128 226
128 275
128 288
128 336
128 414
128 455
128 477
128 528
128 597
128 755
128 790
128 828
128 835
128 840
128 931
128 974
128 975
128 976
129 130
129 236
129 297
129 306
129 339
129 397
129 424
129 426
129 467
129 498
129 569
129 593
129 623
129 712
129 816
129 856
129 858
129 872
129 907
129 954
129 965
129 978
130 132
130 173
130 218
130 273
130 289
130 435
130 490
130 535
130 542
130 565
130 613
130 649
130 710
130 718
130 815
130 847
130 945
131 134
131 193
131 210
131 238
131 317
131 336
131 428
131 546
131 560
131 572
131 574
131 577
131 675
131 694
131 828
131 875
131 915
131 938
131 952
131 954
131 964
131 992
132 144
132 176
132 183
132 237
132 238
132 242
132 254
132 279
132 289
132 302
132 334
132 410
132 453
132 483
132 528
132 554
132 562
132 563
132 566
132 571
132 595
132 615
132 618
132 661
132 678
132 731
132 763
132 764
132 770
132 793
132 820
132 874
132 935
132 991
133 136
133 158
133 215
133 218
133 224
133 231
133 266
133 271
133 308
133 319
133 321
133 337
133 375
133 397
133 406
133 415
133 423
133 441
133 444
133 527
133 634
133 662
133 702
133 705
133 719
133 733
133 751
133 757
133 781
133 784
133 807
133 808
133 809
133 871
133 877
133 907
133 935
133 941
133 961
133 980
134 157
134 160
134 189
134 193
134 199
134 234
134 261
134 273
134 281
134 291
134 309
134 337
134 355
134 359
134 387
134 392
134 410
134 433
134 447
134 471
134 482
134 499
134 509
134 512
134 595
134 623
134 625
134 651
134 676
134 691
134 698
134 703
134 710
134 716
134 738
134 782
134 801
134 816
134 820
134 846
134 917
134 980
135 155
135 218
135 229
135 267
135 272
135 391
135 405
135 432
135 440
135 444
135 448
135 466
135 475
135 482
135 508
135 510
135 577
135 594
135 616
135 625
135 633
135 677
135 683
135 697
135 784
135 794
135 829
135 869
135 959
136 137
136 160
136 185
136 306
136 390
136 412
136 441
136 520
136 658
136 738
136 786
136 838
136 855
136 857
136 858
136 913
136 971
137 138
137 174
137 204
137 279
137 351
137 370
137 441
137 448
137 455
137 516
137 520
137 572
137 591
137 606
137 628
137 629
137 633
137 640
137 678
137 732
137 765
137 792
137 826
137 831
137 840
137 844
137 858
137 864
137 913
137 969
137 974
137 990
138 143
138 161
138 215
138 221
138 227
138 265
138 267
138 269
138 311
138 334
138 338
138 342
138 362
138 367
138 370
138 412
138 416
138 431
138 509
138 525
138 554
138 643
138 661
138 673
138 686
138 747
138 748
138 788
138 802
138 833
138 837
138 846
138 906
138 927
138 961
138 991
138 992
139 302
139 330
139 398
139 528
139 632
139 766
139 782
139 821
139 823
139 837
139 850
139 965
139 969
140 316
140 348
140 359
140 439
140 458
140 477
140 566
140 571
140 615
140 658
140 663
140 758
140 912
141 302
141 330
141 341
141 353
141 376
141 395
141 444
141 470
141 559
141 570
141 590
141 679
141 801
141 809
141 819
141 841
142 162
142 166
142 244
142 248
142 253
142 297
142 381
142 384
142 408
142 492
142 551
142 613
142 617
142 769
142 775
142 923
143 161
143 183
143 199
143 337
143 451
143 496
143 507
143 570
143 682
143 690
143 695
143 727
143 753
143 769
143 868
143 897
143 936
143 956
143 958
144 155
144 237
144 314
144 323
144 334
144 357
144 439
144 553
144 620
144 690
144 738
144 769
144 782
144 818
144 935
144 961
144 990
145 234
145 335
145 451
145 581
145 705
145 709
145 710
145 716
145 807
145 811
145 917
145 939
146 178
146 212
146 242
146 255
146 299
146 322
146 351
146 382
146 477
146 488
146 515
146 528
146 536
146 544
146 569
146 570
146 601
146 691
146 757
146 781
146 809
146 853
146 977
147 158
147 183
147 200
147 328
147 357
147 419
147 441
147 444
147 452
147 460
147 485
147 516
147 526
147 551
147 696
147 716
147 780
147 783
147 797
147 862
147 942
147 982
147 998
148 158
148 174
148 186
148 211
148 242
148 343
148 354
148 389
148 393
148 424
148 435
148 445
148 607
148 634
148 656
148 715
148 749
148 768
148 781
148 802
148 813
148 850
148 877
148 906
148 934
148 936
148 945
148 947
149 196
149 236
149 242
149 293
149 310
149 314
149 344
149 349
149 350
149 378
149 405
149 409
149 436
149 446
149 447
149 506
149 529
149 546
149 657
149 769
149 773
149 788
149 795
149 805
149 823
149 954
149 957
150 193
150 221
150 223
150 265
150 336
150 377
150 387
150 447
150 473
150 484
150 687
150 695
150 764
150 807
150 811
150 854
150 857
150 883
150 980
151 170
151 215
151 252
151 305
151 375
151 520
151 528
151 544
151 549
151 554
151 566
151 576
151 600
151 604
151 634
151 654
151 762
151 810
151 899
152 175
152 183
152 219
152 296
152 316
152 380
152 442
152 496
152 546
152 612
152 682
152 732
152 763
152 769
153 160
153 175
153 206
153 207
153 211
153 222
153 240
153 244
153 304
153 327
153 332
153 333
153 400
153 422
153 433
153 479
153 482
153 485
153 535
153 545
153 563
153 592
153 619
153 633
153 653
153 699
153 703
153 726
153 731
153 783
153 789
153 799
153 826
153 833
153 839
153 867
153 868
153 911
153 944
153 963
153 967
153 979
153 980
153 996
154 254
154 388
154 398
154 433
154 488
154 604
154 756
154 842
154 858
154 864
154 942
154 978
155 207
155 224
155 230
155 252
155 274
155 292
155 303
155 331
155 338
155 365
155 396
155 464
155 523
155 581
155 607
155 615
155 620
155 623
155 637
155 700
155 718
155 728
155 749
155 757
155 769
155 838
155 846
155 851
155 873
155 986
156 157
156 224
156 251
156 260
156 261
156 387
156 405
156 429
156 493
156 495
156 550
156 554
156 565
156 600
156 621
156 630
156 657
156 750
156 774
156 782
156 820
156 864
156 868
156 951
156 960
156 977
157 290
157 347
157 417
157 448
157 539
157 553
157 569
157 572
157 577
157 644
157 667
157 732
157 802
157 811
157 818
157 824
157 844
157 874
157 944
157 982
158 226
158 266
158 299
158 314
158 358
158 372
158 375
158 385
158 396
158 408
158 507
158 621
158 633
158 720
158 774
158 778
158 781
158 838
158 877
158 894
158 954
158 980
158 985
159 219
159 342
159 384
159 393
159 444
159 541
159 550
159 647
159 649
159 658
159 724
159 813
159 860
159 911
159 918
159 943
159 956
160 272
160 371
160 415
160 457
160 670
161 210
161 256
161 327
161 501
161 666
161 679
161 695
161 710
161 820
161 837
161 838
161 928
162 171
162 225
162 290
162 296
162 305
162 306
162 357
162 391
162 431
162 522
162 547
162 563
162 657
162 663
162 667
162 676
162 794
162 799
162 832
162 869
162 946
163 185
163 191
163 289
163 324
163 435
163 614
163 681
163 743
163 798
163 845
163 855
163 883
163 952
164 176
164 208
164 259
164 265
164 365
164 373
164 375
164 397
164 424
164 431
164 455
164 472
164 514
164 528
164 529
164 560
164 569
164 593
164 603
164 670
164 713
164 722
164 725
164 729
164 730
164 786
164 811
164 820
164 851
164 854
164 897
164 905
164 912
164 924
164 929
164 954
164 968
165 238
165 361
165 401
165 535
165 568
165 587
165 606
165 623
165 662
165 678
165 696
165 901
165 919
165 975
166 177
166 200
166 203
166 293
166 310
166 320
166 365
166 407
166 412
166 427
166 437
166 443
166 544
166 546
166 600
166 627
166 689
166 717
166 746
166 802
166 813
166 818
166 844
166 890
166 957
166 959
166 968
167 183
167 210
167 240
167 318
167 339
167 351
167 415
167 434
167 435
167 467
167 552
167 585
167 602
167 642
167 645
167 682
167 695
167 732
167 751
167 762
167 813
167 835
167 841
167 897
168 197
168 234
168 257
168 265
168 266
168 314
168 448
168 468
168 520
168 551
168 564
168 610
168 647
168 657
168 768
168 797
168 821
168 824
168 961
169 249
169 290
169 297
169 331
169 417
169 425
169 430
169 432
169 435
169 455
169 477
169 515
169 527
169 722
169 769
169 807
169 808
169 866
169 914
169 949
169 957
169 967
169 986
170 208
170 228
170 269
170 278
170 299
170 301
170 319
170 328
170 333
170 336
170 339
170 360
170 381
170 395
170 424
170 426
170 465
170 466
170 477
170 488
170 524
170 535
170 552
170 566
170 586
170 594
170 602
170 641
170 668
170 672
170 675
170 685
170 697
170 711
170 743
170 746
170 754
170 762
170 806
170 820
170 849
170 856
170 888
170 895
170 913
171 353
171 436
171 474
171 501
171 581
171 665
171 725
171 760
171 769
171 802
171 816
171 834
171 836
171 844
171 911
171 964
172 183
172 187
172 203
172 315
172 418
172 439
172 451
172 514
172 515
172 518
172 521
172 534
172 536
172 554
172 560
172 564
172 578
172 619
172 743
172 749
172 797
172 877
172 964
172 980
173 278
173 318
173 333
173 344
173 405
173 496
173 634
173 656
173 692
173 730
173 768
173 769
173 821
173 884
173 960
173 968
173 975
174 329
174 340
174 359
174 361
174 438
174 459
174 517
174 518
174 577
174 603
174 606
174 647
174 730
174 741
174 802
174 842
174 874
174 919
174 957
175 185
175 210
175 307
175 330
175 387
175 436
175 463
175 514
175 558
175 597
175 601
175 624
175 676
175 716
175 742
175 744
175 757
175 779
175 782
175 793
175 795
175 798
175 815
175 835
175 850
175 858
175 901
175 969
175 975
175 976
176 192
176 324
176 329
176 368
176 410
176 460
176 493
176 579
176 660
176 667
176 669
176 692
176 713
176 734
176 798
176 836
176 862
176 877
176 906
177 184
177 189
177 263
177 274
177 311
177 348
177 411
177 490
177 495
177 503
177 554
177 560
177 570
177 617
177 639
177 688
177 769
177 807
177 841
177 844
177 848
177 858
177 866
177 909
177 920
177 951
177 1000
178 200
178 265
178 295
178 304
178 328
178 364
178 397
178 411
178 412
178 547
178 558
178 650
178 838
178 850
178 914
178 935
179 202
179 253
179 335
179 427
179 506
179 520
179 541
179 544
179 551
179 557
179 562
179 685
179 715
179 817
179 851
179 901
179 982
180 204
180 224
180 267
180 272
180 274
180 290
180 299
180 360
180 361
180 530
180 592
180 610
180 619
180 668
180 704
180 729
180 759
180 790
180 864
180 913
180 914
180 922
181 194
181 319
181 328
181 372
181 408
181 514
181 530
181 569
181 586
181 596
181 692
181 707
181 760
181 765
181 893
181 901
181 940
181 978
181 982
182 204
182 334
182 367
182 375
182 435
182 535
182 639
182 720
182 745
182 749
182 897
182 907
182 972
183 197
183 199
183 233
183 288
183 351
183 372
183 440
183 455
183 486
183 549
183 570
183 617
183 636
183 672
183 682
183 685
183 751
183 754
183 775
183 786
183 825
183 860
183 864
183 886
183 950
183 977
183 980
183 997
183 1000
184 195
184 238
184 297
184 302
184 456
184 527
184 546
184 570
184 590
184 596
184 607
184 641
184 738
184 820
184 837
184 920
184 948
185 200
185 234
185 288
185 295
185 315
185 321
185 347
185 402
185 459
185 546
185 564
185 597
185 605
185 621
185 629
185 652
185 669
185 691
185 709
185 732
185 759
185 796
185 842
185 865
185 888
185 921
185 930
185 931
185 954
185 956
186 394
186 402
186 411
186 485
186 522
186 560
186 561
186 564
186 683
186 834
186 939
186 981
186 994
187 282
187 318
187 337
187 338
187 370
187 406
187 413
187 442
187 467
187 478
187 518
187 576
187 602
187 634
187 672
187 691
187 710
187 786
187 795
187 840
187 885
187 917
188 227
188 305
188 313
188 423
188 442
188 507
188 524
188 527
188 565
188 577
188 617
188 631
188 653
188 689
188 712
188 744
188 806
188 837
188 888
188 891
188 892
188 893
189 220
189 314
189 365
189 369
189 485
189 505
189 609
189 631
189 781
189 794
189 833
189 866
189 895
189 896
189 908
189 914
189 1000
190 222
190 291
190 297
190 300
190 323
190 327
190 328
190 339
190 435
190 441
190 528
190 557
190 584
190 703
190 706
190 792
190 816
190 905
191 203
191 240
191 271
191 297
191 302
191 328
191 333
191 336
191 388
191 403
191 489
191 550
191 563
191 622
191 626
191 649
191 659
191 673
191 689
191 740
191 746
191 795
191 829
191 839
191 852
191 859
191 864
191 869
191 888
191 968
191 979
191 980
192 222
192 308
192 428
192 499
192 531
192 571
192 730
192 864
192 880
192 964
192 986
192 991
193 195
193 217
193 223
193 273
193 291
193 315
193 338
193 377
193 387
193 396
193 433
193 435
193 448
193 470
193 498
193 510
193 518
193 520
193 532
193 537
193 574
193 625
193 640
193 647
193 651
193 676
193 710
193 776
193 815
193 839
193 852
193 861
193 989
193 996
194 206
194 238
194 422
194 465
194 492
194 547
194 607
194 634
194 641
194 682
194 683
194 697
194 787
194 870
194 900
194 914
194 916
194 919
195 243
195 306
195 346
195 359
195 462
195 538
195 563
195 634
195 719
195 738
195 767
195 775
195 801
195 897
195 984
195 992
196 255
196 278
196 281
196 296
196 465
196 477
196 522
196 613
196 721
196 748
196 807
196 861
196 883
196 917
196 928
197 328
197 349
197 390
197 518
197 533
197 618
197 650
197 657
197 694
197 819
197 844
197 867
197 878
197 945
197 950
198 238
198 240
198 306
198 329
198 339
198 577
198 578
198 615
198 717
198 777
198 862
199 211
199 220
199 276
199 342
199 354
199 383
199 393
199 432
199 442
199 480
199 513
199 603
199 646
199 687
199 715
199 739
199 755
199 761
199 764
199 770
199 785
199 798
199 840
199 862
199 928
199 930
199 935
199 948
199 969
199 983
200 251
200 255
200 270
200 289
200 303
200 306
200 471
200 497
200 507
200 549
200 595
200 658
200 732
200 762
200 776
200 808
200 820
200 837
200 893
200 903
200 929
200 938
200 992
201 211
201 411
201 600
201 622
201 638
201 653
201 658
201 679
201 688
201 723
201 734
202 211
202 244
202 259
202 338
202 352
202 361
202 402
202 514
202 632
202 675
202 710
202 729
202 739
202 792
202 849
202 883
203 232
203 294
203 392
203 493
203 513
203 672
203 673
203 691
203 717
203 740
203 812
203 826
203 829
204 237
204 253
204 260
204 314
204 408
204 533
204 608
204 641
204 686
204 709
204 713
204 756
204 813
204 902
204 920
204 926
205 387
205 520
205 552
205 627
205 647
205 668
205 717
205 748
205 770
205 809
205 916
205 954
205 1000
206 218
206 260
206 281
206 293
206 298
206 331
206 334
206 365
206 391
206 404
206 427
206 436
206 440
206 442
206 447
206 454
206 464
206 473
206 487
206 513
206 529
206 585
206 596
206 630
206 633
206 650
206 655
206 664
206 712
206 753
206 770
206 783
206 818
206 833
206 905
206 946
206 947
206 994
206 995
207 216
207 218
207 236
207 276
207 324
207 332
207 444
207 475
207 514
207 550
207 561
207 663
207 684
207 693
207 912
208 268
208 284
208 301
208 329
208 387
208 423
208 479
208 491
208 496
208 590
208 612
208 630
208 769
208 820
208 824
208 871
208 912
208 920
209 270
209 302
209 391
209 521
209 568
209 716
209 733
209 752
209 919
209 945
210 224
210 225
210 227
210 236
210 262
210 290
210 319
210 322
210 348
210 418
210 496
210 572
210 576
210 642
210 718
210 733
210 789
210 850
210 893
210 1000
211 217
211 225
211 230
211 240
211 244
211 278
211 282
211 316
211 348
211 376
211 378
211 428
211 445
211 459
211 470
211 488
211 515
211 530
211 533
211 536
211 573
211 578
211 580
211 582
211 586
211 591
211 642
211 654
211 675
211 704
211 722
211 750
211 752
211 783
211 797
211 838
211 865
211 954
211 974
211 993
211 1000
212 221
212 244
212 283
212 292
212 337
212 338
212 405
212 416
212 421
212 424
212 445
212 462
212 534
212 535
212 536
212 580
212 586
212 590
212 599
212 649
212 662
212 673
212 683
212 713
212 735
212 766
212 768
212 786
212 791
212 815
212 894
212 914
212 925
212 966
213 257
213 366
213 410
213 453
213 490
213 546
213 577
213 587
213 593
213 602
213 642
213 804
213 805
213 821
213 860
213 868
213 895
213 901
213 904
213 911
213 917
214 226
214 234
214 235
214 247
214 249
214 278
214 289
214 318
214 330
214 364
214 412
214 570
214 584
214 596
214 617
214 680
214 711
214 730
214 742
214 744
214 797
214 815
214 963
214 999
215 343
215 361
215 412
215 460
215 489
215 494
215 528
215 556
215 560
215 587
215 607
215 624
215 697
215 745
215 746
215 774
215 793
215 821
215 822
215 918
216 239
216 308
216 439
216 454
216 460
216 461
216 625
216 668
216 687
216 733
216 783
216 927
216 950
217 225
217 253
217 265
217 295
217 359
217 382
217 468
217 483
217 490
217 518
217 528
217 533
217 544
217 615
217 682
217 719
217 732
217 735
217 741
217 758
217 769
217 771
217 780
217 795
217 820
217 839
217 865
217 871
217 895
217 902
217 942
217 984
218 268
218 302
218 332
218 360
218 385
218 398
218 408
218 435
218 611
218 695
218 754
218 759
218 764
218 792
218 881
218 895
218 927
218 940
218 961
218 982
219 359
219 372
219 395
219 410
219 421
219 586
219 681
219 683
219 812
219 814
219 888
219 1000
220 245
220 286
220 288
220 297
220 313
220 352
220 375
220 408
220 449
220 467
220 511
220 528
220 616
220 666
220 681
220 728
220 731
220 792
220 798
220 866
220 972
221 304
221 349
221 367
221 458
221 570
221 615
221 619
221 641
221 687
221 782
221 801
221 966
221 977
221 991
221 996
222 240
222 303
222 331
222 332
222 388
222 389
222 435
222 490
222 521
222 543
222 548
222 566
222 657
222 671
222 701
222 707
222 721
222 750
222 773
222 775
222 801
222 812
222 868
222 872
222 884
222 904
222 933
223 238
223 249
223 272
223 340
223 378
223 404
223 556
223 557
223 563
223 653
223 665
223 723
223 730
223 739
223 775
223 786
223 851
223 876
223 897
224 236
224 248
224 272
224 304
224 313
224 329
224 390
224 395
224 485
224 492
224 595
224 638
224 673
224 691
224 703
224 725
224 730
224 736
224 764
224 789
224 961
224 980
224 999
225 249
225 359
225 410
225 412
225 439
225 528
225 553
225 576
225 604
225 690
225 722
225 745
225 772
225 778
225 857
225 977
226 243
226 251
226 297
226 302
226 318
226 330
226 334
226 336
226 340
226 374
226 442
226 454
226 518
226 529
226 535
226 539
226 579
226 591
226 598
226 605
226 652
226 654
226 656
226 674
226 689
226 694
226 758
226 776
226 819
226 820
226 837
226 841
226 906
226 962
226 983
227 273
227 318
227 411
227 452
227 456
227 493
227 597
227 600
227 677
228 232
228 276
228 295
228 314
228 317
228 329
228 428
228 507
228 511
228 527
228 537
228 641
228 667
228 721
228 783
228 843
228 867
228 932
228 961
229 240
229 241
229 260
229 283
229 340
229 363
229 370
229 383
229 463
229 496
229 522
229 536
229 540
229 552
229 574
229 618
229 642
229 647
229 822
229 845
229 848
229 896
229 914
229 952
230 299
230 314
230 357
230 694
230 705
230 716
230 802
230 807
230 985
231 254
231 294
231 330
231 361
231 362
231 382
231 401
231 559
231 600
231 615
231 697
231 798
231 849
231 879
231 924
232 238
232 245
232 304
232 309
232 369
232 398
232 402
232 439
232 618
232 634
232 745
232 769
232 778
232 877
232 894
232 903
232 910
232 940
232 978
233 239
233 240
233 319
233 405
233 562
233 582
233 634
233 704
233 807
233 829
233 833
233 850
233 856
233 864
233 895
233 916
233 947
233 977
233 979
234 235
234 245
234 439
234 457
234 469
234 472
234 499
234 559
234 585
234 591
234 617
234 689
234 698
234 705
234 751
234 789
234 800
234 820
234 827
234 839
234 948
234 975
234 978
234 982
235 436
235 452
235 477
235 492
235 499
235 570
235 692
235 694
235 702
235 783
235 998
235 1000
236 268
236 277
236 287
236 352
236 361
236 381
236 406
236 437
236 490
236 540
236 577
236 588
236 592
236 697
236 728
236 752
236 758
236 770
236 835
236 839
236 919
237 250
237 251
237 306
237 341
237 381
237 404
237 433
237 436
237 522
237 533
237 557
237 677
237 703
237 734
237 865
238 252
238 261
238 273
238 286
238 339
238 394
238 407
238 492
238 497
238 548
238 570
238 619
238 623
238 677
238 740
238 803
238 833
238 875
238 899
238 922
238 938
239 318
239 334
239 432
239 439
239 456
239 486
239 647
239 697
239 787
239 885
239 963
240 246
240 272
240 308
240 318
240 340
240 347
240 349
240 364
240 393
240 417
240 422
240 451
240 485
240 546
240 570
240 607
240 615
240 622
240 641
240 646
240 668
240 686
240 699
240 717
240 723
240 747
240 764
240 784
240 801
240 806
240 816
240 820
240 845
240 846
240 862
240 868
240 900
240 905
240 908
240 909
240 914
240 941
240 955
240 971
240 981
240 999
241 260
241 398
241 427
241 588
241 675
241 677
241 728
241 767
241 769
241 990
242 243
242 265
242 277
242 284
242 286
242 300
242 313
242 362
242 387
242 395
242 410
242 431
242 503
242 521
242 528
242 548
242 552
242 553
242 566
242 576
242 591
242 629
242 632
242 655
242 670
242 768
242 782
242 828
242 857
242 878
242 902
242 995
242 996
242 1000
243 286
243 290
243 359
243 402
243 423
243 511
243 515
243 605
243 699
243 704
243 751
243 884
243 897
243 963
244 254
244 256
244 285
244 370
244 385
244 408
244 411
244 424
244 459
244 473
244 501
244 508
244 543
244 558
244 594
244 613
244 634
244 666
244 669
244 692
244 718
244 738
244 762
244 814
244 819
244 833
244 853
244 896
244 947
245 288
245 351
245 379
245 395
245 490
245 507
245 527
245 618
245 728
245 739
245 788
245 830
245 881
245 968
245 989
245 999
246 533
246 553
246 585
246 622
246 656
246 658
246 681
246 701
246 703
246 748
246 794
246 819
246 871
247 296
247 416
247 448
247 554
247 637
247 665
247 797
247 820
247 844
247 880
247 954
247 956
247 969
247 992
247 995
248 281
248 308
248 328
248 426
248 431
248 443
248 511
248 590
248 621
248 632
248 791
248 793
248 977
249 332
249 350
249 379
249 393
249 421
249 423
249 432
249 477
249 558
249 570
249 609
249 622
249 635
249 900
249 905
250 266
250 268
250 398
250 462
250 472
250 598
250 600
250 602
250 630
250 710
250 723
250 776
250 843
250 905
250 955
251 418
251 492
251 561
251 603
251 614
251 637
251 791
251 833
251 873
251 877
251 908
251 919
252 275
252 276
252 318
252 508
252 509
252 806
252 807
252 821
252 856
252 945
253 265
253 383
253 388
253 481
253 533
253 566
253 577
253 614
253 617
253 619
253 629
253 645
253 658
253 662
253 669
253 675
253 701
253 773
253 798
253 801
254 257
254 268
254 324
254 364
254 370
254 388
254 399
254 400
254 408
254 412
254 431
254 452
254 456
254 461
254 482
254 507
254 512
254 531
254 564
254 610
254 613
254 680
254 684
254 740
254 755
254 779
254 781
254 783
254 846
254 898
255 273
255 277
255 305
255 334
255 362
255 401
255 410
255 443
255 462
255 467
255 497
255 512
255 556
255 572
255 610
255 618
255 632
255 636
255 649
255 657
255 749
255 792
255 804
255 805
255 825
255 834
255 851
255 898
255 899
255 911
255 930
255 938
255 947
255 978
255 986
256 260
256 399
256 411
256 537
256 614
256 616
256 791
256 822
256 947
257 347
257 622
257 703
257 717
257 803
257 807
257 839
257 877
257 974
258 260
258 304
258 317
258 412
258 448
258 473
258 556
258 571
258 597
258 607
258 630
258 638
258 672
258 682
258 709
258 730
258 794
258 836
258 845
258 851
258 855
258 895
259 262
259 332
259 375
259 388
259 398
259 458
259 589
259 616
259 697
259 827
259 924
260 297
260 312
260 327
260 451
260 476
260 490
260 493
260 527
260 570
260 579
260 596
260 621
260 636
260 646
260 650
260 687
260 700
260 864
260 888
260 942
260 977
260 988
261 263
261 299
261 305
261 348
261 388
261 400
261 444
261 451
261 466
261 471
261 501
261 515
261 533
261 563
261 569
261 578
261 597
261 612
261 768
261 769
261 782
261 893
261 918
261 954
261 970
261 983
261 987
262 408
262 431
262 480
262 560
262 563
262 654
262 692
262 713
262 724
262 801
262 919
262 945
263 330
263 486
263 492
263 496
263 704
263 862
263 947
264 268
264 297
264 315
264 334
264 353
264 361
264 375
264 377
264 402
264 541
264 589
264 677
264 728
264 748
264 762
264 829
264 877
264 897
264 916
264 933
265 267
265 324
265 351
265 402
265 466
265 501
265 517
265 540
265 576
265 597
265 645
265 653
265 656
265 663
265 730
265 732
265 759
265 820
265 863
265 899
265 949
265 992
266 300
266 326
266 332
266 385
266 432
266 433
266 518
266 656
266 658
266 690
266 692
266 704
266 781
266 807
266 838
266 895
266 916
266 987
266 1000
267 354
267 486
267 639
267 670
267 692
267 701
267 727
267 733
267 745
267 773
267 775
267 821
267 895
267 932
267 960
267 970
267 993
268 280
268 292
268 298
268 324
268 338
268 397
268 398
268 414
268 469
268 474
268 476
268 479
268 513
268 531
268 539
268 548
268 550
268 576
268 588
268 600
268 607
268 638
268 685
268 692
268 712
268 747
268 767
268 776
268 797
268 816
268 846
268 864
268 874
268 887
268 897
268 912
268 921
268 932
268 951
268 980
269 434
269 656
269 697
269 764
269 775
269 802
269 838
269 983
270 281
270 297
270 306
270 330
270 434
270 436
270 502
270 504
270 506
270 514
270 518
270 533
270 552
270 581
270 582
270 592
270 731
270 820
270 837
270 927
270 956
270 983
271 281
271 282
271 295
271 376
271 380
271 440
271 444
271 455
271 480
271 536
271 547
271 556
271 582
271 693
271 717
271 747
271 784
271 843
271 904
271 934
271 990
271 994
272 280
272 288
272 299
272 335
272 339
272 371
272 386
272 388
272 432
272 446
272 485
272 496
272 522
272 585
272 622
272 673
272 678
272 685
272 702
272 707
272 713
272 733
272 757
272 767
272 775
272 787
272 801
272 815
272 817
272 822
272 864
272 909
272 949
272 987
272 994
273 359
273 372
273 378
273 387
273 388
273 392
273 400
273 474
273 512
273 538
273 540
273 574
273 625
273 682
273 688
273 723
273 772
273 807
273 851
273 870
273 917
273 928
274 304
274 529
274 564
274 571
274 629
274 653
274 682
274 762
274 822
274 905
274 934
274 965
274 976
275 294
275 418
275 439
275 521
275 567
275 580
275 582
275 834
275 869
276 336
276 348
276 421
276 465
276 507
276 516
276 533
276 646
276 663
276 758
276 801
276 936
277 286
277 325
277 390
277 411
277 415
277 427
277 496
277 555
277 577
277 618
277 776
277 801
277 811
277 946
277 968
278 286
278 388
278 451
278 496
278 556
278 590
278 600
278 629
278 667
278 717
278 725
278 835
279 294
279 338
279 369
279 468
279 483
279 520
279 592
279 623
279 655
279 696
279 699
279 784
279 822
279 848
279 928
279 951
280 322
280 359
280 487
280 593
280 683
280 761
280 767
280 820
280 833
280 954
281 286
281 308
281 333
281 335
281 354
281 409
281 443
281 494
281 495
281 497
281 540
281 569
281 579
281 592
281 599
281 615
281 648
281 661
281 664
281 676
281 696
281 734
281 779
281 789
281 819
281 850
281 855
281 890
281 896
281 920
281 924
281 925
281 942
281 955
281 986
282 343
282 431
282 438
282 451
282 462
282 476
282 510
282 536
282 582
282 597
282 630
282 821
282 986
283 308
283 339
283 434
283 453
283 467
283 478
283 500
283 581
283 587
283 619
283 664
283 692
283 712
283 758
283 857
283 879
283 943
284 378
284 489
284 608
284 647
284 756
284 802
284 826
284 879
284 919
284 969
285 407
285 439
285 480
285 590
285 646
285 847
285 884
285 979
286 309
286 323
286 334
286 356
286 376
286 390
286 426
286 458
286 464
286 472
286 499
286 501
286 503
286 518
286 524
286 527
286 528
286 553
286 587
286 605
286 622
286 636
286 683
286 707
286 726
286 838
286 857
286 873
286 905
286 912
286 925
286 927
286 947
286 961
286 977
286 996
287 343
287 359
287 360
287 390
287 471
287 582
287 586
287 596
287 638
287 645
287 720
287 916
287 982
288 360
288 457
288 508
288 510
288 569
288 716
288 728
288 776
288 807
288 883
288 916
288 919
289 359
289 371
289 380
289 480
289 531
289 545
289 617
289 629
289 632
289 633
289 636
289 667
289 692
289 725
289 740
289 777
289 895
289 915
289 960
289 970
290 305
290 307
290 321
290 408
290 499
290 501
290 511
290 515
290 537
290 553
290 591
290 644
290 686
290 708
290 780
290 781
290 830
290 854
290 961
290 995
291 299
291 337
291 387
291 399
291 432
291 483
291 574
291 577
291 621
291 676
291 711
291 739
291 741
291 776
291 943
291 961
292 293
292 321
292 422
292 427
292 508
292 517
292 524
292 528
292 619
292 647
292 758
292 783
292 810
292 909
292 970
292 972
292 982
292 996
293 396
293 425
293 434
293 436
293 464
293 500
293 533
293 545
293 557
293 647
293 662
293 681
293 715
293 791
293 810
293 815
293 843
293 973
294 307
294 336
294 346
294 416
294 418
294 545
294 564
294 565
294 623
294 664
294 666
294 760
294 828
294 876
294 949
295 308
295 320
295 351
295 392
295 422
295 472
295 507
295 533
295 543
295 596
295 605
295 624
295 661
295 705
295 812
295 910
295 917
295 966
295 978
295 999
296 306
296 361
296 426
296 467
296 478
296 540
296 657
296 658
296 659
296 660
296 712
296 734
296 856
296 868
296 877
296 903
296 929
297 301
297 318
297 376
297 380
297 465
297 486
297 513
297 566
297 590
297 631
297 658
297 681
297 709
297 733
297 848
297 897
297 924
297 938
297 943
297 950
298 308
298 310
298 361
298 385
298 412
298 436
298 445
298 477
298 484
298 500
298 545
298 576
298 586
298 588
298 630
298 656
298 659
298 662
298 677
298 695
298 728
298 769
298 790
298 799
298 829
298 994
299 300
299 305
299 311
299 320
299 333
299 348
299 388
299 396
299 457
299 466
299 483
299 485
299 514
299 571
299 587
299 591
299 640
299 660
299 662
299 666
299 673
299 699
299 717
299 719
299 739
299 775
299 783
299 808
299 811
299 812
299 836
299 846
299 869
299 876
299 878
299 891
299 896
299 901
299 915
299 917
299 927
299 967
299 971
300 365
300 366
300 674
300 685
300 699
300 703
300 748
300 842
300 860
300 919
300 968
301 330
301 340
301 428
301 435
301 493
301 521
301 539
301 559
301 600
301 607
301 622
301 660
301 692
301 820
301 851
301 858
301 952
301 957
302 303
302 304
302 324
302 333
302 378
302 399
302 413
302 425
302 477
302 489
302 492
302 496
302 552
302 555
302 570
302 576
302 583
302 585
302 591
302 613
302 651
302 652
302 653
302 676
302 744
302 758
302 772
302 773
302 815
302 835
302 839
302 850
302 867
302 911
302 987
302 990
302 994
303 310
303 313
303 388
303 405
303 432
303 434
303 540
303 562
303 677
303 776
303 779
303 837
303 932
303 933
303 940
304 315
304 318
304 359
304 382
304 397
304 407
304 409
304 414
304 421
304 425
304 432
304 437
304 449
304 458
304 469
304 491
304 560
304 578
304 609
304 616
304 671
304 696
304 720
304 767
304 786
304 797
304 836
304 849
304 852
304 922
304 966
304 970
305 359
305 397
305 416
305 523
305 527
305 534
305 589
305 705
305 802
305 828
305 837
305 902
305 910
305 920
305 944
305 961
305 994
306 352
306 406
306 420
306 432
306 436
306 459
306 470
306 542
306 576
306 579
306 603
306 632
306 687
306 701
306 709
306 724
306 725
306 836
306 863
306 892
306 897
306 898
306 940
306 947
306 971
306 979
306 986
307 330
307 345
307 506
307 524
307 590
307 679
307 825
307 868
307 877
307 989
307 991
308 312
308 426
308 429
308 507
308 549
308 599
308 640
308 682
308 689
308 701
308 705
308 724
308 741
308 798
308 827
308 882
308 885
308 909
308 919
308 940
308 952
309 335
309 351
309 470
309 556
309 568
309 616
309 784
309 823
309 880
309 911
309 945
310 366
310 472
310 477
310 546
310 697
311 328
311 356
311 528
311 562
311 596
311 599
311 769
311 815
311 828
311 850
311 865
311 871
311 893
311 998
312 441
312 514
312 694
312 749
312 760
312 767
312 781
312 833
312 914
312 950
312 977
313 325
313 330
313 421
313 439
313 474
313 475
313 486
313 515
313 526
313 528
313 552
313 553
313 554
313 582
313 595
313 737
313 793
313 800
313 817
313 825
313 828
313 830
313 851
313 877
313 879
313 895
313 923
313 934
313 986
313 996
313 1000
314 315
314 336
314 337
314 346
314 350
314 351
314 373
314 416
314 421
314 425
314 429
314 476
314 491
314 515
314 537
314 545
314 551
314 569
314 578
314 660
314 686
314 694
314 706
314 740
314 768
314 774
314 782
314 797
314 807
314 817
314 875
314 895
314 915
314 927
314 938
314 998
315 343
315 520
315 537
315 546
315 560
315 605
315 654
315 675
315 696
315 714
315 797
315 802
315 849
316 330
316 366
316 424
316 455
316 464
316 524
316 529
316 553
316 683
316 830
316 855
316 876
316 949
316 961
316 996
317 492
317 506
317 564
317 603
317 619
317 665
317 672
317 681
317 687
317 720
317 789
317 793
318 330
318 334
318 342
318 344
318 347
318 409
318 416
318 420
318 445
318 451
318 460
318 477
318 479
318 488
318 495
318 502
318 561
318 570
318 578
318 586
318 605
318 629
318 660
318 668
318 689
318 694
318 721
318 723
318 744
318 749
318 802
318 810
318 815
318 837
318 840
318 877
318 896
318 925
318 931
318 937
318 943
319 402
319 448
319 614
319 728
319 729
319 761
319 780
319 807
319 815
319 849
320 374
320 398
320 402
320 439
320 462
320 545
320 570
320 592
320 593
320 678
320 689
320 695
320 713
320 727
320 903
320 915
320 955
320 961
320 1000
321 644
321 703
321 739
321 783
321 785
321 840
321 897
321 935
321 968
321 978
321 1000
322 339
322 345
322 347
322 421
322 448
322 457
322 527
322 629
322 683
322 690
322 705
322 751
322 776
322 783
322 787
322 844
322 895
322 924
322 941
322 955
322 978
323 386
323 486
323 493
323 501
323 503
323 511
323 515
323 537
323 543
323 553
323 568
323 587
323 653
323 654
323 674
323 714
323 737
323 751
323 757
323 791
323 802
323 811
323 849
323 965
324 346
324 347
324 351
324 440
324 444
324 521
324 545
324 584
324 598
324 600
324 652
324 677
324 683
324 688
324 697
324 705
324 713
324 745
324 812
324 839
324 880
324 914
325 355
325 451
325 499
325 536
325 541
325 582
325 588
325 594
325 683
325 776
325 811
325 824
325 838
326 339
326 533
326 725
326 739
326 762
326 822
326 925
327 351
327 397
327 412
327 443
327 464
327 518
327 570
327 579
327 590
327 622
327 740
327 773
327 809
327 826
327 836
327 893
327 907
327 928
327 957
327 985
327 1000
328 351
328 376
328 377
328 395
328 459
328 472
328 519
328 522
328 535
328 572
328 578
328 606
328 608
328 610
328 622
328 666
328 684
328 703
328 704
328 705
328 707
328 722
328 739
328 740
328 746
328 757
328 777
328 785
328 793
328 798
328 801
328 822
328 827
328 829
328 836
328 903
328 914
328 927
328 951
328 967
329 339
329 366
329 421
329 467
329 477
329 483
329 564
329 627
329 629
329 641
329 678
329 694
329 703
329 719
329 772
329 777
329 835
329 870
329 900
329 905
329 926
329 940
329 953
329 959
329 962
329 975
330 343
330 417
330 469
330 516
330 541
330 543
330 595
330 613
330 620
330 624
330 634
330 644
330 651
330 664
330 675
330 769
330 820
330 829
330 840
330 858
330 860
330 875
330 892
330 900
330 912
330 913
330 929
330 971
330 975
331 391
331 432
331 455
331 461
331 472
331 513
331 518
331 546
331 570
331 651
331 671
331 788
331 795
331 807
331 813
331 898
331 911
331 998
332 334
332 348
332 393
332 402
332 439
332 470
332 576
332 585
332 592
332 643
332 647
332 650
332 677
332 679
332 697
332 712
332 713
332 728
332 732
332 834
332 932
332 953
332 964
332 977
333 345
333 440
333 443
333 445
333 454
333 458
333 505
333 521
333 578
333 615
333 686
333 703
333 716
333 775
333 812
333 824
333 833
334 412
334 481
334 571
334 573
334 580
334 601
334 608
334 609
334 623
334 696
334 701
334 710
334 733
334 748
334 749
334 848
334 864
334 875
334 910
334 924
334 931
334 948
334 963
335 427
335 490
335 511
335 559
335 606
335 621
335 770
335 786
335 787
335 806
335 923
335 935
335 971
336 363
336 364
336 371
336 381
336 418
336 444
336 474
336 521
336 614
336 619
336 646
336 715
336 744
336 757
336 794
336 834
336 838
336 897
336 935
337 367
337 472
337 530
337 533
337 569
337 622
337 635
337 864
337 900
337 915
337 916
338 389
338 479
338 482
338 495
338 561
338 565
338 590
338 662
338 683
338 702
338 712
338 720
338 730
338 793
338 800
338 815
338 924
338 939
338 947
338 949
338 985
338 992
338 993
339 395
339 396
339 408
339 427
339 430
339 455
339 461
339 464
339 474
339 475
339 481
339 535
339 541
339 567
339 577
339 603
339 656
339 672
339 685
339 689
339 708
339 767
339 802
339 815
339 831
339 833
339 848
339 863
339 933
339 955
339 963
339 983
340 349
340 366
340 473
340 506
340 518
340 569
340 575
340 600
340 629
340 643
340 647
340 726
340 758
340 764
340 780
340 790
340 792
340 847
340 866
340 896
340 928
340 934
340 936
340 940
340 948
340 949
340 964
341 391
341 487
341 528
341 532
341 577
341 640
341 684
341 729
341 757
341 775
341 920
341 957
342 388
342 433
342 448
342 503
342 571
342 596
342 611
342 622
342 683
342 725
342 726
342 792
342 908
342 1000
343 349
343 407
343 530
343 546
343 555
343 600
343 629
343 666
343 706
343 767
343 771
343 773
343 888
343 908
343 919
343 938
343 972
344 354
344 388
344 462
344 479
344 486
344 587
344 729
344 869
344 880
344 930
344 934
344 987
345 458
345 462
345 474
345 513
345 533
345 548
345 561
345 608
345 615
345 676
345 744
345 752
345 775
345 793
345 799
345 820
345 850
345 864
346 380
346 397
346 489
346 529
346 607
346 668
346 697
346 793
346 900
346 964
346 983
347 356
347 379
347 389
347 410
347 453
347 521
347 542
347 610
347 644
347 654
347 658
347 675
347 683
347 735
347 770
347 803
347 807
347 849
347 899
347 901
347 947
347 966
347 993
347 994
348 368
348 388
348 403
348 508
348 516
348 538
348 540
348 602
348 607
348 614
348 646
348 677
348 688
348 692
348 728
348 740
348 749
348 789
348 804
348 855
348 881
348 906
348 914
348 916
348 927
348 941
348 954
348 967
348 971
348 985
349 407
349 434
349 458
349 518
349 560
349 577
349 585
349 597
349 604
349 615
349 633
349 657
349 660
349 691
349 710
349 714
349 720
349 758
349 764
349 787
349 793
349 853
349 934
349 949
349 957
350 359
350 435
350 462
350 506
350 540
350 557
350 586
350 630
350 641
350 699
350 715
350 725
350 764
350 794
350 795
350 866
350 877
350 949
350 978
351 357
351 421
351 445
351 455
351 497
351 511
351 566
351 587
351 596
351 600
351 703
351 704
351 716
351 721
351 730
351 731
351 743
351 763
351 788
351 789
351 803
351 808
351 936
351 956
351 965
351 966
351 991
352 379
352 384
352 411
352 460
352 477
352 484
352 524
352 692
352 773
352 851
352 934
352 950
353 365
353 436
353 458
353 461
353 471
353 485
353 525
353 570
353 611
353 801
353 830
353 889
354 409
354 454
354 490
354 526
354 570
354 821
354 878
354 895
354 904
354 932
354 934
354 981
355 455
355 495
355 508
355 643
355 838
355 904
355 930
356 365
356 403
356 405
356 412
356 432
356 458
356 464
356 523
356 526
356 536
356 596
356 615
356 645
356 716
356 722
356 728
356 791
356 845
356 881
356 942
356 963
356 985
356 992
357 393
357 399
357 474
357 572
357 614
357 653
357 767
357 826
357 838
357 846
357 902
357 932
358 468
358 512
358 545
358 597
358 657
358 795
358 834
358 864
358 952
358 962
359 380
359 396
359 405
359 424
359 442
359 450
359 455
359 486
359 513
359 540
359 568
359 574
359 577
359 600
359 622
359 667
359 709
359 763
359 788
359 807
359 819
359 821
359 828
359 872
359 945
359 966
359 989
360 380
360 418
360 547
360 604
360 610
360 698
360 828
360 841
360 928
361 402
361 582
361 597
361 600
361 617
361 642
361 701
361 707
361 748
361 755
361 798
361 838
361 873
361 932
361 953
362 418
362 482
362 516
362 530
362 545
362 610
362 693
362 794
363 445
363 470
363 535
363 603
363 665
363 680
363 681
363 706
363 824
363 847
363 921
363 956
364 441
364 511
364 600
364 619
364 741
364 794
364 798
364 838
364 849
364 860
364 945
365 397
365 398
365 400
365 487
365 522
365 538
365 590
365 685
365 697
365 717
365 793
365 831
365 905
365 970
365 984
366 405
366 427
366 522
366 553
366 624
366 681
366 697
366 720
366 752
366 758
366 774
366 808
366 840
366 977
366 1000
367 406
367 472
367 480
367 520
367 540
367 555
367 607
367 617
367 657
367 680
367 715
367 754
367 777
367 807
367 845
367 865
367 871
367 881
367 891
367 893
367 913
367 933
367 956
367 962
368 389
368 441
368 453
368 566
368 590
368 695
368 713
368 919
368 924
368 942
368 949
369 408
369 443
369 460
369 704
369 955
369 969
369 1000
370 388
370 392
370 398
370 427
370 445
370 479
370 595
370 603
370 622
370 629
370 725
370 776
370 801
370 940
370 945
370 979
371 391
371 398
371 405
371 410
371 426
371 432
371 474
371 521
371 549
371 562
371 697
371 710
371 736
371 778
371 875
371 902
371 937
371 973
372 407
372 427
372 459
372 474
372 515
372 525
372 537
372 551
372 591
372 597
372 605
372 653
372 672
372 689
372 727
372 765
372 835
372 897
372 910
372 927
372 954
372 999
373 422
373 437
373 466
373 494
373 537
373 559
373 662
373 677
373 696
373 726
373 892
373 954
373 990
374 425
374 532
374 577
374 602
374 640
374 676
374 719
374 748
374 811
374 843
374 934
375 387
375 399
375 422
375 454
375 474
375 540
375 567
375 569
375 595
375 612
375 616
375 656
375 657
375 675
375 713
375 725
375 749
375 771
375 877
375 897
375 941
375 967
376 408
376 432
376 550
376 562
376 687
376 726
376 794
376 838
376 846
376 934
376 949
376 972
377 418
377 432
377 470
377 547
377 581
377 587
377 677
377 782
377 881
377 882
377 909
377 917
377 919
377 942
378 400
378 496
378 508
378 600
378 629
378 713
378 886
378 947
378 966
378 999
379 521
379 535
379 566
379 603
379 675
379 934
379 964
380 402
380 431
380 455
380 480
380 507
380 514
380 516
380 533
380 592
380 644
380 801
380 802
380 804
380 811
380 825
380 829
380 830
380 839
380 849
380 868
380 929
380 945
380 970
380 987
380 997
381 410
381 462
381 508
381 548
381 689
381 701
381 746
381 791
381 947
381 949
382 477
382 501
382 654
382 692
382 733
382 734
382 767
382 838
382 844
382 881
382 945
382 964
383 523
383 547
383 552
383 582
383 596
383 639
383 645
383 647
383 717
383 746
383 845
383 864
383 884
383 888
383 969
383 999
384 521
384 532
384 663
384 674
384 702
384 738
384 749
384 801
384 806
384 831
384 905
384 921
384 927
384 942
384 947
384 990
385 417
385 487
385 491
385 510
385 661
385 670
385 770
385 802
385 821
385 838
385 847
385 884
386 410
386 439
386 454
386 463
386 512
386 650
386 758
386 807
386 856
386 859
386 916
386 940
386 947
387 392
387 395
387 430
387 433
387 440
387 483
387 518
387 532
387 563
387 574
387 589
387 625
387 632
387 642
387 666
387 673
387 676
387 688
387 811
387 833
387 877
387 898
388 420
388 436
388 466
388 470
388 509
388 525
388 548
388 559
388 614
388 618
388 633
388 662
388 668
388 730
388 754
388 775
388 787
388 805
388 833
388 838
388 854
388 893
388 905
388 945
388 956
388 978
388 991
388 997
389 396
389 439
389 601
389 606
389 689
389 728
389 833
389 929
389 940
390 412
390 549
390 560
390 574
390 667
390 683
390 703
390 764
390 776
390 806
391 406
391 417
391 418
391 464
391 486
391 502
391 537
391 647
391 662
391 690
391 693
391 719
391 762
391 796
391 831
391 861
391 892
391 909
391 970
392 402
392 424
392 522
392 532
392 541
392 594
392 721
392 729
392 795
392 933
392 989
393 397
393 510
393 529
393 532
393 538
393 546
393 562
393 572
393 593
393 616
393 683
393 802
393 854
393 914
393 918
393 970
393 989
393 992
393 996
394 439
394 474
394 643
394 647
394 683
394 690
394 704
394 717
394 752
394 798
394 836
394 853
394 856
394 888
394 906
395 399
395 436
395 622
395 668
395 673
395 703
395 853
396 397
396 468
396 552
396 590
396 604
396 656
396 711
396 738
396 800
396 813
396 897
396 953
396 990
397 407
397 431
397 432
397 438
397 493
397 510
397 511
397 520
397 528
397 546
397 554
397 566
397 569
397 619
397 628
397 659
397 678
397 733
397 816
397 817
397 899
397 910
397 932
397 941
397 942
397 970
397 995
398 423
398 425
398 439
398 447
398 501
398 521
398 538
398 539
398 554
398 625
398 627
398 639
398 643
398 667
398 683
398 707
398 711
398 743
398 749
398 780
398 795
398 811
398 816
398 845
398 867
398 879
398 898
398 933
398 993
399 441
399 472
399 500
399 506
399 520
399 543
399 590
399 607
399 656
399 705
399 732
399 738
399 818
399 835
399 850
399 875
399 888
399 899
399 942
399 954
399 977
399 993
400 407
400 435
400 578
400 594
400 642
400 647
400 694
400 728
400 773
400 941
400 961
400 991
401 422
401 554
401 555
401 610
401 718
401 733
401 742
401 779
401 783
401 785
401 821
401 892
402 408
402 518
402 620
402 649
402 658
402 686
402 707
402 712
402 732
402 736
402 788
402 824
402 866
402 868
402 869
402 889
402 910
402 924
402 988
403 408
403 418
403 432
403 484
403 619
403 651
403 668
403 717
403 724
403 775
403 803
403 806
403 813
403 821
403 945
403 965
403 1000
404 462
404 482
404 490
404 563
404 636
404 639
404 724
404 758
404 775
404 800
404 812
404 827
404 841
404 859
404 892
404 923
404 961
404 984
405 463
405 492
405 596
405 597
405 624
405 642
405 653
405 669
405 673
405 738
405 747
405 760
405 796
405 816
405 819
405 851
405 904
405 906
405 925
405 950
405 985
406 409
406 583
406 609
406 673
406 677
406 681
406 686
406 728
406 748
406 769
406 785
406 868
406 874
406 890
406 916
406 957
406 979
407 446
407 564
407 569
407 593
407 614
407 616
407 649
407 675
407 684
407 762
407 779
407 802
407 816
407 851
408 473
408 485
408 544
408 555
408 557
408 570
408 611
408 639
408 642
408 646
408 655
408 663
408 705
408 718
408 730
408 748
408 782
408 843
408 894
408 946
408 966
408 968
408 971
409 433
409 503
409 578
409 667
409 758
409 998
410 413
410 432
410 504
410 634
410 644
410 648
410 652
410 675
410 696
410 716
410 729
410 730
410 745
410 761
410 766
410 781
410 784
410 834
410 857
410 893
410 975
410 997
410 1000
411 530
411 548
411 554
411 556
411 560
411 561
411 566
411 592
411 719
411 872
411 935
411 946
411 954
411 957
412 562
412 568
412 648
412 650
412 743
412 773
412 865
412 905
412 934
412 943
412 971
413 555
413 564
413 580
413 658
413 756
413 769
414 472
414 511
414 570
414 650
414 761
414 802
414 850
414 898
414 961
415 417
415 432
415 457
415 507
415 649
415 707
415 771
415 837
415 977
416 424
416 432
416 439
416 523
416 542
416 563
416 571
416 665
416 671
416 679
416 729
416 811
416 911
416 957
417 468
417 501
417 542
417 567
417 686
417 728
417 796
417 926
418 442
418 526
418 543
418 544
418 548
418 553
418 600
418 622
418 650
418 666
418 699
418 762
418 793
418 794
418 835
418 919
418 945
418 998
419 617
419 733
419 736
419 757
419 761
419 961
419 964
420 596
420 825
420 850
420 883
420 992
421 429
421 496
421 535
421 555
421 638
421 664
421 670
421 687
421 813
421 895
421 919
422 428
422 645
422 647
422 756
422 773
422 787
422 814
422 837
422 851
422 881
422 883
422 914
422 925
423 439
423 453
423 479
423 554
423 559
423 622
423 629
423 738
423 774
423 802
423 811
423 932
424 436
424 476
424 582
424 593
424 615
424 637
424 648
424 662
424 688
424 734
424 811
424 833
424 853
424 916
424 918
425 477
425 552
425 656
425 796
425 824
425 915
425 941
426 441
426 459
426 472
426 483
426 492
426 507
426 528
426 536
426 590
426 597
426 631
426 665
426 742
426 804
426 929
426 977
427 444
427 521
427 590
427 605
427 619
427 697
427 794
427 877
427 903
427 975
427 987
427 989
428 448
428 460
428 565
428 566
428 572
428 581
428 801
428 823
428 847
428 979
429 499
429 545
429 592
429 662
429 667
429 679
429 699
429 701
429 742
429 744
429 769
429 785
429 800
429 919
429 984
429 990
430 431
430 471
430 581
430 627
430 673
430 686
430 802
430 803
430 855
430 946
431 461
431 504
431 529
431 595
431 627
431 646
431 653
431 696
431 732
431 755
431 766
431 813
431 848
431 851
431 864
431 866
431 905
431 933
431 947
432 463
432 484
432 488
432 519
432 538
432 540
432 545
432 589
432 610
432 639
432 646
432 658
432 666
432 712
432 748
432 753
432 768
432 791
432 799
432 827
432 843
432 860
432 904
432 936
432 949
432 960
432 966
433 473
433 514
433 666
433 736
434 439
434 460
434 513
434 527
434 551
434 553
434 638
434 708
434 831
434 836
434 850
434 934
434 949
434 970
435 449
435 458
435 480
435 513
435 542
435 587
435 607
435 619
435 659
435 682
435 683
435 687
435 692
435 703
435 793
435 829
435 838
435 913
435 931
435 953
435 990
436 495
436 528
436 553
436 689
436 758
436 774
436 875
436 901
436 982
437 484
437 491
437 566
437 621
437 780
437 827
437 836
437 869
437 915
437 935
437 957
437 988
438 506
438 638
438 674
438 706
438 716
438 802
438 807
438 945
438 969
439 476
439 497
439 512
439 538
439 548
439 568
439 569
439 598
439 654
439 660
439 683
439 693
439 703
439 713
439 721
439 737
439 757
439 777
439 896
439 906
439 915
439 972
439 977
439 984
439 989
440 445
440 535
440 546
440 608
440 777
440 781
440 976
441 474
441 501
441 510
441 516
441 531
441 551
441 555
441 569
441 577
441 598
441 634
441 675
441 696
441 714
441 719
441 722
441 726
441 741
441 762
441 771
441 785
441 830
441 913
441 958
441 996
442 458
442 459
442 460
442 462
442 464
442 528
442 570
442 616
442 617
442 647
442 744
442 763
442 879
442 897
442 915
442 951
442 977
443 448
443 574
443 632
443 819
443 830
443 895
443 964
443 988
444 614
444 621
444 645
444 680
444 697
444 709
444 783
444 802
444 916
444 929
444 979
445 447
445 489
445 510
445 535
445 590
445 606
445 633
445 819
445 871
445 899
445 903
446 450
446 492
446 528
446 561
446 567
446 622
446 697
446 807
447 517
447 634
447 662
447 703
447 716
447 782
447 937
447 979
448 450
448 458
448 468
448 506
448 511
448 515
448 618
448 643
448 652
448 668
448 711
448 718
448 748
448 800
448 806
448 835
448 850
448 852
448 891
448 905
448 932
448 947
449 619
449 622
449 719
449 756
449 787
449 801
449 832
449 920
450 642
450 727
450 870
450 929
450 954
450 977
451 478
451 533
451 565
451 631
451 641
451 654
451 659
451 686
451 689
451 704
451 757
451 835
451 949
451 995
452 514
452 639
452 704
452 731
452 795
452 862
453 463
453 577
453 590
453 620
453 728
453 813
453 827
453 927
454 466
454 519
454 538
454 586
454 624
454 678
454 732
454 755
454 812
454 929
454 995
455 560
455 579
455 771
455 929
455 935
455 952
456 619
456 668
456 671
456 695
456 710
456 723
456 744
456 824
456 832
456 849
456 941
456 965
456 997
456 1000
457 528
457 540
457 636
457 702
457 712
457 715
457 733
457 737
457 767
457 802
457 817
457 900
457 919
457 940
458 510
458 514
458 638
458 681
458 703
458 888
458 979
458 992
459 462
459 471
459 501
459 548
459 570
459 588
459 590
459 694
459 695
459 714
459 798
459 819
459 837
459 863
459 971
460 485
460 496
460 515
460 516
460 529
460 543
460 566
460 569
460 583
460 757
460 814
460 818
460 850
460 863
460 972
460 983
460 990
461 540
461 839
461 942
462 534
462 582
462 598
462 642
462 667
462 677
462 722
462 811
462 818
462 840
462 861
462 944
462 947
462 950
463 465
463 513
463 551
463 602
463 643
463 692
463 722
463 762
463 768
463 837
463 924
463 954
464 474
464 535
464 544
464 634
464 710
464 907
464 993
465 473
465 498
465 838
465 855
465 899
465 928
466 509
466 550
466 579
466 587
466 604
466 609
466 668
466 720
466 731
466 769
466 783
466 862
466 905
466 919
466 929
466 965
466 979
467 477
467 519
467 677
467 712
467 798
467 833
467 835
467 837
467 900
468 638
468 692
468 880
468 888
468 894
468 902
469 489
469 525
469 548
469 578
469 598
469 648
469 686
469 716
469 818
469 905
469 954
469 979
469 999
470 788
470 879
470 900
470 914
470 929
470 954
471 529
471 584
471 635
471 641
471 705
471 901
472 481
472 486
472 545
472 570
472 597
472 607
472 621
472 726
472 732
472 744
472 761
472 820
472 843
472 877
472 883
472 897
472 908
472 943
472 975
473 475
473 480
473 548
473 568
473 577
473 667
473 705
473 811
473 819
473 885
473 926
473 959
474 483
474 505
474 522
474 534
474 536
474 546
474 555
474 580
474 605
474 649
474 660
474 690
474 708
474 710
474 795
474 809
474 848
474 875
474 927
474 971
474 978
474 983
475 577
475 694
475 749
475 768
475 783
475 811
475 952
475 998
476 619
476 733
476 844
476 935
477 489
477 503
477 538
477 540
477 585
477 590
477 596
477 620
477 694
477 699
477 704
477 723
477 724
477 744
477 779
477 839
477 850
477 882
477 944
477 957
477 962
478 554
478 596
478 716
478 790
479 538
479 565
479 576
479 625
479 748
479 754
479 926
479 963
479 964
479 991
480 492
480 513
480 561
480 723
480 775
480 797
480 838
480 885
480 941
480 971
480 995
481 490
481 511
481 826
481 837
481 849
481 850
481 875
481 919
481 932
482 561
482 566
482 574
482 590
482 619
482 811
482 915
482 919
482 995
483 617
483 680
483 760
483 877
483 890
483 897
483 929
483 950
483 985
484 499
484 675
484 939
485 502
485 507
485 559
485 588
485 590
485 594
485 615
485 619
485 721
485 856
485 961
485 992
486 499
486 512
486 553
486 566
486 567
486 590
486 607
486 639
486 652
486 668
486 691
486 749
486 768
486 793
486 819
486 977
487 491
487 496
487 560
487 567
487 641
487 834
487 878
487 901
487 920
487 979
488 500
488 561
488 562
488 731
488 733
488 777
488 920
489 560
489 714
489 803
489 836
489 850
489 914
489 987
490 495
490 604
490 657
490 712
490 742
490 767
490 806
490 814
490 896
490 918
490 950
490 955
490 967
490 982
491 603
491 682
491 737
491 760
491 777
491 785
491 810
491 915
492 495
492 520
492 565
492 595
492 619
492 644
492 654
492 667
492 725
492 765
492 769
492 811
492 824
492 825
492 863
492 881
492 914
492 923
492 932
492 960
492 967
492 972
492 976
492 999
493 517
493 525
493 588
493 649
493 681
493 709
493 746
493 919
493 962
493 968
493 998
494 617
494 710
494 716
494 777
494 805
494 840
494 959
494 975
494 991
494 1000
495 510
495 533
495 546
495 608
495 620
495 634
495 647
495 676
495 707
495 715
495 767
495 789
495 800
495 853
495 862
495 899
496 497
496 539
496 541
496 566
496 645
496 653
496 662
496 677
496 682
496 691
496 696
496 728
496 837
496 914
496 964
496 968
497 538
497 587
497 615
497 649
497 679
497 692
497 694
497 773
497 965
497 988
497 1000
498 503
498 561
498 562
498 606
498 625
498 662
498 794
498 877
499 510
499 524
499 527
499 528
499 531
499 601
499 694
499 701
499 807
499 894
499 916
499 929
499 977
500 505
500 527
500 533
500 535
500 539
500 606
500 874
500 901
500 938
500 949
500 961
501 515
501 524
501 606
501 640
501 653
501 687
501 709
501 758
501 782
501 789
501 808
501 823
501 877
501 920
501 961
501 971
502 519
502 636
502 669
502 741
502 754
502 776
502 796
502 995
502 997
503 524
503 541
503 553
503 555
503 650
503 795
503 910
503 950
504 522
504 548
504 598
504 647
504 716
504 758
504 827
504 893
504 909
504 934
505 514
505 522
505 533
505 541
505 569
505 600
505 726
505 749
505 767
505 873
505 906
505 935
505 961
506 538
506 579
506 596
506 704
506 749
506 760
506 826
506 839
506 866
506 903
506 949
507 514
507 518
507 545
507 553
507 555
507 586
507 759
507 794
507 801
507 829
507 858
507 866
507 881
507 888
507 950
507 958
508 677
508 732
508 758
508 806
508 821
508 896
508 938
508 939
508 992
509 513
509 545
509 613
509 654
509 655
509 676
509 833
509 850
509 862
509 999
510 512
510 602
510 643
510 651
510 674
510 693
510 697
510 738
510 748
510 792
510 803
510 884
510 946
510 962
510 994
511 523
511 533
511 547
511 570
511 596
511 692
511 698
511 708
511 729
511 757
511 766
511 769
511 779
511 793
511 828
511 850
511 952
511 961
511 978
511 983
511 995
512 541
512 563
512 566
512 587
512 589
512 610
512 677
512 755
512 779
512 834
512 856
512 865
512 870
512 904
512 985
513 521
513 581
513 634
513 781
513 818
513 918
514 517
514 535
514 568
514 590
514 615
514 618
514 634
514 653
514 660
514 716
514 729
514 761
514 773
514 787
514 839
514 886
514 928
514 938
514 950
515 564
515 587
515 600
515 677
515 692
515 727
515 736
515 853
515 957
515 977
516 521
516 592
516 598
516 677
516 723
516 753
516 808
516 857
516 866
516 913
516 919
516 981
517 518
517 533
517 559
517 581
517 647
517 704
517 747
517 750
517 784
517 842
517 885
517 900
517 907
517 940
517 949
518 536
518 603
518 612
518 681
518 698
518 733
518 750
518 764
518 942
518 956
518 980
518 982
518 986
519 552
519 561
519 571
519 595
519 617
519 652
519 807
519 960
520 662
520 681
520 728
520 738
520 824
520 893
520 895
520 913
521 523
521 566
521 575
521 588
521 600
521 601
521 611
521 678
521 690
521 702
521 726
521 744
521 798
521 800
521 824
521 830
521 838
521 842
521 846
521 847
521 871
521 876
521 910
521 926
521 943
521 968
521 992
522 544
522 594
522 596
522 614
522 615
522 658
522 731
522 738
522 753
522 795
522 844
522 846
522 869
522 934
522 937
522 979
523 524
523 528
523 555
523 574
523 599
523 622
523 683
523 707
524 571
524 653
524 672
524 773
524 809
524 886
524 922
524 977
525 551
525 567
525 742
525 801
525 813
525 981
526 561
526 586
526 635
526 669
526 724
526 792
526 825
527 546
527 562
527 587
527 592
527 601
527 628
527 828
527 830
527 918
527 995
528 537
528 542
528 553
528 554
528 556
528 560
528 564
528 587
528 588
528 603
528 632
528 634
528 655
528 663
528 677
528 680
528 716
528 793
528 830
528 831
528 868
528 874
528 916
528 951
528 961
528 977
529 532
529 546
529 572
529 577
529 593
529 664
529 666
529 734
529 775
529 814
529 818
529 847
529 854
529 912
529 943
529 988
530 542
530 614
530 791
530 818
530 858
530 880
530 985
531 600
531 634
531 656
531 661
531 843
531 858
531 907
531 942
532 574
532 590
532 623
532 664
532 693
532 747
532 772
532 936
532 939
532 950
533 540
533 560
533 564
533 647
533 676
533 680
533 717
533 728
533 736
533 750
533 758
533 769
533 796
533 808
533 826
533 843
533 920
533 938
533 950
533 953
533 982
534 638
534 771
534 789
534 830
534 931
534 967
534 999
535 546
535 609
535 640
535 768
535 807
535 878
535 881
535 912
535 929
535 941
535 953
536 553
536 561
536 566
536 613
536 632
536 674
536 715
536 833
536 850
536 924
536 956
536 966
536 979
537 585
537 691
537 720
537 722
537 737
537 739
537 749
537 840
537 886
537 925
537 977
538 596
538 635
538 651
538 654
538 661
538 679
538 698
538 711
538 744
538 757
538 776
538 777
538 799
538 843
538 896
538 938
538 976
538 990
538 994
539 545
539 600
539 652
539 697
539 738
539 749
539 767
539 793
539 794
539 809
539 811
539 812
540 596
540 647
540 711
540 725
540 750
540 758
540 781
540 811
540 820
540 830
540 837
540 850
540 995
541 588
541 641
541 642
541 672
541 703
541 729
541 760
541 770
541 797
541 821
541 836
541 841
541 878
541 968
541 991
542 635
542 728
542 834
542 860
542 896
542 927
542 957
543 545
543 755
543 796
543 811
543 959
543 977
544 588
544 617
544 644
544 663
544 676
544 716
544 742
544 768
544 770
544 775
544 779
544 807
544 838
544 897
544 919
544 969
545 603
545 688
545 749
545 759
545 761
545 767
545 770
545 821
545 852
545 854
545 862
545 865
545 914
545 917
545 996
546 554
546 555
546 624
546 627
546 650
546 716
546 785
546 786
546 805
546 813
546 854
546 884
546 891
546 918
546 924
546 969
546 970
546 977
546 991
547 592
547 607
547 613
547 679
547 688
547 880
547 900
547 920
547 974
547 983
548 564
548 580
548 588
548 600
548 611
548 642
548 692
548 775
548 781
548 794
548 841
548 842
548 845
548 871
548 873
548 876
548 921
548 937
548 945
548 947
548 955
548 986
549 554
549 559
549 560
549 561
549 566
549 573
549 588
549 604
549 663
549 673
549 687
549 750
549 827
549 857
549 876
549 877
549 914
549 984
549 986
549 998
550 600
550 615
550 662
550 669
550 679
550 750
550 794
550 864
550 977
551 575
551 609
551 647
551 658
551 666
551 677
551 693
552 604
552 616
552 729
552 767
552 799
552 810
552 824
552 836
552 841
552 876
552 892
552 899
552 975
552 977
553 571
553 575
553 578
553 634
553 667
553 681
553 729
553 871
553 929
553 937
553 940
553 946
553 977
554 560
554 566
554 585
554 594
554 604
554 616
554 657
554 678
554 686
554 734
554 744
554 750
554 757
554 782
554 811
554 849
554 850
554 946
554 966
554 983
555 638
555 657
555 711
555 733
555 789
555 803
555 854
555 957
556 604
556 617
556 691
556 693
556 769
556 801
556 929
556 963
557 632
557 647
557 657
557 687
557 702
557 750
557 794
557 795
557 866
557 940
557 982
557 984
558 570
558 574
558 588
558 707
558 830
558 927
558 949
559 562
559 595
559 629
559 636
559 677
559 685
559 699
559 728
559 784
559 850
559 883
559 899
559 908
559 909
559 924
559 949
559 952
559 987
559 991
560 561
560 566
560 572
560 579
560 591
560 592
560 604
560 610
560 688
560 703
560 708
560 730
560 756
560 779
560 795
560 808
560 826
560 844
560 855
560 867
560 872
560 875
560 918
560 946
560 952
560 974
561 566
561 578
561 653
561 675
561 743
561 785
561 872
561 974
562 625
562 628
562 694
562 764
562 833
562 893
562 903
562 925
562 931
562 945
563 581
563 767
563 780
563 806
563 826
563 839
563 920
563 923
564 567
564 587
564 663
564 671
564 742
564 800
564 842
564 876
564 879
564 911
564 920
564 924
564 952
564 962
564 971
565 647
565 724
565 750
565 801
565 806
565 837
565 901
565 903
565 927
565 994
566 581
566 596
566 604
566 638
566 668
566 688
566 692
566 717
566 722
566 729
566 817
566 880
566 925
566 931
566 950
566 955
567 582
567 583
567 631
567 645
567 657
567 800
567 837
567 856
567 862
567 883
567 920
567 924
568 570
568 575
568 587
568 815
568 877
568 934
569 657
569 803
569 811
569 813
569 830
569 861
569 881
569 898
569 903
569 907
569 914
569 918
570 590
570 591
570 594
570 607
570 615
570 658
570 661
570 679
570 689
570 692
570 704
570 731
570 732
570 824
570 836
570 850
570 872
570 875
570 900
570 923
570 963
571 578
571 585
571 617
571 637
571 638
571 652
571 689
571 711
571 713
571 716
571 809
571 877
572 582
572 583
572 598
572 666
572 677
572 713
572 770
572 791
572 805
572 861
572 902
572 913
573 681
573 707
573 734
573 754
573 760
573 811
573 825
573 826
573 847
573 915
573 938
573 949
574 616
574 625
574 651
574 672
574 705
574 710
574 724
574 731
574 758
574 767
574 790
574 816
574 824
574 832
574 837
574 846
574 857
574 882
574 917
574 926
574 961
574 988
574 989
575 682
575 802
575 811
575 872
576 681
576 771
576 811
576 838
576 847
576 923
576 954
576 957
576 963
576 983
576 992
577 589
577 602
577 605
577 617
577 677
577 773
577 808
577 831
577 841
577 843
577 883
577 892
577 914
577 915
577 918
577 920
577 933
577 993
577 995
578 592
578 688
578 758
578 781
578 833
578 851
578 875
578 891
579 595
579 599
579 653
579 714
579 740
579 818
579 906
579 971
579 972
580 593
580 598
580 734
580 738
580 748
580 767
580 839
580 854
581 586
581 639
581 654
581 665
581 752
581 781
581 795
581 805
581 825
581 835
581 840
581 897
581 949
582 605
582 627
582 642
582 662
582 671
582 678
582 702
582 747
582 772
582 802
582 807
582 812
582 825
582 844
582 886
582 888
582 901
582 933
582 964
582 998
583 600
583 631
583 682
583 704
583 751
583 757
583 829
583 923
583 929
583 935
584 716
584 813
584 862
584 897
584 916
584 985
585 601
585 604
585 636
585 697
585 718
585 758
585 762
585 772
585 779
585 787
585 792
585 801
585 806
585 840
585 850
585 907
585 928
586 610
586 710
586 813
586 948
586 983
587 678
587 769
587 781
587 828
587 849
587 935
587 977
588 600
588 609
588 653
588 666
588 674
588 690
588 725
588 761
588 787
588 794
588 817
588 881
589 614
589 638
589 668
589 992
590 597
590 629
590 641
590 653
590 733
590 738
590 748
590 752
590 820
590 844
590 883
590 921
590 931
590 991
591 634
591 653
591 801
591 819
591 833
591 836
591 872
591 965
592 605
592 609
592 749
592 756
592 763
592 811
592 832
592 844
592 854
592 927
592 949
592 966
592 992
592 999
593 662
593 851
593 868
593 905
593 936
593 938
594 769
594 772
594 781
594 819
594 950
594 987
594 995
595 661
595 668
595 739
595 756
595 797
595 881
595 922
596 712
596 721
596 770
596 803
596 832
596 836
596 845
596 856
596 901
596 947
596 997
597 617
597 700
597 722
597 732
597 751
597 766
597 772
597 820
597 883
597 886
597 932
597 997
598 619
598 714
598 792
598 799
598 800
598 847
598 848
598 862
598 888
598 892
598 954
599 603
599 734
599 764
599 770
599 811
599 930
599 937
599 964
600 648
600 667
600 693
600 712
600 733
600 763
600 767
600 794
600 839
600 842
600 851
600 876
600 891
600 898
600 910
600 950
600 960
600 974
600 982
601 662
601 839
601 875
601 929
601 934
601 969
601 983
602 633
602 722
602 729
602 740
602 780
602 954
602 957
603 611
603 667
603 670
603 799
603 802
603 825
603 890
603 902
603 930
603 959
603 978
604 696
604 723
604 775
604 794
604 923
604 962
604 964
604 978
605 619
605 714
605 728
605 729
605 738
605 801
605 979
606 669
606 683
606 725
606 844
606 875
606 952
607 693
607 699
607 710
607 729
607 738
607 780
607 820
607 828
607 839
607 869
607 889
607 890
607 904
607 920
608 611
608 641
608 704
608 803
608 849
608 888
608 905
608 934
608 955
609 633
609 713
609 807
609 822
609 856
609 905
609 945
609 997
610 614
610 617
610 647
610 664
610 667
610 760
610 779
610 898
610 952
611 673
611 692
611 714
611 735
611 794
611 800
611 960
611 991
612 679
612 749
612 911
612 973
613 622
613 728
613 761
613 866
613 906
613 916
613 938
613 987
614 619
614 623
614 630
614 691
614 700
614 736
614 801
614 821
614 849
614 852
614 865
614 944
614 959
615 664
615 694
615 697
615 734
615 735
615 790
615 811
615 825
615 837
615 846
615 848
615 854
615 893
615 938
615 988
616 634
616 739
616 757
616 763
616 835
616 845
616 850
616 854
616 868
616 894
616 924
616 978
617 618
617 619
617 623
617 626
617 680
617 682
617 754
617 763
617 769
617 792
617 795
617 821
617 826
617 831
617 887
617 904
617 961
617 981
617 991
618 633
618 675
618 940
619 625
619 630
619 645
619 664
619 666
619 769
619 776
619 824
619 838
619 860
619 871
619 882
619 910
619 954
620 720
620 726
620 748
620 858
620 935
620 954
620 981
620 995
621 654
621 720
621 838
621 864
621 898
621 927
621 1000
622 651
622 668
622 697
622 707
622 749
622 775
622 784
622 787
622 810
622 868
622 888
622 914
622 919
622 926
622 930
622 945
622 971
622 974
622 989
622 992
623 675
623 677
623 701
623 716
623 720
623 751
623 813
623 840
623 877
623 883
623 954
624 665
624 769
624 837
624 920
624 991
625 660
625 695
625 862
625 895
625 982
626 630
626 634
626 657
626 667
626 704
626 813
626 818
626 862
626 940
626 952
626 957
626 974
627 663
627 681
627 701
627 815
627 819
627 937
628 672
628 673
628 716
628 794
628 811
628 864
628 901
628 920
628 944
628 957
628 972
628 996
629 739
629 741
629 839
629 850
629 860
629 861
629 924
629 934
629 937
629 955
629 992
630 651
630 694
630 795
630 807
630 839
630 856
631 662
631 807
631 883
631 901
631 920
631 950
631 964
632 793
632 961
632 966
632 1000
633 645
633 649
633 661
633 662
633 682
633 783
633 873
633 904
633 907
634 639
634 656
634 703
634 767
634 889
634 931
634 951
634 977
635 774
635 824
635 869
635 875
635 881
635 940
636 641
636 647
636 661
636 738
636 802
636 861
636 883
636 887
636 925
637 656
637 659
637 995
638 644
638 695
638 741
638 768
638 794
638 807
638 899
638 926
638 945
638 947
638 949
639 801
639 867
639 912
639 956
639 973
639 987
640 704
640 716
640 739
640 761
640 777
641 660
641 688
641 708
641 729
641 811
641 815
641 827
641 864
641 972
642 694
642 697
642 707
642 796
642 801
642 846
642 859
642 900
642 904
642 925
643 679
643 680
643 688
643 728
643 760
643 770
643 783
643 805
643 833
643 873
643 924
643 935
643 950
644 710
644 873
644 987
645 654
645 700
645 707
645 717
645 741
645 779
645 785
645 788
645 821
645 848
645 869
645 876
645 976
645 977
646 691
646 696
646 698
646 768
646 883
646 901
646 920
647 661
647 681
647 715
647 719
647 748
647 750
647 764
647 780
647 847
647 854
647 876
647 883
647 955
647 988
647 993
648 683
648 770
648 834
648 854
648 862
648 897
648 960
648 988
649 767
649 818
649 842
649 862
649 932
649 950
650 653
650 671
650 745
650 789
650 835
650 855
650 863
650 873
650 898
650 905
650 983
650 989
651 676
651 679
651 710
651 811
651 827
651 845
651 852
651 861
651 904
651 917
651 925
651 944
652 837
652 894
653 730
653 748
653 851
653 901
653 911
653 946
653 949
653 954
653 966
653 979
653 985
653 987
653 990
654 693
654 847
654 959
655 694
655 777
655 901
656 662
656 696
656 707
656 715
656 719
656 743
656 749
656 764
656 781
656 894
656 896
656 907
656 917
656 986
657 684
657 716
657 732
657 757
657 775
657 779
657 792
657 813
657 856
657 870
657 898
657 902
657 911
657 922
657 950
657 952
658 710
658 732
658 770
658 776
658 814
658 820
658 845
658 855
658 856
658 858
658 916
658 954
658 997
659 692
659 758
659 788
659 927
659 1000
660 675
660 684
660 775
660 833
660 835
660 968
661 778
661 819
661 952
662 666
662 668
662 685
662 688
662 697
662 704
662 741
662 759
662 782
662 815
662 818
662 819
662 827
662 895
662 907
663 713
663 748
663 835
663 836
663 848
663 852
663 889
663 914
663 915
663 970
663 985
664 696
664 733
664 737
664 781
664 862
664 874
664 890
664 911
665 668
665 677
665 728
665 820
665 861
665 999
666 673
666 682
666 739
666 740
666 757
666 765
666 784
666 789
666 993
667 669
667 691
667 692
667 717
667 725
667 732
667 769
667 832
667 850
667 877
667 898
667 930
667 937
667 960
667 968
667 988
667 991
668 669
668 675
668 717
668 729
668 737
668 778
668 783
668 787
668 798
668 801
668 805
668 828
668 864
668 866
668 889
668 911
668 919
668 965
669 733
669 808
669 851
669 929
669 957
669 958
669 965
669 985
670 716
670 745
670 851
670 881
670 884
670 925
671 713
671 850
671 951
671 998
672 676
672 678
672 684
672 723
672 812
672 819
672 820
672 824
672 853
672 865
672 873
672 911
672 918
672 932
672 946
672 954
672 963
672 990
673 694
673 703
673 710
673 714
673 717
673 732
673 746
673 807
673 829
673 833
673 849
673 870
673 908
673 945
673 991
673 1000
674 683
674 727
674 839
674 949
674 971
675 683
675 737
675 867
675 878
676 710
676 795
676 801
676 865
677 686
677 688
677 709
677 715
677 719
677 744
677 760
677 769
677 813
677 848
677 853
677 893
677 901
677 904
677 921
677 951
677 962
678 716
678 843
678 874
678 942
678 947
678 960
679 781
679 824
679 855
679 883
679 946
679 975
679 998
680 940
680 974
680 978
680 992
681 689
681 698
681 725
681 743
681 749
681 760
681 783
681 865
681 869
681 874
681 881
681 932
681 960
681 961
681 965
681 968
681 969
681 973
682 724
682 729
682 743
682 750
682 763
682 765
682 819
682 831
682 853
682 863
682 868
682 940
682 997
683 700
683 703
683 711
683 739
683 750
683 768
683 778
683 786
683 847
683 866
683 888
683 949
683 966
683 978
683 979
684 754
684 764
684 794
684 800
684 827
684 894
684 908
684 952
685 738
685 752
685 958
686 838
687 865
687 867
687 885
687 897
687 930
688 744
688 770
688 787
688 797
688 924
689 733
689 781
689 947
690 740
690 946
690 957
690 976
691 711
691 827
691 839
691 961
691 969
691 991
692 711
692 776
692 784
692 803
692 808
692 854
692 924
692 938
692 949
692 963
692 986
692 989
692 993
693 794
693 830
693 928
694 697
694 738
694 744
694 790
694 815
694 829
694 839
694 867
694 879
694 974
695 734
695 747
695 750
695 785
695 806
695 849
695 961
696 703
696 714
696 726
696 730
696 824
696 834
696 916
696 923
696 935
696 942
696 946
696 964
696 971
697 700
697 717
697 729
697 739
697 748
697 759
697 761
697 769
697 849
697 851
697 855
697 895
697 938
697 979
697 992
698 769
698 788
698 862
698 864
698 924
699 706
699 808
699 814
699 820
699 866
699 895
699 900
699 919
699 965
699 982
700 751
700 775
700 803
700 850
700 856
700 911
700 932
700 952
701 717
701 732
701 739
701 803
701 914
701 938
701 950
701 987
702 734
702 844
702 950
702 982
702 995
703 716
703 717
703 732
703 735
703 744
703 748
703 775
703 778
703 789
703 801
703 815
703 829
703 850
703 909
703 914
703 967
703 975
703 985
704 714
704 738
704 741
704 749
704 783
704 805
704 843
704 855
704 943
704 964
704 989
704 997
705 737
705 885
705 892
705 906
705 970
706 714
706 750
706 829
706 848
706 897
706 950
706 982
706 991
707 731
707 806
707 893
707 956
708 716
708 740
708 833
708 839
708 861
708 874
708 898
708 965
708 983
709 753
709 772
709 818
709 837
709 839
709 868
709 888
709 994
710 712
710 735
710 763
710 836
710 852
710 931
710 976
710 989
710 999
711 733
711 757
711 772
711 979
712 752
712 856
712 929
712 988
712 991
713 732
713 733
713 837
713 857
713 870
713 883
714 716
714 824
714 916
714 925
714 962
714 994
715 733
715 755
715 847
715 862
715 952
715 980
716 719
716 753
716 771
716 807
716 825
716 847
716 856
716 947
716 949
716 953
716 971
717 747
717 775
717 778
717 784
717 787
717 792
717 801
717 806
717 868
717 870
717 895
717 914
717 922
717 952
717 963
717 992
718 829
718 888
718 904
718 980
719 767
719 824
719 903
719 920
719 929
720 821
720 904
720 952
720 980
720 984
720 987
721 730
721 745
721 878
721 935
722 733
722 769
722 837
722 881
722 945
723 848
723 883
724 831
724 855
724 899
724 904
724 923
724 930
725 759
725 783
725 798
725 859
725 891
725 954
725 1000
726 791
726 859
726 866
726 877
726 913
727 807
727 920
727 954
728 745
728 791
728 797
728 820
728 821
728 895
728 899
728 927
728 953
728 979
729 730
729 743
729 784
729 950
729 977
730 744
730 748
730 782
730 784
730 796
730 821
730 836
730 844
730 897
730 909
730 939
730 955
731 811
731 877
731 936
732 738
732 759
732 762
732 792
732 803
732 804
732 816
732 818
732 819
732 864
732 895
732 932
732 981
732 997
733 777
733 782
733 799
733 819
733 883
733 897
733 954
733 967
733 998
734 753
734 823
734 827
734 840
734 874
734 938
734 939
734 947
735 823
735 947
735 990
736 794
736 821
736 968
737 759
737 769
737 821
737 846
737 852
737 888
737 924
737 981
738 773
738 815
738 895
738 916
738 950
738 981
738 987
739 754
739 784
739 787
739 801
739 824
739 836
739 862
739 881
739 922
739 945
739 977
740 767
740 780
740 896
740 914
740 918
740 930
740 983
741 790
741 834
741 864
741 978
742 752
742 776
742 867
743 744
743 877
743 914
743 920
743 927
744 786
744 794
744 802
744 819
744 825
744 839
744 883
744 914
744 994
745 776
745 897
745 945
745 947
745 973
746 916
746 982
747 947
748 766
748 791
748 798
748 876
748 878
748 894
748 912
748 956
748 968
748 985
749 851
749 852
749 877
749 892
749 911
749 961
749 963
750 814
750 838
750 855
750 908
750 938
751 821
751 959
751 965
752 812
752 882
752 892
752 899
752 916
752 925
752 942
752 990
753 824
753 850
753 913
753 991
755 781
755 942
755 953
756 830
756 841
756 934
756 969
757 781
757 856
757 873
757 877
757 937
757 942
758 814
758 819
758 877
758 883
758 971
758 992
759 814
759 815
759 927
759 944
759 947
759 995
760 768
760 782
760 800
760 843
760 855
760 929
760 957
760 989
761 781
761 783
761 820
761 827
761 856
761 874
761 879
761 938
761 942
761 947
762 782
762 784
762 802
762 838
762 840
762 850
762 888
763 775
763 806
763 1000
764 872
764 907
764 949
764 958
764 982
765 775
765 909
765 994
766 876
766 895
766 947
766 977
767 863
767 876
767 894
767 927
767 947
768 800
768 985
769 771
769 774
769 791
769 800
769 802
769 836
769 838
769 848
769 866
769 879
769 894
769 925
769 932
769 951
769 963
770 789
770 856
770 893
770 927
770 931
770 945
770 947
770 948
771 934
771 945
771 952
771 974
772 794
772 815
772 818
772 831
773 783
773 801
773 833
773 921
773 947
774 798
774 816
774 927
774 1000
775 919
775 938
775 945
775 950
776 777
776 817
776 863
776 893
776 921
776 937
776 981
776 983
776 995
777 962
777 986
778 816
778 839
778 854
778 876
779 914
779 946
780 794
780 828
780 920
781 797
781 802
781 858
781 874
781 877
781 964
781 969
781 978
782 809
782 836
782 875
782 882
782 892
782 905
782 914
782 977
783 826
783 838
783 858
783 952
783 969
784 833
784 952
785 805
785 813
785 954
785 968
786 968
787 798
787 812
787 915
787 992
788 807
788 823
788 862
788 912
788 952
788 964
788 988
788 989
789 794
789 812
789 827
789 836
789 845
789 850
789 927
789 933
790 801
790 811
790 819
790 821
790 828
791 824
791 895
792 817
792 836
792 941
793 801
793 828
793 830
793 862
794 842
794 876
794 879
794 887
794 910
794 913
794 933
794 961
795 841
795 861
795 877
795 934
795 935
795 949
795 973
795 982
796 961
796 975
796 985
797 856
797 968
798 817
798 834
798 858
798 959
798 971
798 996
798 1000
799 801
799 834
799 950
799 983
801 812
801 822
801 829
801 854
801 866
801 887
801 909
801 919
801 922
801 943
801 945
801 990
801 1000
802 810
802 902
802 908
802 928
802 951
802 956
802 959
802 962
802 969
803 873
803 877
803 880
803 905
803 916
803 930
804 813
804 820
804 834
804 878
804 928
804 952
804 953
804 957
805 812
806 837
806 866
806 895
806 913
806 1000
807 811
807 834
807 838
807 849
807 856
807 889
807 915
807 920
807 940
807 947
807 971
807 986
808 839
808 862
808 915
809 975
810 829
810 918
810 964
811 841
811 843
811 904
811 939
811 975
811 992
811 993
812 881
812 919
813 948
814 888
815 819
815 830
815 839
815 850
815 880
815 978
816 855
816 905
816 950
817 858
817 862
817 883
818 850
818 897
818 953
818 956
818 970
818 995
819 832
819 850
819 901
819 932
819 957
819 969
820 837
820 846
820 850
820 878
820 900
820 919
820 968
820 976
821 858
821 859
821 862
821 906
821 927
821 987
821 992
821 996
822 977
822 990
822 1000
823 973
823 977
824 843
824 869
824 873
825 862
825 885
825 963
825 983
826 861
826 907
826 949
826 985
826 996
827 847
827 882
827 919
827 936
827 947
827 978
827 980
828 899
828 904
828 949
828 961
828 977
828 990
829 830
829 833
829 881
829 897
829 933
829 963
830 862
830 879
831 923
831 935
832 838
832 873
832 897
832 948
832 950
833 868
833 876
833 891
833 906
833 908
833 914
833 952
833 969
833 981
833 1000
834 875
834 887
834 898
834 903
834 905
834 952
834 980
835 885
835 914
835 982
835 990
836 847
836 918
836 983
837 839
837 853
837 884
837 909
837 919
837 963
837 975
838 848
838 850
838 882
838 893
838 974
839 870
839 886
839 900
839 911
839 962
839 963
840 857
840 864
840 895
840 915
840 988
841 895
841 958
841 990
842 880
842 978
843 848
843 904
843 975
844 942
844 998
845 867
845 898
845 938
845 967
845 990
845 998
846 883
846 913
846 980
847 864
847 929
847 950
849 904
849 940
849 944
849 959
849 970
849 991
850 856
850 864
850 918
850 931
850 937
850 941
850 945
850 946
850 963
850 970
851 877
851 913
851 920
851 932
851 970
852 855
852 879
852 895
853 889
853 916
853 917
853 973
854 917
854 966
854 978
855 856
856 867
856 902
856 943
856 947
856 980
856 990
857 918
857 949
857 995
858 919
858 929
858 953
858 983
859 866
860 926
860 964
860 970
861 878
861 940
861 950
862 868
862 880
862 881
862 882
862 886
862 906
862 942
862 970
862 1000
863 879
863 945
863 957
863 996
864 871
864 873
864 886
864 916
864 991
865 866
865 908
865 957
865 970
866 914
866 962
866 1000
867 883
867 906
868 916
868 926
868 935
868 944
868 999
869 947
870 898
870 909
870 966
871 897
871 931
871 992
872 1000
873 912
873 944
874 885
874 895
874 919
874 978
875 918
875 919
875 984
876 983
876 999
877 889
877 891
877 907
877 972
877 978
877 990
878 909
878 947
879 904
879 942
879 954
879 964
879 969
879 975
879 984
879 988
879 989
880 912
880 954
880 961
881 908
881 910
881 914
881 921
881 925
881 951
881 971
881 999
882 913
882 919
883 917
883 920
883 921
884 900
884 938
885 910
885 951
885 971
885 977
885 983
886 954
887 895
887 900
887 971
887 980
888 899
888 907
888 980
889 906
889 914
889 921
889 935
890 902
890 911
890 916
891 912
891 918
891 927
891 957
892 920
892 951
892 983
893 954
893 989
894 927
895 915
895 943
895 949
895 953
895 975
895 979
895 982
896 901
896 949
896 991
897 910
897 935
897 988
898 911
898 947
898 950
898 975
898 982
899 900
899 977
899 995
900 973
900 978
900 1000
901 910
901 923
901 944
901 959
902 919
902 924
902 934
902 938
902 968
903 912
903 950
903 956
904 955
905 912
905 913
905 957
905 964
906 932
906 987
907 957
908 941
908 945
908 954
908 983
909 914
909 915
909 926
909 931
909 966
910 912
910 919
910 972
912 917
912 935
913 963
914 919
914 964
914 975
914 996
916 945
917 991
917 992
918 975
919 962
919 971
919 991
920 923
920 937
920 949
920 953
920 981
920 998
922 928
922 937
923 925
923 953
923 1000
924 960
924 984
926 970
929 942
929 959
930 936
930 947
932 940
932 943
932 954
932 964
933 947
934 937
934 940
934 947
934 952
934 975
934 986
935 964
935 995
937 969
937 976
938 974
938 990
939 962
940 942
940 964
940 978
942 982
943 981
944 983
945 954
946 948
946 978
947 950
947 994
948 979
949 955
949 968
949 979
949 996
950 954
950 969
950 984
950 989
951 969
952 958
955 964
956 977
958 1000
966 990
969 989
970 993
970 998
971 981
971 995
972 977
973 990
974 979
974 992
976 992
977 982
977 996
978 979
982 983
982 991
988 997
