# LFR benchmark graph: regime=B mu=0.6 realization=1
# undirected, unweighted; 1-based node ids; each edge listed once.
1 19
1 80
1 107
1 112
1 116
1 134
1 164
1 221
1 232
1 250
1 306
1 355
1 416
1 505
1 515
1 516
1 527
1 800
1 829
1 907
1 949
1 963
2 59
2 169
2 304
2 346
2 401
2 566
2 586
2 592
2 636
2 823
2 898
2 965
2 988
2 999
3 45
3 67
3 88
3 189
3 191
3 283
3 420
3 535
3 559
3 581
3 638
3 687
3 734
3 848
4 49
4 124
4 281
4 339
4 342
4 353
4 723
4 746
4 753
4 756
4 795
4 805
4 856
4 957
4 980
4 984
5 10
5 15
5 16
5 19
5 29
5 37
5 39
5 68
5 142
5 144
5 182
5 226
5 239
5 296
5 297
5 329
5 351
5 360
5 534
5 547
5 550
5 589
5 644
5 669
5 724
5 741
5 776
5 829
5 885
5 961
5 978
6 64
6 326
6 334
6 402
6 566
6 691
6 780
6 826
6 890
6 985
7 113
7 154
7 187
7 216
7 316
7 374
7 397
7 426
7 427
7 431
7 494
7 521
7 667
7 698
7 739
7 844
7 886
7 887
7 893
7 966
7 971
8 67
8 76
8 183
8 214
8 297
8 298
8 301
8 336
8 437
8 449
8 459
8 548
8 549
8 585
8 680
8 705
8 712
8 716
8 760
8 801
8 814
8 843
8 846
8 904
8 922
8 935
8 938
8 974
9 13
9 78
9 95
9 162
9 192
9 238
9 251
9 347
9 349
9 350
9 381
9 428
9 603
9 748
9 893
9 931
9 939
10 19
10 208
10 264
10 312
10 414
10 432
10 442
10 504
10 571
10 577
10 595
10 659
10 706
10 855
10 978
10 984
11 42
11 48
11 184
11 196
11 201
11 232
11 320
11 365
11 400
11 407
11 459
11 534
11 542
11 562
11 563
11 592
11 623
11 626
11 668
11 671
11 711
11 729
11 759
11 773
11 775
11 798
11 829
11 878
11 917
11 927
11 969
12 29
12 35
12 70
12 105
12 132
12 305
12 330
12 333
12 544
12 545
12 546
12 550
12 559
12 595
12 657
12 741
12 753
12 793
12 899
12 912
12 980
13 72
13 114
13 121
13 169
13 196
13 200
13 269
13 271
13 322
13 442
13 448
13 469
13 490
13 508
13 545
13 546
13 565
13 620
13 630
13 632
13 648
13 667
13 693
13 771
13 905
13 917
13 935
14 75
14 132
14 135
14 201
14 222
14 232
14 279
14 298
14 309
14 324
14 528
14 546
14 583
14 644
14 692
14 741
14 814
14 872
14 949
14 976
14 978
14 983
15 38
15 84
15 154
15 194
15 387
15 608
15 609
15 636
15 667
15 894
15 903
15 990
16 68
16 75
16 97
16 224
16 229
16 428
16 519
16 524
16 544
16 547
16 574
16 706
16 732
16 768
16 792
16 814
16 821
16 861
16 872
16 888
16 893
16 951
16 971
16 987
16 997
17 307
17 308
17 368
17 419
17 443
17 469
17 508
17 512
17 545
17 618
17 639
17 757
17 771
17 795
17 805
17 858
17 874
18 24
18 109
18 124
18 165
18 167
18 222
18 271
18 274
18 338
18 424
18 467
18 475
18 539
18 595
18 739
18 741
18 792
18 880
18 898
18 915
18 970
18 977
19 37
19 39
19 79
19 129
19 132
19 146
19 164
19 193
19 301
19 323
19 341
19 342
19 345
19 402
19 424
19 443
19 450
19 480
19 488
19 520
19 534
19 546
19 552
19 558
19 587
19 591
19 612
19 649
19 666
19 687
19 710
19 741
19 751
19 754
19 793
19 838
19 843
19 850
19 879
19 894
19 944
19 956
20 93
20 144
20 145
20 156
20 160
20 182
20 238
20 257
20 326
20 347
20 367
20 400
20 506
20 536
20 547
20 593
20 604
20 639
20 660
20 708
20 731
20 742
20 768
20 872
20 883
20 895
20 899
20 952
20 982
21 62
21 92
21 105
21 124
21 130
21 159
21 176
21 197
21 250
21 277
21 278
21 301
21 303
21 402
21 438
21 448
21 460
21 477
21 493
21 497
21 511
21 522
21 541
21 550
21 586
21 589
21 667
21 804
21 837
21 945
21 948
21 949
22 41
22 83
22 84
22 86
22 238
22 267
22 272
22 291
22 307
22 354
22 378
22 387
22 402
22 463
22 497
22 535
22 555
22 559
22 584
22 644
22 676
22 703
22 775
22 795
22 806
22 831
22 835
22 866
22 867
22 900
22 957
23 45
23 46
23 59
23 244
23 318
23 327
23 354
23 374
23 377
23 408
23 558
23 573
23 584
23 600
23 612
23 617
23 640
23 698
23 912
23 921
23 962
24 56
24 90
24 142
24 198
24 200
24 250
24 335
24 360
24 374
24 385
24 405
24 417
24 422
24 436
24 449
24 475
24 491
24 499
24 504
24 521
24 527
24 531
24 554
24 587
24 627
24 682
24 694
24 695
24 697
24 718
24 768
24 798
24 809
24 910
24 923
24 925
24 942
24 962
24 965
24 971
24 980
24 995
25 32
25 69
25 75
25 90
25 103
25 178
25 200
25 250
25 311
25 454
25 490
25 522
25 549
25 579
25 640
25 645
25 663
25 678
25 740
25 773
25 796
25 803
25 891
25 939
25 978
26 66
26 108
26 314
26 358
26 363
26 402
26 405
26 420
26 429
26 441
26 480
26 494
26 508
26 553
26 560
26 612
26 619
26 710
26 737
26 796
26 815
26 838
26 853
26 854
26 861
26 969
26 985
26 993
27 31
27 48
27 175
27 227
27 295
27 302
27 326
27 329
27 400
27 408
27 507
27 522
27 563
27 565
27 575
27 614
27 638
27 678
27 865
27 879
27 988
28 77
28 79
28 158
28 212
28 263
28 328
28 374
28 480
28 534
28 581
28 643
28 656
28 722
28 744
28 804
28 828
28 830
28 835
28 917
28 928
28 968
28 972
28 992
29 188
29 257
29 316
29 374
29 377
29 490
29 586
29 638
29 655
29 738
29 954
30 156
30 222
30 226
30 229
30 293
30 317
30 370
30 374
30 395
30 397
30 398
30 401
30 434
30 480
30 506
30 550
30 562
30 603
30 615
30 821
30 886
30 931
31 121
31 187
31 300
31 345
31 458
31 513
31 661
31 760
31 784
31 792
31 817
31 850
31 886
31 941
31 969
32 57
32 132
32 170
32 503
32 513
32 530
32 598
32 623
32 645
32 684
32 843
32 866
32 870
32 951
33 72
33 91
33 168
33 175
33 271
33 284
33 322
33 361
33 438
33 479
33 512
33 549
33 620
33 648
33 667
33 686
33 725
33 794
33 913
34 35
34 71
34 107
34 136
34 160
34 170
34 280
34 331
34 345
34 353
34 471
34 472
34 508
34 537
34 548
34 562
34 570
34 584
34 597
34 651
34 654
34 726
34 740
34 756
34 794
34 889
34 921
34 940
34 991
35 40
35 145
35 154
35 170
35 175
35 228
35 261
35 264
35 310
35 323
35 384
35 390
35 520
35 522
35 618
35 651
35 738
35 779
35 802
35 892
35 943
35 950
35 961
35 971
35 999
36 71
36 157
36 169
36 202
36 307
36 318
36 330
36 379
36 387
36 406
36 431
36 462
36 653
36 691
36 699
36 744
36 748
36 779
36 942
36 943
37 86
37 138
37 224
37 291
37 296
37 388
37 529
37 593
37 741
37 772
37 894
37 947
37 950
38 61
38 83
38 161
38 164
38 169
38 185
38 214
38 221
38 275
38 297
38 331
38 384
38 385
38 415
38 489
38 502
38 540
38 565
38 575
38 603
38 610
38 615
38 622
38 666
38 680
38 726
38 741
38 773
38 808
38 813
38 820
38 908
38 912
38 958
39 72
39 150
39 165
39 184
39 192
39 223
39 376
39 414
39 481
39 524
39 638
39 687
39 688
39 692
39 747
39 767
39 803
39 807
39 922
40 49
40 129
40 131
40 163
40 181
40 186
40 200
40 237
40 250
40 277
40 345
40 467
40 480
40 482
40 522
40 532
40 612
40 618
40 717
40 723
40 792
40 797
40 804
40 830
40 964
40 973
41 45
41 66
41 78
41 84
41 143
41 187
41 244
41 271
41 291
41 316
41 391
41 403
41 404
41 426
41 455
41 458
41 479
41 491
41 559
41 683
41 684
41 741
41 760
41 780
41 797
41 867
41 899
41 915
41 932
41 947
41 949
41 986
41 990
42 47
42 83
42 105
42 154
42 169
42 214
42 215
42 219
42 318
42 339
42 374
42 379
42 400
42 437
42 451
42 474
42 498
42 535
42 595
42 617
42 638
42 675
42 687
42 716
42 785
42 801
42 818
42 843
42 887
42 915
42 950
42 964
43 183
43 196
43 220
43 258
43 267
43 403
43 411
43 562
43 577
43 590
43 664
43 678
43 694
43 726
43 840
43 896
43 936
43 962
44 189
44 201
44 251
44 266
44 321
44 355
44 365
44 391
44 511
44 531
44 548
44 555
44 709
44 728
44 784
44 864
44 883
44 989
45 116
45 148
45 202
45 245
45 249
45 281
45 303
45 323
45 360
45 376
45 396
45 409
45 480
45 561
45 567
45 586
45 607
45 721
45 779
45 784
45 790
45 807
45 835
45 882
45 887
45 911
45 941
45 967
45 970
45 984
46 70
46 80
46 117
46 179
46 183
46 242
46 270
46 318
46 321
46 355
46 366
46 406
46 428
46 442
46 459
46 515
46 676
46 759
46 771
46 785
46 868
46 910
46 915
46 924
46 931
47 83
47 93
47 110
47 129
47 142
47 154
47 169
47 202
47 211
47 218
47 221
47 224
47 303
47 318
47 344
47 447
47 473
47 499
47 540
47 559
47 560
47 641
47 644
47 728
47 757
47 893
47 922
47 934
47 938
47 965
47 969
47 998
48 111
48 136
48 148
48 169
48 172
48 246
48 280
48 350
48 400
48 410
48 475
48 507
48 514
48 529
48 572
48 575
48 578
48 581
48 596
48 623
48 635
48 644
48 730
48 746
48 758
48 799
48 810
48 848
48 852
48 853
48 875
48 916
48 937
48 959
48 972
48 976
49 85
49 91
49 118
49 282
49 395
49 410
49 482
49 490
49 514
49 517
49 546
49 548
49 549
49 612
49 626
49 678
49 781
49 900
50 98
50 100
50 128
50 129
50 191
50 197
50 214
50 272
50 327
50 342
50 380
50 422
50 480
50 481
50 498
50 549
50 614
50 696
50 730
50 774
50 786
50 804
50 830
50 867
50 883
50 892
51 125
51 160
51 209
51 238
51 334
51 361
51 391
51 454
51 456
51 461
51 546
51 636
51 702
51 726
51 728
51 757
51 780
51 835
51 850
51 922
51 965
51 991
52 66
52 77
52 101
52 120
52 144
52 238
52 280
52 307
52 318
52 364
52 456
52 491
52 515
52 570
52 617
52 970
52 976
52 991
53 88
53 170
53 173
53 211
53 232
53 246
53 297
53 323
53 326
53 327
53 364
53 366
53 457
53 480
53 549
53 693
53 740
53 957
54 78
54 133
54 227
54 229
54 317
54 320
54 343
54 404
54 502
54 512
54 555
54 594
54 598
54 602
54 622
54 639
54 645
54 647
54 676
54 725
54 745
54 974
54 982
55 92
55 105
55 109
55 132
55 172
55 310
55 337
55 441
55 452
55 571
55 654
55 674
55 688
55 831
55 853
55 863
55 897
56 68
56 83
56 97
56 125
56 209
56 226
56 288
56 303
56 319
56 354
56 397
56 446
56 523
56 528
56 549
56 663
56 678
56 703
56 707
56 723
56 773
56 924
57 62
57 70
57 88
57 105
57 139
57 158
57 178
57 204
57 233
57 247
57 266
57 268
57 272
57 273
57 292
57 339
57 348
57 380
57 418
57 479
57 484
57 494
57 516
57 553
57 577
57 650
57 655
57 723
57 739
57 763
57 781
57 794
57 802
57 824
57 858
57 860
57 879
57 919
57 946
57 956
58 67
58 399
58 419
58 424
58 475
58 525
58 569
58 725
58 760
58 811
58 831
59 161
59 225
59 250
59 274
59 345
59 395
59 585
59 634
59 644
59 795
59 945
59 958
60 147
60 168
60 220
60 253
60 399
60 418
60 435
60 531
60 637
60 680
60 708
60 807
60 836
60 886
60 897
60 945
60 984
61 111
61 169
61 186
61 205
61 269
61 277
61 363
61 426
61 431
61 452
61 496
61 623
61 722
61 729
61 789
61 816
61 857
61 884
61 929
61 957
61 958
62 88
62 105
62 116
62 194
62 204
62 257
62 268
62 271
62 282
62 358
62 397
62 418
62 479
62 496
62 546
62 560
62 590
62 613
62 663
62 717
62 807
62 870
62 879
63 68
63 93
63 194
63 222
63 287
63 291
63 303
63 320
63 329
63 408
63 416
63 435
63 463
63 554
63 630
63 653
63 658
63 766
63 779
63 842
63 850
63 870
63 894
63 956
64 106
64 138
64 360
64 449
64 460
64 562
64 614
64 692
64 744
64 795
64 811
64 814
64 843
64 866
64 879
64 890
64 911
65 78
65 118
65 173
65 206
65 294
65 354
65 448
65 504
65 508
65 533
65 563
65 570
65 612
65 694
65 697
65 743
65 747
65 778
65 808
65 827
65 847
65 855
65 893
66 89
66 95
66 192
66 242
66 305
66 691
66 698
66 749
66 757
66 826
66 854
66 860
66 881
67 93
67 96
67 104
67 121
67 157
67 271
67 274
67 314
67 318
67 337
67 373
67 378
67 501
67 535
67 538
67 563
67 572
67 620
67 744
67 754
67 780
67 782
67 800
67 831
67 833
67 847
67 910
67 968
67 976
67 984
68 159
68 160
68 161
68 199
68 243
68 291
68 300
68 341
68 342
68 356
68 363
68 368
68 397
68 416
68 425
68 481
68 506
68 510
68 537
68 556
68 643
68 649
68 651
68 672
68 689
68 706
68 769
68 821
68 847
68 920
69 109
69 184
69 200
69 211
69 261
69 378
69 422
69 490
69 508
69 515
69 562
69 678
69 760
69 819
69 851
70 238
70 253
70 301
70 345
70 366
70 374
70 417
70 478
70 511
70 586
70 713
70 817
70 862
70 867
70 889
70 933
71 78
71 143
71 243
71 268
71 279
71 309
71 320
71 327
71 392
71 458
71 461
71 484
71 655
71 691
71 869
71 876
71 911
71 931
71 938
71 963
71 968
71 999
72 90
72 109
72 114
72 121
72 123
72 126
72 136
72 138
72 149
72 178
72 184
72 229
72 240
72 271
72 284
72 300
72 307
72 322
72 462
72 534
72 557
72 585
72 593
72 605
72 611
72 632
72 639
72 648
72 668
72 691
72 706
72 721
72 752
72 771
72 820
72 824
72 827
72 840
72 870
72 885
72 898
72 908
72 920
72 929
73 140
73 202
73 203
73 253
73 316
73 376
73 385
73 522
73 529
73 691
73 698
73 709
73 752
73 866
73 894
73 986
74 145
74 177
74 189
74 242
74 370
74 441
74 521
74 564
74 574
74 578
74 587
74 623
74 669
74 776
74 777
74 812
74 852
74 859
74 883
74 968
75 126
75 129
75 137
75 152
75 190
75 194
75 256
75 307
75 311
75 324
75 360
75 368
75 400
75 436
75 466
75 477
75 481
75 534
75 562
75 565
75 571
75 574
75 578
75 600
75 619
75 679
75 686
75 718
75 721
75 724
75 727
75 731
75 749
75 753
75 757
75 780
75 835
75 838
75 883
75 919
75 928
75 956
75 968
75 990
76 80
76 83
76 114
76 249
76 404
76 419
76 425
76 448
76 466
76 503
76 528
76 619
76 627
76 684
76 690
76 884
77 107
77 130
77 148
77 151
77 174
77 233
77 387
77 405
77 438
77 447
77 448
77 463
77 511
77 646
77 956
78 85
78 122
78 178
78 181
78 185
78 205
78 230
78 237
78 279
78 285
78 292
78 296
78 297
78 407
78 413
78 429
78 445
78 448
78 506
78 508
78 548
78 558
78 560
78 573
78 596
78 608
78 635
78 645
78 647
78 648
78 649
78 652
78 691
78 706
78 762
78 801
78 821
78 823
78 838
78 870
78 871
78 878
78 889
78 892
78 898
78 971
78 972
78 983
79 86
79 99
79 109
79 140
79 182
79 325
79 383
79 391
79 408
79 466
79 471
79 476
79 535
79 555
79 658
79 741
79 749
79 777
79 838
79 843
80 105
80 122
80 139
80 147
80 155
80 170
80 235
80 261
80 273
80 317
80 342
80 374
80 388
80 443
80 445
80 468
80 480
80 484
80 485
80 488
80 497
80 510
80 547
80 550
80 559
80 575
80 576
80 593
80 594
80 604
80 618
80 627
80 726
80 779
80 780
80 805
80 846
80 878
80 910
80 925
80 957
80 973
80 994
81 270
81 317
81 374
81 520
81 524
81 532
81 558
81 676
81 688
81 726
81 780
81 935
81 970
82 95
82 140
82 203
82 270
82 320
82 372
82 384
82 461
82 477
82 492
82 513
82 517
82 594
82 678
82 703
82 756
82 855
82 870
82 899
83 118
83 122
83 162
83 169
83 197
83 209
83 214
83 220
83 221
83 225
83 245
83 251
83 322
83 340
83 371
83 384
83 397
83 430
83 432
83 585
83 646
83 659
83 663
83 668
83 678
83 693
83 705
83 741
83 776
83 790
83 801
83 807
83 812
83 827
83 885
83 888
83 923
83 924
83 938
83 939
83 948
83 956
84 101
84 106
84 107
84 122
84 156
84 179
84 185
84 193
84 201
84 226
84 296
84 347
84 378
84 389
84 401
84 407
84 430
84 445
84 448
84 458
84 465
84 508
84 552
84 553
84 555
84 559
84 570
84 578
84 657
84 677
84 691
84 709
84 730
84 806
84 855
84 877
84 936
84 941
84 951
84 958
84 962
84 976
84 989
85 120
85 191
85 194
85 207
85 235
85 377
85 458
85 501
85 526
85 555
85 572
85 717
85 752
85 753
85 809
85 831
85 958
85 992
86 186
86 302
86 329
86 357
86 367
86 383
86 399
86 400
86 422
86 463
86 471
86 491
86 618
86 673
86 708
86 738
86 741
86 911
86 922
87 89
87 121
87 248
87 375
87 525
87 559
87 569
87 658
87 710
87 718
87 831
87 865
88 119
88 122
88 142
88 195
88 320
88 371
88 406
88 502
88 515
88 572
88 585
88 596
88 611
88 619
88 634
88 681
88 695
88 714
88 726
88 732
88 759
88 888
88 910
88 924
88 935
88 966
89 132
89 144
89 149
89 157
89 175
89 203
89 207
89 227
89 256
89 314
89 345
89 347
89 360
89 371
89 387
89 444
89 459
89 488
89 502
89 526
89 557
89 589
89 627
89 638
89 665
89 731
89 741
89 767
89 857
89 867
89 870
89 905
89 922
89 931
89 937
89 961
89 981
89 987
90 98
90 103
90 119
90 130
90 178
90 226
90 255
90 276
90 316
90 329
90 367
90 477
90 527
90 552
90 599
90 649
90 687
90 704
90 713
90 728
90 772
90 792
90 841
90 880
90 915
91 99
91 120
91 144
91 147
91 223
91 318
91 395
91 400
91 429
91 487
91 559
91 585
91 657
91 698
91 749
91 750
91 863
91 896
91 954
91 986
92 109
92 145
92 151
92 193
92 202
92 210
92 233
92 288
92 294
92 316
92 336
92 337
92 433
92 437
92 548
92 561
92 680
92 799
92 883
92 897
92 998
93 97
93 175
93 209
93 244
93 257
93 268
93 287
93 379
93 412
93 413
93 449
93 478
93 502
93 549
93 603
93 618
93 821
93 829
93 886
93 953
93 954
93 970
93 1000
94 245
94 290
94 368
94 406
94 443
94 510
94 524
94 561
94 620
94 626
94 643
94 733
94 790
94 840
94 884
94 889
94 902
94 922
94 964
95 98
95 112
95 123
95 132
95 138
95 186
95 194
95 220
95 266
95 277
95 282
95 294
95 304
95 341
95 357
95 368
95 382
95 483
95 541
95 544
95 567
95 582
95 593
95 602
95 614
95 616
95 661
95 678
95 713
95 722
95 740
95 815
95 832
95 857
95 902
95 944
95 989
96 200
96 213
96 298
96 300
96 326
96 351
96 422
96 476
96 546
96 569
96 585
96 586
96 603
96 623
96 658
96 835
96 884
96 909
96 958
96 976
97 120
97 132
97 138
97 163
97 175
97 220
97 249
97 320
97 341
97 431
97 557
97 590
97 615
97 639
97 715
97 725
97 970
98 110
98 132
98 206
98 240
98 301
98 322
98 428
98 452
98 725
98 771
98 804
98 818
98 919
98 957
98 976
98 991
99 128
99 201
99 205
99 224
99 250
99 261
99 271
99 293
99 374
99 383
99 394
99 485
99 496
99 558
99 674
99 751
99 831
99 867
99 958
100 149
100 243
100 329
100 371
100 378
100 563
100 587
100 603
100 709
100 713
100 720
100 747
100 807
100 931
101 120
101 163
101 238
101 240
101 296
101 301
101 306
101 433
101 544
101 562
101 603
101 637
101 709
101 711
101 808
101 820
101 908
101 964
102 141
102 148
102 447
102 464
102 526
102 549
102 742
102 751
102 865
102 894
102 900
102 953
103 126
103 191
103 192
103 200
103 228
103 243
103 281
103 288
103 291
103 320
103 370
103 421
103 446
103 481
103 497
103 569
103 576
103 640
103 670
103 702
103 759
103 766
103 856
103 862
103 873
103 887
104 105
104 122
104 173
104 250
104 314
104 374
104 388
104 445
104 464
104 533
104 647
104 670
104 678
104 740
104 745
104 779
104 780
104 796
104 954
105 127
105 156
105 221
105 252
105 396
105 416
105 440
105 525
105 554
105 555
105 626
105 690
105 699
105 768
105 774
105 799
105 806
105 812
105 856
105 870
105 981
106 175
106 180
106 271
106 293
106 341
106 397
106 401
106 413
106 414
106 523
106 524
106 599
106 673
106 700
106 714
106 803
106 839
106 888
106 907
106 944
107 162
107 180
107 360
107 432
107 436
107 448
107 534
107 575
107 584
107 593
107 615
107 642
107 663
107 697
107 740
107 780
107 835
107 874
107 955
108 114
108 187
108 200
108 214
108 225
108 236
108 275
108 283
108 309
108 314
108 354
108 385
108 411
108 432
108 449
108 458
108 510
108 534
108 555
108 624
108 636
108 637
108 639
108 762
108 796
108 841
108 874
108 885
108 905
108 906
108 907
109 113
109 165
109 167
109 190
109 196
109 291
109 302
109 328
109 347
109 348
109 355
109 395
109 461
109 485
109 508
109 510
109 514
109 538
109 539
109 587
109 635
109 686
109 728
109 730
109 733
109 753
109 757
109 768
109 835
109 861
109 920
109 923
109 933
109 952
109 972
109 987
109 997
110 170
110 235
110 305
110 311
110 328
110 365
110 382
110 385
110 387
110 390
110 392
110 428
110 519
110 534
110 543
110 565
110 585
110 606
110 625
110 629
110 656
110 772
110 785
110 800
110 854
110 963
110 971
111 114
111 132
111 253
111 267
111 277
111 309
111 411
111 428
111 437
111 448
111 553
111 575
111 639
111 708
111 763
111 821
111 831
112 138
112 160
112 218
112 448
112 452
112 516
112 531
112 600
112 601
112 632
112 866
112 871
113 296
113 354
113 428
113 494
113 741
113 877
113 907
113 951
113 983
113 985
114 131
114 135
114 173
114 185
114 271
114 284
114 322
114 347
114 524
114 622
114 771
114 794
114 812
114 929
115 120
115 122
115 155
115 192
115 226
115 250
115 270
115 329
115 355
115 427
115 451
115 493
115 518
115 587
115 638
115 640
115 642
115 682
115 728
115 768
115 794
115 848
115 872
115 882
115 886
115 914
115 926
115 927
115 951
115 962
115 965
115 982
116 301
116 341
116 360
116 462
116 534
116 566
116 570
116 671
116 746
116 777
116 780
116 800
116 902
116 958
117 149
117 159
117 169
117 181
117 216
117 309
117 339
117 340
117 365
117 387
117 395
117 466
117 472
117 496
117 504
117 560
117 593
117 599
117 604
117 647
117 663
117 688
117 701
117 712
117 714
117 716
117 741
117 861
117 896
117 932
117 950
117 956
117 976
118 138
118 189
118 331
118 432
118 436
118 457
118 498
118 597
118 680
118 709
118 717
118 723
118 724
118 878
118 880
118 884
118 923
118 953
118 966
118 982
119 164
119 223
119 224
119 261
119 296
119 321
119 406
119 410
119 468
119 544
119 586
119 640
119 788
119 912
119 931
120 192
120 220
120 251
120 274
120 276
120 371
120 377
120 380
120 403
120 477
120 486
120 498
120 519
120 524
120 540
120 560
120 585
120 630
120 647
120 682
120 696
120 747
120 763
120 780
120 789
120 859
120 863
120 886
120 891
120 896
120 926
120 960
120 979
120 995
121 156
121 215
121 257
121 272
121 300
121 314
121 322
121 358
121 370
121 391
121 479
121 508
121 525
121 614
121 648
121 667
121 725
121 741
121 782
121 804
121 816
121 865
121 904
121 920
121 943
121 973
122 147
122 149
122 162
122 166
122 181
122 195
122 205
122 263
122 302
122 320
122 381
122 403
122 434
122 442
122 474
122 497
122 510
122 542
122 544
122 550
122 584
122 594
122 609
122 642
122 650
122 654
122 665
122 685
122 692
122 694
122 704
122 706
122 734
122 736
122 750
122 756
122 784
122 821
122 926
122 944
122 951
122 955
122 983
123 253
123 399
123 432
123 504
123 549
123 642
123 702
123 843
123 901
123 957
123 968
123 973
123 976
123 979
124 159
124 170
124 185
124 188
124 200
124 207
124 215
124 227
124 314
124 379
124 507
124 511
124 537
124 548
124 593
124 594
124 629
124 637
124 654
124 674
124 723
124 756
124 762
124 766
124 783
124 793
124 837
124 841
124 863
124 948
124 986
125 132
125 157
125 245
125 261
125 268
125 393
125 489
125 516
125 559
125 690
125 717
125 741
125 779
125 792
125 814
125 896
125 911
125 951
126 213
126 263
126 277
126 422
126 549
126 670
126 817
126 823
126 838
126 889
126 905
126 970
127 178
127 265
127 287
127 320
127 330
127 455
127 484
127 513
127 549
127 557
127 645
127 684
127 711
127 792
127 814
127 934
127 937
128 144
128 229
128 241
128 310
128 345
128 468
128 486
128 618
128 677
128 689
128 715
128 726
128 770
128 784
128 946
128 958
129 138
129 374
129 382
129 387
129 526
129 531
129 653
129 807
129 865
129 943
130 253
130 376
130 393
130 405
130 471
130 530
130 563
130 639
130 814
131 137
131 142
131 152
131 189
131 201
131 353
131 359
131 414
131 434
131 499
131 524
131 609
131 642
131 682
131 774
131 801
131 814
131 868
131 870
131 931
131 939
132 142
132 197
132 200
132 256
132 277
132 318
132 341
132 347
132 400
132 480
132 544
132 550
132 583
132 584
132 593
132 609
132 634
132 639
132 644
132 702
132 723
132 740
132 743
132 745
132 787
132 791
132 819
132 935
132 962
133 205
133 212
133 214
133 236
133 277
133 366
133 395
133 485
133 493
133 520
133 555
133 562
133 685
133 726
133 736
133 768
133 816
133 861
133 886
133 936
133 951
134 306
134 344
134 350
134 465
134 475
134 552
134 623
134 634
134 678
134 707
134 715
134 817
134 840
134 868
134 911
134 962
134 998
135 137
135 170
135 181
135 228
135 253
135 261
135 267
135 287
135 321
135 349
135 406
135 441
135 470
135 507
135 520
135 562
135 648
135 649
135 667
135 713
135 767
135 776
135 789
135 794
135 796
135 806
136 141
136 237
136 238
136 271
136 322
136 385
136 457
136 472
136 620
136 698
136 707
136 730
136 733
136 766
136 771
136 798
136 884
136 920
137 156
137 163
137 200
137 318
137 352
137 360
137 366
137 380
137 418
137 424
137 426
137 524
137 555
137 570
137 621
137 622
137 649
137 662
137 672
137 678
137 702
137 741
137 816
137 821
137 879
137 880
137 901
137 958
138 142
138 186
138 221
138 322
138 385
138 391
138 452
138 475
138 486
138 514
138 539
138 616
138 635
138 659
138 775
138 819
138 865
138 886
138 936
138 957
139 151
139 157
139 268
139 314
139 358
139 367
139 402
139 416
139 444
139 452
139 462
139 468
139 502
139 516
139 631
139 693
139 699
139 729
139 785
139 794
139 844
139 963
140 214
140 224
140 231
140 236
140 282
140 317
140 332
140 375
140 389
140 577
140 597
140 614
140 638
140 659
140 690
140 695
140 789
140 940
140 970
141 170
141 181
141 300
141 322
141 455
141 475
141 485
141 528
141 557
141 593
141 603
141 620
141 629
141 646
141 665
141 667
141 680
141 815
141 826
141 831
141 884
141 920
142 174
142 175
142 186
142 198
142 256
142 262
142 328
142 391
142 393
142 432
142 436
142 532
142 586
142 684
142 735
142 738
142 745
142 784
142 798
142 866
142 907
142 908
142 930
142 947
142 984
143 224
143 231
143 240
143 278
143 339
143 340
143 525
143 563
143 579
143 633
143 674
143 911
143 922
143 968
143 971
144 158
144 216
144 256
144 273
144 297
144 318
144 446
144 498
144 524
144 545
144 580
144 593
144 713
144 818
144 868
144 950
144 965
144 979
145 149
145 180
145 181
145 185
145 241
145 246
145 328
145 418
145 431
145 507
145 539
145 544
145 552
145 566
145 704
145 773
145 785
145 880
145 886
145 948
145 960
145 964
146 176
146 210
146 267
146 280
146 281
146 307
146 316
146 383
146 419
146 438
146 463
146 580
146 591
146 600
146 656
146 675
146 694
146 717
146 744
146 800
146 805
146 808
146 814
146 882
147 211
147 244
147 281
147 291
147 347
147 366
147 419
147 458
147 480
147 493
147 568
147 667
147 725
147 727
147 769
147 796
147 806
147 826
147 844
147 856
147 889
147 961
147 963
148 149
148 228
148 234
148 235
148 250
148 303
148 332
148 389
148 419
148 531
148 533
148 534
148 560
148 590
148 605
148 614
148 619
148 667
148 686
148 749
148 873
148 885
148 915
148 949
148 971
148 984
149 185
149 231
149 297
149 313
149 358
149 393
149 425
149 432
149 441
149 454
149 472
149 490
149 495
149 519
149 578
149 607
149 651
149 655
149 692
149 758
149 780
149 819
149 820
149 845
149 854
149 855
149 862
149 883
149 890
149 901
149 917
149 969
150 336
150 358
150 379
150 392
150 528
150 540
150 569
150 615
150 800
150 866
150 951
150 952
150 996
151 160
151 168
151 227
151 234
151 296
151 456
151 522
151 615
151 617
151 677
151 693
151 698
151 708
151 735
151 736
151 748
151 759
151 782
151 855
151 858
151 890
151 944
151 955
152 161
152 204
152 228
152 239
152 378
152 418
152 465
152 492
152 508
152 511
152 573
152 646
152 678
152 883
153 162
153 210
153 221
153 320
153 340
153 418
153 441
153 445
153 485
153 759
153 805
153 933
153 958
154 185
154 199
154 202
154 264
154 286
154 297
154 319
154 320
154 327
154 354
154 365
154 368
154 391
154 402
154 457
154 520
154 540
154 566
154 585
154 590
154 597
154 622
154 645
154 680
154 691
154 724
154 744
154 790
154 808
154 813
154 818
154 830
154 869
154 899
154 909
154 950
154 970
155 235
155 274
155 285
155 519
155 550
155 599
155 657
155 693
155 729
155 772
155 785
155 789
155 844
155 964
156 186
156 287
156 304
156 305
156 337
156 338
156 339
156 354
156 375
156 466
156 492
156 551
156 571
156 599
156 623
156 685
156 710
156 793
156 821
156 825
156 839
156 854
156 902
156 916
156 950
156 965
156 978
156 993
157 163
157 182
157 222
157 228
157 233
157 243
157 245
157 297
157 313
157 374
157 396
157 417
157 428
157 444
157 506
157 514
157 516
157 540
157 546
157 549
157 553
157 559
157 584
157 644
157 695
157 741
157 742
157 743
157 867
157 919
157 930
157 996
158 200
158 237
158 243
158 296
158 330
158 417
158 425
158 444
158 553
158 555
158 557
158 612
158 699
158 706
158 816
158 839
158 949
158 976
159 220
159 300
159 314
159 330
159 356
159 359
159 392
159 438
159 441
159 485
159 497
159 500
159 924
160 170
160 216
160 246
160 255
160 276
160 298
160 310
160 330
160 335
160 413
160 432
160 441
160 465
160 507
160 518
160 533
160 541
160 597
160 623
160 624
160 639
160 641
160 653
160 663
160 678
160 759
160 763
160 835
160 854
160 872
160 880
160 886
160 895
160 941
160 986
161 190
161 201
161 202
161 214
161 218
161 306
161 310
161 312
161 363
161 413
161 468
161 583
161 585
161 593
161 668
161 669
161 692
161 746
161 753
161 761
161 781
161 785
161 789
161 813
161 896
161 902
161 922
161 940
161 973
162 182
162 378
162 576
162 827
162 853
162 872
162 920
162 976
163 216
163 217
163 270
163 273
163 275
163 434
163 448
163 483
163 490
163 503
163 505
163 549
163 559
163 610
163 685
163 698
163 721
163 731
163 744
163 754
163 767
163 837
163 839
163 877
163 897
163 908
163 933
163 965
163 973
164 169
164 177
164 188
164 220
164 510
164 574
164 585
164 642
164 691
164 714
164 748
164 801
164 804
164 881
164 883
164 938
164 982
165 243
165 278
165 316
165 391
165 414
165 434
165 485
165 509
165 549
165 639
165 661
165 675
165 699
165 731
165 737
165 805
165 832
165 862
165 870
165 886
165 968
165 984
166 222
166 326
166 337
166 406
166 546
166 737
166 763
166 878
166 891
166 958
166 965
167 203
167 385
167 448
167 465
167 534
167 559
167 569
167 664
167 682
167 689
167 788
167 951
168 213
168 400
168 463
168 517
168 531
168 541
168 552
168 658
168 663
168 774
168 934
169 214
169 264
169 297
169 309
169 316
169 317
169 346
169 361
169 363
169 365
169 429
169 450
169 483
169 503
169 514
169 578
169 585
169 643
169 668
169 679
169 690
169 692
169 711
169 738
169 753
169 784
169 801
169 813
169 832
169 902
169 947
169 950
169 951
170 171
170 210
170 239
170 250
170 301
170 313
170 336
170 342
170 345
170 384
170 388
170 402
170 448
170 467
170 480
170 511
170 545
170 555
170 562
170 614
170 656
170 682
170 761
170 781
170 783
170 804
170 812
170 850
170 854
170 861
170 889
170 906
170 909
170 946
170 954
170 965
170 983
170 996
171 175
171 177
171 233
171 274
171 373
171 421
171 441
171 446
171 452
171 461
171 574
171 618
171 691
171 722
171 745
171 749
171 755
171 758
171 854
172 173
172 292
172 301
172 358
172 361
172 399
172 470
172 554
172 624
172 649
172 691
172 738
172 768
172 781
172 916
172 942
172 953
173 185
173 212
173 224
173 248
173 290
173 310
173 313
173 314
173 331
173 336
173 405
173 414
173 476
173 518
173 551
173 626
173 632
173 744
173 753
173 760
173 796
173 827
173 855
173 890
173 937
173 977
174 307
174 330
174 344
174 390
174 429
174 459
174 498
174 519
174 552
174 554
174 555
174 572
174 640
174 689
174 708
174 757
174 827
174 885
174 954
174 991
175 180
175 191
175 205
175 206
175 213
175 293
175 311
175 330
175 358
175 360
175 395
175 412
175 425
175 449
175 464
175 485
175 499
175 520
175 551
175 573
175 577
175 644
175 665
175 678
175 703
175 720
175 746
175 758
175 776
175 788
175 795
175 809
175 846
175 850
175 895
175 899
175 927
175 951
175 956
175 975
176 312
176 351
176 376
176 504
176 520
176 599
176 779
176 814
176 831
177 183
177 209
177 221
177 229
177 457
177 465
177 495
177 515
177 531
177 541
177 623
177 638
177 712
177 737
177 820
177 848
177 858
177 872
177 880
177 892
177 930
178 252
178 268
178 329
178 374
178 396
178 422
178 434
178 497
178 513
178 516
178 522
178 588
178 626
178 628
178 748
178 759
178 774
178 800
178 898
178 934
178 940
178 985
179 185
179 249
179 263
179 313
179 329
179 423
179 447
179 456
179 480
179 484
179 508
179 661
179 699
179 790
179 835
179 842
179 908
179 946
179 951
180 306
180 358
180 545
180 585
180 632
180 678
180 699
180 724
180 821
180 899
180 986
181 189
181 321
181 364
181 404
181 407
181 416
181 423
181 453
181 463
181 465
181 467
181 483
181 517
181 604
181 615
181 658
181 668
181 720
181 769
181 779
181 796
181 827
181 900
181 932
181 939
181 981
181 983
182 204
182 245
182 283
182 366
182 523
182 562
182 563
182 607
182 848
182 868
182 907
182 952
182 994
183 189
183 223
183 241
183 246
183 247
183 272
183 306
183 335
183 419
183 435
183 449
183 457
183 465
183 494
183 529
183 532
183 536
183 544
183 560
183 625
183 632
183 668
183 687
183 700
183 703
183 732
183 760
183 824
183 845
183 863
183 872
183 880
183 893
183 901
183 905
183 913
183 918
183 953
184 203
184 285
184 295
184 461
184 507
184 525
184 546
184 616
184 634
184 674
184 690
184 694
184 760
184 795
184 812
184 843
184 925
184 940
185 189
185 214
185 316
185 349
185 441
185 468
185 514
185 541
185 575
185 577
185 603
185 640
185 681
185 709
185 875
185 878
185 881
185 957
185 986
185 997
185 999
186 249
186 283
186 385
186 434
186 445
186 470
186 693
186 697
186 727
186 734
186 779
186 823
186 897
186 909
186 957
186 976
186 982
187 192
187 194
187 223
187 278
187 314
187 339
187 341
187 360
187 393
187 402
187 413
187 437
187 550
187 569
187 578
187 581
187 587
187 601
187 612
187 673
187 674
187 699
187 776
187 800
187 804
187 816
187 830
187 851
187 872
187 919
187 948
187 965
187 970
187 972
187 988
188 250
188 317
188 345
188 468
188 488
188 508
188 532
188 555
188 607
188 640
188 756
188 758
188 789
188 799
188 870
188 905
188 906
188 999
189 191
189 242
189 265
189 280
189 301
189 351
189 363
189 447
189 454
189 518
189 581
189 614
189 617
189 619
189 654
189 661
189 680
189 714
189 733
189 737
189 751
189 752
189 765
189 773
189 779
189 947
189 953
189 954
189 956
190 198
190 215
190 250
190 309
190 377
190 452
190 490
190 601
190 660
190 738
190 766
190 802
190 866
190 929
190 942
191 211
191 220
191 235
191 256
191 304
191 345
191 398
191 415
191 424
191 471
191 486
191 562
191 572
191 599
191 634
191 659
191 682
191 758
191 767
191 768
191 770
191 840
191 908
191 926
191 935
191 947
191 978
191 988
192 200
192 219
192 236
192 248
192 271
192 273
192 296
192 334
192 356
192 387
192 455
192 457
192 490
192 499
192 511
192 524
192 561
192 591
192 615
192 634
192 703
192 708
192 737
192 738
192 744
192 763
192 770
192 786
192 789
192 790
192 839
192 851
192 863
192 870
192 919
192 979
192 992
193 203
193 210
193 261
193 297
193 404
193 414
193 496
193 517
193 627
193 772
193 815
193 840
193 862
193 949
193 957
194 214
194 218
194 232
194 314
194 349
194 368
194 400
194 425
194 432
194 434
194 483
194 524
194 560
194 592
194 594
194 598
194 601
194 689
194 691
194 704
194 736
194 759
194 762
194 773
194 793
194 810
194 843
194 851
194 858
194 880
194 883
194 884
194 958
194 965
194 973
194 975
195 268
195 312
195 316
195 363
195 457
195 467
195 484
195 503
195 623
195 628
195 689
195 752
195 783
195 983
196 206
196 222
196 223
196 230
196 309
196 326
196 327
196 460
196 461
196 605
196 617
196 626
196 639
196 862
196 870
196 897
197 278
197 312
197 368
197 371
197 385
197 595
197 709
197 770
197 795
197 810
197 930
197 957
197 989
198 316
198 455
198 467
198 536
198 606
198 637
198 649
198 690
198 710
198 811
198 836
198 927
198 929
199 258
199 434
199 455
199 470
199 485
199 519
199 541
199 550
199 566
199 582
199 602
199 688
199 751
199 795
199 806
199 819
199 832
199 987
200 201
200 210
200 213
200 255
200 275
200 314
200 329
200 362
200 421
200 466
200 468
200 475
200 480
200 545
200 593
200 603
200 623
200 638
200 702
200 785
200 845
200 870
200 897
200 931
200 935
200 942
200 944
201 254
201 308
201 341
201 393
201 401
201 410
201 411
201 451
201 477
201 490
201 507
201 508
201 596
201 617
201 690
201 732
201 794
201 828
201 845
201 886
201 891
201 975
201 979
202 221
202 228
202 297
202 411
202 431
202 434
202 466
202 476
202 487
202 508
202 542
202 585
202 738
202 818
202 842
202 848
202 851
202 950
202 996
202 999
203 358
203 396
203 404
203 419
203 472
203 504
203 507
203 519
203 524
203 533
203 547
203 562
203 599
203 608
203 617
203 656
203 685
203 776
203 780
203 794
203 843
203 872
203 898
203 919
203 965
203 966
203 992
204 208
204 224
204 336
204 397
204 409
204 429
204 458
204 511
204 520
204 534
204 562
204 573
204 579
204 671
204 720
204 721
204 726
204 742
204 772
204 815
204 819
204 861
204 870
204 877
204 878
204 906
204 960
204 973
204 991
205 224
205 298
205 336
205 403
205 428
205 563
205 566
205 567
205 613
205 626
205 629
205 674
205 764
205 821
205 974
205 991
206 288
206 308
206 368
206 555
206 618
206 626
206 655
206 835
206 840
206 938
207 229
207 250
207 347
207 496
207 524
207 534
207 566
207 640
207 719
207 843
207 856
207 871
207 927
207 1000
208 242
208 283
208 325
208 376
208 505
208 506
208 518
208 565
208 651
208 658
208 719
208 827
208 912
208 954
208 992
209 249
209 255
209 366
209 385
209 394
209 407
209 434
209 452
209 472
209 493
209 505
209 511
209 516
209 561
209 572
209 676
209 687
209 697
209 733
209 769
209 782
209 847
209 864
209 946
209 965
209 988
210 228
210 305
210 315
210 354
210 388
210 502
210 517
210 620
210 627
210 779
210 812
210 850
210 902
210 938
210 960
210 975
211 238
211 287
211 318
211 382
211 751
211 802
211 891
211 965
212 309
212 345
212 433
212 475
212 571
212 628
212 672
212 747
212 854
212 898
212 984
213 231
213 234
213 283
213 401
213 468
213 493
213 507
213 511
213 523
213 526
213 559
213 633
213 664
213 755
213 828
213 856
213 912
213 986
214 282
214 320
214 327
214 389
214 394
214 396
214 427
214 496
214 522
214 524
214 566
214 573
214 585
214 591
214 619
214 628
214 648
214 651
214 678
214 680
214 692
214 698
214 717
214 718
214 750
214 761
214 784
214 800
214 801
214 830
214 853
214 854
214 855
214 922
214 934
214 938
214 950
214 991
215 216
215 251
215 275
215 319
215 325
215 330
215 377
215 399
215 424
215 445
215 448
215 490
215 510
215 539
215 563
215 691
215 713
215 759
215 760
215 907
215 985
215 986
215 992
215 998
216 308
216 379
216 402
216 460
216 563
216 592
216 623
216 684
216 730
216 796
216 830
216 938
216 1000
217 295
217 319
217 444
217 491
217 535
217 668
217 704
217 743
217 782
217 964
218 274
218 295
218 381
218 422
218 452
218 456
218 458
218 487
218 489
218 593
218 597
218 603
218 636
218 657
218 756
218 797
218 805
218 882
218 914
218 942
218 960
218 971
219 229
219 250
219 308
219 368
219 398
219 434
219 458
219 528
219 560
219 577
219 650
219 738
219 851
219 890
219 910
219 938
219 953
220 226
220 228
220 238
220 279
220 283
220 319
220 342
220 345
220 360
220 367
220 386
220 390
220 395
220 401
220 403
220 404
220 407
220 412
220 414
220 437
220 438
220 463
220 464
220 472
220 499
220 515
220 522
220 532
220 546
220 562
220 582
220 599
220 617
220 739
220 741
220 743
220 757
220 783
220 785
220 806
220 856
220 860
220 885
220 897
220 904
220 908
220 923
220 936
220 939
220 940
220 942
220 963
220 987
221 283
221 309
221 341
221 361
221 367
221 403
221 406
221 427
221 459
221 511
221 543
221 570
221 585
221 642
221 676
221 684
221 813
221 851
221 908
221 913
221 916
221 938
222 232
222 236
222 284
222 320
222 347
222 356
222 364
222 394
222 420
222 539
222 540
222 549
222 619
222 686
222 855
222 910
223 238
223 400
223 497
223 509
223 577
223 583
223 618
223 647
223 796
223 843
223 902
223 928
223 972
224 285
224 307
224 365
224 448
224 488
224 559
224 562
224 568
224 577
224 640
224 795
224 797
224 909
224 927
225 251
225 382
225 405
225 528
225 562
225 567
225 612
225 629
225 673
225 882
225 883
226 328
226 350
226 395
226 437
226 458
226 472
226 512
226 543
226 562
226 613
226 614
226 665
226 746
226 748
226 776
226 833
226 843
226 883
226 889
226 973
226 978
227 242
227 265
227 312
227 396
227 453
227 515
227 516
227 563
227 570
227 692
227 733
227 757
227 788
227 939
228 240
228 296
228 324
228 327
228 342
228 354
228 360
228 370
228 399
228 409
228 470
228 472
228 492
228 507
228 508
228 653
228 669
228 682
228 688
228 741
228 744
228 839
228 843
228 844
228 878
228 979
229 253
229 258
229 260
229 268
229 287
229 292
229 312
229 346
229 360
229 393
229 406
229 445
229 461
229 550
229 576
229 582
229 596
229 616
229 662
229 684
229 737
229 810
229 820
229 898
229 971
230 250
230 296
230 330
230 367
230 440
230 553
230 619
230 620
230 636
230 639
230 709
230 749
230 769
230 830
230 877
230 898
230 968
231 326
231 329
231 520
231 524
231 554
231 611
231 644
231 646
231 717
231 862
231 947
231 971
232 276
232 337
232 355
232 426
232 458
232 475
232 477
232 485
232 496
232 507
232 571
232 722
232 733
232 846
232 894
232 897
232 924
232 971
232 978
233 243
233 348
233 357
233 365
233 380
233 399
233 418
233 444
233 472
233 535
233 569
233 599
233 614
233 662
233 699
233 809
233 813
233 837
233 844
233 878
233 885
233 892
233 919
233 947
233 978
233 989
234 342
234 346
234 385
234 395
234 424
234 763
234 821
234 842
234 926
234 963
234 978
235 302
235 332
235 347
235 350
235 352
235 370
235 373
235 388
235 397
235 402
235 418
235 485
235 498
235 499
235 522
235 533
235 552
235 556
235 560
235 597
235 617
235 622
235 629
235 661
235 667
235 750
235 765
235 793
235 804
235 812
235 814
235 835
235 854
235 907
235 913
235 948
235 967
235 992
236 285
236 301
236 438
236 461
236 527
236 546
236 549
236 559
236 585
236 691
236 794
236 806
236 844
236 854
236 863
236 970
237 309
237 384
237 419
237 446
237 560
237 779
237 805
237 870
237 886
237 892
237 912
237 940
238 307
238 326
238 339
238 346
238 349
238 354
238 362
238 383
238 399
238 407
238 452
238 463
238 471
238 480
238 490
238 491
238 504
238 609
238 637
238 644
238 651
238 670
238 676
238 771
238 790
238 840
238 871
238 894
238 912
238 930
238 992
238 999
238 1000
239 329
239 360
239 464
239 565
239 579
239 644
239 676
239 682
239 741
239 862
239 878
240 241
240 279
240 334
240 549
240 626
240 664
240 676
240 736
240 738
240 764
240 765
240 837
240 859
240 916
240 934
240 973
241 246
241 258
241 263
241 279
241 334
241 349
241 398
241 406
241 477
241 527
241 545
241 547
241 570
241 574
241 578
241 589
241 595
241 598
241 641
241 642
241 650
241 654
241 661
241 662
241 666
241 669
241 693
241 695
241 714
241 736
241 737
241 744
241 766
241 769
241 782
241 818
241 832
241 844
241 849
241 877
241 910
241 944
241 959
241 962
241 997
242 273
242 320
242 326
242 369
242 374
242 408
242 414
242 425
242 487
242 519
242 520
242 533
242 617
242 657
242 666
242 675
242 677
242 705
242 720
242 808
242 815
242 841
242 843
242 851
242 908
242 919
242 931
242 934
242 935
242 950
242 954
242 973
242 984
242 994
242 1000
243 268
243 278
243 285
243 296
243 308
243 314
243 338
243 342
243 364
243 382
243 396
243 431
243 487
243 499
243 506
243 513
243 516
243 521
243 525
243 546
243 589
243 639
243 642
243 699
243 708
243 774
243 789
243 797
243 813
243 841
243 957
244 334
244 337
244 472
244 522
244 784
244 838
244 915
244 920
244 949
245 291
245 292
245 572
245 595
245 603
245 657
245 735
245 806
245 917
245 976
245 995
246 256
246 472
246 475
246 485
246 516
246 535
246 544
246 572
246 651
246 747
246 756
246 880
246 887
246 923
246 951
247 256
247 467
247 506
247 640
247 675
247 685
247 720
247 732
247 787
247 806
247 807
247 880
247 965
248 268
248 355
248 455
248 554
248 562
248 637
248 671
248 673
248 738
248 750
248 753
248 767
248 818
248 886
248 935
249 261
249 273
249 305
249 320
249 325
249 360
249 388
249 393
249 424
249 496
249 497
249 500
249 505
249 575
249 597
249 651
249 726
249 780
249 979
250 256
250 277
250 280
250 301
250 306
250 313
250 326
250 511
250 522
250 529
250 555
250 569
250 589
250 596
250 603
250 608
250 617
250 618
250 636
250 640
250 653
250 721
250 756
250 781
250 783
250 825
250 878
250 906
250 924
250 935
250 938
250 954
250 980
250 987
251 348
251 383
251 434
251 477
251 591
251 607
251 619
251 649
251 656
251 834
252 268
252 365
252 444
252 599
252 600
252 620
252 655
252 733
252 739
252 773
252 928
252 987
252 990
253 334
253 418
253 448
253 486
253 499
253 510
253 585
253 588
253 593
253 617
253 627
253 744
253 761
253 860
253 874
253 881
253 931
253 939
253 952
253 994
254 263
254 264
254 297
254 368
254 430
254 581
254 590
254 619
254 674
254 703
254 705
254 723
254 839
254 902
255 313
255 347
255 388
255 397
255 419
255 428
255 438
255 461
255 471
255 475
255 489
255 519
255 533
255 576
255 579
255 603
255 641
255 747
255 759
255 779
255 780
255 801
255 805
255 845
255 864
255 874
255 917
255 961
256 300
256 320
256 331
256 417
256 496
256 553
256 606
256 680
256 707
256 803
256 879
256 911
256 930
256 964
257 264
257 360
257 403
257 619
257 718
257 807
257 829
257 899
257 960
257 990
258 305
258 374
258 433
258 577
258 660
258 752
258 753
258 926
258 930
259 314
259 434
259 471
259 625
259 626
259 645
259 670
259 870
259 902
259 909
259 973
260 288
260 316
260 335
260 344
260 352
260 404
260 507
260 518
260 541
260 544
260 564
260 596
260 675
260 820
260 829
260 880
260 887
260 929
260 950
260 963
260 968
261 269
261 318
261 326
261 355
261 367
261 370
261 396
261 418
261 437
261 461
261 468
261 471
261 501
261 503
261 516
261 517
261 538
261 545
261 598
261 609
261 679
261 718
261 756
261 814
261 844
261 848
261 915
261 937
261 945
261 973
262 281
262 331
262 339
262 341
262 351
262 356
262 405
262 419
262 496
262 512
262 526
262 615
262 666
262 673
262 737
262 774
262 827
262 883
262 936
262 947
262 963
263 303
263 355
263 444
263 497
263 508
263 535
263 560
263 596
263 636
263 672
263 733
263 813
263 929
263 971
264 338
264 377
264 513
264 524
264 563
264 584
264 640
264 655
264 784
264 833
264 908
264 947
264 958
264 983
265 358
265 371
265 372
265 384
265 507
265 567
265 746
265 854
265 890
265 993
266 289
266 291
266 316
266 335
266 370
266 411
266 476
266 520
266 559
266 671
266 692
266 698
266 809
266 854
266 911
267 296
267 344
267 380
267 382
267 428
267 448
267 458
267 526
267 607
267 608
267 625
267 626
267 644
267 697
267 698
267 746
267 762
267 771
267 807
267 866
267 942
267 949
267 956
268 278
268 309
268 313
268 339
268 347
268 363
268 374
268 380
268 415
268 417
268 432
268 508
268 516
268 525
268 546
268 595
268 608
268 655
268 656
268 660
268 699
268 734
268 739
268 742
268 768
268 796
268 852
268 870
268 892
268 929
268 941
268 958
269 340
269 413
269 496
269 524
269 567
269 585
269 619
269 764
269 834
269 875
269 986
269 1000
270 381
270 399
270 444
270 496
270 562
270 680
270 759
270 893
270 930
270 964
270 988
271 292
271 322
271 329
271 376
271 395
271 415
271 467
271 511
271 512
271 544
271 596
271 615
271 620
271 625
271 656
271 667
271 738
271 751
271 771
271 783
271 784
271 794
271 815
271 983
271 989
272 314
272 327
272 417
272 432
272 434
272 447
272 500
272 533
272 559
272 675
272 676
272 709
272 735
272 773
272 855
272 880
272 920
272 924
272 983
273 287
273 335
273 520
273 603
273 683
273 693
273 704
273 718
273 720
273 721
273 738
273 743
273 761
273 766
273 850
273 969
274 294
274 328
274 345
274 346
274 361
274 371
274 373
274 388
274 394
274 404
274 405
274 457
274 511
274 517
274 565
274 569
274 601
274 609
274 634
274 637
274 639
274 646
274 661
274 662
274 669
274 682
274 693
274 718
274 744
274 783
274 799
274 832
274 872
274 889
274 897
274 932
274 964
274 965
274 968
274 971
274 988
274 994
275 296
275 304
275 372
275 378
275 576
275 607
275 659
275 674
275 748
275 794
275 878
276 285
276 296
276 312
276 313
276 383
276 462
276 481
276 555
276 581
276 596
276 713
276 714
276 718
276 765
276 819
276 904
276 926
276 939
276 960
276 996
277 301
277 347
277 365
277 402
277 472
277 521
277 522
277 543
277 548
277 580
277 584
277 653
277 657
277 675
277 697
277 699
277 704
277 706
277 761
277 816
277 847
277 871
277 930
277 953
278 301
278 331
278 334
278 336
278 341
278 360
278 376
278 388
278 432
278 452
278 462
278 503
278 506
278 556
278 564
278 568
278 579
278 588
278 591
278 682
278 729
278 761
278 812
278 816
278 836
278 866
278 978
278 984
279 342
279 419
279 523
279 541
279 591
279 595
279 640
279 676
279 815
279 850
279 896
280 328
280 658
280 714
280 825
280 853
280 872
280 875
280 885
280 898
280 905
281 346
281 349
281 372
281 418
281 485
281 559
281 619
281 637
281 744
281 903
281 983
282 286
282 375
282 404
282 478
282 550
282 572
282 633
282 638
282 737
282 764
282 898
282 910
282 951
282 972
283 290
283 295
283 322
283 333
283 377
283 439
283 568
283 577
283 580
283 599
283 625
283 676
283 703
283 745
283 804
283 812
283 835
283 848
283 861
283 915
283 924
284 408
284 410
284 444
284 598
284 629
284 632
284 735
284 768
284 815
284 816
284 831
284 833
284 852
284 857
284 897
284 920
284 935
284 936
285 327
285 332
285 349
285 405
285 514
285 520
285 562
285 605
285 637
285 698
285 701
285 805
285 808
285 825
285 827
285 867
285 899
285 939
285 940
285 961
285 976
286 417
286 504
286 512
286 766
286 771
286 810
286 873
286 875
286 996
287 400
287 417
287 499
287 519
287 533
287 675
287 719
287 741
287 811
287 836
287 874
287 967
287 988
288 305
288 316
288 319
288 328
288 401
288 427
288 432
288 434
288 519
288 588
288 613
288 685
288 735
288 766
288 796
288 831
288 839
288 899
288 901
288 929
288 935
288 947
288 981
289 303
289 403
289 464
289 477
289 540
289 563
289 594
289 601
289 658
289 721
289 814
289 821
289 872
289 886
289 946
289 974
290 343
290 344
290 358
290 390
290 399
290 426
290 437
290 514
290 560
290 567
290 612
290 738
290 870
290 880
290 906
290 948
291 301
291 320
291 330
291 497
291 523
291 526
291 550
291 559
291 816
291 888
291 913
291 942
291 956
291 964
291 970
292 320
292 349
292 364
292 381
292 403
292 564
292 567
292 581
292 765
292 788
292 938
292 995
293 313
293 358
293 393
293 404
293 511
293 533
293 619
293 635
293 696
293 708
293 725
293 790
293 859
293 945
293 984
293 999
294 308
294 315
294 371
294 534
294 613
294 710
294 874
294 927
294 998
294 999
295 371
295 386
295 393
295 425
295 448
295 453
295 454
295 508
295 569
295 572
295 647
295 835
295 888
295 915
295 930
296 315
296 371
296 385
296 450
296 467
296 468
296 479
296 499
296 510
296 521
296 561
296 592
296 596
296 605
296 634
296 639
296 657
296 658
296 678
296 680
296 770
296 792
296 802
296 837
296 851
296 880
296 979
297 315
297 343
297 363
297 374
297 414
297 425
297 515
297 527
297 585
297 626
297 640
297 680
297 692
297 696
297 706
297 714
297 815
297 820
297 859
297 910
297 925
297 938
297 939
297 950
298 299
298 304
298 309
298 318
298 326
298 375
298 393
298 395
298 428
298 434
298 443
298 461
298 494
298 503
298 506
298 594
298 617
298 648
298 667
298 693
298 708
298 745
298 750
298 756
298 757
298 820
298 859
298 881
298 924
298 935
298 970
298 982
298 997
298 999
299 309
299 453
299 477
299 520
299 524
299 551
299 653
299 697
299 887
299 934
299 949
300 322
300 326
300 337
300 400
300 420
300 424
300 485
300 493
300 620
300 634
300 710
300 771
300 779
300 815
300 830
300 852
300 856
300 961
300 964
300 994
301 373
301 402
301 414
301 417
301 423
301 472
301 503
301 510
301 511
301 539
301 552
301 557
301 595
301 601
301 646
301 653
301 658
301 806
301 823
301 872
301 888
301 910
301 917
301 985
302 308
302 317
302 344
302 346
302 462
302 706
302 729
302 764
302 784
302 931
303 327
303 330
303 434
303 464
303 550
303 628
303 687
303 848
303 857
304 306
304 315
304 326
304 375
304 391
304 395
304 453
304 464
304 503
304 565
304 642
304 733
304 735
304 751
304 756
304 776
304 789
304 794
304 823
304 824
304 894
304 913
304 965
304 968
304 992
305 328
305 347
305 386
305 434
305 444
305 449
305 489
305 552
305 562
305 596
305 604
305 605
305 611
305 674
305 723
305 758
305 770
305 908
305 957
305 965
305 989
306 314
306 320
306 495
306 512
306 525
306 577
306 612
306 679
306 720
306 753
306 771
306 779
306 794
306 795
306 827
306 883
306 901
307 357
307 410
307 454
307 486
307 550
307 630
307 661
307 739
307 761
307 773
307 797
307 803
308 372
308 385
308 517
308 519
308 615
308 722
308 835
308 880
308 901
308 949
308 959
308 971
309 327
309 353
309 361
309 373
309 512
309 520
309 529
309 544
309 563
309 579
309 602
309 619
309 625
309 683
309 776
309 968
309 985
309 987
309 999
310 356
310 359
310 369
310 389
310 494
310 500
310 515
310 571
310 573
310 610
310 700
310 702
310 708
310 726
310 743
310 766
310 767
311 330
311 336
311 358
311 454
311 539
311 577
311 598
311 659
311 696
311 774
311 831
311 889
311 953
311 970
312 317
312 329
312 332
312 334
312 341
312 382
312 393
312 397
312 564
312 581
312 585
312 586
312 601
312 632
312 686
312 749
312 780
312 781
312 798
312 846
312 915
312 919
312 984
313 373
313 456
313 499
313 543
313 569
313 625
313 635
313 652
313 700
313 709
313 792
313 804
313 814
313 839
313 871
313 874
313 941
313 954
313 976
314 329
314 349
314 380
314 383
314 446
314 506
314 582
314 598
314 627
314 630
314 636
314 656
314 658
314 662
314 687
314 715
314 733
314 852
314 870
314 880
314 903
314 941
314 965
314 969
314 986
315 322
315 338
315 453
315 528
315 622
315 692
315 737
315 795
315 833
315 843
315 897
316 366
316 401
316 419
316 424
316 432
316 445
316 458
316 485
316 497
316 505
316 519
316 526
316 549
316 555
316 559
316 566
316 579
316 594
316 634
316 636
316 642
316 647
316 684
316 698
316 699
316 722
316 744
316 801
316 824
316 907
316 940
316 970
317 417
317 500
317 511
317 524
317 572
317 594
317 608
317 623
317 671
317 767
317 784
317 926
317 964
318 320
318 357
318 359
318 371
318 374
318 381
318 382
318 392
318 408
318 417
318 446
318 453
318 455
318 475
318 494
318 510
318 537
318 564
318 570
318 587
318 590
318 608
318 611
318 615
318 656
318 662
318 672
318 688
318 698
318 704
318 722
318 744
318 768
318 793
318 814
318 865
318 876
318 889
318 942
318 958
318 991
319 328
319 405
319 418
319 472
319 515
319 608
319 631
319 636
319 696
319 708
319 726
319 739
319 774
319 775
319 873
319 903
319 908
319 909
320 344
320 345
320 360
320 389
320 434
320 470
320 473
320 531
320 539
320 616
320 620
320 629
320 644
320 651
320 664
320 675
320 689
320 704
320 840
320 868
320 870
320 879
320 883
320 900
320 908
320 915
320 999
321 341
321 466
321 517
321 524
321 535
321 570
321 603
321 609
321 628
321 697
321 701
321 760
321 889
321 971
321 976
322 324
322 325
322 404
322 436
322 453
322 499
322 557
322 565
322 573
322 586
322 591
322 602
322 609
322 616
322 620
322 648
322 674
322 678
322 693
322 706
322 709
322 742
322 748
322 759
322 771
322 794
322 803
322 864
322 883
322 901
322 909
322 911
322 920
322 932
322 936
323 327
323 358
323 360
323 432
323 435
323 498
323 605
323 694
323 724
323 774
323 786
323 856
323 915
324 334
324 636
324 689
324 724
324 867
324 923
324 994
325 337
325 398
325 480
325 526
325 537
325 555
325 620
325 648
325 729
325 741
325 841
325 912
325 947
325 986
326 348
326 470
326 472
326 510
326 523
326 575
326 610
326 648
326 710
326 716
326 776
326 788
326 795
326 804
326 839
326 851
326 940
326 951
326 954
327 328
327 429
327 479
327 494
327 558
327 563
327 617
327 626
327 725
327 748
327 757
327 766
327 790
327 826
327 861
327 902
327 914
327 917
327 929
327 937
327 951
327 955
327 999
328 341
328 358
328 386
328 391
328 397
328 417
328 558
328 570
328 625
328 649
328 654
328 749
328 803
328 819
328 857
328 858
328 909
328 912
328 914
328 929
328 952
328 965
329 341
329 375
329 422
329 441
329 471
329 554
329 612
329 633
329 640
329 656
329 702
329 728
329 772
329 850
329 851
329 855
329 878
329 930
329 946
329 947
330 333
330 350
330 357
330 358
330 364
330 368
330 426
330 430
330 461
330 470
330 485
330 506
330 526
330 527
330 528
330 573
330 610
330 615
330 618
330 631
330 640
330 642
330 653
330 748
330 764
330 765
330 797
330 809
330 924
330 942
330 961
330 974
330 982
331 358
331 432
331 445
331 469
331 546
331 554
331 598
331 640
331 746
331 779
331 792
331 878
331 899
331 901
331 903
331 915
331 951
331 964
332 343
332 416
332 467
332 480
332 490
332 524
332 525
332 617
332 655
332 693
332 713
332 738
332 760
332 761
332 787
332 894
332 909
332 926
332 939
332 985
333 579
333 582
333 621
333 640
333 662
333 723
333 737
333 946
333 983
334 410
334 432
334 492
334 523
334 553
334 580
334 583
334 595
334 600
334 607
334 659
334 671
334 751
334 756
334 841
334 843
334 852
334 896
334 905
334 917
334 964
334 975
334 986
335 365
335 406
335 444
335 465
335 470
335 520
335 626
335 741
335 786
335 874
335 880
335 901
335 992
336 337
336 341
336 372
336 385
336 467
336 682
336 684
336 701
336 728
336 802
336 814
336 899
336 952
336 982
337 341
337 392
337 393
337 413
337 421
337 434
337 493
337 537
337 551
337 561
337 605
337 611
337 631
337 663
337 664
337 698
337 759
337 851
337 865
337 870
337 890
337 903
337 908
337 920
337 953
337 960
337 967
337 983
338 414
338 474
338 658
338 665
338 668
338 735
338 924
338 954
339 343
339 377
339 386
339 399
339 422
339 424
339 463
339 689
339 781
339 859
339 891
340 341
340 376
340 388
340 393
340 432
340 463
340 494
340 564
340 570
340 585
340 627
340 652
340 724
340 725
340 732
340 780
340 788
340 795
340 800
340 822
340 854
340 891
340 912
340 948
340 956
340 967
340 970
340 979
340 1000
341 357
341 396
341 403
341 421
341 444
341 465
341 561
341 596
341 683
341 712
341 745
341 775
341 779
341 785
341 792
341 800
341 815
341 841
341 866
341 875
341 877
341 883
341 908
341 948
341 967
342 360
342 374
342 408
342 462
342 491
342 504
342 533
342 543
342 571
342 620
342 644
342 710
342 712
342 738
342 777
342 826
342 841
342 935
342 936
342 990
343 360
343 376
343 392
343 456
343 534
343 564
343 596
343 597
343 626
343 651
343 726
343 743
343 751
343 789
343 958
343 964
343 967
343 984
344 366
344 374
344 393
344 450
344 735
344 759
344 936
344 960
345 405
345 414
345 434
345 453
345 478
345 511
345 522
345 525
345 562
345 571
345 585
345 626
345 657
345 688
345 701
345 711
345 712
345 723
345 725
345 733
345 783
345 804
345 814
345 854
345 865
345 901
345 905
345 941
345 963
345 972
346 357
346 372
346 380
346 412
346 415
346 446
346 465
346 508
346 522
346 569
346 603
346 609
346 618
346 666
346 672
346 677
346 691
346 702
346 777
346 835
346 855
346 869
346 873
346 888
346 895
346 910
346 913
346 941
346 960
346 965
346 978
347 373
347 379
347 390
347 412
347 418
347 440
347 474
347 537
347 549
347 555
347 569
347 585
347 606
347 635
347 657
347 698
347 734
347 738
347 778
347 800
347 834
347 854
347 893
347 921
347 958
347 968
347 971
348 369
348 423
348 434
348 440
348 464
348 531
348 549
348 571
348 642
348 749
348 797
348 850
348 878
348 883
348 901
348 943
348 987
349 433
349 465
349 479
349 496
349 525
349 575
349 618
349 637
349 672
349 731
349 762
349 771
349 878
349 971
350 454
350 476
350 492
350 495
350 549
350 552
350 628
350 662
350 806
350 815
350 821
350 879
350 936
350 966
350 982
351 422
351 441
351 461
351 571
351 638
351 700
351 741
351 781
351 899
351 903
351 988
352 355
352 487
352 494
352 510
352 531
352 539
352 549
352 601
352 625
352 634
352 709
352 718
352 811
352 915
352 919
352 949
352 964
352 996
353 418
353 430
353 575
353 638
353 742
353 757
353 791
353 854
353 887
353 983
354 358
354 401
354 419
354 425
354 432
354 507
354 546
354 617
354 696
354 793
354 899
354 952
354 971
354 979
354 982
354 997
355 368
355 387
355 388
355 403
355 457
355 517
355 549
355 641
355 693
355 702
355 737
355 752
355 797
355 872
355 885
355 942
355 973
356 357
356 447
356 448
356 450
356 545
356 564
356 585
356 601
356 607
356 682
356 744
356 844
356 863
356 892
356 899
356 919
357 376
357 448
357 471
357 557
357 593
357 599
357 612
357 663
358 379
358 411
358 418
358 431
358 457
358 487
358 499
358 502
358 520
358 541
358 563
358 585
358 678
358 693
358 694
358 702
358 807
358 809
358 822
358 901
358 908
358 940
358 941
358 955
358 969
359 434
359 503
359 520
359 580
359 676
359 776
359 859
359 906
359 934
359 948
359 987
360 394
360 419
360 422
360 432
360 471
360 480
360 507
360 589
360 601
360 623
360 629
360 634
360 664
360 667
360 686
360 742
360 748
360 779
360 790
360 810
360 820
360 839
360 851
360 889
360 893
360 957
360 981
360 987
361 363
361 369
361 442
361 550
361 565
361 796
361 844
361 975
361 979
362 379
362 387
362 482
362 565
362 631
362 655
362 776
362 843
362 852
362 878
362 936
363 386
363 447
363 500
363 531
363 542
363 641
363 771
363 776
363 819
363 871
363 887
363 938
364 423
364 546
364 549
364 712
364 749
364 820
364 946
364 951
364 989
364 999
365 377
365 380
365 448
365 456
365 496
365 499
365 526
365 558
365 566
365 597
365 625
365 696
365 708
365 757
365 892
365 905
365 946
365 999
366 369
366 396
366 411
366 416
366 452
366 473
366 499
366 508
366 575
366 602
366 619
366 655
366 686
366 689
366 716
366 751
366 806
366 914
366 922
366 929
366 986
367 504
367 628
367 657
367 677
367 802
367 820
367 878
367 905
367 935
368 385
368 386
368 414
368 452
368 485
368 517
368 521
368 531
368 541
368 576
368 603
368 634
368 640
368 646
368 687
368 705
368 741
368 749
368 757
368 791
368 820
368 869
368 872
368 878
368 880
368 892
368 901
368 947
368 957
368 959
369 434
369 458
369 528
369 546
369 685
369 689
369 703
369 759
369 844
369 845
369 898
370 392
370 401
370 471
370 488
370 564
370 595
370 664
370 698
370 726
370 737
370 809
370 811
370 843
370 912
370 961
370 963
370 973
371 414
371 443
371 453
371 458
371 560
371 614
371 619
371 677
371 709
371 741
371 770
371 776
371 830
371 836
371 852
371 874
371 916
371 939
371 967
371 990
372 539
372 597
372 613
372 676
372 693
372 861
372 921
372 944
372 970
373 454
373 704
373 768
373 952
373 989
374 385
374 434
374 481
374 518
374 571
374 575
374 590
374 617
374 630
374 690
374 720
374 779
374 786
374 803
374 847
374 906
374 927
375 378
375 393
375 416
375 469
375 569
375 583
375 597
375 696
375 717
375 721
375 737
375 751
375 801
375 821
375 878
375 889
375 893
375 901
375 939
375 958
375 962
375 996
376 391
376 392
376 469
376 477
376 500
376 534
376 634
376 714
376 775
376 780
376 841
376 876
376 896
376 907
376 944
377 456
377 504
377 531
377 549
377 717
377 725
377 751
377 785
377 822
377 951
377 973
377 984
378 392
378 419
378 434
378 458
378 498
378 506
378 546
378 555
378 590
378 601
378 602
378 633
378 645
378 666
378 703
378 776
378 855
378 887
378 903
379 410
379 475
379 486
379 587
379 600
379 610
379 678
379 693
379 697
379 830
379 859
379 902
379 925
379 935
379 952
379 961
379 971
380 394
380 395
380 444
380 471
380 516
380 525
380 561
380 623
380 636
380 644
380 648
380 699
380 760
380 762
380 794
380 807
380 876
380 877
380 915
380 941
381 406
381 422
381 457
381 544
381 626
381 764
381 778
381 847
381 931
381 983
382 467
382 559
382 579
382 689
382 731
382 785
382 806
382 810
382 970
383 434
383 498
383 506
383 555
383 631
383 739
383 912
383 915
383 962
383 979
383 985
383 990
384 396
384 439
384 472
384 661
384 757
384 888
384 937
384 965
384 976
385 483
385 531
385 574
385 629
385 656
385 713
385 784
385 821
385 850
385 885
385 930
385 948
385 951
385 953
385 957
385 958
385 995
385 999
386 414
386 472
386 476
386 519
386 528
386 550
386 553
386 594
386 606
386 635
386 640
386 687
386 688
386 690
386 701
386 723
386 734
386 751
386 776
386 839
386 862
386 874
386 908
386 909
386 914
386 921
386 939
386 978
386 983
386 985
386 991
387 393
387 401
387 406
387 526
387 671
387 706
387 717
387 739
387 763
387 771
387 790
387 952
388 454
388 487
388 508
388 515
388 586
388 601
388 627
388 640
388 659
388 660
388 670
388 674
388 680
388 681
388 704
388 738
388 760
388 805
388 814
388 836
388 838
388 851
388 866
388 883
388 914
388 916
388 941
389 441
389 508
389 636
389 638
389 647
389 693
389 718
389 794
389 804
389 886
389 964
390 531
390 563
390 710
390 725
390 757
390 819
390 831
390 835
390 855
390 870
390 883
390 910
390 952
391 400
391 429
391 470
391 559
391 570
391 601
391 679
391 738
391 747
391 771
391 784
391 803
391 817
391 824
391 879
391 985
392 429
392 465
392 490
392 514
392 528
392 593
392 596
392 599
392 672
392 685
392 726
392 757
392 763
392 804
392 884
392 964
393 415
393 432
393 457
393 470
393 482
393 487
393 503
393 512
393 516
393 546
393 563
393 581
393 640
393 650
393 660
393 714
393 724
393 727
393 728
393 742
393 773
393 780
393 782
393 800
393 816
393 822
393 843
393 844
393 845
393 885
393 887
393 889
393 899
393 929
393 965
393 970
393 983
393 988
393 993
394 412
394 445
394 547
394 618
394 784
394 785
394 790
394 876
394 960
394 999
395 406
395 454
395 492
395 544
395 554
395 614
395 651
395 681
395 685
395 716
395 776
395 802
395 838
395 916
395 927
395 963
395 986
395 995
396 496
396 507
396 516
396 525
396 536
396 546
396 655
396 662
396 744
396 749
396 802
396 911
396 975
396 999
397 422
397 441
397 500
397 606
397 623
397 653
397 763
397 812
397 816
397 836
397 857
397 902
397 958
397 959
397 986
398 404
398 434
398 454
398 474
398 559
398 560
398 579
398 593
398 649
398 657
398 743
398 751
398 881
398 889
399 401
399 406
399 428
399 438
399 452
399 478
399 536
399 540
399 618
399 626
399 684
399 734
399 738
399 759
399 780
399 810
399 860
399 913
399 938
399 951
399 959
400 404
400 410
400 416
400 456
400 463
400 553
400 599
400 623
400 626
400 699
400 727
400 735
400 739
400 759
400 766
400 772
400 835
400 843
400 878
400 918
400 919
400 945
400 951
400 958
400 964
400 969
400 971
400 981
401 408
401 410
401 424
401 427
401 434
401 458
401 459
401 481
401 489
401 506
401 555
401 590
401 606
401 668
401 681
401 707
401 747
401 773
401 787
401 892
401 897
401 905
401 942
401 947
402 435
402 465
402 530
402 551
402 577
402 596
402 638
402 705
402 723
402 756
402 770
402 930
402 999
403 421
403 618
403 758
403 777
403 852
403 895
403 956
403 964
403 971
404 412
404 476
404 540
404 609
404 708
404 751
404 788
404 789
404 806
404 872
404 908
404 911
404 975
405 533
405 555
405 608
405 645
405 649
405 716
405 722
405 737
405 771
405 917
405 973
406 427
406 473
406 482
406 506
406 531
406 550
406 559
406 587
406 661
406 671
406 751
406 854
406 898
406 909
406 922
406 961
406 966
406 974
407 476
407 523
407 546
407 617
407 717
407 919
407 961
407 964
407 965
407 979
408 409
408 442
408 484
408 520
408 562
408 657
408 705
408 814
408 843
408 934
409 521
409 565
409 602
409 620
409 651
409 698
409 758
409 809
409 820
409 832
409 838
409 841
409 843
409 862
409 964
409 978
409 981
409 982
410 495
410 562
410 617
410 628
410 663
410 700
410 713
410 743
410 767
411 417
411 511
411 526
411 634
411 669
411 673
411 750
411 757
411 796
411 839
411 906
411 970
412 480
412 503
412 508
412 559
412 565
412 578
412 625
412 648
412 715
412 717
412 796
412 830
412 912
412 939
412 951
412 971
412 987
413 451
413 477
413 563
413 655
413 678
413 704
413 727
413 856
414 442
414 472
414 492
414 494
414 511
414 545
414 560
414 567
414 608
414 631
414 702
414 740
414 786
414 811
414 837
414 908
414 924
414 938
414 939
414 941
414 952
415 489
415 495
415 496
415 552
415 603
415 639
415 756
415 773
415 888
415 911
415 991
416 445
416 520
416 525
416 546
416 548
416 632
416 638
416 699
416 801
416 825
416 835
416 845
416 875
416 909
416 933
416 939
416 953
417 424
417 430
417 442
417 459
417 577
417 599
417 607
417 791
417 839
417 847
417 892
417 921
417 960
417 997
418 433
418 444
418 494
418 508
418 509
418 525
418 527
418 546
418 582
418 615
418 625
418 638
418 692
418 699
418 739
418 794
418 833
418 843
418 870
418 900
418 908
418 964
418 971
418 986
419 438
419 506
419 523
419 557
419 559
419 578
419 643
419 651
419 692
419 748
419 754
419 849
420 422
420 430
420 456
420 519
420 540
420 573
420 598
420 602
420 626
420 644
420 660
420 674
420 682
420 739
420 784
420 786
420 795
420 921
420 925
420 931
420 956
420 991
421 428
421 460
421 528
421 530
421 603
421 615
421 624
421 668
421 675
421 738
421 835
421 909
422 443
422 504
422 644
422 682
422 779
422 795
422 802
422 886
422 910
422 938
422 940
422 987
422 992
422 994
423 435
423 441
423 442
423 451
423 529
423 530
423 569
423 574
423 595
423 646
423 686
423 771
423 796
423 830
423 831
423 905
423 928
423 965
424 481
424 541
424 543
424 640
424 677
424 691
424 693
424 698
424 700
424 708
424 742
424 749
424 754
424 799
424 856
424 867
425 540
425 564
425 759
425 874
425 892
425 951
425 952
425 971
425 999
426 435
426 437
426 442
426 524
426 549
426 599
426 640
426 641
426 700
426 792
426 868
426 912
426 951
426 971
427 436
427 466
427 494
427 559
427 603
427 610
427 784
427 854
427 906
427 914
427 930
427 945
427 970
428 437
428 448
428 502
428 555
428 578
428 602
428 623
428 647
428 667
428 697
428 702
428 743
428 747
428 764
428 800
428 827
428 843
428 853
428 909
428 974
428 976
428 996
428 999
429 463
429 599
429 725
429 729
429 777
429 811
429 883
429 887
429 930
430 454
430 477
430 490
430 533
430 585
430 623
430 657
430 658
430 702
430 757
430 835
431 555
431 577
431 642
431 678
431 733
431 805
431 867
431 973
432 435
432 449
432 462
432 505
432 522
432 545
432 566
432 569
432 588
432 593
432 601
432 621
432 723
432 742
432 780
432 792
432 797
432 798
432 815
432 820
432 825
432 846
432 851
432 948
432 970
432 978
433 475
433 503
433 597
433 638
433 640
433 653
433 737
433 757
433 795
433 857
433 966
434 453
434 506
434 512
434 534
434 550
434 562
434 617
434 633
434 637
434 639
434 649
434 658
434 751
434 767
434 776
434 860
434 874
434 882
434 894
434 908
434 909
434 914
434 916
434 920
434 931
434 959
434 984
434 987
434 991
435 454
435 572
435 600
435 717
435 834
436 518
436 551
436 568
436 603
436 697
436 728
436 780
436 841
436 852
436 872
436 940
436 951
437 462
437 466
437 486
437 581
437 612
437 642
437 678
437 725
437 766
437 793
437 878
437 941
437 964
437 968
438 775
438 865
438 883
438 958
438 964
439 441
439 458
439 531
439 575
439 603
439 614
439 728
439 775
439 826
439 871
439 878
439 892
439 893
439 974
439 978
440 478
440 535
440 573
440 579
440 589
440 634
440 816
440 821
440 838
440 874
440 916
440 986
441 461
441 484
441 518
441 606
441 636
441 644
441 658
441 670
441 673
441 691
441 712
441 732
441 746
441 753
441 778
441 782
441 789
441 800
441 817
441 835
441 861
441 928
441 961
441 969
442 453
442 503
442 509
442 516
442 519
442 559
442 577
442 579
442 582
442 728
442 753
442 765
442 768
442 780
442 837
442 913
442 926
442 962
442 978
443 461
443 612
443 649
443 651
443 703
443 744
443 794
443 844
443 924
443 939
443 942
443 957
443 973
443 1000
444 464
444 498
444 500
444 506
444 514
444 562
444 578
444 590
444 699
444 702
444 739
444 784
444 832
444 842
444 891
444 899
444 912
444 919
444 929
444 952
444 957
445 522
445 527
445 563
445 576
445 582
445 596
445 780
445 785
445 832
445 874
445 925
445 949
445 970
445 999
446 448
446 640
446 695
446 716
446 770
446 771
446 869
446 874
446 919
446 930
446 938
446 969
446 992
447 561
447 565
447 566
447 676
447 848
447 964
447 998
448 456
448 487
448 525
448 540
448 566
448 584
448 606
448 626
448 628
448 650
448 659
448 667
448 708
448 713
448 743
448 753
448 771
448 779
448 806
448 811
448 812
448 826
448 830
448 831
448 846
448 884
448 912
448 918
448 953
448 1000
449 454
449 468
449 520
449 540
449 541
449 574
449 640
449 721
449 917
449 951
449 985
450 572
450 651
450 660
450 707
450 756
450 759
450 785
450 794
450 859
450 887
450 909
450 916
451 519
451 528
451 540
451 569
451 580
451 662
451 767
451 775
451 822
451 826
451 960
451 970
451 980
452 456
452 470
452 477
452 491
452 512
452 535
452 559
452 564
452 569
452 585
452 591
452 593
452 614
452 737
452 743
452 749
452 755
452 756
452 820
452 857
452 867
452 886
452 892
452 928
452 930
452 933
452 948
452 957
452 959
452 973
452 996
453 698
453 711
453 805
453 881
453 942
453 952
453 976
453 986
453 987
454 500
454 549
454 600
454 640
454 647
454 741
454 743
454 757
454 840
454 930
454 949
454 953
455 521
455 534
455 588
455 914
455 922
455 943
455 958
456 550
456 629
456 634
456 871
456 875
456 927
456 971
457 465
457 468
457 480
457 489
457 490
457 492
457 494
457 511
457 541
457 544
457 655
457 709
457 762
457 775
457 836
457 850
457 870
457 876
457 880
457 935
458 461
458 478
458 480
458 482
458 505
458 509
458 521
458 555
458 605
458 679
458 698
458 756
458 764
458 779
458 842
458 898
458 910
458 936
458 942
459 511
459 532
459 554
459 590
459 602
459 644
459 647
459 699
459 710
459 753
459 829
459 959
459 986
460 462
460 525
460 574
460 588
460 863
460 920
460 935
461 556
461 562
461 575
461 603
461 607
461 662
461 691
461 775
461 885
461 899
461 932
461 970
461 971
462 549
462 555
462 570
462 576
462 584
462 594
462 595
462 655
462 661
462 686
462 761
462 780
462 788
462 857
462 886
462 927
462 979
463 466
463 487
463 572
463 620
463 712
463 759
463 815
463 865
463 910
463 944
463 956
464 476
464 494
464 592
464 633
464 655
464 706
464 711
464 718
464 782
464 790
464 821
464 871
464 900
464 909
464 916
464 935
464 944
464 952
464 963
465 475
465 507
465 508
465 536
465 538
465 544
465 601
465 605
465 623
465 650
465 652
465 723
465 738
465 752
465 773
465 872
465 906
465 929
465 969
465 999
466 503
466 523
466 533
466 569
466 600
466 621
466 647
466 691
466 698
466 702
466 779
466 835
466 858
466 862
466 864
466 865
466 881
466 949
466 970
467 519
467 573
467 626
467 668
467 859
467 889
467 890
467 931
467 983
468 494
468 548
468 551
468 576
468 583
468 593
468 607
468 768
468 793
468 799
468 871
468 877
468 940
468 942
468 960
469 488
469 508
469 524
469 553
469 559
469 758
469 774
469 870
469 886
469 938
469 982
470 472
470 574
470 749
470 759
470 873
470 886
470 888
470 957
470 968
471 495
471 567
471 620
471 624
471 645
471 679
471 688
471 689
471 699
471 716
471 745
471 794
471 840
471 910
471 912
471 928
471 955
471 971
472 496
472 532
472 548
472 550
472 568
472 599
472 615
472 637
472 675
472 707
472 753
472 865
472 897
472 898
472 902
472 937
472 939
472 953
473 475
473 516
473 619
473 731
473 880
473 885
473 952
474 475
474 530
474 590
474 613
474 748
474 784
474 880
474 896
474 924
475 485
475 504
475 506
475 599
475 691
475 699
475 743
475 759
475 781
475 839
475 854
475 866
475 949
475 961
475 970
475 983
476 518
476 529
476 530
476 580
476 606
476 608
476 653
476 666
476 705
476 722
476 776
476 815
476 821
476 843
476 855
476 887
476 897
476 922
476 941
476 947
476 960
477 490
477 530
477 537
477 560
477 601
477 625
477 634
477 656
477 683
477 703
477 710
477 713
477 715
477 726
477 738
477 756
477 770
477 800
477 854
477 869
477 886
477 888
477 893
477 914
477 958
477 970
477 979
478 669
478 681
478 699
478 755
478 854
478 883
478 965
478 969
479 504
479 621
479 768
479 779
479 926
479 962
479 996
480 527
480 551
480 569
480 574
480 576
480 580
480 667
480 715
480 735
480 762
480 770
480 793
480 835
480 868
480 898
480 910
480 924
480 943
480 969
481 621
481 672
481 790
481 930
481 958
482 497
482 534
482 603
482 619
482 659
482 704
482 759
482 768
482 898
482 925
482 945
482 956
483 623
483 627
483 636
483 657
483 779
483 920
483 964
483 965
483 986
484 514
484 753
484 766
484 796
484 836
484 883
484 936
484 957
484 985
485 512
485 549
485 556
485 613
485 665
485 762
485 812
485 819
485 862
485 934
485 973
485 977
486 512
486 546
486 575
486 603
486 617
486 638
486 639
486 695
486 717
486 777
486 832
486 862
486 955
487 499
487 682
487 779
487 812
487 835
487 916
487 951
487 970
487 985
487 987
488 584
488 635
488 642
488 710
488 741
488 830
488 858
489 655
489 678
489 713
489 779
489 962
489 978
489 988
490 509
490 548
490 554
490 580
490 597
490 620
490 682
490 744
490 763
490 886
490 941
490 976
490 979
491 494
491 585
491 717
491 784
491 786
491 801
492 569
492 603
492 686
492 743
492 759
492 896
492 908
492 909
492 922
492 932
492 939
492 998
493 504
493 546
493 656
493 676
493 678
493 698
493 779
493 875
493 935
493 948
494 538
494 544
494 552
494 557
494 563
494 738
494 742
494 780
494 805
494 827
494 872
494 897
494 982
495 579
495 580
495 617
495 678
495 800
495 818
495 906
496 499
496 514
496 558
496 570
496 573
496 581
496 585
496 600
496 628
496 637
496 647
496 682
496 693
496 728
496 736
496 738
496 798
496 808
496 878
496 887
496 948
496 986
496 988
497 534
497 555
497 653
497 673
497 677
497 699
497 721
497 752
497 753
497 786
497 811
497 865
497 965
497 972
497 979
498 554
498 601
498 719
498 754
498 785
498 795
498 841
498 914
498 937
498 949
498 971
498 986
499 623
499 634
499 661
499 675
499 735
499 786
499 804
499 813
499 870
499 877
499 932
499 940
499 945
500 504
500 524
500 565
500 596
500 651
500 702
500 830
500 835
500 886
500 913
500 987
501 505
501 508
501 511
501 520
501 543
501 549
501 949
501 964
502 514
502 565
502 603
502 664
502 706
502 728
502 774
502 823
502 866
502 898
502 903
503 585
503 608
503 621
503 656
503 783
503 795
503 854
503 886
503 888
503 909
503 930
504 546
504 612
504 631
504 639
504 640
504 644
504 649
504 683
504 688
504 777
504 795
504 816
504 889
504 896
504 912
504 919
504 964
504 982
505 542
505 571
505 574
505 625
505 635
505 643
505 655
505 666
505 674
505 766
505 779
505 788
505 865
505 941
505 949
505 959
506 511
506 562
506 642
506 656
506 668
506 794
506 904
506 945
506 964
506 976
507 609
507 716
507 743
507 773
507 800
507 872
507 878
507 994
508 534
508 544
508 566
508 577
508 609
508 612
508 616
508 618
508 626
508 628
508 673
508 675
508 703
508 777
508 791
508 807
508 870
508 887
508 902
508 903
508 932
508 949
508 978
508 1000
509 531
509 637
509 673
509 804
509 898
509 985
510 561
510 737
510 752
510 757
510 768
510 796
510 883
510 917
510 924
511 524
511 564
511 568
511 624
511 653
511 674
511 781
511 783
511 791
511 805
511 825
511 870
511 891
511 942
511 965
512 534
512 575
512 576
512 623
512 627
512 645
512 649
512 656
512 660
512 709
512 711
512 714
512 794
513 548
513 552
513 602
513 706
513 711
513 772
513 810
513 880
513 921
514 550
514 563
514 566
514 571
514 636
514 648
514 672
514 681
514 697
514 725
514 739
514 740
514 808
514 854
514 887
514 915
514 937
514 976
514 989
515 516
515 527
515 590
515 659
515 688
515 724
515 902
515 927
515 967
516 546
516 665
516 699
516 723
516 816
516 916
516 948
517 534
517 558
517 561
517 586
517 625
517 695
517 737
517 769
517 822
517 835
517 846
517 870
517 900
517 910
517 937
517 941
517 981
518 528
518 634
518 637
518 666
518 704
518 753
518 778
518 780
518 843
518 908
518 945
519 532
519 562
519 573
519 649
519 698
519 715
519 730
519 738
519 765
519 776
519 778
519 788
519 808
519 823
519 839
519 883
519 971
519 990
520 523
520 527
520 547
520 572
520 619
520 690
520 715
520 726
520 772
520 794
520 926
520 940
520 942
520 992
521 661
521 698
521 784
521 842
521 886
521 905
521 906
521 964
522 553
522 570
522 571
522 642
522 674
522 687
522 698
522 711
522 715
522 716
522 717
522 760
522 804
522 834
522 838
522 892
522 899
522 914
522 922
522 949
522 983
523 548
523 554
523 634
523 743
523 774
523 887
523 927
523 981
523 987
524 558
524 592
524 597
524 623
524 712
524 728
524 732
524 733
524 765
524 766
524 789
524 792
524 794
524 814
524 818
524 825
524 841
524 844
524 874
524 879
524 908
524 976
525 531
525 546
525 732
525 889
525 917
525 995
526 585
526 614
526 675
526 733
526 742
526 928
526 971
527 544
527 550
527 584
527 586
527 594
527 618
527 667
527 737
527 741
527 781
527 842
527 843
527 844
527 863
527 885
527 957
527 973
528 533
528 539
528 562
528 599
528 600
528 647
528 649
528 685
528 720
528 730
528 762
528 776
528 784
528 808
528 837
528 841
528 861
528 908
528 916
528 932
528 939
528 946
528 947
528 963
528 965
528 990
529 552
529 554
529 556
529 585
529 596
529 601
529 615
529 718
529 722
529 742
529 751
529 754
529 781
529 817
529 853
530 642
530 670
530 715
530 919
530 938
530 946
530 963
530 978
530 984
530 991
531 609
531 615
531 643
531 681
531 718
531 733
531 855
531 862
531 937
531 952
531 957
531 958
531 961
531 986
532 562
532 662
532 751
532 770
532 841
532 882
532 909
532 911
532 930
532 958
532 962
532 987
533 538
533 680
533 687
533 688
533 741
533 751
533 785
533 789
533 842
533 850
533 965
534 586
534 622
534 635
534 636
534 676
534 908
534 940
535 554
535 599
535 642
535 658
535 779
535 800
535 849
535 924
535 934
535 954
535 973
535 974
535 982
535 993
536 617
536 666
536 675
536 677
536 787
536 814
536 837
536 854
536 862
536 867
536 948
536 970
536 973
536 980
536 987
536 989
537 639
537 668
537 675
537 777
537 809
537 834
537 870
537 965
538 655
538 680
538 717
538 800
538 863
538 971
539 552
539 639
539 657
539 721
539 772
539 834
539 837
539 862
539 942
540 552
540 562
540 581
540 584
540 585
540 604
540 629
540 637
540 674
540 675
540 680
540 737
540 742
540 747
540 751
540 798
540 801
540 826
540 827
540 844
540 855
540 981
541 569
541 573
541 603
541 624
541 633
541 641
541 655
541 679
541 721
541 733
541 754
541 814
541 835
541 836
541 837
541 878
541 879
541 903
541 935
541 952
541 984
542 670
542 671
542 676
542 720
542 807
542 829
542 910
542 911
542 964
542 982
543 631
543 648
543 743
543 795
543 837
543 927
543 945
543 964
543 999
544 552
544 571
544 606
544 611
544 633
544 657
544 660
544 662
544 683
544 702
544 721
544 754
544 773
544 780
544 787
544 814
544 855
544 872
544 880
544 881
544 909
544 913
544 914
544 935
544 980
544 994
545 624
545 663
545 756
545 823
545 835
545 837
545 952
545 954
545 981
545 988
546 564
546 635
546 655
546 699
546 711
546 727
546 734
546 751
546 804
546 898
546 908
546 919
546 931
546 937
546 972
547 665
547 675
547 710
547 728
547 734
547 737
547 780
547 781
547 817
547 840
547 889
548 560
548 598
548 638
548 648
548 709
548 738
548 779
548 780
548 810
548 819
548 834
548 870
548 925
548 965
548 977
549 551
549 556
549 559
549 564
549 574
549 605
549 610
549 656
549 736
549 745
549 752
549 759
549 828
549 877
549 881
549 883
549 929
549 942
549 949
549 951
549 955
549 961
550 552
550 562
550 567
550 582
550 590
550 616
550 667
550 709
550 721
550 751
550 784
550 806
550 904
550 947
550 951
550 965
551 577
551 594
551 622
551 768
551 771
551 821
551 923
551 926
551 939
551 952
551 963
552 580
552 583
552 597
552 622
552 633
552 670
552 717
552 754
552 872
552 887
552 888
552 924
552 925
552 936
553 795
553 856
553 860
553 875
553 957
554 600
554 632
554 757
554 776
554 777
554 835
554 887
554 888
554 989
555 559
555 615
555 635
555 642
555 661
555 681
555 709
555 729
555 743
555 761
555 764
555 787
555 809
555 821
555 824
555 846
555 865
555 912
555 919
555 931
555 965
555 994
556 577
556 598
556 786
556 900
556 942
556 963
556 986
557 586
557 587
557 601
557 603
557 620
557 726
557 836
557 865
557 906
557 907
557 914
557 920
558 559
558 618
558 619
558 737
558 747
558 843
558 921
558 968
559 622
559 625
559 656
559 688
559 699
559 703
559 722
559 733
559 754
559 784
559 793
559 844
559 903
559 906
559 914
559 943
559 981
559 995
560 578
560 604
560 605
560 626
560 686
560 731
560 744
560 763
560 804
560 811
560 872
560 903
560 919
560 943
560 963
560 973
561 609
561 689
561 791
561 802
561 920
561 931
561 976
561 999
562 571
562 607
562 630
562 631
562 633
562 664
562 697
562 751
562 792
562 802
562 827
562 837
562 863
562 880
562 888
562 908
562 911
562 913
562 926
562 936
562 947
562 994
563 574
563 575
563 671
563 696
563 709
563 742
563 750
563 756
563 770
563 779
563 861
563 875
563 881
563 892
563 898
563 906
563 937
563 953
563 954
563 968
563 975
563 996
563 997
563 999
564 576
564 613
564 627
564 730
564 844
564 885
564 887
564 922
564 986
565 609
565 629
565 646
565 667
565 689
565 691
565 806
565 902
565 940
565 951
565 986
566 626
566 628
566 639
566 645
566 654
566 686
566 692
566 697
566 769
566 798
566 841
566 870
566 882
566 898
566 931
566 942
566 978
567 665
567 712
567 737
567 772
568 593
568 657
568 680
568 682
568 738
568 780
568 865
568 878
568 951
569 593
569 618
569 619
569 642
569 664
569 665
569 673
569 687
569 712
569 720
569 789
569 795
569 806
569 816
569 842
569 897
569 937
569 940
569 942
569 974
569 978
569 996
569 999
570 583
570 594
570 613
570 632
570 730
570 735
570 736
570 757
570 862
570 921
570 940
570 947
570 952
570 971
571 625
571 641
571 656
571 674
571 741
571 753
571 887
571 902
571 956
571 979
572 759
572 776
572 781
572 810
572 835
572 861
572 889
572 922
572 949
572 995
573 639
573 757
573 784
573 824
573 946
573 971
573 979
574 577
574 579
574 593
574 613
574 619
574 622
574 640
574 655
574 701
574 756
574 763
574 795
574 821
574 835
574 865
574 867
574 874
574 917
574 930
574 946
574 949
574 994
575 621
575 654
575 728
575 756
575 811
575 828
575 886
575 918
575 946
575 965
575 976
575 994
576 601
576 638
576 649
576 669
576 690
576 714
576 738
576 756
576 803
576 816
576 828
576 869
576 899
576 902
576 948
576 999
577 614
577 651
577 688
577 717
577 719
577 796
577 813
577 840
577 843
577 887
577 937
577 958
577 960
577 985
578 638
578 649
578 673
578 675
578 722
578 835
578 855
579 618
579 681
579 726
579 737
579 755
579 765
579 871
579 936
579 952
579 960
579 971
579 996
580 618
580 728
580 748
580 782
580 807
580 835
580 843
580 908
580 912
580 965
581 645
581 686
581 696
581 702
581 780
581 886
581 942
581 972
582 603
582 623
582 643
582 691
582 705
582 747
582 762
582 848
582 911
582 914
582 923
582 935
582 937
582 965
583 606
583 613
583 764
583 795
583 841
583 878
583 912
584 737
584 743
584 826
584 881
584 954
584 967
584 968
584 971
584 975
585 622
585 627
585 641
585 680
585 712
585 721
585 722
585 772
585 783
585 801
585 813
585 843
585 854
585 895
585 919
585 922
585 950
585 960
585 962
585 972
586 679
586 714
586 749
586 765
586 777
586 780
586 786
586 926
586 942
586 962
586 976
587 726
587 779
587 887
587 905
587 934
587 951
588 659
588 692
588 706
588 787
588 798
588 814
588 894
588 949
588 960
589 660
589 696
589 725
589 735
589 990
590 621
590 687
590 706
590 733
590 807
590 819
590 831
590 880
590 916
590 927
590 952
590 958
590 970
591 603
591 657
591 721
591 749
591 778
591 784
591 812
591 816
591 870
591 947
591 982
592 635
592 674
592 706
592 777
592 791
592 838
592 845
592 851
593 595
593 608
593 643
593 655
593 673
593 678
593 695
593 696
593 698
593 701
593 757
593 759
593 802
593 841
593 866
593 893
593 926
593 933
593 946
593 953
593 958
593 969
593 982
593 990
593 992
594 667
594 709
594 751
594 807
594 822
594 850
595 796
595 816
595 872
595 947
596 657
596 675
596 726
596 779
596 780
596 791
596 800
596 808
596 849
596 886
596 895
596 929
596 973
597 612
597 637
597 690
597 702
597 774
597 878
598 723
598 738
598 823
598 826
598 840
598 879
598 955
599 698
599 774
599 789
599 829
599 843
599 890
599 918
599 965
599 994
600 605
600 617
600 726
600 762
600 851
600 894
600 911
600 938
600 957
600 967
601 627
601 628
601 640
601 684
601 714
601 742
601 743
601 778
601 814
601 884
601 885
601 914
601 930
601 947
601 970
602 610
602 619
602 714
602 728
602 799
602 808
602 823
602 874
602 949
602 955
602 976
603 615
603 618
603 635
603 677
603 680
603 691
603 697
603 737
603 743
603 804
603 833
603 861
603 888
603 938
603 940
603 941
603 957
604 637
604 730
604 835
604 845
604 870
604 879
605 628
605 640
605 660
605 675
605 712
605 717
605 718
605 773
605 811
605 846
605 854
606 622
606 631
606 668
606 682
606 776
606 794
606 799
606 832
606 880
606 947
606 981
607 618
607 659
607 674
607 759
607 794
607 802
607 873
607 916
607 922
608 614
608 634
608 665
608 709
608 753
608 878
608 886
608 984
608 988
608 997
609 613
609 624
609 626
609 703
609 721
609 751
609 774
609 796
609 846
609 856
609 907
609 911
609 924
610 709
610 778
610 856
610 917
610 946
611 629
611 657
611 711
611 729
611 760
611 808
611 845
611 971
612 648
612 667
612 717
612 737
612 796
612 811
612 812
612 836
612 841
612 912
612 957
612 990
613 620
613 678
613 699
613 785
613 837
613 847
613 848
613 880
613 885
613 910
613 922
613 938
613 939
613 952
613 986
613 987
613 988
614 655
614 659
614 669
614 700
614 744
614 874
614 908
615 721
615 754
615 765
615 769
615 784
615 788
615 789
615 795
615 804
615 821
615 883
615 965
615 968
615 978
615 980
616 664
616 753
616 878
616 948
616 957
617 628
617 640
617 650
617 722
617 726
617 785
617 804
617 921
617 934
617 935
617 968
617 986
617 989
618 678
618 691
618 721
618 784
618 795
618 812
618 817
618 829
618 905
618 941
619 638
619 717
619 746
619 866
619 921
619 959
620 648
620 655
620 658
620 663
620 674
620 678
620 728
620 794
620 863
620 969
621 646
621 686
621 715
621 752
621 817
621 936
621 938
622 734
622 744
622 801
622 844
622 901
622 927
622 971
623 710
623 730
623 734
623 754
623 789
623 794
623 814
623 871
623 931
623 932
623 964
623 986
624 679
624 709
624 823
624 865
624 914
624 929
624 976
625 700
625 763
625 793
625 835
625 855
625 955
625 986
626 654
626 658
626 678
626 685
626 725
626 765
626 808
626 869
626 881
626 893
626 898
626 903
626 906
626 935
626 950
626 968
626 976
626 999
627 633
627 651
627 741
627 790
627 866
627 907
627 948
628 663
628 841
628 851
628 863
628 865
628 898
628 939
628 965
628 996
629 668
629 709
629 711
629 746
629 765
629 766
629 831
629 854
629 887
629 898
629 986
630 655
630 742
630 836
630 909
630 930
630 931
631 776
631 808
631 836
631 843
631 908
631 963
631 967
632 638
632 648
632 737
632 750
632 791
632 806
632 809
632 826
632 833
632 843
632 849
632 883
632 920
632 1000
633 658
633 662
633 690
633 697
633 701
633 722
633 816
633 901
633 929
633 970
633 972
633 979
634 738
634 822
634 839
634 848
634 875
634 886
634 908
634 939
635 733
635 807
636 656
636 751
636 806
636 815
636 841
636 881
636 930
636 940
637 645
637 657
637 668
637 689
637 711
637 789
637 811
637 852
637 854
637 898
637 939
638 659
638 668
638 723
638 740
638 752
638 759
638 777
638 798
638 841
638 847
638 883
638 932
638 933
638 979
638 983
638 997
639 650
639 743
639 814
639 826
639 878
639 884
639 962
639 975
639 976
640 646
640 698
640 709
640 758
640 768
640 781
640 821
640 822
640 854
640 864
640 900
640 912
640 973
640 979
641 855
641 902
642 666
642 698
642 726
642 738
642 754
642 886
642 912
642 940
642 952
643 661
643 832
643 926
643 928
644 671
644 710
644 741
644 886
644 888
644 982
644 1000
645 748
645 829
645 855
645 856
645 881
645 898
645 952
645 960
645 963
645 966
645 976
646 870
646 920
647 651
647 746
647 759
647 784
647 849
648 651
648 667
648 703
648 716
648 722
648 771
648 825
648 912
648 920
648 922
648 960
648 977
649 652
649 655
649 705
649 722
649 860
649 920
649 965
649 978
650 669
650 726
650 795
651 730
651 735
651 759
651 764
651 776
651 810
651 870
651 910
651 917
651 934
651 942
652 674
652 694
652 695
652 881
652 896
652 907
652 976
653 655
653 670
653 856
653 923
653 938
654 738
654 794
654 808
654 826
654 862
654 896
654 960
654 976
654 987
655 676
655 685
655 688
655 712
655 734
655 771
655 774
655 808
655 815
655 874
655 880
655 885
655 971
655 975
655 986
656 692
656 693
656 700
656 704
656 757
656 776
656 829
656 856
656 900
656 909
656 971
657 682
657 688
657 708
657 719
657 726
657 759
657 763
657 798
657 810
657 815
657 833
657 836
657 838
657 873
657 874
657 876
657 895
657 902
657 936
657 947
657 960
657 987
657 995
658 701
658 760
658 769
658 787
658 788
658 800
658 901
658 906
658 912
658 916
658 964
658 982
659 678
659 691
659 692
659 771
659 908
659 934
659 973
659 976
660 663
660 673
660 710
660 731
660 779
660 804
660 885
660 952
660 980
661 675
661 676
661 734
661 814
661 839
661 843
661 866
661 882
661 973
662 695
662 708
662 729
662 737
662 739
662 761
662 782
662 801
662 804
662 816
662 840
662 843
662 868
662 876
662 883
662 885
662 909
662 921
662 931
662 954
663 672
663 889
663 927
663 942
663 966
663 969
664 670
664 679
664 756
664 766
664 806
664 836
664 841
664 851
664 870
664 979
665 888
665 912
665 934
665 942
665 986
666 667
666 757
666 852
666 986
667 672
667 706
667 733
667 771
667 845
667 862
667 920
667 937
668 681
668 698
668 703
668 710
668 771
668 870
668 950
669 753
669 784
669 793
669 821
670 677
670 791
670 843
670 944
670 991
671 800
671 838
671 892
671 957
672 757
672 795
672 851
672 911
672 915
672 942
672 960
672 983
672 988
673 689
673 766
673 853
673 892
673 995
674 784
674 789
674 795
674 825
674 831
674 847
674 905
674 954
674 969
674 990
675 713
675 804
675 821
675 835
675 894
675 900
675 936
675 943
675 984
676 683
676 691
676 771
676 774
676 812
676 835
676 852
676 868
676 881
677 718
677 806
677 881
677 892
677 937
677 942
677 954
677 956
678 703
678 733
678 758
678 763
678 775
678 786
678 812
678 829
678 872
678 912
678 933
678 955
678 960
678 971
678 974
679 730
679 760
679 863
679 864
679 927
679 959
679 963
680 726
680 886
681 718
681 747
681 805
681 848
682 703
682 738
682 761
682 795
682 889
682 908
682 923
682 958
682 976
683 751
683 784
683 854
683 884
683 959
684 750
684 751
684 791
684 852
684 908
685 701
685 721
685 751
685 782
685 849
685 857
685 886
685 952
686 757
686 786
686 794
686 893
686 979
686 995
687 690
687 741
687 790
687 814
687 848
687 938
688 750
688 772
688 864
688 883
688 897
688 898
688 927
688 997
688 998
689 699
689 701
689 720
689 800
689 844
689 928
689 999
690 700
690 731
690 743
690 754
690 860
690 892
690 983
691 721
691 722
691 756
691 782
691 874
691 904
691 957
692 699
692 732
692 816
692 828
692 835
692 845
692 934
692 958
692 960
693 728
693 748
693 761
693 829
693 892
693 934
693 945
694 717
694 898
694 993
695 717
695 754
695 771
695 874
695 946
695 958
696 819
696 836
696 876
696 985
697 704
697 728
697 824
697 880
697 955
697 967
697 976
698 735
698 737
698 739
698 857
698 883
698 888
698 954
699 717
699 733
699 739
699 806
699 810
699 852
699 860
699 895
699 945
699 953
699 992
700 745
700 750
700 770
700 824
701 913
702 705
702 759
702 779
702 782
702 793
702 795
702 815
702 825
702 834
702 835
702 883
702 907
702 952
702 959
702 960
702 977
702 984
703 952
704 777
704 825
704 850
704 880
704 955
705 714
705 880
705 936
705 957
706 771
706 910
706 918
706 920
706 922
706 952
706 993
707 776
707 847
707 853
707 920
707 931
707 942
707 950
708 720
708 843
708 889
709 723
709 724
709 728
709 769
709 775
709 789
709 861
709 905
709 920
709 960
709 973
709 979
709 982
710 741
710 745
710 789
710 810
710 820
710 843
710 899
710 960
710 967
711 807
711 816
711 817
711 821
712 727
712 744
712 759
712 760
712 789
712 813
712 828
712 894
712 920
712 931
712 954
712 982
713 906
713 932
714 767
714 783
714 851
714 874
714 932
714 933
714 952
714 984
714 991
715 911
715 964
716 874
716 943
716 973
716 977
716 989
717 742
717 763
717 784
717 793
717 821
717 875
717 880
717 887
717 888
717 943
717 944
717 965
717 991
717 999
718 731
718 744
718 832
718 854
718 885
718 886
718 992
719 741
719 811
719 862
719 883
719 936
719 958
719 968
719 971
719 986
720 781
720 812
720 849
720 967
720 991
721 741
721 751
721 795
721 806
721 868
721 911
721 919
721 935
721 965
721 990
722 814
722 820
722 869
722 890
722 957
722 964
722 975
723 795
723 811
723 854
723 910
723 958
724 743
724 760
724 761
724 769
724 772
724 779
724 836
724 839
724 841
724 851
724 898
724 901
724 970
724 984
725 743
725 782
725 808
725 815
725 885
725 898
725 907
725 930
725 950
725 959
725 977
725 997
726 771
726 793
726 837
726 855
726 862
726 965
726 993
726 998
727 874
727 884
728 811
728 886
728 894
728 900
728 931
728 986
729 811
729 846
729 971
730 734
730 788
730 831
730 870
731 776
731 929
731 993
732 885
733 780
733 854
733 891
733 933
733 994
734 814
734 835
734 880
734 905
735 870
735 874
735 918
735 932
735 942
735 945
735 978
736 802
736 818
736 846
736 912
737 751
737 807
737 822
737 830
737 855
737 871
737 884
737 888
737 933
737 944
737 993
738 763
738 840
738 877
738 898
738 945
738 951
738 959
739 749
739 836
739 856
739 861
739 916
739 956
740 763
740 768
740 795
740 800
740 880
740 962
740 976
741 744
741 776
741 780
741 796
741 803
741 820
741 829
741 865
741 874
741 880
741 893
741 899
741 908
741 917
741 926
742 907
742 916
742 960
742 970
743 776
743 780
743 851
743 856
743 894
743 902
743 908
743 929
743 976
743 992
744 789
744 816
744 820
744 826
744 863
744 865
744 886
744 891
744 903
744 976
745 836
745 863
745 881
746 852
746 907
746 960
747 789
747 811
747 843
747 886
747 889
747 900
747 920
747 947
747 956
747 959
748 757
748 924
748 979
748 998
749 776
749 826
749 875
749 949
749 958
750 776
750 792
750 906
750 991
751 753
751 770
751 830
751 831
751 833
751 855
751 897
751 903
751 909
751 934
751 947
751 958
751 982
751 993
752 792
752 793
752 795
752 945
753 789
753 840
753 894
753 908
753 918
753 947
753 964
753 965
754 790
754 836
754 897
754 989
755 799
755 810
755 818
755 847
755 873
755 907
755 924
755 947
756 769
756 825
756 886
756 897
756 940
756 983
757 769
757 790
757 881
757 908
757 995
757 997
758 844
759 776
759 778
759 784
759 872
759 931
760 795
760 822
760 843
760 881
760 923
761 805
761 881
762 784
762 802
762 823
762 878
762 897
762 966
762 971
763 883
763 938
763 957
764 784
764 844
765 854
765 985
766 842
766 865
766 893
766 915
767 806
767 908
767 947
767 996
768 771
768 829
768 865
768 868
768 869
768 893
768 912
768 927
768 998
769 878
769 883
769 924
769 986
770 776
770 786
770 853
770 911
770 913
770 919
770 940
770 955
770 963
770 965
771 792
771 795
771 796
771 923
771 973
772 823
772 887
772 915
772 944
773 872
773 887
773 897
773 949
775 858
775 910
775 912
775 951
775 963
776 821
776 918
776 978
777 882
777 895
777 906
777 927
777 933
777 937
777 960
778 878
778 984
778 985
778 990
779 783
779 816
779 851
779 866
779 869
779 875
779 969
779 984
779 988
780 793
780 836
780 880
780 887
780 888
780 907
780 920
780 959
780 970
780 984
780 994
781 805
781 813
781 843
781 878
781 982
783 809
783 885
783 920
783 926
783 959
783 960
783 963
783 971
783 973
784 785
784 803
784 841
784 844
784 865
784 903
784 930
784 943
784 967
784 985
784 990
785 907
785 999
786 835
786 892
786 961
787 822
787 842
787 908
787 951
788 790
788 808
788 813
788 912
788 923
788 934
788 965
789 806
789 824
789 873
789 928
789 952
789 957
789 964
790 814
790 833
790 878
790 929
790 932
790 949
790 982
791 814
791 968
792 815
792 841
792 873
792 926
792 963
792 964
792 970
793 794
793 823
793 837
793 852
793 926
793 942
793 992
794 854
794 892
794 910
794 919
794 923
794 967
794 988
795 904
795 910
795 933
795 964
796 827
796 838
796 901
796 906
796 915
796 946
796 949
796 971
796 977
796 981
797 799
797 879
797 986
798 800
798 957
798 959
799 871
799 895
799 956
799 957
799 979
800 821
800 835
800 865
800 884
800 888
800 905
800 916
800 954
800 986
800 990
801 802
801 852
801 939
801 963
801 992
801 996
802 930
803 854
803 868
803 877
803 960
804 892
804 897
804 905
804 979
805 817
805 824
805 879
805 905
805 961
806 851
806 913
806 935
806 942
806 965
806 978
807 836
807 871
807 877
808 811
808 813
808 817
808 878
808 885
808 892
808 898
808 908
808 955
808 980
808 985
809 865
809 917
809 957
809 958
809 967
809 1000
810 834
810 995
811 909
812 835
812 854
812 902
812 940
812 952
813 825
813 855
813 912
813 953
814 942
814 997
815 849
815 912
815 920
816 880
816 989
817 876
817 887
817 965
817 970
817 992
818 835
818 905
818 916
818 945
818 968
818 986
819 854
819 860
819 872
819 929
819 954
819 965
819 982
820 898
820 908
820 916
820 957
821 836
821 860
821 929
821 935
821 940
821 963
821 984
822 878
822 883
822 951
822 959
822 973
823 842
823 898
823 936
823 964
823 976
823 989
824 843
824 898
824 970
824 986
824 989
825 957
825 968
826 898
826 934
826 999
827 872
827 919
827 952
827 973
828 904
828 984
829 942
829 950
829 954
829 971
830 905
830 983
831 850
831 902
831 927
831 946
831 961
832 835
832 846
833 845
834 853
835 837
835 871
835 874
835 938
835 949
835 954
835 957
835 986
835 992
836 880
836 883
836 936
836 957
836 969
837 854
837 874
837 911
837 976
838 952
838 958
839 848
839 912
839 916
839 995
840 842
840 921
840 939
840 986
841 876
841 898
841 918
841 953
841 970
841 986
842 953
842 999
843 861
843 877
843 882
843 907
843 982
843 984
843 993
844 914
844 932
844 943
845 859
845 874
845 900
845 942
845 952
846 904
846 959
846 973
848 849
848 910
848 961
848 986
849 930
849 934
849 956
850 881
850 925
851 908
852 973
853 873
853 946
853 960
853 973
854 883
854 896
854 901
854 912
854 940
854 951
854 961
854 968
854 998
855 882
855 931
855 986
856 886
856 905
856 916
856 935
856 960
856 963
856 966
856 981
856 990
856 998
857 897
857 900
857 957
857 989
858 859
858 952
858 967
859 912
859 930
859 962
860 883
860 916
860 947
860 958
860 974
860 976
861 905
861 949
861 954
861 970
862 931
863 938
863 949
864 920
864 933
865 874
865 932
865 957
866 943
866 970
866 998
866 999
867 870
867 964
868 920
868 929
869 879
869 886
869 899
869 906
869 948
870 887
870 891
870 898
870 929
870 974
870 979
872 880
872 921
872 924
872 929
872 932
872 944
872 959
872 964
872 990
872 992
873 960
873 988
874 922
874 983
874 990
875 919
875 952
876 883
876 964
878 881
878 900
878 908
878 962
878 996
878 999
880 887
880 895
880 929
880 932
880 947
880 953
880 954
880 956
880 987
881 885
881 892
881 929
881 932
881 952
882 899
882 943
882 951
882 952
882 974
882 984
882 989
883 897
883 901
883 904
883 935
883 940
884 895
884 934
885 887
885 931
885 951
885 987
886 888
886 891
886 899
886 912
886 929
886 930
886 965
886 967
886 968
886 997
887 907
887 940
887 942
888 906
888 923
889 934
890 981
890 991
891 902
891 967
891 989
892 903
892 937
892 955
893 912
893 914
894 912
894 915
895 911
895 926
895 978
896 897
896 934
896 983
897 911
897 926
897 935
897 968
898 977
899 920
899 956
900 908
900 924
901 951
901 960
901 971
901 977
902 906
902 909
902 917
902 927
903 961
904 963
904 999
905 977
906 940
906 942
906 975
906 980
906 983
906 988
907 930
907 933
907 989
908 914
908 916
908 935
908 965
908 990
908 993
909 914
909 916
909 939
909 943
909 963
910 927
911 922
911 965
911 998
912 946
912 967
912 972
912 991
913 947
913 963
913 971
914 939
915 960
915 975
916 963
916 988
917 924
918 937
918 973
920 925
920 931
920 948
920 995
921 942
921 962
921 964
923 951
923 958
925 970
925 976
926 929
926 947
926 955
926 991
927 970
927 986
929 943
929 977
929 996
930 951
930 957
930 960
930 968
930 989
931 947
931 953
931 997
932 936
934 937
934 942
934 994
934 997
935 939
935 947
935 964
935 965
937 954
937 965
937 976
939 953
939 965
939 988
939 999
940 951
942 944
942 957
944 946
944 952
945 978
946 965
946 973
947 958
947 961
947 963
947 965
949 966
950 955
951 958
951 961
951 967
951 970
951 973
951 985
951 1000
952 953
952 957
952 980
953 998
954 965
954 967
954 978
955 965
955 973
957 974
957 985
957 989
958 997
960 963
960 972
960 976
960 989
961 980
961 988
962 994
962 996
963 965
963 974
963 990
964 970
964 976
964 994
965 969
965 978
967 973
968 975
968 976
970 983
970 984
970 988
971 980
971 985
973 989
975 984
975 999
978 985
979 980
979 991
983 999
992 997
993 1000
