# LFR benchmark graph: regime=B mu=0.7 realization=3
# undirected, unweighted; 1-based node ids; each edge listed once.
1 109
1 135
1 138
1 139
1 197
1 226
1 279
1 436
1 464
1 490
1 501
1 502
1 505
1 530
1 733
1 738
1 795
1 847
1 859
1 993
2 8
2 28
2 46
2 135
2 143
2 144
2 184
2 186
2 238
2 262
2 349
2 361
2 379
2 398
2 448
2 451
2 452
2 462
2 505
2 516
2 531
2 545
2 550
2 659
2 666
2 677
2 783
2 805
2 882
2 911
2 960
2 990
3 11
3 50
3 62
3 231
3 256
3 353
3 386
3 436
3 581
3 679
3 727
3 773
3 828
3 881
4 11
4 16
4 17
4 21
4 78
4 103
4 213
4 229
4 245
4 246
4 280
4 321
4 327
4 336
4 352
4 359
4 373
4 405
4 474
4 490
4 497
4 508
4 516
4 570
4 595
4 617
4 622
4 679
4 683
4 696
4 717
4 775
4 779
4 831
4 842
4 843
4 860
4 887
4 891
4 932
4 938
4 939
4 984
5 8
5 65
5 97
5 135
5 137
5 139
5 143
5 158
5 171
5 236
5 263
5 281
5 291
5 313
5 364
5 385
5 391
5 407
5 436
5 458
5 554
5 627
5 661
5 663
5 683
5 696
5 722
5 740
5 749
5 751
5 766
5 797
5 801
5 845
5 916
5 921
5 929
5 944
5 953
5 962
5 972
6 25
6 40
6 172
6 196
6 204
6 205
6 206
6 377
6 380
6 382
6 420
6 554
6 657
6 693
6 708
6 733
6 760
6 818
6 820
6 829
6 853
6 855
6 968
6 978
7 32
7 40
7 92
7 120
7 143
7 207
7 218
7 222
7 244
7 249
7 343
7 352
7 361
7 369
7 378
7 390
7 417
7 421
7 431
7 442
7 483
7 488
7 489
7 510
7 534
7 556
7 560
7 570
7 586
7 592
7 625
7 636
7 638
7 639
7 655
7 658
7 711
7 719
7 722
7 725
7 801
7 811
7 824
7 838
7 862
7 865
7 870
7 874
7 875
7 879
8 16
8 21
8 83
8 102
8 107
8 111
8 164
8 184
8 192
8 195
8 236
8 255
8 277
8 298
8 310
8 334
8 340
8 389
8 393
8 407
8 409
8 418
8 447
8 505
8 524
8 608
8 668
8 698
8 699
8 710
8 718
8 748
8 770
8 774
8 780
8 825
8 839
8 840
8 857
8 862
8 906
8 927
8 946
8 988
9 78
9 135
9 249
9 274
9 388
9 527
9 693
9 737
9 748
9 755
9 766
9 849
9 897
9 921
9 935
9 990
10 92
10 135
10 349
10 417
10 425
10 488
10 573
10 583
10 691
10 869
10 942
10 990
11 65
11 69
11 70
11 84
11 97
11 98
11 128
11 153
11 220
11 292
11 310
11 329
11 334
11 351
11 377
11 394
11 412
11 420
11 432
11 434
11 439
11 480
11 501
11 516
11 586
11 604
11 665
11 697
11 705
11 774
11 804
11 857
11 940
12 50
12 95
12 100
12 116
12 125
12 138
12 140
12 164
12 174
12 197
12 211
12 332
12 346
12 368
12 488
12 502
12 509
12 531
12 600
12 658
12 662
12 679
12 680
12 700
12 710
12 749
12 762
12 797
12 813
12 820
12 824
12 827
12 872
12 941
12 974
13 69
13 163
13 176
13 180
13 219
13 230
13 274
13 345
13 416
13 423
13 470
13 500
13 571
13 612
13 795
13 830
14 197
14 338
14 425
14 433
14 438
14 497
14 534
14 610
14 687
14 729
14 756
14 764
14 783
14 890
14 901
14 921
14 990
15 28
15 53
15 63
15 70
15 89
15 92
15 106
15 127
15 181
15 206
15 211
15 248
15 273
15 322
15 341
15 369
15 385
15 444
15 451
15 474
15 501
15 526
15 531
15 561
15 579
15 621
15 628
15 664
15 666
15 709
15 721
15 724
15 804
15 845
15 870
15 883
15 890
15 929
15 930
15 968
15 994
16 37
16 58
16 69
16 237
16 241
16 414
16 443
16 469
16 583
16 609
16 614
16 674
16 688
16 715
16 823
16 881
16 896
16 940
16 993
17 132
17 146
17 205
17 234
17 321
17 338
17 449
17 541
17 559
17 719
17 729
17 787
17 796
17 863
17 872
17 884
17 965
17 999
18 49
18 68
18 77
18 87
18 97
18 110
18 149
18 150
18 151
18 207
18 271
18 301
18 345
18 348
18 411
18 417
18 456
18 510
18 544
18 645
18 686
18 692
18 728
18 742
18 783
18 880
18 893
18 981
19 63
19 98
19 162
19 214
19 228
19 249
19 254
19 283
19 291
19 314
19 317
19 340
19 346
19 353
19 381
19 385
19 394
19 427
19 457
19 490
19 491
19 510
19 551
19 554
19 605
19 613
19 639
19 715
19 716
19 717
19 754
19 767
19 783
19 845
19 846
19 851
19 866
19 872
19 921
19 923
19 938
19 988
20 30
20 62
20 109
20 114
20 137
20 168
20 179
20 197
20 275
20 288
20 297
20 306
20 314
20 327
20 433
20 443
20 452
20 514
20 627
20 633
20 639
20 657
20 730
20 759
20 768
20 770
20 857
20 896
20 913
20 919
20 928
20 935
20 944
20 952
20 997
21 22
21 23
21 115
21 119
21 138
21 177
21 220
21 242
21 280
21 290
21 309
21 314
21 413
21 439
21 440
21 441
21 474
21 492
21 502
21 535
21 566
21 596
21 601
21 631
21 638
21 645
21 647
21 653
21 676
21 680
21 707
21 784
21 795
21 805
21 968
21 982
21 997
22 39
22 52
22 76
22 87
22 104
22 136
22 156
22 180
22 199
22 206
22 246
22 318
22 361
22 398
22 438
22 479
22 496
22 497
22 565
22 572
22 595
22 667
22 668
22 702
22 746
22 847
22 898
22 921
22 986
23 78
23 140
23 151
23 229
23 239
23 344
23 356
23 375
23 419
23 430
23 443
23 452
23 512
23 516
23 538
23 545
23 612
23 621
23 712
23 754
23 797
23 799
23 800
23 807
23 819
23 861
23 870
23 882
24 134
24 186
24 219
24 253
24 317
24 429
24 441
24 490
24 543
24 567
24 613
24 645
24 716
24 725
24 777
24 879
24 967
25 41
25 43
25 87
25 93
25 106
25 151
25 176
25 180
25 185
25 203
25 218
25 248
25 249
25 263
25 284
25 305
25 308
25 340
25 353
25 367
25 405
25 432
25 435
25 456
25 474
25 516
25 520
25 533
25 544
25 548
25 550
25 594
25 603
25 627
25 712
25 720
25 721
25 740
25 747
25 767
25 773
25 792
25 793
25 797
25 819
25 835
25 889
25 927
25 928
25 934
25 968
26 69
26 123
26 202
26 207
26 248
26 539
26 598
26 602
26 628
26 633
26 643
26 778
26 847
26 968
27 41
27 50
27 113
27 140
27 164
27 192
27 338
27 440
27 476
27 483
27 609
27 629
27 700
27 701
27 805
27 820
27 828
27 967
28 83
28 86
28 94
28 124
28 155
28 178
28 237
28 307
28 350
28 408
28 460
28 487
28 537
28 547
28 647
28 676
28 692
28 735
28 745
28 963
29 75
29 95
29 140
29 177
29 189
29 311
29 328
29 332
29 346
29 379
29 384
29 389
29 394
29 407
29 434
29 506
29 516
29 590
29 604
29 749
29 977
30 36
30 139
30 257
30 280
30 283
30 313
30 381
30 484
30 568
30 602
30 629
30 702
30 728
30 779
30 804
30 806
30 816
30 829
30 847
30 881
31 36
31 47
31 173
31 249
31 266
31 332
31 347
31 440
31 493
31 532
31 557
31 601
31 677
31 772
31 850
31 998
32 129
32 233
32 250
32 318
32 428
32 442
32 483
32 523
32 571
32 614
32 624
32 652
32 677
32 712
32 717
32 741
32 835
32 838
32 873
32 934
32 997
33 34
33 212
33 215
33 237
33 259
33 265
33 322
33 394
33 403
33 417
33 482
33 526
33 546
33 577
33 660
33 717
33 722
33 724
33 782
33 803
33 864
33 865
33 921
33 934
33 938
34 53
34 89
34 118
34 128
34 144
34 155
34 175
34 191
34 199
34 201
34 208
34 210
34 212
34 235
34 244
34 306
34 313
34 316
34 401
34 402
34 408
34 456
34 470
34 514
34 544
34 549
34 556
34 559
34 572
34 599
34 628
34 631
34 661
34 677
34 708
34 718
34 726
34 737
34 770
34 771
34 796
34 808
34 825
34 826
34 827
34 841
34 872
34 898
34 915
34 946
34 955
34 962
34 967
34 977
35 49
35 55
35 76
35 109
35 169
35 237
35 251
35 277
35 346
35 360
35 378
35 417
35 425
35 431
35 455
35 510
35 527
35 542
35 567
35 617
35 645
35 660
35 670
35 681
35 756
35 758
35 760
35 783
35 835
35 847
35 866
35 891
35 979
35 987
36 49
36 63
36 69
36 103
36 154
36 168
36 180
36 183
36 218
36 249
36 279
36 336
36 364
36 377
36 389
36 410
36 419
36 455
36 513
36 530
36 531
36 537
36 558
36 561
36 572
36 575
36 592
36 633
36 655
36 714
36 742
36 796
36 860
36 873
36 885
36 896
36 911
36 920
36 927
36 954
36 957
37 40
37 82
37 89
37 102
37 105
37 138
37 204
37 249
37 350
37 361
37 398
37 421
37 433
37 457
37 524
37 532
37 609
37 626
37 664
37 738
37 778
37 840
37 857
37 869
37 912
37 930
37 982
38 206
38 237
38 374
38 405
38 444
38 488
38 498
38 501
38 520
38 541
38 565
38 577
38 660
38 666
38 687
38 700
38 732
38 779
38 803
38 818
38 905
39 51
39 54
39 61
39 73
39 91
39 121
39 131
39 141
39 218
39 308
39 390
39 419
39 422
39 425
39 465
39 498
39 522
39 535
39 543
39 561
39 564
39 601
39 610
39 653
39 675
39 689
39 728
39 792
39 803
39 805
39 813
39 857
39 864
39 912
39 915
39 919
39 970
40 153
40 156
40 157
40 158
40 193
40 213
40 230
40 292
40 343
40 393
40 441
40 485
40 538
40 585
40 700
40 705
40 717
40 789
40 793
40 847
40 894
40 940
40 1000
41 52
41 60
41 167
41 168
41 188
41 312
41 375
41 462
41 486
41 516
41 604
41 691
41 736
41 784
41 787
41 845
41 859
41 873
41 933
41 947
41 948
41 967
42 247
42 303
42 314
42 422
42 490
42 494
42 518
42 577
42 616
42 737
42 780
42 791
42 847
42 848
42 923
42 971
43 62
43 148
43 239
43 255
43 544
43 549
43 571
43 636
43 752
43 811
43 862
43 979
44 50
44 54
44 92
44 115
44 252
44 253
44 391
44 425
44 501
44 533
44 571
44 628
44 652
44 734
44 748
44 757
44 761
44 905
44 943
44 964
44 998
45 47
45 94
45 216
45 253
45 575
45 580
45 750
45 759
45 822
45 930
45 969
46 71
46 88
46 138
46 154
46 156
46 235
46 252
46 273
46 311
46 338
46 353
46 361
46 368
46 414
46 424
46 433
46 455
46 471
46 484
46 502
46 503
46 504
46 513
46 518
46 526
46 559
46 568
46 572
46 577
46 600
46 628
46 694
46 734
46 776
46 805
46 822
46 826
46 837
46 849
46 864
46 923
46 945
46 966
46 991
46 996
47 89
47 93
47 195
47 351
47 427
47 499
47 520
47 524
47 578
47 588
47 626
47 645
47 744
47 870
47 889
47 952
47 966
47 986
48 77
48 104
48 147
48 151
48 159
48 172
48 207
48 227
48 234
48 308
48 574
48 578
48 588
48 598
48 632
48 653
48 678
48 765
48 781
48 783
48 799
48 873
48 880
48 892
48 910
48 939
49 72
49 74
49 84
49 88
49 101
49 124
49 130
49 135
49 177
49 185
49 186
49 188
49 222
49 237
49 240
49 243
49 256
49 268
49 295
49 297
49 299
49 303
49 314
49 347
49 357
49 458
49 469
49 473
49 492
49 522
49 583
49 622
49 663
49 710
49 731
49 733
49 740
49 741
49 749
49 788
49 823
49 867
49 876
49 888
49 911
49 975
49 990
50 57
50 69
50 80
50 82
50 92
50 116
50 136
50 138
50 146
50 168
50 175
50 183
50 184
50 187
50 228
50 246
50 325
50 349
50 350
50 361
50 362
50 397
50 401
50 492
50 506
50 537
50 550
50 566
50 582
50 583
50 584
50 601
50 612
50 623
50 678
50 720
50 738
50 757
50 834
50 846
50 850
50 878
50 888
50 929
50 932
50 958
50 972
51 126
51 131
51 181
51 219
51 344
51 351
51 420
51 495
51 633
51 733
51 827
51 949
51 953
52 70
52 71
52 79
52 80
52 90
52 115
52 123
52 130
52 131
52 247
52 261
52 270
52 273
52 337
52 338
52 340
52 344
52 370
52 374
52 382
52 384
52 433
52 443
52 466
52 479
52 519
52 570
52 583
52 587
52 590
52 610
52 629
52 634
52 644
52 664
52 684
52 714
52 717
52 735
52 771
52 891
52 895
52 942
52 960
52 992
53 69
53 163
53 187
53 277
53 293
53 307
53 435
53 449
53 505
53 522
53 527
53 589
53 723
53 730
53 732
53 735
53 773
53 824
53 851
53 886
53 905
53 930
53 953
54 130
54 160
54 205
54 249
54 253
54 290
54 291
54 377
54 383
54 436
54 516
54 531
54 618
54 661
54 680
54 742
54 791
54 797
54 805
54 844
54 860
54 983
55 58
55 141
55 160
55 165
55 198
55 209
55 256
55 261
55 264
55 278
55 300
55 319
55 354
55 370
55 405
55 415
55 435
55 441
55 487
55 501
55 526
55 546
55 569
55 601
55 628
55 800
55 803
55 821
55 877
55 915
55 961
55 977
55 993
55 994
56 197
56 261
56 307
56 403
56 437
56 490
56 601
56 636
56 645
56 681
56 688
56 692
56 758
56 791
56 792
56 827
56 840
56 841
56 856
56 859
56 865
56 873
56 882
56 884
56 923
56 925
56 944
56 945
56 967
57 187
57 274
57 340
57 414
57 487
57 553
57 717
57 747
57 837
57 842
57 844
57 992
58 338
58 390
58 432
58 480
58 623
58 636
58 665
58 692
58 936
58 989
59 82
59 212
59 257
59 274
59 318
59 379
59 391
59 397
59 467
59 514
59 532
59 680
59 707
59 769
59 866
59 932
60 95
60 203
60 270
60 310
60 414
60 488
60 552
60 594
60 623
60 640
60 681
60 717
60 756
60 928
61 142
61 244
61 330
61 350
61 382
61 413
61 425
61 532
61 566
61 577
61 587
61 639
61 645
61 659
61 661
61 704
61 716
61 726
61 727
61 766
61 811
61 845
61 933
61 947
61 956
61 981
62 63
62 72
62 144
62 151
62 167
62 241
62 243
62 322
62 323
62 386
62 403
62 551
62 560
62 574
62 589
62 609
62 627
62 629
62 666
62 670
62 680
62 717
62 730
62 756
62 779
62 877
62 879
62 891
62 905
62 984
63 69
63 78
63 87
63 89
63 96
63 146
63 173
63 181
63 200
63 229
63 285
63 310
63 323
63 328
63 410
63 434
63 485
63 628
63 648
63 654
63 842
63 992
63 993
64 66
64 202
64 228
64 236
64 283
64 285
64 353
64 562
64 619
64 693
64 721
64 742
64 751
64 949
64 960
65 307
65 421
65 556
65 660
65 715
65 770
65 772
65 825
65 865
65 896
65 905
65 929
65 981
66 86
66 133
66 232
66 238
66 244
66 333
66 368
66 452
66 465
66 648
66 720
66 731
66 829
66 835
66 915
66 978
67 173
67 181
67 196
67 216
67 224
67 270
67 306
67 323
67 363
67 369
67 505
67 521
67 562
67 647
67 682
67 691
67 735
67 766
67 769
67 780
67 861
67 868
67 892
67 911
67 951
68 138
68 166
68 213
68 216
68 270
68 307
68 361
68 381
68 384
68 420
68 446
68 447
68 456
68 459
68 461
68 465
68 535
68 600
68 610
68 648
68 777
68 800
68 830
68 881
68 902
68 919
69 74
69 77
69 131
69 136
69 143
69 146
69 156
69 197
69 200
69 229
69 235
69 248
69 271
69 306
69 327
69 332
69 357
69 369
69 396
69 399
69 407
69 415
69 462
69 463
69 482
69 544
69 550
69 555
69 592
69 615
69 625
69 648
69 656
69 729
69 747
69 827
69 838
69 853
69 860
69 881
69 893
69 903
69 911
69 983
69 993
70 104
70 139
70 143
70 204
70 214
70 229
70 256
70 262
70 300
70 301
70 351
70 362
70 407
70 424
70 436
70 472
70 499
70 545
70 547
70 550
70 571
70 590
70 602
70 604
70 633
70 646
70 682
70 689
70 705
70 727
70 747
70 757
70 784
70 824
70 878
70 887
70 893
70 921
70 927
70 952
70 957
70 984
70 997
71 102
71 233
71 246
71 285
71 345
71 375
71 492
71 517
71 571
71 648
71 678
71 690
71 696
71 735
71 759
71 762
71 775
71 804
71 811
71 868
71 900
71 934
72 100
72 126
72 132
72 142
72 158
72 173
72 175
72 178
72 190
72 195
72 201
72 217
72 245
72 256
72 314
72 355
72 383
72 385
72 390
72 415
72 505
72 535
72 554
72 556
72 581
72 584
72 638
72 684
72 714
72 756
72 757
72 774
72 799
72 802
72 837
72 846
72 851
72 862
72 890
72 914
72 928
72 934
72 972
73 121
73 150
73 186
73 204
73 232
73 306
73 484
73 490
73 502
73 511
73 601
73 610
73 628
73 702
73 757
73 880
73 935
74 161
74 242
74 269
74 328
74 381
74 395
74 455
74 470
74 521
74 550
74 601
74 659
74 674
74 740
74 748
74 825
74 845
74 924
74 946
75 140
75 183
75 307
75 388
75 421
75 449
75 517
75 546
75 573
75 625
75 843
75 968
75 981
76 145
76 152
76 271
76 304
76 342
76 398
76 407
76 598
76 609
76 655
76 714
76 742
76 841
76 883
76 924
76 927
76 971
76 1000
77 136
77 139
77 180
77 216
77 258
77 259
77 289
77 310
77 335
77 398
77 556
77 581
77 617
77 618
77 639
77 718
77 724
77 751
77 779
77 781
77 855
77 863
77 886
77 952
78 199
78 264
78 375
78 383
78 384
78 440
78 514
78 531
78 574
78 720
78 725
78 755
79 193
79 216
79 224
79 248
79 256
79 282
79 304
79 310
79 342
79 348
79 349
79 353
79 375
79 384
79 405
79 421
79 431
79 452
79 498
79 505
79 531
79 556
79 574
79 591
79 615
79 617
79 632
79 661
79 690
79 716
79 767
79 856
79 871
79 990
80 114
80 120
80 155
80 177
80 185
80 202
80 240
80 290
80 381
80 425
80 552
80 553
80 578
80 622
80 644
80 736
80 745
80 878
81 111
81 143
81 204
81 214
81 244
81 308
81 322
81 372
81 415
81 463
81 563
81 620
81 758
81 791
81 833
81 935
81 962
82 132
82 142
82 172
82 269
82 291
82 463
82 535
82 620
82 738
82 753
82 768
82 803
82 824
82 841
82 851
82 861
82 989
83 96
83 108
83 110
83 141
83 187
83 216
83 221
83 267
83 313
83 319
83 361
83 612
83 642
83 711
83 759
83 775
83 810
83 887
83 929
83 933
83 957
83 980
83 981
84 113
84 126
84 144
84 228
84 318
84 346
84 473
84 474
84 493
84 556
84 563
84 571
84 580
84 592
84 614
84 631
84 644
84 656
84 704
84 732
84 745
84 775
84 779
84 787
84 790
84 796
84 819
84 845
84 850
84 874
84 914
84 933
84 963
84 1000
85 119
85 179
85 213
85 292
85 319
85 383
85 440
85 599
85 636
85 650
85 755
85 836
85 920
86 87
86 102
86 127
86 171
86 220
86 231
86 275
86 276
86 361
86 369
86 385
86 409
86 456
86 482
86 484
86 527
86 557
86 560
86 563
86 581
86 686
86 734
86 739
86 741
86 770
86 829
86 834
86 845
86 870
86 905
86 910
86 923
86 945
86 972
86 992
87 99
87 113
87 116
87 130
87 139
87 209
87 310
87 357
87 360
87 403
87 426
87 461
87 506
87 517
87 628
87 650
87 657
87 659
87 681
87 718
87 755
87 787
87 815
87 828
87 858
87 859
87 904
87 919
87 952
87 999
88 98
88 101
88 174
88 244
88 273
88 353
88 370
88 420
88 526
88 587
88 602
88 634
88 719
88 726
88 803
88 818
88 920
89 147
89 179
89 192
89 222
89 241
89 247
89 375
89 440
89 447
89 467
89 571
89 630
89 631
89 661
89 663
89 719
89 770
89 790
89 801
89 815
89 840
89 872
89 888
89 934
89 935
89 954
89 969
90 123
90 204
90 243
90 255
90 274
90 282
90 351
90 361
90 424
90 434
90 477
90 624
90 626
90 630
90 648
90 650
90 752
90 757
90 761
90 805
90 819
90 830
90 858
90 894
90 924
90 994
91 119
91 137
91 139
91 172
91 215
91 298
91 306
91 323
91 333
91 340
91 448
91 471
91 472
91 578
91 608
91 627
91 639
91 647
91 650
91 758
91 906
91 930
91 939
92 119
92 129
92 151
92 188
92 192
92 194
92 256
92 348
92 377
92 387
92 395
92 466
92 470
92 491
92 519
92 525
92 541
92 615
92 639
92 744
92 761
92 781
92 808
92 829
92 877
92 885
92 965
93 98
93 107
93 129
93 145
93 151
93 159
93 168
93 173
93 194
93 252
93 269
93 288
93 343
93 369
93 502
93 506
93 532
93 552
93 572
93 574
93 590
93 602
93 629
93 658
93 667
93 670
93 675
93 738
93 775
93 776
93 796
93 835
93 880
93 884
93 896
93 907
93 991
94 104
94 114
94 129
94 135
94 137
94 170
94 184
94 232
94 239
94 248
94 258
94 277
94 312
94 325
94 343
94 353
94 394
94 414
94 417
94 419
94 472
94 489
94 577
94 607
94 610
94 616
94 628
94 633
94 644
94 689
94 705
94 715
94 734
94 745
94 751
94 764
94 773
94 774
94 776
94 843
94 866
94 954
94 979
94 993
95 170
95 283
95 288
95 322
95 349
95 406
95 448
95 470
95 474
95 502
95 530
95 551
95 568
95 576
95 579
95 606
95 617
95 642
95 646
95 647
95 648
95 670
95 682
95 693
95 743
95 750
95 786
95 787
95 800
95 822
95 826
95 830
95 832
95 841
95 852
95 859
95 869
95 871
95 884
95 925
96 133
96 188
96 229
96 277
96 309
96 315
96 360
96 375
96 385
96 408
96 460
96 496
96 513
96 702
96 765
96 770
96 919
96 922
96 954
96 988
97 98
97 103
97 129
97 144
97 161
97 227
97 244
97 267
97 304
97 388
97 417
97 443
97 449
97 565
97 684
97 699
97 793
97 816
97 818
97 870
98 107
98 141
98 176
98 201
98 212
98 269
98 353
98 384
98 410
98 442
98 467
98 488
98 489
98 537
98 541
98 553
98 567
98 594
98 613
98 617
98 629
98 640
98 675
98 692
98 751
98 772
98 783
98 906
98 968
98 985
98 997
99 101
99 136
99 220
99 236
99 331
99 351
99 485
99 589
99 620
99 845
100 131
100 167
100 285
100 291
100 669
100 678
100 805
100 935
100 957
101 142
101 166
101 207
101 302
101 454
101 521
101 575
101 644
101 678
101 718
101 799
101 817
101 858
101 865
101 872
101 892
101 1000
102 110
102 126
102 256
102 319
102 332
102 336
102 356
102 437
102 468
102 505
102 520
102 531
102 601
102 611
102 615
102 674
102 723
102 896
102 930
103 104
103 161
103 186
103 199
103 204
103 253
103 283
103 293
103 343
103 369
103 416
103 434
103 670
103 791
103 811
103 872
103 930
104 161
104 213
104 378
104 440
104 578
104 633
104 669
104 672
104 731
104 751
104 758
104 807
104 875
104 889
105 368
105 384
105 554
105 598
105 612
105 661
105 835
105 845
105 853
105 857
105 957
105 961
106 229
106 452
106 606
106 612
106 641
106 642
106 808
106 841
106 845
106 854
106 869
106 891
106 956
107 129
107 266
107 288
107 332
107 411
107 576
107 615
107 635
107 660
107 744
107 763
107 835
107 855
107 934
107 976
108 113
108 132
108 162
108 180
108 249
108 271
108 367
108 433
108 550
108 600
108 610
108 613
108 780
108 793
108 797
108 806
108 968
109 164
109 205
109 261
109 262
109 274
109 343
109 421
109 483
109 546
109 607
109 657
109 689
109 778
109 793
109 842
109 898
109 955
109 976
110 146
110 207
110 291
110 310
110 345
110 367
110 370
110 408
110 420
110 440
110 487
110 493
110 538
110 548
110 555
110 572
110 670
110 672
110 686
110 795
110 848
110 858
110 900
111 141
111 144
111 251
111 257
111 302
111 345
111 379
111 414
111 423
111 432
111 447
111 599
111 626
111 657
111 861
111 869
111 880
112 203
112 264
112 335
112 450
112 487
112 647
112 698
112 723
112 748
112 802
112 812
112 820
113 165
113 202
113 257
113 339
113 348
113 365
113 391
113 405
113 421
113 444
113 592
113 642
113 670
113 672
113 675
113 686
113 693
113 768
113 816
113 832
113 833
113 843
113 885
113 928
113 939
113 961
113 981
114 130
114 132
114 137
114 203
114 327
114 391
114 472
114 516
114 548
114 646
114 670
114 738
114 891
114 957
114 993
115 145
115 154
115 173
115 187
115 197
115 288
115 313
115 323
115 368
115 393
115 415
115 420
115 445
115 449
115 450
115 455
115 517
115 530
115 691
115 771
115 787
115 853
115 896
115 905
115 937
115 945
115 970
116 302
116 482
116 494
116 517
116 547
116 565
116 590
116 600
116 758
116 935
117 139
117 182
117 220
117 258
117 270
117 389
117 434
117 479
117 485
117 500
117 631
117 639
117 661
117 677
117 704
117 801
117 813
117 869
117 923
117 947
117 966
117 975
117 985
118 184
118 244
118 258
118 272
118 282
118 307
118 343
118 459
118 466
118 472
118 505
118 532
118 536
118 599
118 684
118 687
118 702
118 715
118 744
118 749
118 794
118 849
118 862
118 915
118 918
118 921
118 979
119 126
119 202
119 248
119 300
119 395
119 433
119 528
119 550
119 577
119 662
119 684
119 757
119 797
119 819
119 866
119 898
119 942
119 953
120 124
120 144
120 197
120 307
120 353
120 363
120 368
120 379
120 380
120 392
120 396
120 432
120 433
120 445
120 484
120 507
120 510
120 583
120 587
120 596
120 605
120 611
120 613
120 633
120 670
120 692
120 713
120 751
120 782
120 844
120 892
120 930
120 975
121 186
121 396
121 440
121 547
121 565
121 576
121 599
121 617
121 627
121 661
121 681
121 770
121 802
121 980
121 984
122 175
122 234
122 433
122 537
122 581
122 590
122 613
122 621
122 633
122 652
122 680
122 693
122 756
122 826
122 858
122 900
122 924
122 930
123 160
123 335
123 376
123 451
123 494
123 540
123 612
123 628
123 647
123 651
123 690
123 709
123 783
123 847
123 855
123 931
123 944
124 130
124 148
124 158
124 171
124 185
124 213
124 229
124 250
124 253
124 254
124 277
124 283
124 308
124 309
124 344
124 348
124 359
124 422
124 434
124 439
124 456
124 485
124 502
124 534
124 575
124 612
124 637
124 662
124 664
124 692
124 701
124 711
124 734
124 747
124 756
124 761
124 782
124 847
124 867
124 900
124 906
124 931
125 157
125 292
125 314
125 364
125 419
125 574
125 664
125 768
125 770
125 929
125 981
125 998
126 159
126 175
126 191
126 239
126 256
126 350
126 361
126 369
126 421
126 432
126 494
126 565
126 633
126 636
126 719
126 729
126 796
126 877
126 941
126 982
127 144
127 212
127 214
127 334
127 390
127 403
127 408
127 434
127 478
127 604
127 652
127 734
127 808
127 885
127 962
127 963
127 975
127 992
128 212
128 216
128 389
128 405
128 436
128 512
128 526
128 646
128 879
128 890
128 903
128 925
128 945
128 955
129 145
129 203
129 213
129 219
129 252
129 260
129 264
129 267
129 343
129 347
129 369
129 376
129 379
129 386
129 438
129 440
129 507
129 515
129 530
129 532
129 597
129 599
129 661
129 671
129 713
129 731
129 740
129 760
129 769
129 797
129 800
129 809
129 815
129 822
129 830
129 847
129 891
129 918
129 920
129 935
129 950
129 993
130 338
130 385
130 407
130 421
130 428
130 431
130 578
130 590
130 607
130 679
130 758
130 779
130 829
130 849
130 855
131 154
131 249
131 267
131 310
131 346
131 419
131 456
131 470
131 522
131 524
131 539
131 574
131 657
131 845
131 889
131 937
132 150
132 160
132 168
132 177
132 206
132 217
132 241
132 246
132 248
132 296
132 304
132 313
132 336
132 397
132 437
132 463
132 484
132 492
132 510
132 513
132 527
132 536
132 570
132 588
132 605
132 613
132 682
132 691
132 709
132 728
132 762
132 811
132 829
132 832
132 845
132 866
132 868
132 873
132 885
132 890
132 896
132 922
132 943
133 151
133 320
133 323
133 332
133 338
133 398
133 539
133 658
133 708
133 717
134 137
134 197
134 241
134 280
134 291
134 303
134 345
134 354
134 370
134 398
134 414
134 425
134 440
134 450
134 452
134 499
134 539
134 547
134 572
134 593
134 606
134 625
134 642
134 662
134 668
134 752
134 766
134 874
134 896
134 966
134 988
135 291
135 303
135 317
135 318
135 336
135 372
135 375
135 391
135 396
135 402
135 406
135 425
135 440
135 447
135 492
135 501
135 513
135 551
135 595
135 599
135 617
135 630
135 647
135 650
135 651
135 718
135 744
135 778
135 817
135 855
135 860
135 874
135 885
135 886
135 925
135 951
135 957
135 988
136 186
136 275
136 277
136 285
136 293
136 296
136 299
136 398
136 419
136 476
136 477
136 553
136 576
136 585
136 593
136 617
136 624
136 685
136 695
136 714
136 730
136 776
136 800
136 804
136 959
136 965
136 987
137 145
137 159
137 203
137 250
137 265
137 278
137 340
137 343
137 352
137 364
137 626
137 652
137 711
137 773
137 802
137 822
137 870
137 885
137 891
137 893
137 907
137 915
137 924
137 957
137 990
138 143
138 442
138 471
138 514
138 527
138 542
138 601
138 632
138 685
138 693
138 709
138 717
138 718
138 732
138 766
138 933
138 960
138 976
139 149
139 167
139 175
139 229
139 314
139 401
139 473
139 611
139 641
139 644
139 666
139 710
139 731
139 742
139 831
139 921
139 935
139 956
139 1000
140 188
140 300
140 305
140 346
140 358
140 381
140 383
140 390
140 483
140 507
140 526
140 550
140 571
140 652
140 697
140 704
140 710
140 732
140 740
140 785
140 808
140 812
140 848
140 854
140 898
140 911
140 931
140 954
140 981
140 991
141 213
141 248
141 293
141 307
141 326
141 378
141 408
141 474
141 581
141 620
141 654
141 717
141 799
141 886
142 180
142 185
142 237
142 433
142 436
142 463
142 559
142 579
142 613
142 618
142 628
142 717
142 732
142 919
142 981
143 168
143 229
143 230
143 241
143 255
143 400
143 421
143 425
143 535
143 537
143 564
143 618
143 626
143 643
143 655
143 783
143 817
143 857
143 941
143 944
143 947
143 978
144 180
144 202
144 233
144 259
144 295
144 307
144 335
144 375
144 378
144 398
144 441
144 453
144 490
144 500
144 563
144 566
144 631
144 642
144 674
144 742
144 754
144 793
144 804
144 808
144 820
144 834
144 857
144 861
144 869
144 963
144 973
144 979
145 164
145 215
145 231
145 281
145 302
145 319
145 323
145 393
145 442
145 494
145 502
145 542
145 556
145 607
145 638
145 666
145 740
145 745
145 749
145 781
145 789
145 817
145 822
145 824
145 842
145 858
145 885
145 902
145 934
145 941
145 945
145 961
145 972
145 993
146 209
146 242
146 299
146 327
146 377
146 421
146 444
146 466
146 571
146 635
146 648
146 688
146 692
146 694
146 723
146 724
146 767
146 822
146 843
146 850
146 881
146 882
146 909
146 926
146 947
147 236
147 262
147 287
147 384
147 514
147 572
147 583
147 824
147 845
147 848
147 898
147 947
147 990
148 232
148 260
148 352
148 427
148 479
148 558
148 627
148 680
148 763
148 797
148 887
148 904
148 919
148 995
149 159
149 161
149 251
149 272
149 322
149 326
149 374
149 572
149 578
149 601
149 768
149 795
149 801
149 817
149 934
149 949
149 964
150 153
150 238
150 262
150 270
150 277
150 310
150 367
150 368
150 385
150 479
150 505
150 507
150 524
150 577
150 601
150 664
150 690
150 748
150 769
150 770
150 782
150 787
150 792
150 818
150 819
150 855
150 875
150 891
150 968
150 988
151 188
151 195
151 223
151 229
151 270
151 275
151 283
151 285
151 294
151 296
151 316
151 331
151 336
151 339
151 416
151 512
151 518
151 535
151 630
151 639
151 646
151 660
151 690
151 707
151 720
151 739
151 748
151 749
151 769
151 797
151 811
151 817
151 876
151 896
151 900
151 914
151 945
151 989
152 184
152 258
152 274
152 308
152 369
152 458
152 501
152 530
152 549
152 581
152 633
152 978
153 156
153 184
153 185
153 320
153 552
153 659
153 671
153 691
153 738
153 769
153 807
153 841
153 930
153 981
154 323
154 351
154 397
154 447
154 497
154 511
154 527
154 553
154 584
154 748
154 751
154 811
154 835
154 890
154 910
154 939
154 975
155 207
155 264
155 291
155 320
155 323
155 328
155 344
155 354
155 356
155 406
155 424
155 425
155 494
155 500
155 517
155 518
155 538
155 543
155 574
155 575
155 629
155 675
155 688
155 774
155 804
155 807
155 809
155 831
155 853
155 902
155 903
155 920
155 990
156 163
156 351
156 392
156 398
156 459
156 494
156 551
156 613
156 637
156 792
156 897
157 192
157 235
157 343
157 347
157 372
157 384
157 385
157 520
157 549
157 574
157 636
157 677
157 817
157 846
158 172
158 279
158 329
158 417
158 425
158 433
158 477
158 516
158 530
158 557
158 583
158 609
158 805
158 897
158 953
159 192
159 205
159 230
159 231
159 252
159 288
159 369
159 386
159 409
159 439
159 484
159 495
159 508
159 526
159 532
159 536
159 574
159 598
159 614
159 616
159 631
159 671
159 678
159 701
159 754
159 814
159 860
159 873
159 887
159 979
160 173
160 179
160 262
160 289
160 329
160 380
160 424
160 443
160 571
160 639
160 697
160 759
160 770
160 797
161 164
161 191
161 204
161 400
161 407
161 447
161 495
161 502
161 596
161 675
161 685
161 742
161 755
161 788
161 926
161 945
161 953
162 192
162 324
162 330
162 506
162 575
162 598
162 662
162 670
162 732
162 754
162 779
162 803
162 862
162 880
162 884
162 895
162 935
162 957
163 343
163 575
163 601
163 637
163 645
163 691
163 697
163 715
163 736
163 771
163 780
163 828
163 858
163 956
164 181
164 204
164 241
164 310
164 322
164 376
164 487
164 593
164 608
164 749
164 809
164 897
165 166
165 168
165 175
165 461
165 509
165 549
165 617
165 801
165 806
165 951
165 992
166 170
166 185
166 187
166 202
166 224
166 225
166 227
166 228
166 255
166 278
166 285
166 310
166 328
166 362
166 372
166 382
166 399
166 401
166 403
166 405
166 429
166 433
166 437
166 486
166 495
166 563
166 587
166 593
166 606
166 670
166 701
166 715
166 748
166 755
166 776
166 784
166 787
166 837
166 849
166 866
166 874
166 887
166 896
166 897
166 908
166 932
166 959
166 986
167 209
167 225
167 230
167 250
167 264
167 333
167 334
167 368
167 384
167 409
167 410
167 503
167 509
167 516
167 598
167 604
167 660
167 666
167 680
167 682
167 725
167 753
167 820
167 834
167 846
167 867
167 872
167 909
167 922
167 934
167 948
167 986
168 244
168 249
168 269
168 378
168 396
168 414
168 417
168 486
168 532
168 560
168 631
168 645
168 670
168 715
168 743
168 838
168 845
168 846
168 853
168 918
168 919
168 922
168 926
168 966
169 201
169 253
169 328
169 361
169 381
169 416
169 456
169 490
169 576
169 629
169 636
169 730
169 759
169 806
169 883
170 197
170 322
170 332
170 683
170 711
170 767
170 789
170 878
170 1000
171 197
171 293
171 379
171 407
171 435
171 473
171 486
171 644
171 666
171 724
171 764
171 787
171 806
171 841
171 988
172 177
172 291
172 341
172 385
172 413
172 429
172 448
172 604
172 626
172 744
172 756
172 783
172 817
172 834
172 905
172 924
172 934
172 951
172 988
172 993
172 996
173 203
173 209
173 238
173 239
173 320
173 321
173 392
173 399
173 427
173 474
173 482
173 521
173 541
173 583
173 609
173 631
173 635
173 689
173 690
173 737
173 744
173 767
173 795
173 813
173 827
173 978
173 983
174 301
174 433
174 452
174 521
174 528
174 565
174 585
174 588
174 646
174 688
174 828
174 841
174 939
174 947
174 977
175 180
175 213
175 264
175 269
175 272
175 283
175 310
175 339
175 502
175 509
175 613
175 663
175 666
175 789
175 847
175 900
175 938
176 207
176 237
176 250
176 271
176 311
176 399
176 429
176 440
176 466
176 473
176 617
176 639
176 661
176 682
176 693
176 722
176 850
176 973
177 194
177 237
177 279
177 377
177 433
177 436
177 558
177 601
177 610
177 674
177 741
177 803
177 908
177 973
177 981
177 993
178 186
178 257
178 289
178 455
178 456
178 477
178 517
178 644
178 669
178 724
178 731
178 765
178 781
178 796
178 808
178 825
178 850
178 894
178 911
178 914
178 916
178 923
179 309
179 388
179 400
179 509
179 625
179 665
179 726
179 928
179 936
179 966
180 213
180 250
180 259
180 277
180 331
180 344
180 345
180 380
180 427
180 428
180 436
180 484
180 504
180 528
180 537
180 563
180 586
180 628
180 677
180 694
180 707
180 717
180 751
180 765
180 771
180 777
180 803
180 817
180 897
180 943
180 954
180 961
181 241
181 256
181 305
181 309
181 368
181 377
181 401
181 418
181 493
181 535
181 536
181 583
181 600
181 794
181 819
181 829
181 890
181 914
181 988
181 992
182 214
182 241
182 243
182 260
182 278
182 331
182 359
182 361
182 371
182 415
182 417
182 444
182 480
182 555
182 601
182 606
182 610
182 668
182 716
182 759
182 766
182 793
182 853
182 888
182 916
182 917
182 921
182 975
183 259
183 266
183 319
183 360
183 385
183 448
183 449
183 517
183 602
183 607
183 672
183 755
183 923
183 989
184 197
184 208
184 231
184 283
184 301
184 332
184 472
184 525
184 539
184 546
184 573
184 578
184 646
184 680
184 690
184 696
184 708
184 822
184 868
184 893
184 894
184 895
184 923
184 924
184 951
185 259
185 270
185 314
185 319
185 323
185 335
185 342
185 368
185 374
185 402
185 407
185 449
185 467
185 472
185 480
185 534
185 552
185 562
185 655
185 656
185 669
185 684
185 685
185 708
185 722
185 726
185 733
185 776
185 800
185 807
185 820
185 823
185 858
185 924
185 930
185 973
185 978
185 981
185 988
186 248
186 283
186 285
186 310
186 344
186 379
186 386
186 402
186 403
186 407
186 437
186 473
186 486
186 490
186 580
186 587
186 590
186 647
186 666
186 697
186 723
186 737
186 739
186 852
186 892
186 918
186 979
187 229
187 238
187 248
187 251
187 263
187 272
187 297
187 307
187 335
187 340
187 341
187 371
187 386
187 395
187 432
187 449
187 450
187 469
187 493
187 501
187 513
187 529
187 540
187 554
187 563
187 564
187 566
187 604
187 659
187 738
187 754
187 756
187 772
187 811
187 828
187 847
187 881
187 886
187 897
187 973
187 992
188 258
188 323
188 327
188 387
188 413
188 417
188 466
188 482
188 522
188 553
188 563
188 567
188 572
188 574
188 578
188 621
188 652
188 677
188 704
188 717
188 722
188 816
188 850
188 870
188 887
188 903
188 933
189 249
189 324
189 421
189 569
189 623
189 729
189 794
189 799
189 955
190 254
190 295
190 323
190 377
190 441
190 612
190 810
190 817
190 841
190 896
191 205
191 210
191 287
191 349
191 369
191 465
191 469
191 505
191 613
191 617
191 623
191 641
191 793
191 824
191 969
191 984
191 994
192 243
192 298
192 313
192 335
192 338
192 420
192 432
192 449
192 490
192 498
192 506
192 609
192 635
192 642
192 648
192 651
192 654
192 656
192 666
192 708
192 715
192 787
192 793
192 805
192 815
192 880
192 907
192 916
192 922
192 957
192 994
193 199
193 202
193 235
193 250
193 253
193 275
193 342
193 559
193 617
193 628
193 725
193 818
193 828
193 859
193 951
193 990
194 420
194 502
194 510
194 581
194 609
194 667
194 735
194 779
194 901
194 939
194 972
194 987
195 206
195 231
195 374
195 425
195 446
195 450
195 454
195 470
195 494
195 574
195 606
195 627
195 673
195 682
195 799
195 919
195 945
195 998
196 199
196 219
196 229
196 272
196 288
196 340
196 342
196 369
196 373
196 378
196 409
196 425
196 612
196 669
196 770
196 931
196 934
196 994
197 229
197 254
197 259
197 289
197 294
197 295
197 316
197 330
197 334
197 335
197 351
197 368
197 372
197 383
197 402
197 414
197 430
197 439
197 457
197 458
197 510
197 537
197 572
197 586
197 601
197 614
197 660
197 697
197 699
197 704
197 705
197 714
197 801
197 820
197 858
197 868
197 869
197 888
197 892
197 897
197 904
197 965
197 989
198 229
198 357
198 445
198 452
198 465
198 558
198 559
198 564
198 567
198 569
198 579
198 662
198 755
198 790
198 805
198 811
198 871
198 904
198 942
199 292
199 345
199 360
199 397
199 417
199 432
199 455
199 487
199 554
199 604
199 633
199 842
200 314
200 375
200 386
200 510
200 796
200 801
200 805
200 898
200 925
201 207
201 243
201 247
201 269
201 291
201 307
201 343
201 367
201 386
201 434
201 447
201 458
201 535
201 613
201 641
201 692
201 757
201 765
201 835
201 934
201 941
201 978
201 985
201 989
202 203
202 206
202 233
202 292
202 345
202 403
202 421
202 429
202 464
202 533
202 559
202 580
202 711
202 733
202 749
202 768
202 801
202 811
202 845
202 902
202 962
202 967
203 215
203 251
203 289
203 294
203 298
203 324
203 337
203 343
203 346
203 360
203 379
203 381
203 382
203 385
203 394
203 417
203 428
203 439
203 462
203 468
203 511
203 518
203 520
203 556
203 592
203 613
203 667
203 726
203 727
203 751
203 794
203 818
203 824
203 873
203 883
203 896
203 902
203 935
203 936
203 982
203 994
203 995
204 267
204 425
204 493
204 545
204 692
204 706
204 784
204 797
204 850
204 892
204 961
205 211
205 212
205 218
205 237
205 288
205 320
205 323
205 328
205 343
205 345
205 385
205 393
205 423
205 482
205 513
205 517
205 536
205 556
205 628
205 633
205 653
205 658
205 684
205 690
205 717
205 719
205 725
205 792
205 875
205 893
205 896
205 917
205 959
206 214
206 282
206 287
206 292
206 341
206 369
206 388
206 408
206 438
206 509
206 529
206 542
206 549
206 571
206 574
206 608
206 612
206 670
206 811
206 817
206 882
206 894
206 937
206 944
207 225
207 241
207 269
207 286
207 368
207 380
207 393
207 432
207 457
207 474
207 501
207 522
207 575
207 583
207 614
207 633
207 728
207 733
207 746
207 770
207 777
207 834
207 836
207 869
207 906
207 928
207 933
207 939
207 957
207 976
207 978
207 990
208 243
208 489
208 503
208 508
208 550
208 581
208 630
208 687
208 723
208 756
208 764
208 821
208 847
208 850
208 853
208 875
208 886
208 891
208 934
208 942
208 981
209 263
209 311
209 391
209 419
209 470
209 551
209 802
209 907
210 236
210 251
210 302
210 327
210 419
210 434
210 620
210 642
210 691
210 803
210 841
210 939
210 951
211 260
211 311
211 319
211 334
211 348
211 420
211 501
211 694
211 787
211 802
211 822
211 853
211 889
211 990
212 235
212 345
212 373
212 412
212 465
212 473
212 505
212 647
212 660
212 779
212 780
212 783
212 803
212 851
212 987
212 988
213 215
213 265
213 287
213 309
213 334
213 338
213 360
213 364
213 371
213 377
213 388
213 430
213 447
213 473
213 520
213 524
213 556
213 568
213 586
213 587
213 612
213 631
213 641
213 650
213 665
213 708
213 764
213 802
213 932
213 971
213 975
214 219
214 293
214 303
214 368
214 519
214 670
214 690
214 750
214 764
214 826
214 835
214 837
214 901
214 911
214 935
214 961
215 285
215 364
215 433
215 466
215 493
215 509
215 514
215 782
215 847
215 994
216 218
216 226
216 251
216 299
216 428
216 526
216 534
216 538
216 579
216 671
216 723
216 826
216 860
216 905
217 293
217 323
217 425
217 541
217 552
217 587
217 712
217 806
217 923
218 340
218 343
218 360
218 383
218 400
218 424
218 425
218 427
218 452
218 471
218 519
218 565
218 725
218 742
218 756
218 781
218 817
218 841
218 950
219 274
219 285
219 361
219 376
219 410
219 441
219 533
219 631
219 693
219 700
219 701
219 704
219 732
219 751
219 793
219 799
219 886
219 948
219 954
220 252
220 272
220 307
220 357
220 390
220 448
220 514
220 645
220 703
220 732
220 764
220 803
220 890
220 905
220 919
220 931
220 949
220 958
220 992
221 257
221 289
221 522
221 540
221 550
221 559
221 633
221 658
221 705
221 721
221 742
221 804
221 817
221 854
221 865
221 901
221 938
221 952
221 959
222 286
222 377
222 393
222 440
222 533
222 574
222 660
222 756
222 781
222 784
222 853
222 905
222 921
223 319
223 353
223 366
223 389
223 421
223 456
223 473
223 510
223 571
223 590
223 610
223 613
223 692
223 715
223 742
223 756
223 758
223 775
223 784
223 858
223 884
224 291
224 318
224 395
224 399
224 428
224 439
224 473
224 594
224 607
224 609
224 630
224 632
224 665
224 764
224 772
224 834
224 840
224 851
224 888
224 934
225 468
225 482
225 575
225 588
225 602
225 697
225 734
225 747
225 830
225 975
225 998
226 332
226 367
226 414
226 417
226 464
226 468
226 528
226 563
226 587
226 606
226 719
226 994
227 229
227 293
227 321
227 369
227 387
227 390
227 481
227 660
227 662
227 707
227 723
227 747
227 809
227 817
227 853
227 880
227 980
228 329
228 390
228 417
228 429
228 452
228 469
228 505
228 599
228 652
228 687
228 757
228 775
228 789
228 809
228 824
228 853
228 953
229 254
229 283
229 302
229 320
229 328
229 360
229 366
229 387
229 403
229 404
229 602
229 671
229 691
229 743
229 772
229 781
229 784
229 803
229 823
229 836
229 848
229 864
229 875
229 885
229 888
229 900
229 907
229 918
229 919
229 957
229 960
230 291
230 460
230 483
230 548
230 603
230 633
230 858
230 941
230 956
231 254
231 264
231 326
231 353
231 364
231 374
231 387
231 430
231 475
231 499
231 506
231 559
231 567
231 571
231 617
231 659
231 697
231 718
231 722
231 760
231 781
231 808
231 832
231 834
231 881
231 935
231 991
231 994
232 238
232 251
232 366
232 371
232 398
232 414
232 541
232 644
232 846
232 947
232 966
233 249
233 275
233 293
233 298
233 348
233 417
233 498
233 516
233 741
233 865
233 873
233 894
233 946
233 964
233 977
233 996
234 235
234 338
234 342
234 353
234 361
234 416
234 425
234 468
234 491
234 529
234 583
234 623
234 657
234 660
234 759
234 783
234 804
234 865
235 237
235 259
235 293
235 309
235 327
235 328
235 340
235 370
235 396
235 455
235 507
235 615
235 681
235 715
235 733
235 749
235 755
235 770
235 778
235 792
235 819
235 827
235 837
235 856
235 927
235 928
235 935
235 949
235 951
235 963
235 971
235 976
235 984
236 309
236 335
236 343
236 418
236 452
236 488
236 541
236 612
236 648
236 662
236 669
236 706
236 774
236 951
236 985
237 252
237 260
237 286
237 331
237 379
237 383
237 396
237 398
237 410
237 412
237 421
237 427
237 444
237 456
237 474
237 488
237 496
237 524
237 548
237 560
237 568
237 603
237 604
237 605
237 626
237 655
237 675
237 686
237 688
237 710
237 756
237 783
237 788
237 814
237 848
237 857
237 870
237 899
237 925
237 928
237 935
237 937
237 970
237 974
237 993
237 999
238 261
238 279
238 364
238 388
238 391
238 461
238 482
238 491
238 644
238 672
238 679
238 706
238 712
238 756
238 819
238 845
238 847
238 853
239 295
239 299
239 342
239 373
239 419
239 428
239 441
239 467
239 517
239 518
239 587
239 592
239 666
239 747
239 809
239 861
239 938
239 983
240 276
240 360
240 422
240 432
240 537
240 547
240 560
240 594
240 601
240 610
240 654
240 660
240 687
240 805
240 953
240 968
241 243
241 305
241 394
241 609
241 627
241 656
241 664
241 687
241 691
241 724
241 772
241 961
242 277
242 369
242 421
242 426
242 469
242 571
242 608
242 703
242 738
242 802
242 871
243 250
243 352
243 431
243 489
243 505
243 602
243 672
243 729
243 733
243 769
243 869
243 879
243 927
244 313
244 417
244 503
244 635
244 650
244 717
244 754
244 756
244 779
244 787
244 790
244 866
244 979
244 994
245 253
245 274
245 310
245 319
245 332
245 353
245 406
245 441
245 470
245 516
245 550
245 580
245 601
245 669
245 685
245 694
245 771
245 805
245 851
245 866
245 880
245 888
245 947
245 972
245 984
245 991
246 247
246 307
246 345
246 449
246 502
246 537
246 574
246 607
246 628
246 633
246 742
246 756
246 768
246 803
246 809
246 875
246 933
246 972
247 323
247 353
247 389
247 483
247 522
247 717
247 751
247 755
247 763
247 865
247 880
247 886
247 891
247 901
247 979
248 254
248 310
248 322
248 340
248 386
248 413
248 460
248 517
248 524
248 549
248 555
248 562
248 585
248 613
248 626
248 637
248 677
248 706
248 729
248 834
248 842
248 865
248 924
248 943
248 961
248 985
248 997
249 252
249 265
249 276
249 290
249 298
249 302
249 344
249 350
249 355
249 363
249 365
249 401
249 405
249 406
249 419
249 425
249 427
249 441
249 464
249 469
249 516
249 527
249 532
249 578
249 582
249 614
249 615
249 664
249 685
249 705
249 717
249 748
249 779
249 797
249 828
249 829
249 831
249 838
249 869
249 919
249 949
249 957
249 986
250 298
250 319
250 544
250 589
250 605
250 666
250 747
250 756
250 817
250 939
250 943
250 979
251 306
251 371
251 401
251 414
251 447
251 483
251 484
251 591
251 707
251 738
251 755
251 779
251 863
251 866
251 892
251 934
252 288
252 299
252 321
252 386
252 419
252 507
252 508
252 510
252 511
252 517
252 527
252 553
252 556
252 591
252 626
252 635
252 652
252 890
252 962
252 964
252 985
253 293
253 304
253 330
253 349
253 380
253 382
253 407
253 408
253 451
253 461
253 503
253 507
253 527
253 550
253 570
253 584
253 601
253 693
253 704
253 764
253 773
253 777
253 802
253 817
253 820
253 836
253 847
253 862
253 954
253 956
254 549
254 626
254 747
254 772
254 773
254 828
254 962
254 997
255 443
255 571
255 605
255 606
255 633
255 636
255 689
255 741
255 748
256 259
256 286
256 308
256 310
256 356
256 362
256 368
256 430
256 471
256 475
256 487
256 514
256 526
256 538
256 545
256 587
256 592
256 609
256 613
256 659
256 685
256 693
256 706
256 746
256 771
256 779
256 799
256 853
256 863
256 869
256 905
256 945
256 946
256 948
256 963
256 979
257 258
257 261
257 301
257 323
257 325
257 358
257 381
257 436
257 440
257 538
257 610
257 631
257 652
257 654
257 719
257 759
257 783
257 913
257 977
258 270
258 283
258 328
258 339
258 340
258 357
258 387
258 427
258 466
258 471
258 492
258 510
258 601
258 624
258 730
258 734
258 738
258 740
258 761
258 770
258 783
258 806
258 823
258 846
258 847
258 854
258 864
258 925
258 957
258 972
259 263
259 277
259 339
259 369
259 425
259 460
259 476
259 478
259 489
259 512
259 550
259 565
259 567
259 576
259 591
259 652
259 822
259 873
259 909
259 953
259 986
259 988
260 298
260 333
260 355
260 387
260 512
260 533
260 542
260 719
260 756
260 961
261 363
261 381
261 414
261 539
261 571
261 592
261 606
261 607
261 608
261 612
261 633
261 702
261 703
261 719
261 747
261 774
261 903
261 928
261 954
262 289
262 318
262 390
262 462
262 474
262 508
262 561
262 565
262 624
262 676
262 700
262 781
262 834
262 852
262 965
263 267
263 281
263 308
263 330
263 374
263 736
263 792
263 816
263 834
263 871
263 905
263 934
264 323
264 341
264 350
264 372
264 417
264 449
264 481
264 489
264 498
264 521
264 541
264 546
264 854
264 862
264 888
264 901
264 943
264 990
265 328
265 334
265 374
265 633
265 639
265 679
265 761
265 781
266 267
266 293
266 413
266 445
266 481
266 498
266 630
266 678
266 741
266 804
266 809
266 923
267 309
267 339
267 354
267 386
267 393
267 394
267 402
267 421
267 425
267 474
267 498
267 507
267 513
267 518
267 570
267 607
267 614
267 635
267 661
267 669
267 693
267 704
267 726
267 736
267 746
267 758
267 836
268 269
268 368
268 419
268 517
268 539
268 567
268 578
268 628
268 632
268 707
268 739
268 747
268 758
268 824
268 835
268 872
268 874
268 969
269 289
269 344
269 347
269 359
269 386
269 393
269 406
269 416
269 417
269 430
269 441
269 505
269 512
269 555
269 581
269 631
269 644
269 692
269 723
269 770
269 779
269 781
269 798
269 811
269 828
269 898
269 900
269 926
269 944
269 957
269 964
269 978
270 334
270 377
270 379
270 436
270 447
270 452
270 477
270 525
270 535
270 539
270 566
270 656
270 679
270 690
270 702
270 735
270 810
270 838
270 858
270 873
270 890
270 904
270 940
270 944
270 994
270 1000
271 279
271 375
271 542
271 662
271 675
271 722
271 755
271 781
271 801
271 877
271 919
272 291
272 308
272 378
272 388
272 406
272 413
272 461
272 463
272 476
272 484
272 485
272 523
272 542
272 549
272 550
272 616
272 673
272 680
272 683
272 697
272 699
272 718
272 729
272 738
272 764
272 782
272 787
272 790
272 806
272 808
272 810
272 848
272 855
272 862
272 872
272 884
272 893
272 905
272 923
272 946
272 972
272 981
273 302
273 356
273 405
273 658
273 720
273 772
273 883
273 890
273 927
273 962
274 289
274 325
274 327
274 345
274 353
274 376
274 383
274 388
274 394
274 398
274 420
274 421
274 469
274 470
274 471
274 485
274 488
274 541
274 610
274 613
274 677
274 721
274 723
274 734
274 780
274 794
274 811
274 813
274 815
274 819
274 866
274 880
274 893
274 898
274 961
274 975
275 375
275 438
275 470
275 490
275 563
275 567
275 672
275 717
275 726
275 728
275 764
275 779
275 781
275 786
275 853
275 879
275 923
275 926
276 285
276 361
276 407
276 419
276 441
276 442
276 478
276 529
276 608
276 716
276 740
276 756
276 767
276 811
276 871
276 880
276 910
276 927
276 989
277 279
277 322
277 343
277 361
277 438
277 467
277 471
277 575
277 616
277 715
277 730
277 756
277 818
277 820
277 847
277 890
277 896
277 929
277 933
277 934
278 354
278 402
278 525
278 549
278 632
278 704
278 732
278 757
278 880
278 914
279 293
279 339
279 361
279 373
279 516
279 533
279 578
279 609
279 614
279 616
279 670
279 695
279 702
279 787
279 834
279 851
279 860
279 932
279 951
279 981
279 992
280 361
280 377
280 385
280 438
280 475
280 532
280 537
280 590
280 605
280 660
280 696
280 734
280 761
280 872
280 884
280 889
280 957
280 966
281 417
281 429
281 557
281 564
281 604
281 691
281 810
281 818
281 828
281 983
282 285
282 335
282 343
282 530
282 531
282 582
282 597
282 609
282 628
282 632
282 744
282 935
282 959
283 286
283 307
283 324
283 358
283 399
283 454
283 473
283 542
283 547
283 582
283 594
283 626
283 660
283 661
283 666
283 711
283 812
283 827
283 912
283 919
284 358
284 407
284 436
284 527
284 581
284 719
284 810
284 829
284 863
284 930
284 933
284 971
284 996
285 295
285 321
285 348
285 365
285 380
285 388
285 395
285 399
285 439
285 456
285 468
285 470
285 479
285 506
285 513
285 515
285 520
285 528
285 551
285 582
285 586
285 630
285 639
285 647
285 653
285 663
285 709
285 745
285 791
285 810
285 820
285 828
285 875
285 887
285 897
285 940
285 943
285 978
285 995
286 304
286 408
286 421
286 425
286 523
286 693
286 703
286 830
286 852
286 865
286 907
286 994
287 307
287 308
287 369
287 581
287 612
287 616
287 644
287 677
287 678
287 707
287 782
287 797
287 824
287 861
287 870
287 874
287 891
287 919
287 964
288 302
288 308
288 377
288 386
288 469
288 485
288 492
288 526
288 617
288 626
288 696
288 751
288 840
288 842
288 860
288 868
288 874
288 885
288 902
288 979
289 311
289 407
289 447
289 626
289 690
289 765
289 780
289 831
289 862
290 306
290 341
290 429
290 462
290 511
290 554
290 595
290 628
290 658
290 667
290 672
290 745
290 793
290 809
290 834
290 897
290 913
290 919
290 939
290 941
290 981
291 329
291 367
291 417
291 440
291 446
291 494
291 498
291 503
291 583
291 604
291 662
291 695
291 760
291 763
291 766
291 767
291 772
291 800
291 804
291 814
291 831
291 832
291 835
291 846
291 860
291 882
291 891
291 912
291 918
291 926
291 998
291 999
292 298
292 364
292 420
292 441
292 529
292 550
292 610
292 652
292 682
292 693
292 703
292 800
292 814
292 888
292 890
292 958
292 963
292 972
293 307
293 314
293 369
293 374
293 441
293 462
293 475
293 499
293 509
293 562
293 605
293 608
293 617
293 680
293 692
293 738
293 739
293 764
293 793
293 800
293 828
293 836
293 875
293 921
293 968
293 981
293 994
294 344
294 383
294 434
294 497
294 652
294 755
294 893
294 923
294 924
295 298
295 303
295 323
295 345
295 359
295 419
295 420
295 478
295 498
295 518
295 522
295 562
295 599
295 610
295 680
295 743
295 824
295 838
295 842
295 847
295 916
295 979
296 312
296 362
296 628
296 697
296 741
296 772
296 911
297 321
297 361
297 402
297 485
297 487
297 514
297 535
297 580
297 658
297 747
297 754
297 807
297 865
297 873
297 989
297 994
298 357
298 392
298 408
298 463
298 535
298 558
298 617
298 651
298 656
298 661
298 663
298 700
298 714
298 745
298 801
298 854
299 355
299 365
299 551
299 558
299 565
299 601
299 625
299 667
299 679
299 680
299 770
299 805
299 834
299 843
299 872
299 873
299 903
299 934
299 939
299 940
299 968
299 972
299 977
299 980
300 329
300 383
300 425
300 449
300 466
300 600
300 725
300 742
300 755
300 757
300 824
300 966
301 340
301 348
301 544
301 560
301 613
301 692
301 817
301 886
301 928
301 950
301 961
302 372
302 438
302 465
302 478
302 600
302 645
302 669
302 702
302 784
302 786
302 853
302 883
302 963
303 337
303 471
303 605
303 619
303 628
303 642
303 662
303 683
303 729
303 767
303 781
303 827
303 841
303 855
303 934
304 307
304 313
304 357
304 367
304 375
304 396
304 407
304 431
304 440
304 468
304 502
304 514
304 555
304 573
304 578
304 640
304 650
304 724
304 731
304 742
304 743
304 927
304 934
304 938
304 967
305 332
305 349
305 431
305 498
305 527
305 554
305 601
305 634
305 660
305 715
305 805
305 948
305 951
305 967
305 984
306 307
306 493
306 594
306 602
306 648
306 756
306 761
306 884
306 921
306 984
306 988
307 318
307 327
307 358
307 370
307 417
307 436
307 467
307 468
307 594
307 604
307 618
307 628
307 630
307 656
307 687
307 716
307 722
307 727
307 728
307 767
307 804
307 810
307 888
307 936
307 973
308 334
308 408
308 415
308 458
308 491
308 535
308 571
308 579
308 601
308 628
308 711
308 827
308 846
308 933
308 982
308 992
308 997
309 407
309 433
309 502
309 604
309 726
309 770
309 810
309 820
309 832
309 865
309 935
309 978
310 368
310 405
310 414
310 455
310 457
310 465
310 494
310 512
310 519
310 526
310 527
310 533
310 552
310 581
310 612
310 623
310 690
310 691
310 717
310 740
310 744
310 766
310 860
310 867
310 877
310 884
310 895
310 899
310 902
310 940
310 962
310 968
310 970
310 995
311 338
311 353
311 377
311 495
311 522
311 772
311 788
311 811
311 901
311 906
311 935
311 953
311 994
312 359
312 494
312 603
312 643
312 806
312 831
312 908
312 990
313 314
313 367
313 398
313 418
313 435
313 479
313 508
313 633
313 660
313 727
313 811
313 834
313 857
313 927
313 930
314 323
314 411
314 466
314 539
314 580
314 603
314 628
314 654
314 726
314 827
314 873
314 934
314 960
314 978
315 323
315 365
315 440
315 456
315 480
315 692
315 803
315 836
315 930
315 949
316 604
316 647
316 657
316 701
316 796
316 864
316 871
316 934
317 409
317 450
317 512
317 675
317 701
317 751
317 899
318 358
318 393
318 442
318 459
318 466
318 476
318 526
318 617
318 714
318 732
318 742
318 794
318 840
318 847
318 862
318 884
318 896
318 949
318 953
319 346
319 356
319 384
319 393
319 402
319 407
319 427
319 430
319 456
319 460
319 470
319 493
319 494
319 523
319 540
319 554
319 674
319 684
319 695
319 697
319 733
319 741
319 748
319 768
319 787
319 788
319 873
319 912
319 922
319 925
319 927
319 962
319 963
319 980
320 321
320 420
320 492
320 512
320 588
320 610
320 648
320 652
320 656
320 678
320 692
320 761
320 780
320 788
320 793
320 868
320 869
320 920
321 494
321 639
321 648
321 663
321 811
321 875
321 894
321 903
321 905
321 933
321 963
322 350
322 357
322 431
322 542
322 559
322 630
322 679
322 730
322 758
322 772
322 841
322 928
322 929
322 930
322 939
322 941
322 987
323 331
323 346
323 361
323 403
323 408
323 412
323 437
323 451
323 464
323 470
323 471
323 474
323 481
323 510
323 565
323 581
323 639
323 646
323 651
323 664
323 670
323 693
323 694
323 714
323 723
323 732
323 748
323 791
323 801
323 812
323 900
323 901
323 924
323 925
323 935
323 957
323 964
323 968
324 399
324 484
324 493
324 514
324 604
324 617
324 691
324 697
324 736
324 767
324 804
324 841
324 848
324 854
324 924
324 935
324 979
325 338
325 340
325 365
325 501
325 551
325 742
325 802
325 806
325 817
325 935
325 995
326 377
326 419
326 436
326 571
326 612
326 639
326 839
326 873
326 934
326 963
326 981
326 990
326 994
327 359
327 367
327 380
327 400
327 518
327 605
327 627
327 746
327 827
327 848
327 849
327 852
327 935
327 957
328 376
328 392
328 420
328 447
328 451
328 467
328 472
328 545
328 681
328 691
328 738
328 760
328 805
328 807
328 814
328 877
328 912
328 919
328 936
328 943
329 377
329 504
329 605
329 676
329 787
329 817
329 871
329 938
330 405
330 444
330 471
330 602
330 684
330 764
330 797
330 814
330 998
331 360
331 399
331 427
331 447
331 513
331 548
331 612
331 631
331 633
331 660
331 691
331 695
331 733
331 785
331 847
331 871
331 875
331 889
331 922
331 947
331 950
332 361
332 452
332 462
332 489
332 507
332 515
332 543
332 697
332 720
332 730
332 735
332 736
332 813
332 818
332 841
332 897
332 909
332 919
332 994
333 341
333 369
333 377
333 468
333 584
333 631
333 663
333 827
333 829
333 878
333 987
334 340
334 402
334 519
334 525
334 527
334 647
334 663
334 805
334 856
334 936
334 956
335 477
335 541
335 663
335 684
335 704
335 716
335 729
335 775
335 858
335 881
335 930
335 934
335 978
336 537
336 583
336 642
336 657
336 658
336 832
336 906
336 935
336 940
336 948
336 994
337 396
337 520
337 536
337 715
337 754
337 770
337 834
337 954
338 358
338 373
338 375
338 409
338 421
338 428
338 443
338 458
338 471
338 474
338 486
338 495
338 502
338 505
338 511
338 538
338 631
338 681
338 706
338 760
338 779
338 794
338 800
338 806
338 886
338 904
338 932
338 933
338 943
338 948
338 952
338 955
338 958
338 960
338 964
338 978
339 357
339 544
339 587
339 620
339 762
339 770
339 774
339 805
339 882
339 925
339 926
339 932
339 990
340 407
340 445
340 459
340 494
340 559
340 612
340 640
340 656
340 716
340 739
340 848
340 930
340 955
341 375
341 380
341 438
341 565
341 574
341 605
341 660
341 742
342 348
342 364
342 400
342 422
342 484
342 532
342 534
342 540
342 556
342 576
342 627
342 662
342 669
342 749
342 819
342 872
342 889
342 994
343 345
343 349
343 356
343 391
343 401
343 414
343 433
343 455
343 470
343 473
343 496
343 516
343 556
343 561
343 603
343 610
343 613
343 629
343 636
343 657
343 658
343 682
343 713
343 735
343 814
343 816
343 837
343 883
343 903
343 940
343 956
343 974
344 348
344 412
344 527
344 615
344 620
344 631
344 645
344 666
344 692
344 717
344 746
344 813
344 821
344 829
344 840
344 890
344 905
344 930
345 368
345 378
345 408
345 416
345 446
345 462
345 465
345 532
345 535
345 546
345 563
345 645
345 674
345 689
345 694
345 696
345 718
345 719
345 727
345 745
345 753
345 755
345 765
345 770
345 799
345 815
345 819
345 820
345 825
345 882
345 897
345 901
345 941
346 451
346 583
346 673
346 750
346 786
346 803
346 820
346 828
346 966
347 509
347 518
347 660
347 705
347 794
348 369
348 481
348 494
348 540
348 596
348 691
348 692
348 805
348 821
348 844
348 886
348 957
349 384
349 406
349 409
349 452
349 480
349 504
349 582
349 612
349 945
350 353
350 407
350 466
350 487
350 574
350 809
350 862
350 865
350 901
350 960
351 375
351 392
351 425
351 458
351 487
351 498
351 538
351 545
351 570
351 574
351 577
351 588
351 639
351 672
351 692
351 697
351 713
351 745
351 761
351 781
351 894
351 935
351 950
351 955
351 994
352 377
352 414
352 439
352 518
352 605
352 710
352 751
352 928
352 994
353 361
353 388
353 391
353 404
353 421
353 429
353 443
353 520
353 521
353 604
353 615
353 618
353 619
353 643
353 656
353 675
353 695
353 703
353 724
353 742
353 765
353 783
353 788
353 811
353 816
353 822
353 854
353 873
353 880
353 966
353 991
354 394
354 396
354 441
354 483
354 535
354 621
354 628
354 738
354 742
354 753
354 761
354 822
354 840
354 949
355 406
355 407
355 414
355 457
355 537
355 564
355 565
355 581
355 596
355 635
355 683
355 688
355 692
355 823
355 832
355 834
355 846
355 857
355 883
355 896
355 923
356 440
356 523
356 629
356 685
356 691
356 734
356 740
356 791
356 832
356 880
357 371
357 433
357 440
357 517
357 528
357 533
357 680
358 414
358 493
358 495
358 542
358 574
358 703
358 738
358 756
358 804
358 873
358 885
358 935
358 992
359 374
359 382
359 447
359 535
359 613
359 614
359 653
359 690
359 712
359 717
359 758
359 787
359 842
359 853
359 881
359 932
359 933
360 409
360 417
360 438
360 484
360 512
360 538
360 659
360 733
360 766
360 860
360 954
360 991
360 998
361 379
361 389
361 407
361 418
361 422
361 430
361 453
361 466
361 541
361 590
361 615
361 635
361 657
361 661
361 675
361 680
361 715
361 717
361 750
361 763
361 772
361 802
361 806
361 822
361 830
361 836
361 852
361 916
361 920
361 953
361 975
362 379
362 421
362 480
362 575
362 600
362 601
362 742
362 799
362 825
362 909
363 368
363 398
363 521
363 547
363 555
363 613
363 718
363 727
363 751
363 767
363 817
363 939
364 394
364 400
364 441
364 527
364 551
364 604
364 663
364 690
364 741
364 801
364 868
364 869
364 890
364 924
365 405
365 416
365 439
365 522
365 533
365 559
365 575
365 644
365 646
365 663
365 683
365 740
365 819
365 845
365 872
365 895
365 921
365 954
365 955
365 957
366 530
366 544
366 587
366 590
366 620
366 650
366 802
366 811
366 814
366 959
366 992
367 450
367 490
367 565
367 571
367 584
367 625
367 626
367 639
367 660
367 778
367 807
367 987
368 379
368 388
368 399
368 402
368 420
368 423
368 496
368 501
368 515
368 550
368 564
368 570
368 574
368 595
368 604
368 628
368 647
368 719
368 733
368 737
368 741
368 743
368 757
368 759
368 873
368 900
368 930
368 968
368 973
369 386
369 389
369 394
369 409
369 420
369 436
369 463
369 495
369 506
369 532
369 551
369 580
369 590
369 597
369 615
369 630
369 632
369 659
369 671
369 675
369 690
369 714
369 716
369 724
369 735
369 739
369 740
369 759
369 774
369 788
369 789
369 795
369 818
369 822
369 832
369 868
369 885
369 907
369 932
370 373
370 388
370 400
370 403
370 429
370 438
370 501
370 602
370 610
370 715
370 731
370 822
370 873
370 881
370 905
370 935
370 965
371 417
371 436
371 455
371 468
371 526
371 576
371 580
371 600
371 622
371 629
371 671
371 723
371 761
371 774
371 777
371 782
371 930
371 961
371 993
371 996
372 386
372 504
372 613
372 773
372 791
372 805
372 978
373 408
373 417
373 438
373 441
373 514
373 538
373 641
373 660
373 683
373 869
373 897
373 899
373 935
373 943
373 962
373 971
373 984
374 407
374 449
374 501
374 507
374 517
374 520
374 522
374 608
374 768
374 778
374 793
374 823
374 824
374 883
374 891
374 910
374 963
375 420
375 424
375 428
375 429
375 447
375 453
375 456
375 461
375 488
375 508
375 538
375 546
375 556
375 578
375 615
375 618
375 687
375 694
375 702
375 714
375 717
375 718
375 761
375 812
375 816
375 853
375 858
375 859
375 865
375 871
375 890
375 897
375 902
375 909
375 917
375 919
375 922
375 935
375 943
375 975
375 998
375 1000
376 417
376 419
376 440
376 470
376 474
376 477
376 534
376 559
376 601
376 604
376 669
376 684
376 692
376 713
376 898
376 903
376 934
376 975
376 991
377 382
377 447
377 448
377 457
377 510
377 595
377 610
377 618
377 624
377 629
377 646
377 719
377 754
377 757
377 769
377 787
377 817
377 898
377 900
377 918
378 420
378 436
378 471
378 484
378 626
378 666
378 735
378 775
378 783
378 820
378 993
379 416
379 426
379 440
379 478
379 602
379 606
379 610
379 642
379 647
379 662
379 732
379 736
379 843
379 973
380 393
380 410
380 417
380 463
380 660
380 790
380 847
381 412
381 424
381 489
381 585
381 627
381 645
381 661
381 677
381 731
381 784
381 794
381 820
381 853
381 918
381 928
381 991
382 441
382 516
382 604
382 650
382 691
382 741
382 745
382 793
382 820
382 889
382 968
382 992
383 386
383 401
383 468
383 553
383 587
383 595
383 608
383 627
383 656
383 725
383 779
383 797
383 835
383 865
383 889
383 897
383 978
384 461
384 607
384 652
384 803
384 817
384 843
384 960
385 435
385 462
385 527
385 555
385 565
385 633
385 642
385 693
385 697
385 716
385 773
385 777
385 788
385 824
385 856
385 860
385 888
385 957
385 984
386 404
386 409
386 415
386 495
386 532
386 694
386 732
386 740
386 742
386 770
386 776
386 832
386 857
386 858
386 886
386 892
386 897
386 902
386 933
387 513
387 546
387 627
387 693
387 751
387 833
387 854
387 857
387 858
387 862
387 927
387 991
388 438
388 460
388 501
388 581
388 633
388 684
388 730
388 751
388 765
388 880
388 889
388 916
388 934
388 964
388 966
389 468
389 586
389 587
389 599
389 612
389 622
389 691
389 707
389 734
389 770
389 842
389 873
389 889
389 900
389 923
389 924
389 972
389 980
389 990
390 391
390 465
390 509
390 511
390 602
390 639
390 648
390 726
390 780
390 789
390 791
390 860
390 885
390 905
390 935
391 467
391 479
391 515
391 545
391 551
391 564
391 626
391 811
391 822
391 901
391 902
391 918
391 972
391 998
392 421
392 438
392 483
392 509
392 533
392 562
392 574
392 590
392 693
392 739
393 417
393 527
393 532
393 551
393 556
393 586
393 629
393 658
393 675
393 677
393 745
393 764
393 775
393 793
393 812
393 864
393 909
393 945
393 982
393 993
393 995
394 430
394 440
394 471
394 506
394 590
394 656
394 658
394 704
394 707
394 710
394 733
394 808
394 882
394 896
394 905
394 919
394 960
394 970
394 981
394 986
394 993
395 550
395 564
395 652
395 658
395 669
395 789
395 795
395 842
395 960
396 405
396 418
396 449
396 638
396 645
396 790
396 847
396 894
396 905
396 939
397 430
397 505
397 535
397 541
397 629
397 738
397 787
397 813
397 953
398 448
398 449
398 500
398 512
398 516
398 517
398 556
398 574
398 582
398 672
398 701
398 736
398 739
398 767
398 801
398 812
398 838
398 856
398 886
398 894
398 897
398 903
398 916
398 917
398 995
399 471
399 574
399 583
399 697
399 722
399 729
399 753
399 832
399 956
400 406
400 440
400 464
400 473
400 545
400 573
400 604
400 701
400 719
400 734
400 850
400 877
400 935
400 954
400 987
401 421
401 440
401 492
401 516
401 559
401 591
401 609
401 629
401 657
401 682
401 695
401 700
401 716
401 777
401 811
401 825
401 827
401 909
401 924
401 969
402 530
402 536
402 572
402 575
402 595
402 605
402 627
402 677
402 750
402 763
402 771
402 779
402 796
402 914
402 930
402 962
403 405
403 441
403 535
403 560
403 604
403 660
403 760
403 761
403 798
403 825
403 957
403 972
403 993
404 583
404 617
404 645
404 751
404 793
404 800
404 845
404 872
404 873
404 885
404 975
405 408
405 413
405 474
405 484
405 514
405 524
405 541
405 576
405 581
405 603
405 663
405 672
405 723
405 742
405 764
405 770
405 789
405 801
405 827
405 870
405 904
405 945
405 962
406 413
406 425
406 532
406 568
406 628
406 699
406 751
406 757
406 843
406 866
406 885
406 926
406 993
407 408
407 433
407 466
407 492
407 494
407 590
407 608
407 663
407 675
407 699
407 722
407 727
407 760
407 781
407 809
407 825
407 878
407 896
407 914
407 915
407 944
407 977
407 996
408 451
408 477
408 502
408 569
408 574
408 578
408 589
408 622
408 703
408 722
408 800
408 847
408 884
408 905
409 534
409 542
409 644
409 709
409 747
409 822
409 831
409 832
409 834
409 907
409 939
410 441
410 495
410 553
410 685
410 717
410 725
410 855
410 930
411 438
411 473
411 520
411 582
411 584
411 665
411 680
411 694
411 741
411 756
411 762
411 770
411 781
411 785
411 802
411 849
411 853
411 865
411 870
411 873
411 902
411 970
411 985
411 991
412 433
412 572
412 639
412 664
412 718
412 748
412 828
412 843
412 845
412 847
412 990
413 417
413 437
413 507
413 565
413 571
413 590
413 599
413 661
413 711
413 712
413 760
413 839
413 841
413 866
413 920
413 953
414 424
414 436
414 452
414 473
414 508
414 528
414 566
414 567
414 572
414 574
414 585
414 712
414 733
414 753
414 776
414 781
414 804
414 812
414 877
414 884
414 891
414 912
414 948
414 969
415 512
415 616
415 742
415 766
415 815
415 827
415 945
416 476
416 493
416 518
416 538
416 544
416 548
416 559
416 748
416 800
416 857
416 873
416 885
416 927
416 953
416 969
416 975
416 996
417 447
417 452
417 457
417 486
417 494
417 520
417 526
417 536
417 538
417 551
417 565
417 572
417 585
417 626
417 630
417 662
417 688
417 711
417 755
417 756
417 768
417 785
417 792
417 800
417 802
417 841
417 853
417 866
417 877
417 888
417 892
417 896
417 900
417 915
417 923
417 935
417 942
417 987
418 505
418 625
418 750
418 914
418 926
418 988
419 430
419 432
419 436
419 493
419 526
419 541
419 543
419 559
419 574
419 575
419 581
419 592
419 626
419 644
419 669
419 674
419 697
419 714
419 735
419 742
419 747
419 765
419 794
419 817
419 827
419 876
419 905
419 916
419 939
419 947
419 963
419 973
419 981
419 983
420 433
420 493
420 531
420 537
420 558
420 559
420 626
420 627
420 635
420 680
420 693
420 695
420 772
420 807
420 811
420 820
420 842
420 862
420 906
420 909
420 953
420 998
421 422
421 431
421 493
421 495
421 552
421 581
421 593
421 626
421 629
421 644
421 657
421 658
421 677
421 715
421 726
421 769
421 798
421 876
421 880
421 910
421 916
421 920
421 979
421 981
422 434
422 712
422 757
422 798
422 800
422 801
422 803
422 885
422 933
422 936
422 941
422 957
422 977
423 462
423 522
423 529
423 619
423 626
423 676
423 708
423 771
423 772
423 787
423 847
423 921
423 953
423 955
424 444
424 496
424 529
424 541
424 574
424 648
424 660
424 736
424 804
424 834
424 843
424 865
424 911
424 921
424 936
424 965
425 440
425 441
425 519
425 530
425 566
425 572
425 610
425 637
425 677
425 701
425 723
425 759
425 809
425 816
425 862
425 868
425 871
425 894
425 921
425 954
425 978
425 999
426 433
426 463
426 538
426 617
426 686
426 693
426 741
426 755
426 822
426 829
426 859
426 930
426 951
426 952
427 644
427 649
427 825
427 904
427 942
427 975
427 996
428 468
428 557
428 640
428 644
428 660
428 759
428 942
428 943
429 440
429 467
429 506
429 608
429 621
429 633
429 642
429 661
429 725
429 735
429 750
429 797
429 853
429 869
429 902
429 926
429 971
430 484
430 498
430 512
430 518
430 556
430 559
430 574
430 575
430 592
430 609
430 611
430 621
430 653
430 672
430 674
430 720
430 762
430 845
430 878
430 942
430 949
430 954
430 981
431 480
431 513
431 522
431 591
431 607
431 628
431 796
431 838
431 916
431 951
431 957
431 988
432 504
432 565
432 576
432 617
432 645
432 646
432 666
432 730
432 772
432 795
432 924
432 943
433 434
433 461
433 498
433 506
433 514
433 579
433 596
433 598
433 607
433 615
433 626
433 653
433 702
433 714
433 718
433 727
433 803
433 805
433 806
433 846
433 869
433 936
433 989
434 447
434 520
434 624
434 649
434 711
434 793
434 836
435 456
435 469
435 506
435 685
435 832
435 857
435 937
435 955
435 962
435 975
435 996
436 439
436 467
436 493
436 503
436 513
436 588
436 626
436 662
436 667
436 676
436 683
436 684
436 765
436 767
436 772
436 794
436 848
436 864
436 891
436 892
436 902
436 923
436 973
437 488
437 503
437 512
437 642
437 840
437 935
437 950
438 510
438 518
438 537
438 548
438 572
438 576
438 630
438 678
438 707
438 729
438 772
438 796
438 805
438 860
438 905
438 930
438 986
438 992
439 446
439 473
439 569
439 636
439 645
439 652
439 712
439 876
439 902
440 487
440 532
440 538
440 549
440 551
440 559
440 588
440 639
440 641
440 662
440 692
440 716
440 742
440 792
440 803
440 804
440 808
440 835
440 838
440 844
440 849
440 858
440 863
440 925
440 939
440 967
441 451
441 516
441 565
441 567
441 581
441 597
441 601
441 647
441 648
441 649
441 660
441 677
441 683
441 732
441 747
441 760
441 776
441 786
441 819
441 833
441 857
441 897
441 920
441 927
441 941
441 954
441 989
441 998
442 480
442 530
442 573
442 642
442 723
442 736
442 759
442 800
442 801
442 853
442 860
442 915
442 928
442 942
443 481
443 504
443 613
443 639
443 651
443 751
443 761
443 831
443 842
443 853
443 879
443 899
443 913
443 924
443 925
444 506
444 521
444 593
444 743
444 895
444 905
444 934
444 939
444 947
445 491
445 590
445 676
445 715
445 729
445 750
445 805
445 954
446 500
446 550
446 744
446 751
446 790
446 810
446 879
446 934
447 472
447 498
447 535
447 574
447 610
447 642
447 823
447 849
447 884
447 962
448 610
448 689
448 765
448 835
448 865
448 905
448 951
449 451
449 459
449 470
449 475
449 477
449 479
449 486
449 511
449 530
449 532
449 533
449 594
449 621
449 653
449 690
449 713
449 722
449 730
449 770
449 808
449 849
449 863
449 912
449 926
449 983
450 521
450 547
450 689
450 704
450 742
450 828
450 848
450 890
450 891
450 926
450 928
450 934
451 626
451 704
451 813
451 841
452 517
452 522
452 584
452 600
452 610
452 611
452 625
452 654
452 706
452 808
452 815
452 884
452 945
452 959
452 992
453 496
453 505
453 526
453 533
453 539
453 627
453 641
453 642
453 662
453 793
453 847
453 919
454 494
454 605
454 648
454 658
454 739
454 793
454 796
454 863
454 935
455 500
455 508
455 519
455 537
455 563
455 576
455 583
455 593
455 621
455 637
455 641
455 642
455 644
455 647
455 669
455 730
455 764
455 788
455 801
455 812
455 890
455 891
455 945
455 967
456 490
456 515
456 516
456 533
456 549
456 644
456 646
456 657
456 658
456 690
456 758
456 805
456 886
456 889
456 897
456 922
457 666
457 724
457 765
457 783
457 853
457 954
458 626
458 632
458 670
458 797
458 800
458 863
458 865
458 869
458 976
459 603
459 662
459 680
459 847
459 914
460 553
460 566
460 607
460 623
460 742
460 770
460 815
460 856
460 857
460 869
460 879
460 931
460 940
460 948
461 476
461 503
461 516
461 607
461 619
461 621
461 640
461 654
461 676
461 717
461 722
461 755
461 794
461 806
461 832
461 847
461 862
461 866
461 924
461 937
461 950
461 970
461 984
462 611
462 813
462 820
462 841
462 874
462 898
462 999
463 556
463 600
463 622
463 690
463 744
463 843
463 889
463 896
463 897
464 470
464 526
464 532
464 642
464 666
464 720
464 734
464 780
464 788
464 883
464 947
465 549
465 574
465 583
465 626
465 660
465 664
465 691
465 719
465 728
465 779
465 914
465 968
466 472
466 479
466 485
466 516
466 587
466 606
466 657
466 661
466 704
466 772
466 843
466 849
466 953
466 963
467 496
467 548
467 583
467 633
467 680
467 818
467 843
467 907
467 957
467 994
467 995
468 500
468 566
468 601
468 634
468 660
468 661
468 693
468 831
468 979
469 552
469 553
469 565
469 606
469 612
469 613
469 626
469 644
469 699
469 722
469 744
469 804
469 810
469 853
469 854
469 905
469 953
469 975
470 477
470 543
470 558
470 608
470 751
470 795
470 801
470 807
470 833
470 872
470 919
470 924
470 930
471 478
471 480
471 484
471 488
471 497
471 514
471 586
471 725
471 741
471 755
471 756
471 770
471 779
471 800
471 823
471 909
471 914
471 919
471 954
472 500
472 525
472 557
472 560
472 648
472 653
472 660
472 662
472 675
472 720
472 729
472 760
472 771
472 803
472 847
472 887
472 888
472 890
472 935
472 970
472 997
473 493
473 494
473 519
473 532
473 535
473 584
473 592
473 628
473 649
473 659
473 670
473 747
473 757
473 783
473 803
473 862
473 896
473 930
473 934
473 966
473 996
473 998
474 478
474 533
474 581
474 614
474 655
474 705
474 737
474 768
474 820
474 841
474 891
474 894
474 914
475 491
475 497
475 533
475 548
475 692
475 783
475 802
475 822
475 839
475 921
475 957
476 487
476 522
476 584
476 621
476 637
476 720
476 740
476 758
476 801
476 806
476 874
476 934
476 948
477 536
477 563
477 644
477 692
477 710
477 712
477 738
477 777
477 808
477 814
477 901
478 490
478 524
478 527
478 747
478 801
478 803
478 834
478 918
478 948
478 962
479 495
479 776
479 789
479 796
479 817
479 833
479 850
479 919
479 978
480 531
480 590
480 751
480 847
480 862
480 909
480 955
480 971
480 985
480 996
481 545
481 566
481 604
481 641
481 681
481 693
481 911
481 946
481 980
482 483
482 492
482 516
482 594
482 618
482 727
482 734
482 770
482 805
482 867
482 919
482 931
482 940
482 946
482 970
483 488
483 533
483 538
483 559
483 575
483 610
483 629
483 649
483 668
483 775
483 822
483 841
483 877
483 923
483 935
484 561
484 583
484 601
484 617
484 735
484 762
484 782
484 790
484 811
484 834
484 874
484 920
484 932
484 976
485 496
485 628
485 651
485 683
485 744
485 868
485 933
485 961
485 979
486 523
486 565
486 803
486 823
486 899
487 493
487 550
487 574
487 623
487 636
487 669
487 671
487 705
487 725
487 726
487 730
487 737
487 751
487 784
487 786
487 862
487 964
487 983
488 569
488 585
488 650
488 717
488 725
488 755
488 764
488 768
488 789
488 790
488 810
488 820
488 851
489 522
489 549
489 562
489 577
489 789
489 797
489 805
489 897
489 924
489 950
489 979
490 639
490 693
490 819
490 894
490 955
491 550
491 610
491 663
491 683
491 703
491 728
491 736
491 756
491 911
491 965
491 975
492 510
492 512
492 522
492 537
492 589
492 603
492 623
492 648
492 663
492 668
492 724
492 744
492 755
492 765
492 779
492 802
492 829
492 831
492 935
492 946
493 538
493 564
493 569
493 612
493 622
493 692
493 746
493 778
493 793
493 841
493 847
493 872
493 897
493 946
493 986
494 509
494 531
494 548
494 575
494 589
494 610
494 616
494 634
494 661
494 664
494 675
494 688
494 696
494 704
494 715
494 753
494 754
494 760
494 818
494 820
494 838
494 841
494 845
494 847
494 854
494 859
494 917
494 981
495 544
495 576
495 651
495 657
495 702
495 732
495 740
495 865
495 951
495 954
496 526
496 540
496 555
496 574
496 671
496 681
496 697
496 712
496 714
496 749
496 790
496 796
496 819
496 823
496 839
496 850
496 943
496 946
496 960
496 966
496 994
497 515
497 528
497 533
497 590
497 619
497 725
497 742
497 756
497 760
497 808
497 852
497 865
497 951
498 526
498 565
498 576
498 621
498 629
498 637
498 641
498 687
498 706
498 725
498 774
498 824
498 855
498 860
498 899
498 982
498 994
499 544
499 586
499 772
499 852
499 853
499 855
499 949
500 628
500 702
500 737
500 791
500 817
500 824
500 847
500 915
500 953
500 977
501 502
501 592
501 596
501 601
501 605
501 619
501 639
501 705
501 712
501 724
501 737
501 751
501 763
501 774
501 777
501 786
501 866
501 901
501 906
501 920
501 933
501 962
501 972
501 977
501 978
501 992
502 542
502 553
502 556
502 582
502 590
502 610
502 663
502 681
502 682
502 718
502 724
502 803
502 827
502 836
502 847
502 859
502 866
502 898
502 922
502 936
502 953
502 983
503 522
503 539
503 611
503 687
503 700
503 719
503 723
503 758
503 763
503 813
503 832
503 845
503 859
503 895
503 951
503 961
503 992
504 581
504 583
504 631
504 641
504 652
504 660
504 793
504 818
504 875
504 885
505 508
505 660
505 693
505 732
505 829
505 834
505 923
505 970
505 972
505 1000
506 523
506 607
506 825
506 921
506 925
507 539
507 805
507 819
507 921
507 944
508 516
508 518
508 581
508 678
508 704
508 886
508 923
508 930
508 997
509 565
509 597
509 606
509 626
509 661
509 751
509 787
509 866
509 867
509 935
510 535
510 543
510 555
510 578
510 593
510 626
510 628
510 660
510 678
510 731
510 732
510 745
510 787
510 813
510 817
510 845
510 878
510 920
510 932
510 971
510 981
510 994
511 518
511 603
511 651
511 691
511 720
511 737
511 745
511 791
511 828
511 883
511 944
511 951
512 516
512 524
512 533
512 604
512 610
512 640
512 685
512 736
512 744
512 763
512 772
512 859
512 896
512 933
512 938
512 941
513 600
513 679
513 721
513 827
513 835
513 853
513 931
513 947
513 988
514 519
514 582
514 586
514 643
514 720
514 794
514 812
514 838
514 848
514 859
514 862
514 865
514 869
514 877
514 880
514 957
515 586
515 675
515 706
515 793
515 797
515 873
515 899
515 981
515 994
516 578
516 637
516 670
516 687
516 704
516 714
516 761
516 829
516 845
516 860
516 861
516 870
516 883
516 999
517 644
517 707
517 725
517 750
517 770
517 772
517 777
517 793
517 873
517 906
517 953
517 975
517 982
517 997
518 535
518 599
518 694
518 741
518 857
518 891
518 903
518 951
518 953
518 982
519 556
519 600
519 610
519 614
519 625
519 652
519 677
519 678
519 694
519 745
519 751
519 770
519 777
519 924
519 933
519 959
520 672
520 757
520 758
520 787
520 825
520 936
521 552
521 613
521 633
521 657
521 662
521 671
521 724
521 727
521 736
521 827
521 832
521 853
521 864
521 880
521 882
521 996
522 567
522 603
522 614
522 632
522 664
522 708
522 721
522 785
522 802
522 843
522 922
522 956
522 957
522 989
523 571
523 642
523 660
523 662
523 685
523 726
523 736
523 738
523 811
523 835
523 836
523 860
523 913
523 930
523 944
523 947
523 972
524 563
524 596
524 605
524 658
524 707
524 797
524 935
525 533
525 631
525 672
525 695
525 785
525 803
525 825
525 837
525 924
525 925
526 569
526 579
526 583
526 598
526 610
526 620
526 709
526 738
526 798
526 818
526 853
526 926
527 542
527 546
527 565
527 669
527 683
527 686
527 749
527 779
527 810
527 841
527 865
527 888
527 939
528 539
528 568
528 677
528 681
528 803
528 805
528 819
528 843
528 872
528 894
528 906
528 956
528 979
529 683
529 787
529 802
529 935
530 540
530 580
530 588
530 623
530 666
530 780
530 787
530 846
530 903
530 904
531 670
531 713
531 729
531 744
531 787
531 793
531 806
531 864
531 951
531 985
531 988
532 772
532 787
532 824
532 894
532 935
533 544
533 565
533 572
533 575
533 596
533 615
533 620
533 643
533 652
533 657
533 661
533 706
533 742
533 756
533 780
533 808
533 811
533 841
533 892
533 907
533 949
533 954
534 553
534 561
534 562
534 652
534 726
534 788
534 831
534 842
534 851
534 955
534 977
535 563
535 588
535 607
535 638
535 639
535 656
535 657
535 678
535 706
535 729
535 771
535 814
535 824
535 831
535 895
535 908
535 914
535 920
535 937
535 946
535 948
535 972
535 987
535 993
536 554
536 565
536 738
536 879
536 891
536 976
537 590
537 626
537 660
537 698
537 705
537 706
537 725
537 803
537 841
537 905
537 954
538 545
538 577
538 604
538 608
538 624
538 643
538 662
538 668
538 831
538 840
538 864
538 901
538 939
538 959
538 987
538 994
539 549
539 608
539 627
539 678
539 689
539 694
539 695
539 712
539 750
539 770
539 795
539 825
539 834
539 838
539 841
539 850
539 855
539 894
540 578
540 648
540 661
540 664
540 711
540 772
540 796
540 930
541 577
541 579
541 603
541 618
541 627
541 642
541 644
541 649
541 673
541 697
541 789
541 809
541 827
541 829
541 911
541 927
541 959
542 545
542 546
542 578
542 613
542 629
542 630
542 698
542 702
542 716
542 818
542 848
542 961
543 598
543 634
543 676
543 763
543 764
543 827
543 917
543 922
543 932
543 977
544 553
544 587
544 697
544 749
544 780
544 787
544 803
544 820
544 893
544 940
545 549
545 551
545 586
545 635
545 642
545 697
545 751
545 753
545 787
545 810
545 825
545 832
545 839
545 844
545 905
546 572
546 607
546 683
546 832
546 836
546 848
546 912
546 951
546 999
547 581
547 692
547 762
547 803
547 845
547 907
547 970
547 997
548 571
548 585
548 605
548 615
548 650
548 670
548 718
548 762
548 806
548 823
548 832
548 840
548 864
548 882
548 903
548 908
549 628
549 645
549 648
549 692
549 719
549 748
549 796
549 812
549 823
549 826
549 839
549 886
549 929
550 612
550 660
550 665
550 756
550 803
550 845
550 855
550 925
551 586
551 628
551 656
551 749
551 750
551 791
551 805
551 895
551 915
551 946
552 633
552 668
552 756
552 834
552 843
552 950
553 580
553 583
553 599
553 601
553 661
553 685
553 693
553 715
553 782
553 847
553 871
553 880
553 891
553 903
554 564
554 614
554 661
554 674
554 688
554 776
554 827
554 870
554 874
554 889
554 951
555 639
555 658
555 736
555 797
555 798
555 810
555 839
555 854
555 902
555 935
555 990
556 558
556 571
556 592
556 656
556 657
556 660
556 672
556 688
556 770
556 779
556 787
556 793
556 834
556 859
556 860
556 872
556 880
556 892
556 917
556 959
556 961
556 976
557 581
557 657
557 666
557 670
557 671
557 739
557 770
557 839
557 868
557 935
557 999
558 581
558 601
558 634
558 647
558 677
558 678
558 687
558 718
558 741
558 780
558 796
558 853
558 865
558 989
559 574
559 583
559 639
559 711
559 724
559 750
559 754
559 973
560 648
560 697
560 719
560 786
560 841
560 860
561 699
561 720
561 752
561 761
561 810
561 924
561 990
561 993
562 570
562 631
562 633
562 648
562 677
562 713
562 749
562 787
562 847
562 995
562 997
563 651
563 690
563 724
563 740
563 751
563 784
563 847
563 927
563 944
563 988
564 811
564 898
564 915
565 574
565 586
565 598
565 603
565 607
565 651
565 671
565 676
565 722
565 727
565 771
565 773
565 815
565 823
565 830
565 896
565 906
565 920
565 964
565 976
566 574
566 607
566 703
566 717
566 806
566 855
566 871
566 882
566 929
567 586
567 666
567 692
567 693
567 698
567 718
567 827
567 891
567 939
567 953
567 994
567 997
568 612
568 930
568 955
568 979
569 574
569 668
569 734
569 765
569 778
569 806
569 816
569 887
569 918
569 919
569 961
570 579
570 583
570 600
570 633
570 634
570 643
570 649
570 701
570 736
570 758
570 785
570 889
570 945
570 974
571 576
571 617
571 620
571 636
571 664
571 719
571 720
571 733
571 744
571 777
571 792
571 800
571 811
571 824
571 837
571 851
571 866
571 889
571 900
571 936
571 968
571 991
571 997
572 610
572 652
572 719
572 737
572 799
572 847
572 853
572 879
572 979
573 574
573 637
573 656
573 665
573 813
573 829
573 862
573 879
573 904
573 967
573 981
573 993
574 585
574 610
574 611
574 642
574 648
574 662
574 724
574 751
574 764
574 862
574 866
574 869
574 903
574 955
574 970
575 608
575 625
575 661
575 670
575 693
575 699
575 716
575 754
575 788
575 797
575 829
575 882
575 906
575 953
575 985
576 672
576 724
576 743
576 744
576 771
576 776
576 978
576 994
577 633
577 652
577 654
577 688
577 827
577 869
577 906
577 923
577 955
577 977
578 597
578 609
578 624
578 679
578 694
578 721
578 733
578 734
578 742
578 749
578 767
578 829
578 847
578 851
578 877
578 920
578 927
578 936
578 988
579 652
579 869
579 883
579 900
579 930
579 962
579 970
579 1000
580 595
580 619
580 657
580 669
580 719
580 830
580 840
580 858
580 886
580 893
580 919
580 927
580 935
580 957
581 604
581 609
581 610
581 618
581 628
581 644
581 670
581 683
581 747
581 770
581 819
581 832
581 852
581 908
581 962
581 989
582 772
582 809
582 812
582 841
582 865
582 903
582 908
582 962
582 974
582 1000
583 592
583 601
583 610
583 615
583 645
583 650
583 666
583 678
583 693
583 702
583 771
583 803
583 815
583 856
583 875
583 903
583 907
583 951
583 986
583 995
584 633
584 652
584 827
584 984
584 987
584 994
584 997
585 609
585 644
585 685
585 717
585 758
585 763
585 798
585 876
585 934
585 975
586 603
586 617
586 640
586 646
586 721
586 752
586 766
586 804
586 848
586 862
586 873
586 885
586 993
587 606
587 628
587 645
587 665
587 700
587 717
587 743
587 766
587 804
587 821
588 594
588 611
588 621
588 661
588 720
588 724
588 727
588 756
588 814
588 861
588 924
588 955
588 994
589 660
589 706
589 723
589 744
589 780
589 793
589 828
589 831
589 933
590 609
590 640
590 644
590 648
590 738
590 804
590 818
590 858
590 981
591 661
591 780
591 820
591 823
591 835
591 921
592 604
592 620
592 638
592 690
592 697
592 743
592 798
592 800
592 821
592 824
592 827
592 849
592 891
592 894
592 914
592 939
592 990
593 670
593 830
593 832
593 884
594 607
594 708
594 745
594 830
595 610
595 747
595 760
595 771
595 858
595 904
595 930
595 941
596 601
596 650
596 742
596 845
596 918
596 922
596 967
597 661
597 701
597 728
597 809
597 818
597 845
597 947
598 677
598 736
598 838
598 845
598 866
598 934
598 938
598 976
599 627
599 644
599 669
599 719
599 845
599 969
600 693
600 698
600 756
600 758
600 795
600 802
600 823
600 828
600 975
600 976
600 986
601 614
601 667
601 679
601 717
601 748
601 754
601 848
601 849
601 895
601 955
601 992
601 997
602 628
602 639
602 653
602 667
602 717
602 755
602 757
602 769
602 772
602 793
602 828
602 888
602 936
602 950
602 955
602 977
602 979
603 624
603 629
603 690
603 903
603 928
603 939
604 648
604 661
604 722
604 789
604 816
604 832
604 841
604 846
604 847
604 858
604 881
604 883
604 900
604 907
604 934
604 947
604 958
604 970
604 976
605 608
605 618
605 658
605 693
605 755
605 764
605 800
605 813
605 897
605 905
605 946
605 951
605 990
606 613
606 614
606 748
606 809
606 848
606 882
606 887
606 900
606 943
606 957
607 612
607 626
607 664
607 678
607 685
607 710
607 716
607 739
607 746
607 855
607 912
608 718
608 747
608 840
608 872
608 916
608 918
608 933
608 939
608 955
608 991
608 994
609 651
609 658
609 670
609 682
609 725
609 884
610 618
610 641
610 649
610 656
610 692
610 706
610 740
610 761
610 763
610 768
610 794
610 830
610 856
610 874
610 894
610 926
610 938
610 944
610 955
610 977
610 979
610 990
610 995
611 660
611 717
611 734
611 836
611 840
611 866
611 905
611 957
612 678
612 683
612 710
612 713
612 735
612 771
612 789
612 801
612 806
612 852
612 857
612 875
612 877
612 882
612 891
612 904
612 924
612 936
612 944
612 947
612 958
612 997
613 652
613 674
613 675
613 716
613 717
613 732
613 742
613 751
613 766
613 770
613 774
613 846
613 866
613 874
613 887
613 965
613 968
614 646
614 701
614 726
614 787
614 907
615 693
615 868
616 636
616 659
616 700
616 758
616 777
616 803
616 848
616 897
616 957
617 661
617 742
617 770
617 802
617 848
617 855
617 940
617 962
617 992
617 998
618 706
618 770
618 864
618 866
619 643
619 801
619 860
619 956
619 986
620 626
620 648
620 661
620 673
620 694
620 716
620 732
620 747
620 779
620 988
621 625
621 725
621 756
621 757
621 782
621 978
622 645
622 661
622 675
622 684
622 692
622 995
623 633
623 644
623 656
623 687
623 697
623 740
623 747
623 765
623 770
623 889
623 912
623 924
623 947
623 975
623 984
624 928
624 991
625 711
625 721
625 756
625 803
625 865
625 928
625 941
625 953
625 982
626 630
626 641
626 677
626 719
626 735
626 766
626 779
626 802
626 816
626 851
626 940
627 633
627 697
627 719
627 730
627 784
627 918
628 660
628 663
628 693
628 704
628 718
628 727
628 733
628 742
628 745
628 757
628 775
628 810
628 866
628 867
628 879
628 883
628 930
628 939
628 946
628 980
628 997
629 642
629 652
629 780
629 793
629 874
629 922
629 934
630 641
630 750
630 764
630 784
630 787
630 817
630 819
630 837
630 841
630 883
630 892
630 926
631 657
631 658
631 702
631 707
631 720
631 905
631 987
632 683
632 713
632 718
632 748
632 758
632 771
632 800
632 802
632 855
632 864
632 865
632 866
632 902
632 919
632 991
633 642
633 646
633 697
633 702
633 744
633 772
633 799
633 837
633 871
633 874
633 911
633 920
633 927
633 953
633 959
633 984
634 639
634 650
634 666
634 704
634 937
635 822
635 839
635 870
635 919
635 974
635 988
636 662
636 736
636 754
636 770
636 807
636 817
636 846
636 860
636 896
636 902
637 700
637 704
637 880
637 991
638 789
638 862
638 897
639 666
639 703
639 724
639 739
639 748
639 764
639 775
639 835
639 838
639 841
639 842
639 862
639 871
639 873
639 891
639 938
639 968
640 697
640 718
640 742
640 758
640 789
640 793
640 822
640 839
640 930
641 756
641 783
641 793
641 814
641 820
641 843
641 892
641 935
642 728
642 755
642 794
642 814
642 862
642 873
642 896
642 905
642 908
642 915
642 926
642 979
643 658
643 684
643 795
643 834
643 846
643 930
643 945
643 958
644 645
644 688
644 722
644 744
644 765
644 772
644 783
644 793
644 819
644 825
644 843
645 680
645 692
645 760
645 766
645 871
645 892
645 904
645 918
645 929
645 930
645 945
645 959
645 968
646 651
646 772
646 946
646 964
646 974
647 666
647 673
647 710
647 758
647 853
647 873
647 880
647 934
647 937
647 956
647 965
647 993
648 712
648 740
648 756
648 787
648 811
648 827
648 829
648 840
648 851
648 853
648 876
648 906
648 953
648 957
648 985
649 676
649 688
649 758
649 777
649 843
650 666
650 692
650 704
650 754
650 797
650 805
650 819
650 939
650 951
650 955
650 987
651 660
651 715
651 805
651 865
651 881
651 938
652 657
652 731
652 738
652 773
652 787
652 820
652 853
652 915
652 943
652 952
652 960
652 969
652 976
652 994
653 686
653 722
653 795
653 802
653 930
654 680
654 894
654 934
654 982
655 738
655 748
655 761
655 813
655 922
656 663
656 692
656 823
656 865
656 900
656 917
656 941
656 946
656 953
656 975
656 979
657 717
657 816
657 873
657 874
657 881
658 690
658 717
658 725
658 789
658 855
658 860
658 968
658 983
659 701
659 715
659 794
659 855
659 924
659 947
659 980
659 996
660 675
660 695
660 699
660 710
660 718
660 720
660 726
660 733
660 735
660 746
660 783
660 785
660 815
660 857
660 937
660 953
661 675
661 701
661 714
661 722
661 737
661 739
661 749
661 752
661 778
661 786
661 813
661 817
661 830
661 853
661 887
661 888
661 890
661 914
661 922
661 954
661 960
662 675
662 740
662 777
662 806
662 816
662 834
662 862
662 884
662 926
662 964
662 986
663 664
663 682
663 706
663 745
663 785
663 800
663 981
663 994
664 671
664 675
664 679
664 713
664 728
664 748
664 753
664 817
664 820
664 843
664 864
664 898
664 954
664 978
664 981
665 745
665 802
665 804
665 823
666 680
666 689
666 693
666 716
666 717
666 779
666 781
666 803
666 854
666 886
666 897
666 898
666 958
667 668
667 796
667 814
667 874
667 893
668 747
668 820
668 823
668 841
668 867
668 884
668 887
668 890
669 698
669 758
669 803
669 813
669 825
669 845
669 868
669 903
669 961
669 973
669 994
670 691
670 706
670 717
670 733
670 777
670 782
670 808
670 819
670 852
670 906
671 682
671 715
671 738
671 756
671 767
671 954
671 960
672 692
672 799
672 836
672 845
672 857
672 948
673 722
673 883
673 905
673 909
673 955
674 755
674 765
674 791
674 868
675 697
675 745
675 752
675 830
675 834
675 854
675 856
675 968
675 984
675 993
676 722
676 736
676 858
676 860
676 939
677 699
677 716
677 758
677 810
677 888
677 889
677 945
677 963
677 993
678 691
678 713
678 737
678 744
678 748
678 786
678 801
678 807
678 945
678 998
679 682
679 700
679 707
679 769
679 785
679 817
679 876
679 919
680 704
680 733
680 753
680 760
680 817
680 844
680 930
681 691
681 712
681 716
681 718
681 738
681 950
682 957
682 989
683 738
683 801
683 802
683 817
683 826
683 845
683 885
683 974
683 989
684 826
684 833
684 874
684 883
684 939
685 726
685 868
685 879
685 949
685 951
685 970
686 845
686 953
686 980
686 991
686 992
686 997
687 738
687 740
687 784
687 793
687 797
687 806
687 841
687 847
687 883
687 898
687 946
687 966
688 730
688 759
688 788
688 863
688 889
688 914
688 931
688 950
689 822
689 919
689 973
690 692
690 738
690 780
690 791
690 860
690 870
691 694
691 700
691 739
691 810
691 885
691 888
691 895
691 943
691 952
691 954
691 978
692 698
692 707
692 711
692 719
692 725
692 739
692 747
692 753
692 774
692 788
692 790
692 839
692 847
692 871
692 873
692 884
692 897
692 929
692 946
692 979
692 983
693 700
693 740
693 747
693 776
693 784
693 794
693 805
693 820
693 859
693 873
693 889
693 892
693 956
693 957
693 960
694 737
694 755
694 865
694 910
694 928
694 968
694 973
695 719
695 751
695 780
695 820
695 829
695 847
695 856
695 936
695 956
696 781
696 919
697 736
697 738
697 770
697 779
697 789
697 793
697 802
697 840
697 855
697 877
697 896
697 910
697 943
697 949
698 772
698 874
698 953
698 994
699 722
699 805
699 814
699 942
699 981
700 701
700 883
700 895
700 931
701 737
701 861
701 939
701 975
701 977
701 997
702 727
702 736
702 741
702 803
702 817
702 829
702 879
702 881
702 892
702 915
702 963
703 729
703 763
703 891
703 910
703 944
703 951
703 953
704 775
704 787
704 791
704 827
704 865
704 924
705 740
705 767
705 781
705 875
705 945
705 956
705 993
706 737
706 787
706 862
706 948
706 974
706 996
707 724
707 766
707 799
707 814
707 823
707 832
707 931
708 745
708 751
708 793
708 845
708 915
709 761
709 902
709 935
709 947
709 964
709 983
710 802
710 805
710 873
710 898
710 992
711 781
711 899
711 951
711 994
712 737
712 738
712 741
712 770
712 783
712 882
712 975
713 883
714 790
714 876
714 955
714 957
714 968
715 718
715 805
715 810
715 882
715 917
715 935
715 958
715 990
715 991
716 742
716 752
716 760
716 813
716 889
716 924
716 941
716 954
716 975
717 756
717 758
717 830
717 871
717 877
717 892
717 913
717 914
717 938
717 961
718 737
718 841
718 860
718 870
718 887
718 899
718 904
718 907
718 921
718 924
719 732
719 756
719 798
719 852
719 918
719 948
720 854
721 738
721 744
721 916
721 928
722 737
722 749
722 764
722 766
722 814
722 818
722 869
722 893
722 936
722 972
723 739
723 760
723 819
723 921
723 927
723 934
724 740
724 758
724 821
724 853
724 890
724 909
725 877
725 993
726 730
726 907
726 997
727 748
727 798
727 889
727 907
727 910
727 945
728 751
728 769
728 820
728 923
728 949
729 770
729 841
729 869
729 903
729 905
729 913
729 939
729 951
729 990
730 742
730 756
730 791
730 855
730 922
730 974
731 760
731 881
731 966
732 811
732 812
732 843
732 865
732 904
732 905
732 993
733 851
733 896
734 744
734 758
734 764
734 772
734 805
734 838
734 884
734 894
734 925
734 928
734 929
734 957
734 975
734 976
734 991
735 752
735 785
735 847
735 867
735 886
735 977
735 980
735 989
736 806
736 823
736 847
736 867
736 869
736 937
737 843
737 879
738 775
738 792
738 810
738 863
738 891
738 897
738 910
738 932
738 945
738 959
738 962
738 963
738 975
738 983
739 752
739 794
739 836
739 862
739 927
739 935
739 942
740 742
740 752
740 768
740 787
740 809
740 881
740 991
740 1000
741 750
741 796
741 802
741 806
741 864
741 901
742 770
742 778
742 821
742 831
742 834
742 853
742 863
742 880
742 888
742 897
742 914
742 946
742 959
742 972
743 779
743 819
743 897
743 974
744 758
744 772
744 817
744 875
744 878
744 922
745 775
745 809
745 846
745 937
745 938
745 940
745 999
746 805
746 806
746 928
746 957
747 761
747 766
747 777
747 789
747 794
747 856
747 857
747 888
747 927
747 954
747 969
747 989
748 770
748 775
748 785
748 810
748 924
748 933
748 935
748 970
748 997
748 998
749 776
749 800
749 853
749 862
749 913
749 934
749 945
749 947
749 957
749 979
749 981
750 793
750 828
750 913
751 795
751 825
751 829
751 846
751 866
751 951
751 952
751 963
751 986
752 755
752 768
752 919
752 957
753 872
753 880
753 902
753 988
754 867
754 869
754 881
754 919
754 939
755 793
755 813
755 814
755 817
755 820
755 880
755 954
756 827
756 841
756 855
756 857
756 864
756 874
756 879
756 887
756 910
756 916
756 924
756 930
756 970
757 820
757 873
757 886
757 908
757 999
758 779
758 834
758 921
758 943
758 993
759 821
759 879
759 890
759 910
759 926
760 802
761 782
761 790
761 798
761 822
761 832
761 849
761 930
761 938
761 941
761 963
761 990
762 780
762 787
762 847
762 854
762 869
762 919
762 925
762 985
763 920
764 778
764 786
764 791
764 815
765 811
765 921
765 935
765 946
765 954
766 779
766 784
766 953
766 964
767 793
767 809
767 817
767 821
767 905
767 936
767 947
767 953
767 966
768 858
769 785
769 788
769 947
770 776
770 783
770 807
770 809
770 830
770 846
770 860
770 863
770 934
770 968
770 989
770 994
770 999
771 805
771 883
771 968
772 807
772 829
772 845
772 873
772 907
772 911
772 934
772 951
772 974
772 988
773 829
773 831
773 838
773 841
773 910
773 933
773 961
773 990
774 775
774 782
774 860
774 863
774 896
774 963
774 979
774 982
775 800
775 803
775 855
775 903
775 917
775 955
775 966
776 922
776 992
777 853
777 879
777 930
777 966
777 985
777 993
778 789
778 900
779 781
779 792
779 815
779 828
779 833
779 843
779 949
779 951
779 988
780 784
780 812
780 829
780 841
780 897
780 917
780 918
780 929
780 971
780 976
781 798
781 826
781 892
781 931
782 833
782 851
782 865
782 891
783 797
783 858
783 921
783 936
783 941
783 994
784 787
784 810
784 814
784 815
784 843
784 867
784 895
784 903
784 905
784 916
784 921
785 847
785 963
786 788
786 985
786 999
787 817
787 831
787 845
787 875
787 885
787 911
787 930
787 955
787 959
788 803
788 829
788 857
788 892
788 897
788 900
788 901
788 954
788 985
788 986
789 822
789 874
789 905
789 939
789 953
790 886
790 919
790 939
790 951
790 975
791 822
791 885
791 934
792 805
792 819
792 855
792 935
793 805
793 830
793 837
793 841
793 857
793 870
793 899
793 912
793 938
793 953
793 991
793 997
794 817
794 843
794 857
794 864
794 870
795 870
795 879
795 919
795 933
795 956
796 853
796 880
796 939
796 944
797 845
797 874
797 954
798 817
798 874
799 813
799 818
799 865
800 864
800 875
800 985
801 827
801 861
801 905
801 925
801 945
801 974
801 994
802 834
802 855
802 863
802 901
802 904
803 826
803 853
803 857
803 905
803 907
803 915
803 921
803 928
803 932
803 970
804 805
804 845
804 849
804 874
804 896
804 907
804 944
804 994
805 830
805 861
805 865
805 894
805 952
805 997
806 824
806 919
806 920
806 984
807 855
807 873
808 815
808 908
808 919
809 835
809 855
810 876
810 934
811 831
811 915
811 986
811 988
811 994
812 849
812 892
812 916
812 991
813 898
813 900
813 907
813 937
813 975
813 986
814 901
814 930
814 939
815 870
815 872
815 953
815 991
816 974
817 820
817 834
817 844
817 858
817 860
817 880
817 935
818 820
818 844
818 851
818 962
818 968
819 834
819 842
819 917
819 939
819 942
819 947
820 909
820 923
820 924
820 930
820 984
820 990
821 907
821 947
821 976
821 986
822 884
822 902
822 945
822 960
822 987
823 879
823 954
823 962
823 968
824 833
824 835
824 997
825 854
825 921
825 939
825 957
825 979
826 895
826 906
826 913
827 872
827 876
827 893
827 902
827 912
827 917
827 945
827 961
827 992
828 833
828 879
828 899
828 920
828 940
828 993
829 873
829 889
829 950
829 988
830 857
831 839
831 853
831 854
831 857
831 887
831 900
831 957
831 994
832 881
832 892
832 930
833 879
833 901
834 947
834 959
834 994
835 847
835 893
835 939
835 953
835 987
836 847
836 853
836 866
836 898
836 906
836 917
836 926
836 928
836 951
836 970
837 891
837 930
837 955
838 975
839 887
840 855
840 899
840 941
840 998
841 859
841 936
841 948
842 857
842 876
842 896
842 907
842 958
843 914
843 929
843 947
843 966
843 988
843 992
844 862
844 931
845 932
845 957
845 965
846 873
846 940
846 944
846 952
847 875
847 921
847 925
847 937
847 960
848 859
848 880
848 883
848 980
848 989
849 850
849 855
849 882
849 896
849 924
849 928
850 896
851 890
852 862
852 869
852 988
852 993
853 923
853 925
853 930
853 932
853 938
853 953
854 859
854 860
854 953
854 968
854 978
855 863
855 939
855 991
855 992
855 996
856 944
856 990
857 944
857 993
857 997
858 883
858 884
858 887
858 889
858 916
858 991
859 952
859 961
859 980
860 907
860 941
860 951
860 952
861 865
861 921
862 865
862 896
862 916
863 945
863 961
863 963
864 950
865 867
865 974
865 977
866 963
866 977
868 875
868 883
868 930
869 870
869 892
869 923
869 975
870 885
870 889
870 936
870 956
870 967
871 892
871 931
872 883
872 900
872 933
873 875
873 881
873 888
873 918
873 924
873 931
873 934
873 953
873 988
874 901
874 934
874 969
875 900
875 919
875 930
875 934
875 943
875 994
875 995
876 908
876 992
877 963
878 919
878 981
879 883
879 894
879 912
879 918
880 891
881 935
881 941
881 948
882 983
884 939
884 992
885 888
885 928
885 970
886 917
886 920
886 929
886 932
886 946
887 893
887 894
887 948
887 978
887 981
887 982
888 991
890 911
890 946
891 930
891 939
891 953
891 959
892 920
892 953
892 983
892 990
892 992
893 927
893 957
893 990
894 919
894 966
894 971
895 998
896 957
897 905
897 949
898 928
898 950
899 926
899 960
899 980
900 908
900 959
900 1000
901 902
901 971
901 988
902 931
902 957
903 991
905 935
905 975
905 981
907 913
909 937
909 958
909 966
914 920
914 985
915 994
916 943
916 986
916 995
917 919
917 924
918 955
919 949
919 952
919 959
919 963
919 969
919 991
920 921
920 937
920 974
921 938
921 951
921 960
921 963
921 981
922 989
923 928
924 935
924 981
925 934
927 930
927 985
927 999
928 995
930 931
930 936
930 979
930 985
930 996
931 945
931 956
933 957
933 984
934 938
935 937
935 940
935 958
936 939
937 942
937 945
937 994
937 997
938 945
938 967
938 973
938 988
939 940
940 958
941 977
945 974
945 975
945 992
946 948
946 957
947 952
947 984
948 961
948 990
949 978
950 967
950 994
951 955
951 959
951 986
953 969
953 983
954 973
954 987
956 998
958 965
958 1000
963 988
966 985
968 972
970 984
970 997
971 974
973 979
978 981
978 988
978 994
979 981
979 994
984 995
984 996
986 997
989 997
