# LFR benchmark graph: regime=S mu=0.1 realization=4
# undirected, unweighted; 1-based node ids; each edge listed once.
1 195
1 206
1 220
1 284
1 289
1 716
1 792
1 822
1 845
1 866
1 901
1 938
1 947
2 50
2 100
2 124
2 131
2 140
2 164
2 166
2 171
2 185
2 194
2 208
2 211
2 317
2 339
2 377
2 378
2 386
2 398
2 425
2 478
2 481
2 483
2 500
2 611
2 625
2 640
2 644
2 652
2 655
2 671
2 681
2 704
2 707
2 726
2 739
2 756
2 759
2 833
2 870
2 882
2 891
2 908
2 943
2 994
3 12
3 61
3 185
3 227
3 239
3 290
3 310
3 387
3 391
3 432
3 545
3 585
3 776
3 778
3 799
3 904
3 934
3 1000
4 76
4 198
4 393
4 451
4 476
4 495
4 516
4 583
4 673
4 723
4 821
4 887
5 16
5 47
5 70
5 108
5 121
5 125
5 265
5 295
5 297
5 303
5 316
5 356
5 515
5 519
5 527
5 561
5 570
5 573
5 594
5 600
5 800
5 816
5 826
5 879
5 902
5 974
6 55
6 84
6 166
6 232
6 526
6 527
6 534
6 699
6 765
6 850
6 880
6 909
6 970
7 19
7 179
7 257
7 418
7 484
7 603
7 630
7 658
7 693
7 741
7 803
7 810
7 955
7 974
8 21
8 74
8 260
8 279
8 452
8 593
8 764
8 778
8 872
9 37
9 200
9 273
9 289
9 309
9 312
9 531
9 565
9 678
9 782
9 798
9 825
9 839
9 857
9 874
9 911
9 939
10 43
10 44
10 81
10 89
10 132
10 215
10 419
10 485
10 523
10 581
10 631
10 632
10 712
10 725
10 774
10 806
10 814
10 853
11 21
11 30
11 36
11 71
11 141
11 175
11 213
11 227
11 271
11 428
11 431
11 432
11 455
11 456
11 460
11 468
11 488
11 501
11 576
11 589
11 597
11 637
11 768
11 790
11 795
11 797
11 863
11 926
11 937
11 997
12 27
12 61
12 82
12 137
12 196
12 227
12 239
12 256
12 290
12 306
12 307
12 310
12 351
12 391
12 432
12 561
12 585
12 776
12 778
12 799
12 904
13 60
13 68
13 140
13 150
13 335
13 416
13 442
13 506
13 598
13 645
13 650
13 846
13 927
13 959
13 963
14 19
14 218
14 226
14 241
14 249
14 259
14 275
14 371
14 475
14 607
14 641
14 663
14 856
14 857
14 890
15 25
15 33
15 107
15 120
15 221
15 225
15 238
15 240
15 244
15 254
15 264
15 384
15 423
15 453
15 461
15 535
15 541
15 542
15 545
15 563
15 580
15 592
15 604
15 697
15 710
15 711
15 753
15 780
15 785
15 790
15 840
15 984
15 1000
16 31
16 34
16 47
16 49
16 64
16 70
16 97
16 108
16 121
16 265
16 295
16 297
16 303
16 316
16 331
16 333
16 356
16 389
16 408
16 515
16 519
16 527
16 545
16 570
16 573
16 577
16 594
16 600
16 618
16 621
16 627
16 639
16 649
16 698
16 721
16 800
16 816
16 826
16 844
16 869
16 879
16 902
16 935
17 59
17 134
17 144
17 161
17 181
17 259
17 323
17 344
17 376
17 385
17 439
17 511
17 664
17 760
17 770
17 808
17 898
17 942
17 953
17 996
18 110
18 148
18 168
18 298
18 315
18 324
18 332
18 364
18 449
18 454
18 464
18 539
18 586
18 617
18 708
18 787
18 788
18 829
18 929
18 978
18 990
19 95
19 183
19 218
19 241
19 259
19 275
19 361
19 371
19 496
19 607
19 641
19 813
19 856
19 890
19 900
20 29
20 48
20 80
20 88
20 91
20 94
20 102
20 129
20 211
20 219
20 311
20 337
20 366
20 388
20 566
20 590
20 603
20 613
20 647
20 692
20 719
20 838
20 876
20 884
21 28
21 30
21 36
21 71
21 201
21 213
21 258
21 428
21 431
21 455
21 456
21 457
21 460
21 468
21 488
21 576
21 637
21 713
21 745
21 795
21 797
21 863
21 876
21 898
21 926
22 46
22 66
22 135
22 190
22 202
22 206
22 216
22 293
22 296
22 334
22 379
22 487
22 581
22 626
22 684
22 700
22 703
22 709
22 742
22 760
22 789
22 946
22 986
22 998
22 999
23 38
23 39
23 62
23 73
23 83
23 122
23 133
23 154
23 180
23 184
23 188
23 407
23 411
23 433
23 491
23 499
23 536
23 562
23 646
23 679
23 730
23 732
23 845
23 948
23 951
23 966
24 49
24 57
24 62
24 224
24 266
24 333
24 425
24 443
24 543
24 554
24 559
24 571
24 668
24 687
24 746
24 811
24 812
24 834
24 860
24 864
24 907
24 948
24 957
24 993
25 33
25 43
25 107
25 119
25 221
25 225
25 254
25 264
25 270
25 278
25 423
25 453
25 461
25 535
25 541
25 542
25 563
25 580
25 592
25 604
25 697
25 711
25 719
25 735
25 753
25 755
25 785
25 790
25 840
25 858
25 861
25 881
25 919
26 98
26 123
26 125
26 141
26 193
26 214
26 240
26 247
26 326
26 330
26 361
26 363
26 410
26 417
26 422
26 485
26 634
26 665
26 702
26 714
26 855
26 859
26 873
26 905
26 915
27 61
27 137
27 156
27 196
27 227
27 239
27 256
27 290
27 307
27 310
27 320
27 387
27 391
27 432
27 572
27 585
27 776
27 778
27 799
27 904
27 934
27 964
28 30
28 36
28 71
28 203
28 213
28 253
28 271
28 327
28 383
28 431
28 455
28 460
28 488
28 576
28 589
28 637
28 768
28 777
28 795
28 797
28 984
28 997
28 1000
29 48
29 53
29 80
29 88
29 91
29 96
29 102
29 129
29 130
29 157
29 219
29 298
29 337
29 366
29 388
29 558
29 568
29 582
29 590
29 603
29 669
29 692
29 716
29 729
29 754
29 793
29 817
29 838
29 874
29 876
29 884
29 946
30 36
30 66
30 71
30 147
30 201
30 203
30 204
30 213
30 253
30 271
30 327
30 360
30 428
30 455
30 456
30 457
30 460
30 468
30 488
30 508
30 576
30 589
30 637
30 712
30 768
30 777
30 797
30 863
30 875
30 926
30 985
31 32
31 34
31 47
31 69
31 70
31 85
31 97
31 108
31 121
31 139
31 204
31 265
31 295
31 297
31 303
31 316
31 331
31 338
31 356
31 515
31 519
31 527
31 545
31 561
31 570
31 573
31 594
31 600
31 621
31 627
31 645
31 649
31 658
31 698
31 721
31 733
31 800
31 816
31 826
31 844
31 869
31 879
32 69
32 160
32 338
32 368
32 369
32 498
32 667
32 722
32 855
32 888
32 892
33 43
33 107
33 120
33 221
33 225
33 237
33 238
33 244
33 245
33 254
33 264
33 278
33 422
33 423
33 453
33 455
33 461
33 535
33 541
33 542
33 563
33 580
33 592
33 604
33 697
33 711
33 745
33 753
33 780
33 785
33 790
33 840
33 858
33 861
33 908
34 45
34 47
34 57
34 70
34 85
34 97
34 121
34 139
34 265
34 295
34 297
34 303
34 316
34 331
34 337
34 356
34 408
34 515
34 527
34 545
34 570
34 594
34 600
34 621
34 627
34 648
34 649
34 698
34 727
34 733
34 800
34 816
34 855
34 869
34 879
34 886
34 902
34 935
35 37
35 309
35 312
35 531
35 565
35 678
35 782
35 798
35 825
35 832
35 904
35 911
35 998
36 71
36 96
36 138
36 141
36 201
36 203
36 204
36 213
36 253
36 271
36 327
36 360
36 428
36 431
36 455
36 456
36 457
36 460
36 468
36 488
36 501
36 508
36 576
36 584
36 589
36 637
36 713
36 767
36 768
36 777
36 795
36 797
36 836
36 842
36 847
36 857
36 863
36 875
36 906
36 926
36 984
36 985
36 997
37 165
37 273
37 309
37 312
37 531
37 554
37 782
37 798
37 832
37 911
38 39
38 73
38 83
38 122
38 133
38 180
38 188
38 393
38 407
38 411
38 433
38 491
38 499
38 520
38 536
38 553
38 562
38 585
38 601
38 679
38 730
38 732
38 740
38 773
38 819
38 845
38 848
38 923
38 948
38 951
38 966
39 73
39 83
39 94
39 122
39 133
39 154
39 180
39 188
39 277
39 407
39 411
39 433
39 491
39 499
39 511
39 536
39 553
39 562
39 601
39 646
39 679
39 730
39 732
39 773
39 819
39 845
39 848
39 923
39 925
39 948
39 951
39 966
40 174
40 175
40 184
40 287
40 301
40 313
40 395
40 415
40 614
40 637
40 653
40 670
40 794
40 899
41 49
41 57
41 62
41 63
41 224
41 249
41 375
41 413
41 443
41 543
41 571
41 666
41 668
41 687
41 746
41 792
41 812
41 860
41 864
42 52
42 58
42 77
42 82
42 94
42 115
42 228
42 236
42 274
42 311
42 319
42 341
42 346
42 365
42 412
42 426
42 477
42 482
42 518
42 574
42 582
42 613
42 623
42 651
42 675
42 686
42 744
42 755
42 770
42 779
42 813
42 843
42 862
42 897
42 924
42 936
43 119
43 136
43 221
43 225
43 238
43 254
43 270
43 278
43 461
43 535
43 541
43 542
43 543
43 563
43 592
43 604
43 677
43 710
43 711
43 753
43 780
43 785
43 790
43 840
43 861
43 874
43 881
44 81
44 89
44 99
44 132
44 186
44 215
44 237
44 419
44 469
44 485
44 486
44 523
44 581
44 587
44 607
44 632
44 725
44 761
44 774
44 805
44 806
44 814
44 889
44 894
44 940
45 47
45 69
45 70
45 85
45 108
45 121
45 265
45 316
45 331
45 372
45 413
45 515
45 519
45 527
45 545
45 570
45 573
45 594
45 600
45 621
45 627
45 648
45 698
45 721
45 733
45 800
45 826
45 844
45 869
45 879
45 902
46 66
46 135
46 162
46 177
46 190
46 202
46 206
46 210
46 216
46 289
46 296
46 306
46 334
46 434
46 436
46 440
46 454
46 487
46 700
46 709
46 742
46 760
46 801
46 808
46 871
46 933
46 946
46 986
46 995
46 998
47 69
47 70
47 85
47 97
47 108
47 121
47 139
47 210
47 248
47 265
47 295
47 297
47 303
47 316
47 331
47 356
47 370
47 408
47 449
47 515
47 519
47 527
47 545
47 561
47 570
47 573
47 591
47 594
47 600
47 621
47 627
47 648
47 698
47 721
47 733
47 800
47 816
47 826
47 844
47 869
47 879
47 902
47 935
48 53
48 80
48 88
48 91
48 96
48 102
48 125
48 129
48 130
48 135
48 219
48 337
48 366
48 388
48 558
48 566
48 590
48 603
48 617
48 647
48 672
48 729
48 793
48 817
48 846
48 876
48 884
48 919
49 57
49 62
49 118
49 224
49 333
49 443
49 543
49 554
49 559
49 571
49 642
49 660
49 666
49 668
49 687
49 746
49 811
49 812
49 827
49 834
49 864
49 886
49 907
49 920
49 957
50 100
50 124
50 131
50 140
50 164
50 166
50 171
50 185
50 194
50 207
50 208
50 211
50 235
50 242
50 317
50 339
50 378
50 386
50 398
50 425
50 478
50 481
50 483
50 500
50 611
50 623
50 625
50 640
50 644
50 652
50 662
50 671
50 681
50 707
50 724
50 726
50 739
50 756
50 759
50 833
50 882
50 908
50 924
50 943
50 949
50 967
50 994
51 76
51 134
51 464
51 476
51 510
51 516
51 583
51 709
51 723
51 821
51 879
51 927
52 58
52 67
52 77
52 82
52 92
52 115
52 134
52 138
52 228
52 267
52 274
52 311
52 319
52 341
52 346
52 365
52 373
52 402
52 412
52 414
52 445
52 477
52 482
52 501
52 518
52 547
52 574
52 582
52 613
52 615
52 623
52 651
52 671
52 675
52 683
52 686
52 744
52 755
52 779
52 815
52 841
52 843
52 862
52 886
52 892
52 897
52 936
52 955
53 56
53 88
53 91
53 96
53 102
53 129
53 277
53 337
53 361
53 366
53 388
53 558
53 566
53 568
53 590
53 603
53 620
53 672
53 692
53 729
53 758
53 793
53 800
54 103
54 199
54 267
54 351
54 460
54 471
54 497
54 567
54 614
54 720
54 744
54 763
54 877
54 917
55 84
55 232
55 474
55 526
55 586
55 699
55 715
55 850
55 909
55 970
56 80
56 88
56 96
56 129
56 130
56 290
56 337
56 568
56 590
56 603
56 692
56 729
56 817
56 876
56 884
57 62
57 140
57 224
57 333
57 413
57 443
57 484
57 543
57 554
57 559
57 666
57 668
57 687
57 746
57 780
57 791
57 811
57 812
57 834
57 860
57 864
57 907
57 932
57 940
57 957
58 67
58 68
58 82
58 236
58 274
58 311
58 341
58 365
58 373
58 394
58 412
58 414
58 471
58 482
58 518
58 613
58 615
58 623
58 640
58 651
58 675
58 683
58 744
58 755
58 779
58 843
58 862
58 886
58 892
58 897
59 100
59 144
59 147
59 181
59 267
59 305
59 309
59 344
59 376
59 385
59 439
59 530
59 616
59 664
59 770
59 808
59 898
59 942
59 953
59 996
60 68
60 192
60 335
60 336
60 416
60 442
60 582
60 645
60 650
60 731
60 846
61 227
61 256
61 290
61 307
61 310
61 387
61 391
61 432
61 712
61 776
61 778
61 799
61 904
61 934
62 224
62 333
62 413
62 443
62 521
62 543
62 559
62 571
62 668
62 791
62 811
62 901
62 907
62 957
63 224
63 278
63 413
63 443
63 571
63 668
63 687
63 721
63 746
63 791
63 812
63 834
63 860
63 864
63 940
63 957
64 87
64 105
64 212
64 217
64 222
64 224
64 255
64 370
64 494
64 506
64 665
64 812
64 945
64 993
65 106
65 155
65 178
65 300
65 362
65 448
65 472
65 718
65 721
65 818
65 828
66 135
66 162
66 190
66 202
66 216
66 294
66 296
66 334
66 379
66 436
66 440
66 487
66 510
66 695
66 700
66 703
66 742
66 760
66 772
66 801
66 871
66 933
66 935
66 946
66 986
67 82
67 124
67 138
67 274
67 311
67 319
67 346
67 373
67 412
67 445
67 447
67 482
67 507
67 518
67 582
67 613
67 623
67 651
67 675
67 683
67 686
67 744
67 755
67 779
67 813
67 843
67 862
67 886
68 139
68 335
68 336
68 416
68 442
68 598
68 645
68 650
68 846
68 959
69 70
69 85
69 97
69 108
69 121
69 126
69 139
69 190
69 242
69 265
69 273
69 295
69 297
69 303
69 316
69 331
69 515
69 519
69 527
69 561
69 570
69 573
69 577
69 594
69 600
69 627
69 633
69 648
69 649
69 721
69 800
69 816
69 826
69 844
69 869
69 879
69 902
69 973
70 85
70 97
70 108
70 120
70 121
70 265
70 297
70 303
70 316
70 331
70 334
70 347
70 356
70 519
70 545
70 561
70 570
70 573
70 574
70 577
70 600
70 621
70 627
70 634
70 648
70 681
70 698
70 721
70 800
70 816
70 844
70 869
70 879
70 935
71 80
71 141
71 201
71 203
71 204
71 224
71 253
71 258
71 271
71 327
71 360
71 428
71 431
71 455
71 456
71 457
71 460
71 468
71 488
71 501
71 502
71 508
71 566
71 576
71 589
71 637
71 713
71 767
71 768
71 777
71 795
71 797
71 842
71 854
71 875
71 906
71 926
71 997
72 112
72 117
72 189
72 262
72 263
72 302
72 303
72 462
72 620
72 766
72 930
72 987
73 83
73 122
73 133
73 148
73 154
73 174
73 180
73 188
73 198
73 407
73 433
73 438
73 491
73 499
73 530
73 536
73 562
73 601
73 646
73 696
73 730
73 732
73 773
73 819
73 845
73 848
73 923
73 948
73 951
73 966
74 260
74 279
74 452
74 551
74 569
74 593
74 634
74 764
74 807
74 858
75 106
75 182
75 250
75 340
75 343
75 377
75 399
75 492
75 496
75 636
75 740
75 761
75 783
75 851
75 867
75 960
75 973
76 294
76 451
76 476
76 495
76 583
76 673
76 723
76 821
76 869
76 887
76 927
77 82
77 115
77 134
77 138
77 172
77 274
77 278
77 311
77 341
77 365
77 373
77 518
77 613
77 615
77 623
77 651
77 675
77 683
77 744
77 755
77 779
77 813
77 843
77 862
77 892
78 308
78 320
78 322
78 520
78 578
78 579
78 602
78 628
78 676
78 748
78 749
79 93
79 146
79 243
79 367
79 405
79 415
79 578
79 605
79 684
79 758
80 88
80 96
80 129
80 130
80 337
80 366
80 388
80 590
80 603
80 637
80 817
80 876
81 89
81 132
81 164
81 296
81 399
81 419
81 469
81 485
81 486
81 581
81 631
81 632
81 639
81 774
81 806
81 811
81 814
81 886
82 115
82 134
82 138
82 221
82 236
82 274
82 275
82 311
82 319
82 341
82 346
82 365
82 373
82 412
82 414
82 445
82 477
82 482
82 518
82 519
82 582
82 613
82 615
82 617
82 623
82 651
82 675
82 683
82 744
82 755
82 779
82 813
82 841
82 843
82 862
82 892
82 927
82 936
83 122
83 133
83 154
83 180
83 289
83 407
83 411
83 433
83 491
83 499
83 536
83 553
83 562
83 601
83 646
83 661
83 679
83 732
83 773
83 819
83 845
83 848
83 876
83 923
83 951
83 966
84 232
84 526
84 534
84 610
84 699
84 715
84 727
84 850
84 880
84 909
84 970
85 121
85 303
85 316
85 331
85 449
85 513
85 515
85 527
85 561
85 562
85 570
85 573
85 600
85 627
85 800
85 816
85 826
85 844
85 902
86 329
86 358
86 474
86 515
86 529
86 538
86 556
86 599
86 682
86 706
86 736
86 963
87 105
87 205
87 212
87 217
87 222
87 231
87 370
87 494
87 609
87 665
87 785
87 945
87 993
87 1000
88 91
88 96
88 102
88 129
88 130
88 219
88 337
88 366
88 388
88 558
88 566
88 568
88 590
88 603
88 647
88 669
88 672
88 692
88 693
88 728
88 729
88 756
88 793
88 817
88 838
88 884
88 890
89 132
89 186
89 286
89 347
89 419
89 486
89 632
89 774
89 776
89 806
89 814
90 205
90 212
90 222
90 255
90 404
90 419
90 506
90 609
90 724
90 909
90 943
90 945
90 993
91 178
91 244
91 366
91 388
91 492
91 566
91 590
91 658
91 692
91 838
91 901
91 915
92 115
92 130
92 177
92 236
92 274
92 311
92 319
92 341
92 346
92 365
92 373
92 402
92 412
92 414
92 456
92 477
92 482
92 518
92 574
92 582
92 613
92 623
92 651
92 675
92 683
92 744
92 779
92 813
92 841
92 843
92 862
92 894
92 936
93 304
93 367
93 405
93 499
93 605
93 663
93 758
93 797
93 803
93 891
93 992
94 102
94 130
94 337
94 388
94 558
94 566
94 568
94 590
94 669
94 672
94 692
94 793
94 884
94 939
95 97
95 183
95 218
95 221
95 241
95 259
95 275
95 424
95 475
95 607
95 675
96 129
96 219
96 300
96 337
96 366
96 373
96 388
96 558
96 568
96 590
96 594
96 603
96 647
96 672
96 692
96 729
96 817
96 838
96 876
96 884
97 121
97 139
97 179
97 297
97 303
97 316
97 331
97 515
97 519
97 545
97 570
97 577
97 594
97 600
97 621
97 627
97 721
97 733
97 755
97 800
97 816
97 826
97 844
97 879
98 123
98 125
98 150
98 193
98 214
98 223
98 240
98 247
98 326
98 361
98 363
98 397
98 410
98 417
98 422
98 470
98 531
98 565
98 588
98 589
98 606
98 617
98 634
98 643
98 655
98 656
98 702
98 714
98 784
98 829
98 855
98 859
98 873
98 900
98 901
98 905
98 915
98 919
99 132
99 347
99 363
99 441
99 485
99 486
99 523
99 581
99 631
99 632
99 647
99 774
99 806
100 131
100 140
100 164
100 165
100 166
100 185
100 208
100 211
100 339
100 373
100 377
100 378
100 386
100 398
100 425
100 461
100 483
100 611
100 644
100 652
100 662
100 671
100 681
100 726
100 739
100 833
100 838
100 869
100 882
100 891
100 908
100 943
100 990
100 994
101 116
101 128
101 243
101 246
101 266
101 277
101 323
101 352
101 355
101 375
101 383
101 388
101 413
101 429
101 433
101 463
101 465
101 479
101 503
101 505
101 584
101 608
101 616
101 622
101 642
101 657
101 704
101 743
101 759
101 820
101 903
101 908
101 925
101 928
101 939
101 952
101 1000
102 337
102 366
102 388
102 482
102 490
102 558
102 566
102 568
102 590
102 692
102 793
102 803
102 838
102 884
103 199
103 267
103 328
103 399
103 471
103 497
103 567
103 763
103 775
103 917
103 954
104 135
104 145
104 209
104 252
104 254
104 345
104 348
104 354
104 406
104 420
104 489
104 509
104 537
104 552
104 591
104 633
104 636
104 694
104 712
104 837
104 916
104 937
104 941
105 205
105 212
105 217
105 222
105 404
105 494
105 504
105 609
105 665
105 865
105 945
105 958
105 993
106 155
106 178
106 300
106 331
106 362
106 622
106 710
106 718
106 828
107 221
107 264
107 278
107 295
107 535
107 541
107 542
107 563
107 592
107 604
107 697
107 785
107 790
107 840
107 858
107 932
108 121
108 295
108 303
108 400
108 519
108 527
108 570
108 594
108 600
108 627
108 733
108 816
108 826
108 869
109 116
109 120
109 266
109 277
109 311
109 352
109 383
109 584
109 616
109 622
109 704
109 730
109 743
109 903
109 920
109 925
109 939
109 1000
110 148
110 298
110 332
110 464
110 532
110 533
110 539
110 586
110 680
110 708
110 788
110 978
110 990
111 158
111 159
111 170
111 192
111 282
111 356
111 403
111 467
111 566
111 658
111 660
111 674
111 705
111 738
111 852
111 895
111 922
111 931
111 969
111 972
112 117
112 170
112 189
112 262
112 263
112 409
112 441
112 620
112 621
112 623
112 688
112 766
112 930
113 136
113 219
113 230
113 269
113 389
113 450
113 490
113 557
113 576
113 659
113 661
113 706
113 751
113 786
113 796
113 852
113 982
114 208
114 288
114 325
114 328
114 382
114 437
114 440
114 547
114 612
114 757
114 815
114 910
114 971
114 991
115 135
115 154
115 202
115 274
115 311
115 319
115 341
115 365
115 383
115 482
115 518
115 582
115 613
115 623
115 683
115 744
115 755
115 779
115 796
115 843
115 862
115 886
116 128
116 172
116 243
116 246
116 258
116 266
116 277
116 352
116 355
116 357
116 375
116 383
116 396
116 429
116 463
116 465
116 479
116 503
116 505
116 517
116 584
116 599
116 608
116 616
116 622
116 632
116 642
116 657
116 670
116 688
116 704
116 724
116 735
116 743
116 759
116 877
116 903
116 920
116 928
116 939
116 952
116 973
116 1000
117 147
117 166
117 189
117 262
117 263
117 302
117 409
117 462
117 732
117 766
117 930
118 152
118 372
118 374
118 430
118 518
118 654
118 750
118 820
118 827
118 847
118 958
119 120
119 221
119 423
119 541
119 542
119 563
119 592
119 604
119 697
119 710
119 785
119 840
119 858
120 212
120 221
120 244
120 254
120 278
120 423
120 535
120 542
120 563
120 580
120 592
120 604
120 697
120 745
120 780
120 785
120 790
120 840
120 858
120 870
120 874
120 881
121 135
121 139
121 171
121 265
121 295
121 303
121 316
121 331
121 356
121 408
121 480
121 515
121 519
121 527
121 545
121 561
121 570
121 573
121 574
121 577
121 594
121 600
121 621
121 627
121 648
121 649
121 698
121 721
121 733
121 800
121 816
121 826
121 844
121 854
121 869
121 879
121 902
121 935
122 133
122 149
122 154
122 180
122 411
122 433
122 499
122 536
122 553
122 562
122 685
122 741
122 773
122 848
122 948
122 951
122 966
122 978
123 193
123 247
123 326
123 330
123 361
123 363
123 397
123 399
123 588
123 606
123 634
123 643
123 655
123 714
123 784
123 824
123 837
123 855
123 873
123 900
123 912
123 919
124 164
124 166
124 208
124 211
124 302
124 377
124 386
124 478
124 481
124 483
124 500
124 611
124 625
124 640
124 644
124 681
124 726
124 833
124 882
124 891
124 908
125 285
125 330
125 361
125 363
125 417
125 422
125 470
125 588
125 634
125 655
125 702
125 773
125 784
125 855
125 859
125 873
125 901
125 912
125 915
125 919
126 198
126 283
126 299
126 394
126 435
126 436
126 504
126 511
126 514
126 564
126 595
126 689
126 708
126 737
126 771
126 787
126 809
126 857
126 949
126 968
126 981
127 145
127 158
127 159
127 170
127 176
127 192
127 197
127 233
127 282
127 349
127 459
127 467
127 630
127 639
127 658
127 660
127 674
127 684
127 829
127 865
127 931
127 969
127 972
127 989
128 172
128 243
128 266
128 277
128 285
128 352
128 355
128 383
128 396
128 429
128 463
128 479
128 503
128 505
128 517
128 584
128 615
128 616
128 622
128 625
128 642
128 657
128 692
128 704
128 722
128 724
128 735
128 743
128 759
128 782
128 851
128 903
128 920
128 925
128 928
128 939
128 952
128 1000
129 130
129 150
129 337
129 388
129 552
129 566
129 568
129 586
129 590
129 647
129 672
129 692
129 729
129 817
129 884
130 219
130 344
130 366
130 388
130 558
130 566
130 568
130 590
130 603
130 647
130 729
130 793
130 838
130 876
130 884
130 954
131 140
131 208
131 211
131 235
131 339
131 377
131 378
131 386
131 478
131 554
131 625
131 644
131 652
131 662
131 668
131 681
131 726
131 833
131 908
131 934
131 983
131 994
132 144
132 173
132 186
132 215
132 276
132 347
132 412
132 419
132 469
132 485
132 486
132 581
132 631
132 632
132 676
132 725
132 774
132 806
132 814
132 889
133 138
133 154
133 180
133 188
133 364
133 407
133 411
133 433
133 456
133 491
133 562
133 646
133 679
133 730
133 773
133 948
133 951
133 966
134 202
134 221
134 250
134 311
134 412
134 482
134 518
134 574
134 582
134 613
134 675
134 683
134 744
134 813
134 842
134 843
134 862
134 886
135 162
135 177
135 190
135 202
135 206
135 296
135 306
135 334
135 379
135 406
135 430
135 434
135 440
135 510
135 626
135 696
135 700
135 709
135 738
135 760
135 789
135 801
135 871
135 888
135 894
135 933
135 946
135 986
135 998
136 173
136 218
136 230
136 380
136 389
136 450
136 490
136 557
136 610
136 619
136 645
136 659
136 661
136 706
136 751
136 786
137 196
137 227
137 239
137 256
137 290
137 307
137 310
137 387
137 432
137 457
137 585
137 776
137 778
137 904
137 934
137 964
137 981
138 181
138 311
138 373
138 482
138 493
138 518
138 559
138 582
138 613
138 623
138 651
138 675
138 683
138 744
138 779
138 813
138 843
138 862
138 892
139 265
139 297
139 303
139 316
139 331
139 477
139 515
139 519
139 573
139 594
139 600
139 649
139 776
139 816
139 826
139 844
139 869
139 935
139 986
139 988
140 164
140 166
140 171
140 185
140 208
140 211
140 217
140 235
140 317
140 339
140 377
140 378
140 386
140 398
140 481
140 483
140 500
140 605
140 611
140 625
140 640
140 644
140 652
140 662
140 668
140 681
140 707
140 726
140 833
140 870
140 891
140 908
140 943
140 994
141 143
141 213
141 258
141 327
141 346
141 360
141 428
141 431
141 456
141 460
141 468
141 488
141 491
141 501
141 508
141 576
141 582
141 637
141 713
141 768
141 777
141 795
141 797
141 842
141 863
141 869
141 906
141 926
141 985
141 987
141 997
142 224
142 249
142 384
142 392
142 438
142 507
142 521
142 522
142 538
142 685
142 979
143 187
143 261
143 280
143 314
143 434
143 458
143 466
143 493
143 528
143 675
143 769
144 147
144 161
144 181
144 305
144 323
144 344
144 362
144 376
144 385
144 439
144 530
144 631
144 664
144 770
144 808
144 849
144 898
144 942
144 953
145 158
145 159
145 170
145 192
145 197
145 267
145 282
145 403
145 432
145 444
145 459
145 467
145 658
145 660
145 674
145 705
145 738
145 794
145 829
145 852
145 860
145 865
145 895
145 922
145 931
145 969
145 972
146 304
146 367
146 405
146 605
146 758
146 921
146 992
147 161
147 181
147 204
147 305
147 323
147 344
147 376
147 439
147 453
147 511
147 530
147 664
147 770
147 808
147 849
147 898
147 942
147 953
147 996
148 168
148 298
148 315
148 332
148 342
148 359
148 364
148 435
148 449
148 454
148 464
148 532
148 533
148 539
148 546
148 586
148 624
148 627
148 631
148 708
148 787
148 788
148 949
148 978
148 990
149 248
149 272
149 351
149 691
149 717
149 893
149 914
149 918
149 962
149 982
150 214
150 223
150 285
150 330
150 361
150 363
150 397
150 799
150 834
150 855
150 859
150 873
150 900
150 915
151 354
151 393
151 400
151 401
151 555
151 563
151 707
151 754
151 878
151 983
152 296
152 367
152 405
152 605
152 758
152 903
152 921
152 992
153 223
153 251
153 291
153 318
153 380
153 491
153 544
153 548
153 680
153 701
153 747
153 757
153 796
153 804
153 836
153 868
153 975
153 987
154 188
154 256
154 411
154 433
154 594
154 646
154 730
154 773
154 783
154 819
154 923
154 951
154 955
154 966
155 178
155 300
155 448
155 455
155 472
155 718
155 818
156 345
156 348
156 381
156 420
156 421
156 489
156 509
156 520
156 537
156 552
156 591
156 610
156 629
156 633
156 663
156 694
156 701
156 712
156 734
156 837
156 844
156 862
156 937
156 941
156 956
156 967
157 163
157 291
157 318
157 380
157 544
157 548
157 674
157 677
157 701
157 703
157 747
157 796
157 804
157 836
157 868
157 975
157 987
158 159
158 170
158 192
158 197
158 225
158 233
158 282
158 349
158 403
158 444
158 459
158 467
158 625
158 639
158 658
158 674
158 684
158 705
158 738
158 770
158 776
158 829
158 852
158 865
158 895
158 912
158 922
158 931
158 972
158 989
159 192
159 233
159 349
159 403
159 427
159 459
159 467
159 658
159 660
159 674
159 684
159 738
159 772
159 773
159 787
159 829
159 852
159 865
159 895
159 922
159 931
159 969
159 989
160 264
160 338
160 368
160 369
160 498
160 524
160 638
160 722
160 888
160 987
161 181
161 305
161 323
161 344
161 439
161 530
161 664
161 770
161 808
161 815
161 849
161 898
161 942
161 953
162 190
162 206
162 252
162 296
162 334
162 379
162 434
162 436
162 481
162 510
162 700
162 709
162 749
162 760
162 772
162 946
162 972
162 976
162 995
162 998
162 999
163 291
163 318
163 365
163 380
163 396
163 464
163 544
163 548
163 650
163 677
163 698
163 747
163 796
163 804
163 868
163 975
163 987
164 166
164 194
164 208
164 239
164 317
164 339
164 377
164 378
164 386
164 398
164 425
164 483
164 492
164 500
164 605
164 652
164 662
164 681
164 707
164 726
164 739
164 807
164 833
164 845
164 882
164 891
164 908
164 994
165 309
165 531
165 678
165 782
165 798
165 825
165 832
165 911
166 185
166 208
166 211
166 235
166 268
166 317
166 339
166 377
166 378
166 386
166 398
166 478
166 481
166 483
166 500
166 563
166 611
166 625
166 640
166 644
166 652
166 662
166 671
166 681
166 691
166 707
166 726
166 739
166 756
166 833
166 870
166 882
166 891
166 908
166 994
167 269
167 389
167 619
167 655
167 659
167 661
167 751
167 786
167 788
167 819
167 885
167 945
168 298
168 315
168 332
168 364
168 449
168 454
168 464
168 532
168 533
168 539
168 546
168 584
168 672
168 680
168 681
168 708
168 787
168 788
168 846
168 929
168 978
168 990
169 268
169 292
169 401
169 412
169 414
169 513
169 540
169 549
169 617
169 690
169 725
169 781
169 824
169 830
169 831
169 944
170 192
170 200
170 282
170 403
170 467
170 639
170 658
170 660
170 674
170 738
170 829
170 852
170 865
170 895
170 922
170 931
170 938
170 972
170 981
171 174
171 185
171 194
171 208
171 211
171 317
171 339
171 377
171 378
171 386
171 398
171 425
171 469
171 478
171 481
171 652
171 681
171 707
171 709
171 726
171 739
171 756
171 833
171 891
171 908
171 943
171 994
172 243
172 266
172 277
172 352
172 355
172 396
172 463
172 557
172 608
172 616
172 622
172 642
172 724
172 838
172 903
172 952
172 966
172 1000
173 212
173 230
173 269
173 389
173 450
173 490
173 557
173 619
173 659
173 661
173 706
173 751
173 781
173 786
173 885
173 986
174 175
174 184
174 301
174 321
174 339
174 415
174 439
174 632
174 670
174 794
174 899
175 184
175 287
175 301
175 313
175 321
175 395
175 415
175 653
175 670
175 794
175 899
176 268
176 292
176 326
176 513
176 540
176 550
176 629
176 781
176 913
177 190
177 202
177 206
177 216
177 239
177 296
177 306
177 342
177 434
177 436
177 609
177 626
177 676
177 696
177 709
177 740
177 742
177 760
177 801
177 946
177 986
177 998
178 300
178 362
178 448
178 472
178 718
178 818
178 828
179 257
179 286
179 484
179 627
179 630
179 693
179 803
179 810
179 831
179 974
180 188
180 278
180 372
180 472
180 491
180 536
180 553
180 562
180 601
180 646
180 679
180 730
180 773
180 781
180 819
180 845
180 848
180 923
180 951
180 966
181 305
181 344
181 376
181 385
181 391
181 398
181 439
181 530
181 664
181 770
181 898
181 900
181 942
182 288
182 340
182 343
182 399
182 492
182 496
182 636
182 715
182 740
182 761
182 771
182 783
182 851
182 854
182 973
183 218
183 226
183 241
183 259
183 275
183 475
183 545
183 607
183 641
183 856
183 890
183 960
184 287
184 301
184 321
184 395
184 415
184 423
184 613
184 653
184 843
185 211
185 235
185 317
185 377
185 386
185 398
185 425
185 478
185 481
185 483
185 500
185 520
185 611
185 644
185 652
185 671
185 681
185 707
185 726
185 833
185 867
185 891
185 994
186 215
186 237
186 282
186 329
186 458
186 485
186 523
186 581
186 590
186 631
186 632
186 774
186 806
186 853
186 894
187 241
187 280
187 314
187 371
187 458
187 466
187 493
187 528
187 635
187 773
188 407
188 423
188 433
188 491
188 499
188 536
188 596
188 601
188 730
188 773
188 819
188 855
188 966
189 262
189 263
189 272
189 302
189 409
189 462
189 620
189 627
189 766
189 930
190 202
190 206
190 210
190 216
190 296
190 306
190 327
190 377
190 379
190 404
190 436
190 440
190 483
190 487
190 510
190 635
190 696
190 700
190 709
190 742
190 760
190 772
190 789
190 871
190 932
190 933
190 946
190 976
190 982
190 986
190 998
190 999
191 209
191 345
191 348
191 354
191 381
191 509
191 537
191 552
191 591
191 629
191 633
191 663
191 699
191 712
191 734
191 866
191 937
191 967
192 197
192 233
192 282
192 349
192 403
192 414
192 459
192 467
192 509
192 639
192 658
192 674
192 684
192 705
192 738
192 809
192 829
192 852
192 865
192 895
192 922
192 931
192 969
192 972
192 989
193 214
193 223
193 326
193 330
193 361
193 363
193 410
193 588
193 606
193 617
193 634
193 702
193 719
193 784
193 855
193 859
193 873
193 900
193 901
193 908
193 912
193 989
194 208
194 211
194 377
194 378
194 386
194 478
194 483
194 611
194 625
194 644
194 662
194 679
194 681
194 726
194 882
194 908
194 994
195 220
195 240
195 289
195 427
195 616
195 716
195 751
195 792
195 822
195 866
195 867
195 947
196 221
196 227
196 239
196 256
196 290
196 310
196 387
196 391
196 432
196 585
196 776
196 778
196 799
196 904
196 934
197 282
197 309
197 349
197 534
197 639
197 658
197 660
197 674
197 705
197 829
197 895
197 931
197 969
197 972
198 283
198 350
198 435
198 441
198 502
198 511
198 514
198 596
198 689
198 728
198 731
198 752
198 771
198 809
198 835
198 839
198 857
198 896
198 949
198 955
198 961
198 968
198 977
198 980
198 981
198 988
199 229
199 267
199 471
199 497
199 567
199 614
199 720
199 763
199 774
199 775
199 877
199 917
199 954
200 273
200 309
200 312
200 396
200 397
200 531
200 670
200 782
200 798
200 832
200 911
201 258
201 360
201 411
201 431
201 456
201 460
201 468
201 488
201 508
201 576
201 703
201 777
201 795
201 797
201 842
201 863
201 906
201 984
201 985
202 206
202 210
202 216
202 296
202 306
202 379
202 434
202 436
202 440
202 487
202 499
202 504
202 510
202 608
202 626
202 696
202 700
202 703
202 709
202 760
202 772
202 801
202 867
202 871
202 932
202 933
202 946
202 986
202 995
202 998
202 999
203 271
203 280
203 360
203 428
203 431
203 460
203 531
203 576
203 637
203 734
203 797
203 842
203 906
203 916
203 926
203 997
204 213
204 253
204 258
204 271
204 428
204 431
204 455
204 456
204 460
204 468
204 576
204 616
204 622
204 637
204 753
204 768
204 777
204 797
204 842
204 985
204 997
205 212
205 217
205 222
205 231
205 255
205 370
205 494
205 506
205 609
205 665
205 809
205 945
205 993
206 210
206 250
206 296
206 306
206 365
206 379
206 436
206 510
206 580
206 626
206 696
206 703
206 709
206 742
206 760
206 772
206 789
206 801
206 871
206 932
206 933
206 946
206 976
206 998
206 999
207 350
207 394
207 435
207 441
207 459
207 514
207 564
207 661
207 689
207 728
207 731
207 752
207 771
207 809
207 839
207 896
207 949
207 961
207 988
208 211
208 248
208 279
208 317
208 339
208 342
208 377
208 378
208 398
208 425
208 478
208 481
208 483
208 500
208 603
208 611
208 625
208 640
208 644
208 652
208 658
208 662
208 671
208 681
208 707
208 726
208 756
208 833
208 882
208 891
208 908
208 943
208 994
209 221
209 252
209 345
209 348
209 354
209 381
209 390
209 406
209 420
209 421
209 489
209 509
209 537
209 552
209 591
209 610
209 629
209 633
209 663
209 694
209 712
209 734
209 762
209 837
209 916
209 937
209 941
209 959
209 967
209 998
210 296
210 306
210 334
210 379
210 436
210 440
210 487
210 626
210 700
210 709
210 728
210 760
210 772
210 789
210 801
210 933
210 946
210 986
210 998
211 235
211 339
211 377
211 378
211 386
211 398
211 425
211 478
211 481
211 483
211 500
211 518
211 611
211 625
211 644
211 648
211 662
211 671
211 779
211 809
211 833
211 870
211 882
211 891
211 908
211 943
211 994
212 231
212 255
212 370
212 404
212 454
212 494
212 506
212 609
212 665
212 975
212 993
213 253
213 258
213 271
213 327
213 431
213 455
213 456
213 457
213 460
213 468
213 488
213 501
213 508
213 576
213 589
213 637
213 649
213 713
213 768
213 777
213 782
213 794
213 795
213 797
213 842
213 863
213 875
213 926
213 984
213 985
213 997
213 999
214 223
214 247
214 248
214 326
214 330
214 352
214 363
214 410
214 470
214 588
214 634
214 656
214 714
214 784
214 855
214 859
214 871
214 873
214 901
214 912
214 915
214 919
215 276
215 347
215 419
215 485
215 486
215 581
215 631
215 774
215 806
215 853
215 894
215 904
216 296
216 306
216 379
216 436
216 700
216 709
216 742
216 760
216 772
216 789
216 986
216 998
217 231
217 255
217 370
217 404
217 646
217 671
217 709
217 833
217 971
217 993
218 226
218 241
218 259
218 275
218 371
218 641
218 856
218 890
218 954
219 337
219 366
219 388
219 566
219 590
219 603
219 793
219 817
219 838
219 876
219 884
220 269
220 284
220 289
220 427
220 716
220 792
220 822
220 866
220 867
220 938
221 225
221 238
221 244
221 254
221 264
221 270
221 278
221 310
221 423
221 461
221 496
221 510
221 535
221 542
221 563
221 580
221 604
221 646
221 697
221 710
221 719
221 745
221 753
221 780
221 785
221 787
221 790
221 840
221 858
221 861
221 874
221 881
222 255
222 370
222 441
222 494
222 506
222 609
222 665
222 711
222 945
223 240
223 245
223 285
223 326
223 330
223 361
223 363
223 369
223 397
223 410
223 417
223 422
223 439
223 470
223 588
223 603
223 606
223 617
223 634
223 643
223 655
223 656
223 692
223 702
223 714
223 784
223 810
223 855
223 859
223 873
223 901
223 905
223 912
223 915
223 919
223 998
224 333
224 443
224 543
224 571
224 666
224 668
224 687
224 791
224 807
224 811
224 812
224 834
224 860
224 864
224 907
224 943
224 957
225 244
225 270
225 524
225 535
225 541
225 542
225 563
225 580
225 592
225 604
225 710
225 711
225 744
225 753
225 776
225 785
225 874
226 241
226 259
226 275
226 371
226 607
226 641
226 726
226 798
226 856
227 239
227 256
227 290
227 307
227 387
227 391
227 432
227 443
227 572
227 585
227 652
227 776
227 778
227 799
227 934
227 951
227 964
228 274
228 311
228 319
228 322
228 412
228 441
228 482
228 512
228 518
228 540
228 582
228 613
228 651
228 675
228 744
228 755
228 779
228 843
228 862
228 892
229 267
229 415
229 567
229 689
229 720
229 763
229 775
229 877
229 917
229 954
229 971
230 269
230 360
230 450
230 490
230 557
230 659
230 661
230 706
230 728
230 751
231 316
231 370
231 404
231 439
231 494
231 506
231 509
231 665
231 755
231 945
231 968
231 993
232 386
232 526
232 850
232 853
232 880
232 970
233 282
233 349
233 403
233 577
233 637
233 639
233 658
233 684
233 852
233 895
233 969
233 972
233 989
234 293
234 353
234 446
234 525
234 550
234 575
234 587
234 618
234 772
234 802
234 965
235 301
235 377
235 398
235 468
235 483
235 611
235 625
235 644
235 662
235 681
235 726
235 891
235 908
235 943
235 994
236 274
236 277
236 311
236 365
236 373
236 421
236 482
236 518
236 582
236 613
236 623
236 651
236 675
236 727
236 744
236 755
236 779
236 843
236 862
236 886
236 892
236 947
237 276
237 345
237 347
237 406
237 419
237 469
237 486
237 581
237 632
237 774
237 805
237 806
237 814
237 898
238 270
238 278
238 410
238 423
238 542
238 563
238 592
238 604
238 697
238 785
238 790
238 840
239 256
239 290
239 307
239 310
239 327
239 387
239 432
239 530
239 572
239 776
239 778
239 812
239 904
239 964
240 247
240 285
240 326
240 330
240 363
240 397
240 410
240 417
240 469
240 470
240 588
240 606
240 617
240 634
240 714
240 789
240 801
240 855
240 859
240 873
240 900
240 901
240 905
240 912
240 915
240 919
241 259
241 275
241 371
241 475
241 607
241 641
241 769
241 856
242 283
242 299
242 350
242 394
242 441
242 502
242 514
242 564
242 572
242 595
242 664
242 674
242 689
242 771
242 809
242 817
242 857
242 896
242 968
243 266
243 277
243 352
243 355
243 357
243 375
243 383
243 384
243 396
243 424
243 429
243 463
243 465
243 479
243 503
243 505
243 517
243 523
243 584
243 608
243 616
243 622
243 626
243 642
243 657
243 688
243 704
243 724
243 735
243 743
243 759
243 805
243 903
243 920
243 925
243 928
243 939
243 952
243 1000
244 278
244 541
244 542
244 563
244 580
244 592
244 604
244 785
244 840
244 920
245 247
245 285
245 330
245 363
245 388
245 410
245 422
245 595
245 606
245 634
245 655
245 675
245 784
245 855
245 859
245 873
245 883
245 900
245 919
246 266
246 277
246 324
246 330
246 355
246 375
246 383
246 429
246 589
246 608
246 616
246 622
246 704
246 743
246 930
246 952
246 1000
247 250
247 285
247 330
247 361
247 410
247 422
247 470
247 482
247 560
247 588
247 606
247 634
247 655
247 702
247 855
247 859
247 873
248 683
248 691
248 918
248 962
248 982
249 392
249 521
249 823
249 862
249 950
249 979
250 282
250 340
250 343
250 399
250 443
250 515
250 527
250 636
250 783
250 854
250 960
250 973
251 291
251 349
251 548
251 796
251 804
251 836
251 868
251 924
251 987
252 327
252 348
252 354
252 365
252 381
252 390
252 406
252 489
252 537
252 583
252 591
252 610
252 629
252 633
252 663
252 694
252 712
252 762
252 837
252 937
252 941
252 967
253 327
253 360
253 386
253 428
253 431
253 455
253 456
253 460
253 488
253 565
253 576
253 637
253 797
253 926
254 270
254 278
254 489
254 535
254 541
254 542
254 563
254 604
254 775
254 840
254 915
255 336
255 370
255 404
255 494
255 495
255 609
255 665
255 945
255 951
255 993
256 258
256 290
256 307
256 310
256 387
256 391
256 432
256 585
256 776
256 778
256 799
256 904
256 934
256 964
257 418
257 484
257 630
257 693
257 741
257 803
257 810
257 951
257 955
257 974
258 271
258 327
258 360
258 428
258 431
258 455
258 456
258 460
258 468
258 576
258 622
258 637
258 684
258 768
258 778
258 797
258 863
258 926
259 275
259 371
259 475
259 607
259 641
259 741
259 781
259 856
259 890
260 266
260 330
260 406
260 452
260 569
260 593
260 601
260 764
260 807
260 872
261 280
261 314
261 458
261 466
261 493
261 528
261 597
261 635
261 769
261 776
261 988
262 263
262 275
262 409
262 550
262 620
262 766
262 891
262 930
262 952
263 302
263 409
263 462
263 620
263 795
263 813
263 878
263 930
264 270
264 278
264 423
264 524
264 541
264 542
264 563
264 592
264 604
264 644
264 655
264 697
264 711
264 719
264 745
264 785
264 790
264 840
264 858
264 861
264 874
264 881
264 889
265 295
265 316
265 331
265 337
265 356
265 381
265 408
265 480
265 515
265 519
265 527
265 561
265 573
265 577
265 594
265 600
265 621
265 627
265 648
265 649
265 698
265 717
265 721
265 797
265 800
265 816
265 826
265 844
265 869
265 879
265 902
265 935
265 962
266 277
266 352
266 355
266 357
266 375
266 396
266 429
266 463
266 465
266 479
266 503
266 505
266 517
266 541
266 584
266 608
266 616
266 622
266 642
266 657
266 704
266 724
266 735
266 743
266 759
266 903
266 920
266 925
266 928
266 939
266 952
266 984
266 1000
267 471
267 497
267 567
267 614
267 877
267 917
267 954
268 292
268 401
268 513
268 529
268 540
268 549
268 707
268 721
268 737
268 781
268 824
268 830
268 831
268 913
268 944
269 389
269 450
269 490
269 557
269 619
269 652
269 659
269 661
269 751
269 786
269 960
269 997
270 278
270 297
270 533
270 541
270 542
270 563
270 580
270 592
270 604
270 697
270 780
270 785
270 840
270 874
270 881
270 993
270 998
271 327
271 360
271 428
271 431
271 455
271 456
271 460
271 468
271 477
271 488
271 501
271 508
271 576
271 637
271 713
271 767
271 777
271 795
271 797
271 802
271 863
271 875
271 984
271 985
271 997
272 351
272 863
272 893
272 914
272 918
272 962
272 982
273 309
273 312
273 380
273 457
273 531
273 565
273 678
273 782
273 798
273 825
273 840
274 319
274 341
274 346
274 365
274 373
274 379
274 402
274 412
274 445
274 482
274 518
274 574
274 582
274 613
274 615
274 623
274 638
274 647
274 651
274 675
274 683
274 686
274 694
274 755
274 779
274 813
274 841
274 843
274 862
274 886
274 892
274 936
275 456
275 475
275 570
275 607
275 641
275 890
276 319
276 347
276 469
276 485
276 486
276 523
276 632
276 774
276 794
276 806
276 839
276 889
277 321
277 337
277 352
277 357
277 375
277 383
277 396
277 429
277 459
277 463
277 465
277 479
277 503
277 505
277 517
277 584
277 598
277 608
277 616
277 622
277 642
277 657
277 688
277 704
277 724
277 735
277 743
277 759
277 903
277 918
277 920
277 928
277 939
277 952
277 1000
278 423
278 453
278 541
278 563
278 580
278 592
278 604
278 617
278 697
278 710
278 711
278 719
278 744
278 780
278 785
278 790
278 840
278 858
278 861
278 874
278 881
279 452
279 480
279 551
279 569
279 580
279 764
279 872
280 314
280 458
280 466
280 493
280 510
280 515
280 528
280 597
280 635
280 636
280 769
281 286
281 393
281 400
281 426
281 451
281 864
281 868
281 878
281 975
281 983
282 349
282 467
282 566
282 591
282 639
282 658
282 660
282 674
282 684
282 852
282 865
282 922
282 931
283 299
283 350
283 394
283 435
283 441
283 502
283 504
283 511
283 514
283 564
283 596
283 680
283 689
283 717
283 727
283 728
283 731
283 740
283 752
283 771
283 809
283 835
283 839
283 857
283 860
283 896
283 923
283 949
283 961
283 968
283 977
283 980
283 981
283 988
284 289
284 427
284 619
284 716
284 792
284 822
284 866
284 867
284 938
284 947
285 326
285 330
285 361
285 363
285 397
285 417
285 422
285 458
285 617
285 634
285 643
285 656
285 784
285 855
285 859
285 873
285 900
285 901
285 905
285 912
285 915
286 291
286 393
286 426
286 555
286 689
286 754
286 878
287 301
287 304
287 313
287 321
287 395
287 653
287 670
287 794
287 899
288 325
288 328
288 382
288 437
288 547
288 612
288 757
288 883
288 910
288 991
289 427
289 716
289 748
289 792
289 822
289 867
289 938
289 947
290 307
290 310
290 387
290 391
290 432
290 438
290 467
290 520
290 572
290 585
290 776
290 778
290 799
290 865
290 904
290 934
290 964
291 318
291 478
291 548
291 677
291 701
291 796
291 804
291 819
291 836
291 868
291 975
291 978
291 987
292 401
292 424
292 513
292 529
292 540
292 549
292 690
292 781
292 824
292 831
292 962
293 353
293 362
293 446
293 525
293 550
293 575
293 587
293 618
293 802
293 934
293 965
294 398
294 451
294 516
294 563
294 573
294 583
294 723
294 743
294 821
294 887
295 316
295 331
295 356
295 515
295 527
295 545
295 573
295 577
295 594
295 600
295 621
295 778
295 800
295 816
295 826
295 844
295 902
296 306
296 334
296 379
296 436
296 440
296 469
296 487
296 510
296 626
296 669
296 696
296 700
296 703
296 709
296 742
296 757
296 760
296 772
296 789
296 801
296 871
296 932
296 933
296 946
296 976
296 986
296 995
296 998
296 999
297 303
297 314
297 316
297 331
297 408
297 515
297 519
297 545
297 561
297 570
297 573
297 594
297 600
297 621
297 627
297 721
297 800
297 816
297 826
297 902
298 315
298 324
298 332
298 436
298 449
298 454
298 464
298 533
298 535
298 539
298 546
298 586
298 671
298 708
298 768
298 787
298 929
298 978
298 990
299 350
299 394
299 435
299 441
299 447
299 502
299 504
299 511
299 514
299 564
299 594
299 689
299 717
299 727
299 728
299 737
299 809
299 835
299 836
299 839
299 857
299 949
299 968
299 977
299 981
299 988
300 362
300 448
300 472
300 828
300 973
301 311
301 313
301 321
301 395
301 415
301 653
301 670
301 692
302 409
302 462
302 620
302 733
302 930
303 316
303 331
303 356
303 408
303 515
303 519
303 527
303 528
303 545
303 548
303 561
303 570
303 573
303 577
303 594
303 600
303 621
303 627
303 641
303 648
303 649
303 651
303 698
303 721
303 733
303 770
303 800
303 816
303 826
303 844
303 869
303 878
303 902
304 311
304 337
304 405
304 605
304 758
304 921
304 992
305 311
305 323
305 385
305 439
305 530
305 664
305 770
305 808
305 849
305 890
305 898
305 942
305 953
305 996
306 334
306 362
306 434
306 440
306 626
306 696
306 700
306 709
306 742
306 760
306 772
306 801
306 870
306 871
306 933
306 946
306 976
306 986
306 998
307 310
307 387
307 410
307 432
307 778
307 799
307 825
307 892
307 934
308 320
308 322
308 336
308 509
308 520
308 578
308 579
308 602
308 676
308 748
308 806
309 312
309 442
309 531
309 565
309 678
309 782
309 825
309 832
309 911
310 387
310 391
310 432
310 572
310 585
310 776
310 784
310 799
310 812
310 904
310 934
310 964
311 319
311 341
311 346
311 373
311 402
311 412
311 445
311 477
311 482
311 514
311 518
311 546
311 574
311 582
311 613
311 649
311 651
311 675
311 683
311 686
311 744
311 755
311 779
311 813
311 841
311 843
311 862
311 886
311 897
311 936
311 987
312 352
312 423
312 565
312 678
312 782
312 787
312 798
312 823
312 825
312 832
312 911
313 321
313 395
313 415
313 430
313 435
313 670
313 899
314 458
314 466
314 493
314 528
314 597
314 635
314 769
314 893
315 332
315 359
315 449
315 464
315 480
315 488
315 539
315 586
315 609
315 680
315 708
315 787
315 788
316 331
316 356
316 408
316 444
316 515
316 519
316 522
316 545
316 561
316 570
316 573
316 577
316 594
316 600
316 621
316 627
316 632
316 648
316 649
316 698
316 733
316 800
316 816
316 826
316 844
316 849
316 869
316 879
316 895
316 902
316 935
317 377
317 378
317 425
317 478
317 483
317 611
317 625
317 628
317 644
317 662
317 681
317 707
317 726
317 739
317 833
317 870
317 882
317 883
317 891
317 908
317 994
318 380
318 491
318 544
318 548
318 677
318 701
318 796
318 804
318 836
319 341
319 365
319 373
319 412
319 482
319 498
319 518
319 582
319 623
319 651
319 675
319 686
319 709
319 744
319 779
319 813
319 841
319 843
319 862
319 886
319 892
319 936
320 322
320 520
320 578
320 579
320 602
320 628
320 676
320 719
320 748
320 749
320 890
320 921
321 395
321 651
321 653
321 670
321 737
321 899
322 520
322 578
322 579
322 602
322 628
322 676
322 702
322 748
322 749
322 934
323 376
323 385
323 439
323 530
323 664
323 676
323 770
323 808
323 849
323 898
324 332
324 342
324 359
324 449
324 454
324 464
324 480
324 482
324 532
324 539
324 624
324 680
324 708
324 787
324 788
324 910
324 929
324 949
325 328
325 382
325 437
325 612
325 641
325 757
325 815
325 883
325 910
325 971
325 991
326 363
326 378
326 397
326 410
326 417
326 422
326 470
326 547
326 588
326 606
326 617
326 634
326 655
326 714
326 784
326 855
326 859
326 882
326 900
326 901
326 905
326 912
326 915
327 360
327 428
327 431
327 456
327 460
327 468
327 488
327 508
327 535
327 589
327 768
327 777
327 795
327 797
327 853
327 906
327 926
327 984
327 997
328 382
328 437
328 547
328 757
328 815
328 831
328 894
328 910
328 971
328 991
329 358
329 391
329 428
329 512
329 538
329 556
329 599
329 682
329 736
329 924
329 963
330 363
330 397
330 410
330 420
330 422
330 470
330 588
330 606
330 607
330 617
330 634
330 655
330 656
330 702
330 784
330 855
330 859
330 872
330 873
330 905
330 915
331 512
331 515
331 519
331 527
331 545
331 546
331 561
331 573
331 594
331 600
331 621
331 627
331 648
331 698
331 721
331 733
331 800
331 816
331 826
331 844
331 869
331 879
331 902
331 988
332 342
332 355
332 359
332 364
332 409
332 449
332 454
332 464
332 480
332 532
332 533
332 539
332 546
332 586
332 624
332 708
332 782
332 787
332 788
332 837
332 875
332 929
332 978
333 543
333 571
333 666
333 668
333 687
333 791
333 860
333 864
333 882
333 907
333 957
334 440
334 584
334 626
334 654
334 700
334 709
334 760
334 772
334 789
334 801
334 871
334 932
334 976
334 998
334 999
335 416
335 442
335 598
335 613
335 645
335 650
335 726
335 846
335 861
335 886
335 959
336 416
336 442
336 460
336 598
336 645
336 650
336 846
336 959
336 968
337 366
337 388
337 540
337 558
337 566
337 568
337 590
337 603
337 647
337 669
337 672
337 692
337 793
337 817
337 838
337 876
337 884
337 887
338 368
338 369
338 467
338 498
338 524
338 638
338 667
338 722
339 377
339 378
339 386
339 398
339 425
339 478
339 483
339 500
339 611
339 634
339 644
339 681
339 726
339 739
339 756
339 870
339 891
339 943
339 994
340 343
340 399
340 519
340 524
340 740
340 761
340 783
340 851
340 854
340 926
340 960
340 973
340 979
341 346
341 365
341 373
341 477
341 482
341 486
341 518
341 574
341 576
341 582
341 613
341 615
341 622
341 623
341 651
341 675
341 683
341 686
341 701
341 744
341 755
341 779
341 813
341 814
341 841
341 843
341 862
341 886
341 892
341 897
342 359
342 454
342 464
342 539
342 546
342 571
342 586
342 613
342 680
342 698
342 708
342 788
342 929
342 958
342 978
342 990
343 492
343 496
343 631
343 636
343 694
343 761
343 783
343 851
343 854
343 895
343 914
343 960
343 973
344 439
344 664
344 770
344 779
344 808
344 942
344 966
345 348
345 354
345 373
345 381
345 390
345 406
345 420
345 421
345 489
345 509
345 520
345 537
345 552
345 591
345 629
345 633
345 662
345 663
345 678
345 694
345 712
345 734
345 837
345 916
345 937
345 941
345 956
345 967
346 365
346 463
346 482
346 518
346 582
346 613
346 623
346 651
346 675
346 683
346 744
346 752
346 779
346 813
346 841
346 843
346 862
346 952
347 419
347 469
347 485
347 486
347 581
347 631
347 632
347 774
347 805
347 814
347 894
348 354
348 381
348 406
348 420
348 421
348 459
348 489
348 509
348 513
348 528
348 537
348 552
348 591
348 610
348 611
348 629
348 633
348 663
348 694
348 712
348 734
348 736
348 762
348 837
348 916
348 937
348 941
348 956
349 403
349 444
349 467
349 593
349 658
349 660
349 674
349 705
349 829
349 852
349 865
349 895
349 922
349 931
349 969
349 972
349 989
350 394
350 403
350 435
350 441
350 447
350 502
350 511
350 514
350 595
350 596
350 689
350 711
350 717
350 728
350 737
350 752
350 809
350 839
350 857
350 879
350 896
350 949
350 968
350 977
350 981
351 559
351 691
351 914
351 918
351 962
351 982
352 355
352 357
352 375
352 396
352 429
352 463
352 465
352 479
352 503
352 505
352 517
352 584
352 608
352 616
352 619
352 622
352 642
352 657
352 688
352 704
352 724
352 735
352 743
352 793
352 852
352 855
352 903
352 907
352 920
352 925
352 928
352 939
352 952
352 1000
353 446
353 525
353 550
353 575
353 587
353 618
353 717
353 802
353 965
354 381
354 390
354 406
354 420
354 456
354 489
354 537
354 552
354 629
354 633
354 663
354 694
354 712
354 734
354 837
354 937
354 956
354 961
354 967
355 357
355 375
355 383
355 396
355 423
355 429
355 463
355 465
355 479
355 503
355 505
355 517
355 584
355 608
355 616
355 622
355 623
355 657
355 688
355 704
355 721
355 735
355 759
355 892
355 903
355 925
355 926
355 928
355 939
355 1000
356 510
356 515
356 527
356 545
356 561
356 569
356 573
356 577
356 600
356 621
356 627
356 648
356 698
356 731
356 733
356 800
356 816
356 826
356 844
356 869
356 879
356 972
357 374
357 463
357 480
357 503
357 579
357 584
357 608
357 616
357 622
357 704
357 724
357 735
357 759
357 855
357 859
357 939
357 952
357 1000
358 382
358 560
358 734
358 768
358 924
358 963
359 454
359 464
359 480
359 532
359 539
359 586
359 787
359 788
359 929
359 978
360 428
360 431
360 456
360 460
360 488
360 501
360 589
360 627
360 637
360 716
360 767
360 768
360 777
360 795
360 797
360 842
360 863
360 875
360 926
360 994
360 997
361 363
361 397
361 410
361 417
361 422
361 541
361 588
361 617
361 634
361 655
361 656
361 681
361 702
361 784
361 855
361 859
361 873
361 900
361 901
361 905
361 912
361 915
361 919
361 962
362 472
362 622
362 718
362 818
362 828
362 919
363 397
363 410
363 417
363 443
363 470
363 562
363 570
363 606
363 617
363 634
363 643
363 655
363 702
363 714
363 734
363 784
363 855
363 859
363 873
363 900
363 901
363 905
363 915
363 919
364 449
364 454
364 464
364 518
364 532
364 539
364 586
364 708
364 787
364 788
364 871
365 373
365 414
365 445
365 482
365 518
365 582
365 613
365 623
365 651
365 675
365 683
365 743
365 744
365 779
365 809
365 843
365 857
365 862
365 897
365 986
366 388
366 498
366 499
366 566
366 568
366 590
366 647
366 657
366 672
366 692
366 729
366 793
366 817
366 838
366 876
366 883
366 884
367 605
367 758
367 785
367 819
367 878
367 921
368 369
368 469
368 498
368 524
368 638
368 722
368 888
369 498
369 524
369 638
369 667
370 404
370 483
370 494
370 609
370 647
370 665
370 794
370 945
371 475
371 514
371 607
371 641
371 856
371 881
371 890
372 374
372 430
372 473
372 536
372 750
372 820
372 896
372 958
373 412
373 482
373 518
373 574
373 613
373 615
373 623
373 651
373 675
373 683
373 686
373 744
373 755
373 813
373 816
373 841
373 843
373 862
373 874
373 886
373 897
374 473
374 560
374 654
374 750
374 820
374 827
374 847
374 958
375 383
375 429
375 479
375 505
375 517
375 584
375 607
375 616
375 622
375 704
375 724
375 903
375 915
375 920
375 925
375 952
375 1000
376 385
376 431
376 439
376 498
376 664
376 741
376 770
376 808
376 849
376 898
376 927
377 378
377 398
377 425
377 478
377 483
377 500
377 593
377 611
377 625
377 640
377 644
377 662
377 663
377 671
377 681
377 726
377 833
377 876
377 994
378 386
378 425
378 478
378 481
378 483
378 500
378 605
378 611
378 625
378 637
378 640
378 644
378 652
378 662
378 681
378 707
378 739
378 814
378 833
378 870
378 881
378 882
378 891
378 908
378 943
378 994
379 436
379 510
379 626
379 696
379 700
379 703
379 742
379 760
379 772
379 789
379 801
379 871
379 885
379 932
379 946
379 955
379 959
379 976
379 986
379 995
379 998
379 999
380 460
380 544
380 548
380 571
380 677
380 701
380 747
380 796
380 804
380 868
380 975
380 985
380 987
381 390
381 406
381 420
381 421
381 489
381 506
381 509
381 537
381 552
381 610
381 629
381 633
381 663
381 694
381 712
381 734
381 837
381 916
381 920
381 937
381 956
381 967
382 388
382 537
382 612
382 660
382 757
382 883
382 884
382 910
382 971
383 396
383 429
383 463
383 479
383 489
383 503
383 517
383 584
383 622
383 642
383 688
383 724
383 735
383 759
383 920
383 928
383 939
383 952
383 1000
384 392
384 438
384 468
384 507
384 521
384 522
384 685
384 801
384 950
384 977
385 439
385 530
385 662
385 664
385 770
385 808
385 849
385 898
385 942
385 953
385 996
386 398
386 425
386 478
386 481
386 483
386 500
386 588
386 609
386 611
386 625
386 640
386 644
386 652
386 662
386 671
386 681
386 707
386 726
386 739
386 744
386 756
386 833
386 870
386 882
386 891
386 895
386 908
386 943
386 994
387 391
387 422
387 432
387 517
387 518
387 558
387 572
387 778
387 799
387 904
387 934
387 964
388 558
388 566
388 568
388 590
388 603
388 647
388 669
388 672
388 692
388 729
388 793
388 838
388 876
388 884
389 450
389 490
389 557
389 619
389 659
389 706
389 751
389 786
389 885
390 406
390 421
390 489
390 509
390 537
390 552
390 610
390 629
390 633
390 652
390 663
390 694
390 712
390 726
390 734
390 869
390 956
390 964
390 967
391 431
391 432
391 572
391 585
391 776
391 778
391 799
391 904
391 934
391 964
392 438
392 507
392 521
392 522
392 630
392 685
392 695
392 823
392 950
392 979
393 400
393 426
393 555
393 754
393 792
393 878
393 983
394 435
394 441
394 447
394 489
394 502
394 504
394 511
394 514
394 521
394 559
394 564
394 596
394 597
394 689
394 717
394 731
394 752
394 754
394 766
394 771
394 809
394 818
394 839
394 857
394 896
394 930
394 949
394 968
394 977
394 980
394 988
395 415
395 653
395 670
395 760
395 794
395 899
395 968
396 429
396 465
396 479
396 503
396 513
396 584
396 592
396 608
396 616
396 622
396 657
396 688
396 724
396 735
396 743
396 903
396 915
396 920
396 925
396 928
396 939
396 1000
397 410
397 417
397 422
397 532
397 552
397 588
397 634
397 643
397 655
397 656
397 702
397 711
397 714
397 784
397 833
397 855
397 873
397 900
397 901
397 915
397 919
397 994
398 478
398 483
398 562
398 611
398 613
398 625
398 640
398 644
398 680
398 681
398 707
398 726
398 739
398 777
398 833
398 882
398 891
398 994
399 496
399 523
399 636
399 740
399 761
399 783
399 829
399 960
399 973
400 555
400 657
400 754
400 878
400 909
400 983
401 418
401 424
401 513
401 529
401 540
401 600
401 690
401 781
401 824
401 830
401 831
401 944
402 431
402 518
402 582
402 597
402 613
402 623
402 634
402 651
402 675
402 683
402 744
402 755
402 779
402 813
402 843
402 862
403 444
403 459
403 467
403 509
403 639
403 658
403 660
403 674
403 684
403 691
403 705
403 738
403 752
403 829
403 852
403 865
403 922
403 931
403 969
403 972
403 989
404 506
404 609
404 665
404 945
404 993
405 600
405 788
405 921
405 992
406 420
406 421
406 489
406 509
406 537
406 552
406 591
406 610
406 629
406 633
406 663
406 712
406 734
406 762
406 814
406 837
406 895
406 916
406 937
406 956
406 967
407 420
407 491
407 536
407 562
407 601
407 646
407 679
407 730
407 766
407 773
407 819
407 845
407 948
407 951
407 966
408 431
408 515
408 519
408 561
408 573
408 577
408 594
408 600
408 627
408 816
408 826
408 844
408 864
408 869
408 876
408 902
409 452
409 462
409 620
409 930
410 422
410 470
410 588
410 617
410 634
410 643
410 656
410 702
410 714
410 784
410 802
410 855
410 859
410 873
410 900
410 901
410 905
410 912
411 491
411 562
411 646
411 773
411 951
411 966
412 477
412 482
412 495
412 518
412 582
412 588
412 600
412 613
412 615
412 623
412 651
412 675
412 683
412 686
412 744
412 755
412 771
412 813
412 841
412 843
412 862
412 892
412 897
412 936
413 443
413 543
413 554
413 559
413 571
413 668
413 746
413 811
413 860
413 907
413 940
413 957
414 482
414 518
414 558
414 582
414 613
414 623
414 675
414 723
414 744
414 755
414 813
414 843
414 862
415 653
415 670
415 794
415 899
416 442
416 598
416 645
416 650
416 846
416 959
417 588
417 606
417 634
417 784
417 873
417 900
417 901
417 912
417 915
417 919
417 968
418 484
418 579
418 693
418 700
418 741
418 803
418 810
418 881
418 955
419 469
419 472
419 485
419 486
419 523
419 806
419 814
419 853
419 889
419 894
420 489
420 497
420 529
420 537
420 552
420 610
420 633
420 663
420 712
420 734
420 837
420 937
420 941
420 956
421 489
421 509
421 537
421 552
421 610
421 734
421 762
421 837
421 916
421 937
421 955
421 956
421 967
422 470
422 576
422 588
422 634
422 643
422 655
422 656
422 702
422 714
422 717
422 835
422 855
422 859
422 873
422 901
422 905
422 915
422 919
423 453
423 482
423 488
423 535
423 542
423 563
423 580
423 588
423 592
423 604
423 639
423 697
423 710
423 745
423 753
423 780
423 785
423 790
423 840
423 881
424 513
424 529
424 540
424 549
424 613
424 669
424 690
424 781
424 824
424 830
424 831
424 913
424 944
425 478
425 611
425 640
425 644
425 665
425 681
425 726
425 833
425 882
425 908
425 994
426 555
426 753
426 754
426 959
426 983
427 539
427 672
427 690
427 726
427 812
427 863
427 866
427 867
427 938
427 947
427 953
428 431
428 441
428 455
428 456
428 468
428 488
428 576
428 589
428 637
428 713
428 734
428 749
428 763
428 767
428 768
428 777
428 795
428 797
428 863
428 906
428 926
428 984
428 985
428 997
429 584
429 616
429 622
429 724
429 759
429 791
429 903
429 920
429 925
429 939
429 953
430 473
430 560
430 654
430 750
430 797
430 820
430 827
430 847
430 958
431 455
431 456
431 457
431 460
431 468
431 488
431 508
431 576
431 589
431 637
431 713
431 767
431 768
431 777
431 796
431 797
431 816
431 842
431 863
431 875
431 887
431 906
431 926
431 985
431 997
432 570
432 585
432 776
432 778
432 799
432 810
432 926
432 934
432 964
433 491
433 500
433 553
433 601
433 646
433 647
433 651
433 713
433 730
433 773
433 843
433 845
433 848
433 951
433 966
434 634
434 700
434 709
434 760
434 789
434 801
434 833
434 946
434 996
434 998
435 441
435 447
435 502
435 504
435 511
435 514
435 564
435 595
435 596
435 689
435 717
435 728
435 737
435 752
435 809
435 811
435 835
435 839
435 949
435 961
435 968
435 977
435 980
435 981
435 988
436 504
436 510
436 626
436 696
436 700
436 703
436 709
436 742
436 760
436 789
436 801
436 895
436 932
436 933
436 946
436 976
436 986
436 995
436 998
436 999
437 654
437 757
437 883
437 910
437 991
438 470
438 507
438 521
438 522
438 685
438 695
438 823
438 881
438 950
439 530
439 664
439 770
439 808
439 849
439 898
439 942
439 953
439 996
440 510
440 696
440 700
440 760
440 789
440 801
440 828
440 871
440 932
440 986
441 447
441 467
441 502
441 504
441 511
441 514
441 564
441 595
441 596
441 689
441 717
441 727
441 728
441 731
441 737
441 752
441 809
441 835
441 839
441 857
441 863
441 896
441 949
441 968
441 977
441 988
442 491
442 598
442 645
442 650
442 846
443 543
443 554
443 571
443 668
443 791
443 811
443 812
443 907
443 957
444 459
444 658
444 674
444 829
444 852
444 865
444 931
445 482
445 518
445 613
445 631
445 651
445 675
445 683
445 744
445 746
445 779
445 813
445 843
445 862
445 892
446 525
446 550
446 575
446 587
446 618
446 681
446 802
446 889
446 965
447 504
447 511
447 514
447 564
447 595
447 596
447 689
447 752
447 759
447 809
447 839
447 857
447 968
448 718
448 802
448 818
448 837
449 454
449 464
449 480
449 504
449 511
449 533
449 539
449 546
449 586
449 624
449 680
449 708
449 787
449 788
449 795
449 929
449 978
450 490
450 557
450 619
450 659
450 661
450 719
450 751
450 786
451 476
451 495
451 516
451 536
451 583
451 673
451 723
451 821
451 887
451 927
452 551
452 569
452 627
452 742
452 764
452 807
452 872
453 535
453 541
453 542
453 563
453 604
453 753
453 774
453 785
453 790
453 840
454 464
454 480
454 505
454 532
454 546
454 586
454 624
454 680
454 708
454 787
454 788
454 929
454 978
454 994
455 456
455 460
455 488
455 494
455 508
455 563
455 576
455 863
455 906
455 984
455 997
456 457
456 460
456 468
456 488
456 508
456 576
456 589
456 637
456 713
456 755
456 767
456 768
456 797
456 842
456 863
456 875
456 906
456 926
456 959
456 984
456 985
456 997
457 637
457 700
457 777
457 797
457 926
457 984
458 466
458 493
458 597
458 777
459 467
459 639
459 658
459 698
459 705
459 750
459 823
459 829
459 833
459 862
459 865
459 895
459 931
459 969
459 989
460 476
460 488
460 561
460 576
460 637
460 713
460 768
460 777
460 797
460 842
460 863
460 906
460 926
460 985
460 997
461 535
461 563
461 580
461 592
461 604
461 697
461 780
461 785
461 881
461 969
461 986
462 611
462 620
462 680
462 930
463 485
463 616
463 622
463 642
463 660
463 704
463 718
463 724
463 735
463 743
463 893
463 920
463 925
463 939
463 1000
464 480
464 532
464 533
464 539
464 546
464 586
464 624
464 680
464 708
464 767
464 787
464 788
464 978
464 990
465 584
465 616
465 622
465 704
465 724
465 903
465 920
465 925
465 1000
466 493
466 528
466 568
466 597
466 633
466 769
467 569
467 684
467 829
467 852
467 865
467 895
467 931
467 972
468 488
468 501
468 508
468 576
468 589
468 637
468 705
468 767
468 777
468 795
468 797
468 814
468 842
468 863
468 875
468 926
468 985
468 997
469 485
469 523
469 581
469 632
469 725
469 774
469 806
469 814
469 853
469 894
469 1000
470 588
470 634
470 643
470 855
470 859
470 900
470 901
470 915
470 919
471 497
471 567
471 614
471 720
471 763
471 877
471 917
471 954
471 966
472 564
472 601
472 718
472 818
472 907
473 514
473 560
473 654
473 750
473 820
473 827
473 847
473 958
473 962
474 508
474 556
474 599
474 682
474 706
474 736
474 924
474 963
475 591
475 607
475 641
475 690
475 780
475 856
475 890
476 495
476 583
476 673
476 723
476 751
476 821
476 826
476 927
477 518
477 574
477 582
477 613
477 623
477 651
477 675
477 683
477 697
477 744
477 779
477 826
477 843
477 862
477 879
477 886
477 892
478 481
478 483
478 491
478 500
478 544
478 611
478 625
478 652
478 662
478 671
478 681
478 707
478 726
478 739
478 756
478 762
478 833
478 870
478 882
478 889
478 908
478 943
478 961
478 994
479 584
479 608
479 616
479 622
479 724
479 903
479 1000
480 532
480 539
480 586
480 680
480 708
480 787
480 929
481 483
481 611
481 671
481 681
481 726
481 833
481 882
481 994
482 518
482 574
482 582
482 613
482 615
482 623
482 651
482 675
482 683
482 686
482 744
482 755
482 779
482 813
482 841
482 843
482 862
482 870
482 886
482 892
482 897
482 955
483 611
483 625
483 644
483 652
483 662
483 671
483 679
483 681
483 707
483 726
483 739
483 748
483 756
483 833
483 870
483 882
483 891
483 908
483 919
483 994
484 630
484 741
484 810
484 836
484 854
484 974
485 486
485 523
485 581
485 632
485 725
485 774
485 805
485 814
485 889
486 512
486 523
486 581
486 631
486 632
486 711
486 725
486 774
486 805
486 806
486 814
486 853
486 894
487 510
487 696
487 700
487 709
487 742
487 760
487 772
487 801
487 932
487 976
487 998
488 501
488 508
488 589
488 637
488 713
488 729
488 767
488 768
488 795
488 797
488 828
488 842
488 863
488 875
488 906
488 916
488 926
488 984
488 985
488 997
489 509
489 591
489 629
489 663
489 682
489 694
489 712
489 734
489 762
489 837
489 859
489 916
489 937
489 952
489 967
490 557
490 619
490 659
490 661
490 706
490 751
490 757
490 786
491 499
491 536
491 553
491 562
491 597
491 601
491 646
491 679
491 730
491 732
491 773
491 819
491 845
491 848
491 904
491 923
491 948
491 966
492 496
492 636
492 740
492 761
492 783
492 804
492 841
492 851
492 854
492 960
492 973
493 553
493 597
493 635
493 769
494 506
494 609
494 665
494 795
494 903
494 945
494 993
495 583
495 613
495 673
495 821
495 927
495 980
496 556
496 636
496 667
496 740
496 761
496 783
496 787
496 851
496 960
496 973
497 567
497 584
497 614
497 720
497 775
497 783
497 830
497 954
498 524
498 638
498 667
498 722
498 888
499 536
499 562
499 614
499 621
499 679
499 700
499 730
499 773
499 819
499 951
500 611
500 662
500 681
500 726
500 833
500 870
500 891
500 908
500 994
501 576
501 616
501 637
501 717
501 739
501 768
501 777
501 797
501 956
501 984
501 985
501 997
502 514
502 564
502 595
502 689
502 727
502 752
502 835
502 836
502 839
502 857
502 949
502 968
503 622
503 657
503 660
503 704
503 724
503 903
503 925
503 952
503 1000
504 511
504 514
504 537
504 595
504 596
504 689
504 727
504 728
504 731
504 737
504 752
504 771
504 809
504 839
504 857
504 871
504 949
504 961
504 968
504 980
504 981
504 988
505 584
505 688
505 704
505 724
505 920
505 925
505 952
505 1000
506 609
506 665
506 945
506 993
507 521
507 522
507 695
507 798
507 823
507 950
508 533
508 576
508 713
508 768
508 797
508 842
508 997
509 512
509 537
509 552
509 610
509 663
509 712
509 734
509 737
509 837
509 902
509 937
509 956
510 604
510 700
510 703
510 709
510 733
510 760
510 772
510 871
510 932
510 946
510 986
510 998
511 514
511 564
511 595
511 596
511 689
511 717
511 727
511 728
511 731
511 752
511 809
511 835
511 839
511 857
511 896
511 949
511 964
511 968
511 980
511 988
512 556
512 682
512 963
513 529
513 540
513 549
513 781
513 824
513 830
513 831
513 913
514 564
514 595
514 596
514 689
514 717
514 727
514 728
514 731
514 752
514 771
514 809
514 835
514 839
514 843
514 857
514 896
514 949
514 968
514 977
514 980
514 981
514 988
515 519
515 527
515 545
515 561
515 567
515 570
515 573
515 577
515 594
515 600
515 621
515 624
515 627
515 648
515 649
515 698
515 721
515 733
515 800
515 816
515 826
515 844
515 869
515 879
515 902
515 935
515 988
516 583
516 638
516 673
516 723
516 790
516 821
516 887
516 927
517 584
517 593
517 608
517 616
517 622
517 657
517 704
517 724
517 903
517 920
517 925
517 952
517 1000
518 574
518 582
518 613
518 615
518 623
518 675
518 686
518 712
518 744
518 754
518 755
518 779
518 813
518 841
518 843
518 862
518 886
518 892
518 936
519 527
519 545
519 561
519 577
519 594
519 621
519 627
519 648
519 721
519 800
519 816
519 826
519 844
519 863
519 869
519 902
519 935
520 578
520 579
520 602
520 628
520 662
520 748
520 749
521 522
521 580
521 685
521 695
521 823
521 950
521 979
522 582
522 823
522 950
522 966
522 979
523 539
523 581
523 631
523 632
523 725
523 774
523 806
523 853
523 889
524 537
524 638
524 667
524 722
524 791
524 813
524 888
525 550
525 575
525 587
525 618
525 682
525 802
526 534
526 699
526 850
526 852
526 880
526 885
526 909
526 969
527 561
527 570
527 573
527 594
527 600
527 621
527 625
527 627
527 698
527 721
527 733
527 800
527 816
527 826
527 828
527 844
527 869
527 879
528 597
528 635
528 769
529 549
529 690
529 781
529 824
529 830
529 831
529 882
529 913
529 944
530 533
530 542
530 664
530 770
530 849
530 898
530 919
530 942
530 953
530 963
530 970
530 996
531 565
531 678
531 782
531 798
531 832
531 847
531 885
531 911
532 533
532 539
532 586
532 624
532 680
532 708
532 788
532 929
532 978
532 990
533 539
533 546
533 586
533 708
533 787
533 788
533 978
534 674
534 699
534 737
534 744
534 844
534 909
534 931
534 970
535 541
535 542
535 563
535 592
535 604
535 697
535 710
535 711
535 780
535 785
535 790
535 840
535 858
535 861
535 874
536 562
536 601
536 646
536 730
536 732
536 777
536 819
536 848
536 966
537 552
537 591
537 610
537 633
537 639
537 663
537 694
537 712
537 728
537 734
537 837
537 916
537 937
537 941
537 957
538 556
538 570
538 592
538 599
538 616
538 736
538 864
538 955
539 546
539 592
539 624
539 673
539 680
539 708
539 755
539 787
539 847
539 880
539 978
539 990
540 549
540 690
540 781
540 824
540 830
540 831
540 913
540 944
540 976
541 542
541 563
541 592
541 604
541 615
541 711
541 719
541 753
541 780
541 785
541 790
541 803
541 840
541 861
541 874
541 881
542 563
542 580
542 584
542 588
542 592
542 604
542 697
542 711
542 743
542 745
542 753
542 780
542 785
542 790
542 816
542 840
542 861
542 874
542 881
542 984
543 554
543 559
543 589
543 666
543 668
543 687
543 694
543 746
543 812
543 834
543 864
543 957
544 701
544 747
544 796
544 804
544 836
544 868
544 975
544 991
545 573
545 577
545 594
545 600
545 621
545 800
545 816
545 826
545 869
545 873
545 949
546 624
546 708
546 787
546 929
546 978
547 612
547 815
547 841
547 883
547 910
547 971
547 991
548 677
548 701
548 747
548 796
548 804
548 836
548 868
548 987
549 690
549 781
549 824
549 830
549 831
549 876
549 880
549 913
549 944
550 575
550 587
550 618
550 802
550 897
551 569
551 764
551 807
551 823
551 872
551 937
551 967
551 985
552 570
552 591
552 633
552 663
552 712
552 837
552 885
552 916
552 937
552 956
552 967
553 562
553 601
553 646
553 679
553 732
553 773
553 848
553 923
554 571
554 666
554 668
554 818
554 864
554 957
554 979
555 754
555 842
555 878
555 983
556 682
556 736
556 809
556 924
556 954
556 963
557 659
557 661
557 706
557 751
557 786
557 794
557 797
557 842
557 885
557 900
558 566
558 568
558 590
558 603
558 647
558 672
558 678
558 692
558 729
558 793
558 817
558 876
558 884
559 668
559 687
559 791
559 811
559 835
559 860
559 864
559 907
559 940
560 654
560 750
560 778
560 820
560 827
560 847
560 958
561 570
561 573
561 594
561 600
561 621
561 627
561 648
561 659
561 722
561 733
561 800
561 816
561 844
561 869
561 902
562 601
562 646
562 730
562 732
562 747
562 773
562 791
562 845
562 848
562 923
562 948
562 966
563 580
563 592
563 604
563 632
563 697
563 704
563 710
563 711
563 719
563 745
563 753
563 785
563 790
563 806
563 840
563 858
563 861
563 881
563 997
564 596
564 689
564 727
564 728
564 731
564 737
564 771
564 774
564 802
564 809
564 839
564 857
564 896
564 949
564 968
564 977
564 980
564 981
565 678
565 782
565 825
565 911
566 568
566 585
566 590
566 603
566 647
566 669
566 692
566 729
566 793
566 817
566 838
566 955
567 614
567 619
567 720
567 763
567 769
567 775
567 877
567 917
567 954
568 590
568 669
568 672
568 692
568 729
568 756
568 817
568 876
569 593
569 764
570 573
570 586
570 594
570 600
570 621
570 627
570 648
570 649
570 698
570 721
570 800
570 816
570 826
570 844
570 869
570 902
571 613
571 666
571 668
571 740
571 746
571 791
571 811
571 834
571 860
571 864
571 940
572 582
572 752
572 776
572 778
572 799
572 904
572 934
572 964
573 577
573 594
573 595
573 600
573 621
573 627
573 649
573 698
573 721
573 733
573 772
573 800
573 816
573 844
573 869
573 879
574 613
574 623
574 651
574 675
574 683
574 744
574 755
574 829
574 841
574 843
574 862
574 936
575 587
575 618
575 802
575 835
575 965
576 637
576 713
576 733
576 767
576 795
576 797
576 842
576 863
576 875
576 906
576 926
576 985
576 997
577 594
577 600
577 621
577 799
577 800
577 980
578 579
578 602
578 628
578 748
578 749
579 602
579 628
579 676
579 748
579 749
579 965
580 592
580 604
580 697
580 710
580 785
580 840
580 858
580 861
580 881
580 891
580 968
581 631
581 632
581 774
581 805
581 806
581 814
581 830
581 889
581 894
582 611
582 613
582 623
582 651
582 675
582 683
582 686
582 755
582 779
582 813
582 841
582 843
582 862
582 886
582 892
582 897
582 936
583 673
583 723
583 821
583 887
583 927
584 608
584 616
584 622
584 634
584 642
584 644
584 655
584 704
584 724
584 743
584 777
584 903
584 920
584 925
584 928
584 939
584 952
584 1000
585 604
585 778
585 799
585 821
585 904
585 984
586 624
586 680
586 708
586 787
586 788
586 978
586 990
587 618
587 802
587 965
588 606
588 617
588 634
588 647
588 655
588 702
588 784
588 855
588 859
588 873
588 901
588 905
588 915
588 919
589 637
589 713
589 768
589 797
589 863
589 906
589 926
589 984
589 985
590 603
590 647
590 669
590 672
590 679
590 692
590 805
590 817
590 838
590 876
590 884
591 610
591 629
591 633
591 635
591 663
591 680
591 694
591 712
591 734
591 762
591 837
591 937
591 941
591 967
592 604
592 665
592 697
592 710
592 711
592 719
592 745
592 753
592 780
592 785
592 790
592 840
592 858
592 861
592 874
593 764
593 807
593 872
593 946
594 600
594 621
594 627
594 648
594 650
594 653
594 675
594 698
594 721
594 733
594 742
594 743
594 800
594 816
594 826
594 844
594 869
594 879
594 902
594 935
595 689
595 717
595 727
595 752
595 771
595 809
595 835
595 857
595 896
595 968
595 988
596 607
596 689
596 731
596 737
596 771
596 835
596 837
596 857
596 896
596 988
597 635
597 769
598 645
598 650
598 846
598 959
599 682
599 736
599 755
599 777
599 924
599 963
600 621
600 627
600 647
600 648
600 649
600 698
600 721
600 733
600 756
600 770
600 800
600 816
600 826
600 844
600 869
600 879
600 902
601 646
601 679
601 704
601 730
601 819
601 845
601 923
601 948
601 951
601 966
602 628
602 676
602 748
602 749
602 807
603 669
603 672
603 692
603 725
603 729
603 786
603 793
603 817
603 838
603 876
603 884
603 935
604 691
604 697
604 710
604 711
604 719
604 745
604 753
604 780
604 785
604 797
604 840
604 845
604 858
604 861
604 874
604 966
605 758
605 843
605 921
605 992
606 617
606 634
606 643
606 655
606 656
606 702
606 714
606 769
606 784
606 855
606 859
606 873
606 892
606 901
606 912
606 994
607 856
607 890
608 630
608 642
608 657
608 724
608 735
608 743
608 745
608 920
608 925
608 928
608 939
608 952
608 964
608 1000
609 665
609 945
609 993
610 633
610 694
610 712
610 734
610 837
610 873
610 916
610 937
610 941
610 956
610 967
610 979
611 625
611 644
611 652
611 662
611 671
611 681
611 703
611 707
611 726
611 756
611 768
611 812
611 833
611 870
611 891
611 908
611 943
611 994
612 657
612 685
612 757
612 815
612 826
612 910
612 971
612 991
613 623
613 651
613 675
613 683
613 686
613 744
613 755
613 779
613 813
613 841
613 843
613 856
613 862
613 886
613 892
613 897
613 936
614 763
614 775
614 877
614 917
614 954
615 623
615 651
615 675
615 683
615 743
615 744
615 779
615 813
615 843
615 862
615 886
615 892
616 622
616 642
616 657
616 688
616 704
616 724
616 735
616 743
616 759
616 903
616 920
616 925
616 939
616 952
616 1000
617 634
617 702
617 784
617 804
617 838
617 855
617 859
617 873
618 789
618 802
618 965
619 659
619 661
619 706
619 751
619 786
619 885
620 766
620 930
621 627
621 649
621 721
621 742
621 816
621 844
621 869
621 897
621 902
622 642
622 657
622 688
622 704
622 724
622 735
622 743
622 759
622 903
622 920
622 925
622 928
622 939
622 952
622 1000
623 651
623 675
623 683
623 744
623 755
623 779
623 813
623 841
623 843
623 862
623 880
623 886
623 892
623 897
623 931
623 936
624 787
624 788
624 837
625 652
625 681
625 707
625 726
625 739
625 756
625 816
625 833
625 882
625 891
625 908
625 943
625 994
626 644
626 700
626 709
626 742
626 759
626 760
626 801
626 932
626 946
626 998
627 648
627 649
627 652
627 698
627 721
627 816
627 823
627 844
627 869
627 935
628 669
628 676
628 748
628 749
628 770
629 663
629 712
629 734
629 762
629 837
629 862
629 885
629 916
629 937
629 967
630 741
630 764
630 803
630 810
630 955
630 974
631 632
631 731
631 806
631 814
631 889
631 894
632 725
632 768
632 805
632 806
632 853
632 889
632 894
633 663
633 694
633 704
633 714
633 734
633 837
633 916
633 937
633 956
634 655
634 656
634 702
634 714
634 784
634 855
634 859
634 873
634 900
634 905
634 912
634 915
634 919
635 769
635 869
636 761
636 783
636 851
636 854
636 960
636 973
636 979
637 700
637 768
637 774
637 777
637 797
637 842
637 863
637 961
637 984
637 985
637 997
638 667
638 722
638 888
639 658
639 660
639 674
639 684
639 705
639 829
639 852
639 865
639 895
639 922
639 931
639 969
639 972
640 662
640 671
640 681
640 726
640 768
640 833
640 861
640 972
640 994
641 856
642 704
642 724
642 743
642 925
642 952
642 1000
643 685
643 702
643 722
643 784
643 855
643 859
643 873
643 900
643 901
644 652
644 662
644 671
644 681
644 726
644 739
644 740
644 756
644 833
644 870
644 882
644 890
644 891
644 908
644 943
644 994
645 650
645 846
645 924
645 959
646 730
646 766
646 819
646 840
646 845
646 923
646 951
646 966
647 672
647 692
647 793
647 838
648 721
648 800
648 816
648 826
648 869
648 879
648 902
649 695
649 816
649 826
649 869
650 846
650 959
651 675
651 683
651 686
651 744
651 752
651 779
651 813
651 841
651 843
651 862
651 872
651 886
651 892
651 897
651 936
652 681
652 707
652 726
652 832
652 833
652 891
652 908
653 670
653 794
653 835
653 902
654 820
654 827
654 847
654 958
655 656
655 855
655 859
655 915
655 920
656 702
656 784
656 859
656 873
656 912
656 976
657 688
657 704
657 724
657 735
657 743
657 903
657 925
657 939
657 1000
658 660
658 674
658 684
658 705
658 829
658 852
658 865
658 895
658 922
658 931
658 969
658 972
658 989
659 661
659 751
659 786
659 885
660 674
660 684
660 705
660 829
660 852
660 865
660 895
660 922
660 931
660 989
661 706
661 751
661 875
661 885
662 671
662 672
662 681
662 744
662 756
662 833
662 891
662 908
662 943
662 994
663 694
663 695
663 712
663 734
663 760
663 762
663 837
663 879
663 916
663 937
663 941
664 737
664 770
664 782
664 808
664 849
664 898
664 907
664 942
664 953
664 996
665 993
666 687
666 724
666 746
666 791
666 811
666 834
666 860
666 907
666 940
666 957
667 694
667 722
667 888
667 985
668 746
668 791
668 811
668 812
668 834
668 849
668 860
668 864
668 893
668 907
668 920
668 940
668 945
668 957
669 838
669 876
669 884
669 976
670 794
670 899
671 681
671 707
671 726
671 739
671 756
671 833
671 891
671 943
671 994
672 692
672 696
672 817
672 884
673 821
673 873
673 927
674 852
674 931
674 969
674 972
674 990
675 683
675 686
675 703
675 744
675 755
675 787
675 813
675 841
675 843
675 862
675 886
675 892
675 897
675 936
676 748
676 749
677 701
677 747
677 781
677 796
677 804
677 868
677 987
678 682
678 782
678 798
678 825
678 911
679 773
679 845
679 848
679 942
679 951
679 966
680 708
680 788
680 929
680 978
681 707
681 726
681 739
681 756
681 833
681 864
681 870
681 882
681 891
681 908
681 943
681 994
682 731
682 902
682 963
683 686
683 714
683 744
683 755
683 779
683 801
683 813
683 815
683 832
683 843
683 862
683 892
683 897
683 936
683 994
684 829
684 852
684 931
684 969
684 972
685 689
685 695
685 823
685 950
686 744
686 813
686 843
686 862
686 886
686 892
686 945
686 995
687 746
687 812
687 840
687 860
687 864
687 907
687 927
687 940
687 957
688 759
688 920
688 952
689 717
689 727
689 728
689 737
689 752
689 771
689 784
689 809
689 830
689 835
689 839
689 857
689 896
689 949
689 961
689 968
689 977
689 980
689 981
690 709
690 781
690 824
690 830
690 831
690 913
690 944
691 914
691 918
691 962
691 982
692 729
692 782
692 817
692 876
692 884
693 741
693 803
693 918
694 712
694 762
694 811
694 837
694 937
694 956
695 700
695 950
696 700
696 703
696 760
696 789
696 801
696 932
696 933
696 951
696 986
696 998
697 711
697 780
697 785
697 790
697 840
697 881
697 947
697 996
698 800
698 816
698 826
698 844
698 901
699 715
699 765
699 850
699 880
699 909
699 970
700 703
700 709
700 742
700 760
700 772
700 789
700 801
700 871
700 932
700 933
700 976
700 986
700 995
700 998
701 804
701 836
701 868
701 975
701 987
702 727
702 770
702 784
702 855
702 859
702 873
702 900
702 901
702 915
703 742
703 760
703 789
703 871
703 915
703 933
703 946
703 986
703 998
704 707
704 724
704 735
704 743
704 759
704 880
704 920
704 928
704 939
704 952
704 1000
705 829
705 852
705 865
705 922
705 931
706 751
706 786
706 885
707 833
707 891
707 994
708 788
708 929
708 944
708 978
709 742
709 760
709 789
709 801
709 933
709 946
709 953
709 976
709 986
710 719
710 745
710 780
710 785
711 719
711 740
711 780
711 785
711 790
711 840
711 858
711 861
711 874
711 902
711 925
712 734
712 746
712 762
712 837
712 857
712 916
712 937
712 941
712 956
712 967
713 765
713 777
713 797
713 926
713 977
713 984
714 784
714 855
714 859
714 873
714 901
714 912
714 915
714 917
715 765
715 850
715 880
715 909
715 923
715 970
716 758
716 792
716 822
716 866
716 867
716 938
716 947
717 727
717 728
717 731
717 809
717 835
717 844
717 857
717 896
717 960
717 968
717 974
717 980
717 981
717 988
718 818
718 828
719 780
719 785
719 840
719 858
719 861
719 874
719 881
720 763
720 775
720 846
720 917
720 954
720 968
721 800
721 807
721 816
721 869
721 902
721 903
722 888
723 763
723 821
723 887
723 927
724 735
724 743
724 759
724 903
724 920
724 925
724 952
724 976
724 1000
725 774
725 806
725 814
725 816
725 853
725 890
726 756
726 800
726 833
726 870
726 882
726 891
726 892
726 908
726 943
726 994
727 731
727 752
727 809
727 839
727 857
727 860
727 896
727 949
727 961
727 968
727 980
728 809
728 857
728 876
728 949
728 968
728 981
728 988
729 817
729 876
729 884
730 732
730 845
730 966
731 771
731 788
731 809
731 835
731 839
731 857
731 896
731 949
731 961
731 968
732 773
732 819
732 848
732 871
732 951
732 966
732 982
733 816
733 826
733 844
733 879
733 902
733 931
734 745
734 837
734 937
734 956
734 967
735 743
735 925
735 931
735 1000
736 829
736 937
736 963
737 752
737 771
737 809
737 835
737 839
737 845
737 857
737 896
737 949
737 951
737 961
737 968
737 988
738 829
738 852
738 865
738 895
738 931
738 969
738 972
738 983
739 833
739 870
739 891
739 994
740 761
740 783
740 851
740 854
740 960
741 803
741 810
741 822
741 974
742 760
742 772
742 789
742 801
742 871
742 933
742 946
742 976
742 986
742 998
742 999
743 920
743 928
743 938
743 952
743 1000
744 755
744 779
744 813
744 841
744 843
744 862
744 884
744 892
744 897
744 901
744 936
745 785
745 790
745 840
746 811
746 813
746 834
746 907
746 957
746 965
747 836
747 868
747 975
747 987
748 749
748 920
749 760
750 820
750 844
750 847
750 958
751 846
751 885
751 940
752 771
752 830
752 839
752 857
752 914
752 961
752 968
752 977
752 984
752 988
753 785
753 790
753 840
753 859
753 861
753 874
755 779
755 841
755 843
755 862
755 886
755 892
755 897
755 904
755 936
755 981
756 833
756 908
756 929
756 994
757 815
757 883
757 910
757 971
757 991
758 921
758 992
759 764
759 903
759 925
759 952
760 772
760 789
760 801
760 871
760 932
760 946
760 976
760 998
760 999
761 783
761 960
761 973
762 837
762 918
762 941
763 775
763 839
763 877
763 917
764 807
764 872
765 821
765 850
765 880
765 970
766 930
767 777
767 797
767 842
767 926
768 777
768 795
768 797
768 808
768 842
768 926
768 984
770 808
770 849
770 898
770 914
770 942
770 953
770 996
771 809
771 835
771 839
771 857
771 961
771 977
771 980
771 988
772 789
772 871
772 932
772 933
772 946
772 998
773 786
773 819
773 845
773 848
773 869
773 948
773 951
773 966
774 792
774 805
774 806
774 814
774 894
775 877
775 917
775 954
776 778
776 799
776 904
776 934
776 964
777 842
777 863
777 926
777 984
777 985
777 997
778 785
778 891
778 964
778 984
779 784
779 813
779 815
779 841
779 843
779 852
779 862
779 886
779 892
779 897
779 936
779 994
780 785
780 790
780 840
780 858
780 874
780 881
781 824
781 830
781 831
781 913
782 798
782 825
782 832
782 911
783 851
783 854
783 960
783 973
784 855
784 859
784 873
784 900
784 912
784 915
784 919
784 985
785 790
785 840
785 858
785 861
785 874
785 881
785 911
786 850
786 885
787 788
787 929
787 978
787 990
788 929
788 941
788 978
788 990
789 932
789 946
789 986
789 995
789 999
790 840
790 858
790 874
790 881
790 920
791 811
791 812
791 834
791 940
791 957
792 867
792 947
793 829
793 838
793 876
793 884
793 925
794 899
795 797
795 842
795 863
795 985
796 804
796 836
796 868
796 975
796 987
797 842
797 863
797 875
797 915
797 926
797 984
797 985
797 997
798 832
798 911
799 851
799 904
799 934
800 816
800 844
800 851
800 852
800 869
800 879
800 902
800 935
801 976
801 998
801 999
802 965
803 997
804 836
804 975
804 987
805 814
805 875
805 889
805 894
805 913
806 853
806 889
806 894
806 938
807 872
808 844
808 898
808 931
808 942
809 835
809 839
809 857
809 949
809 961
809 968
809 977
809 980
809 988
810 952
811 812
811 860
811 864
811 907
811 940
811 957
812 834
812 860
812 864
812 940
812 957
813 841
813 843
813 862
813 886
813 892
813 897
813 936
814 853
814 892
814 894
815 837
815 910
815 971
815 991
816 826
816 844
816 869
816 902
816 935
816 974
817 838
817 876
817 882
817 884
817 991
818 828
819 923
819 951
819 966
820 827
820 958
821 887
822 866
822 867
822 938
822 947
823 843
823 979
824 830
824 913
825 840
825 911
826 842
826 857
826 869
826 879
826 902
827 847
827 958
828 900
829 852
829 865
829 922
829 931
829 948
829 969
829 972
829 974
829 989
830 831
830 913
830 944
831 913
831 974
832 858
832 911
833 870
833 882
833 891
833 908
833 943
833 994
834 860
834 864
834 907
834 908
834 957
834 977
835 839
835 857
835 896
835 949
835 968
835 980
835 981
836 868
836 975
836 987
837 916
837 937
837 941
837 948
837 956
837 967
838 876
839 857
839 873
839 896
839 949
839 961
839 968
839 977
839 980
839 981
840 858
840 861
840 879
840 881
841 843
841 862
841 886
842 863
842 875
842 926
842 997
843 865
843 873
843 892
843 897
844 869
844 935
844 998
845 951
845 966
846 959
847 881
847 926
847 958
848 951
848 966
848 987
849 898
849 953
850 909
850 965
850 970
851 854
851 960
851 973
852 865
852 895
852 906
852 922
852 931
852 938
852 969
852 972
852 989
853 858
853 889
853 894
853 978
854 960
854 973
855 859
855 873
855 876
855 900
855 901
855 905
855 912
855 915
855 919
856 890
857 896
857 949
857 968
857 978
857 981
858 874
858 881
858 939
859 900
859 901
859 905
859 912
859 915
859 919
859 928
860 864
860 907
860 940
860 957
861 986
862 886
862 892
862 897
862 936
862 977
863 984
863 985
864 940
864 957
865 895
865 922
865 944
865 969
865 972
865 989
866 867
866 938
866 947
868 870
868 975
868 987
869 902
869 935
870 882
870 891
870 908
870 994
871 932
871 933
871 998
871 999
873 900
873 901
873 905
873 912
873 915
873 919
874 881
874 897
876 884
877 917
877 954
880 909
880 970
880 1000
882 891
882 908
882 994
883 910
883 956
883 971
883 991
884 945
886 897
886 921
891 908
891 943
891 994
893 914
893 962
893 982
894 957
895 931
895 969
895 972
896 968
896 977
896 980
897 941
898 907
898 942
898 953
900 905
900 915
900 919
901 912
901 915
901 980
903 920
903 925
903 952
903 1000
904 964
906 926
906 984
906 985
907 940
907 957
908 943
908 994
909 970
910 971
910 991
911 984
912 919
912 1000
913 944
914 918
914 982
915 919
916 941
916 956
917 954
918 982
920 925
920 939
920 952
920 1000
921 992
922 964
923 951
924 963
925 928
925 939
925 1000
926 984
926 985
926 997
928 952
928 1000
929 978
930 956
931 969
931 972
932 933
932 986
933 946
933 976
933 986
933 995
934 960
934 964
936 967
937 941
937 967
938 947
939 952
939 1000
940 957
941 956
942 996
944 957
945 946
945 993
946 998
946 999
948 951
948 966
949 961
949 977
949 981
949 988
950 979
951 966
952 1000
953 996
956 967
960 973
961 968
968 977
968 980
968 981
968 988
969 972
969 989
971 991
972 989
976 986
976 998
977 981
978 990
980 988
985 997
986 995
986 998
986 999
