# LFR benchmark graph: regime=S mu=0.1 realization=3
# undirected, unweighted; 1-based node ids; each edge listed once.
1 38
1 64
1 139
1 180
1 201
1 290
1 324
1 350
1 559
1 589
1 609
1 810
1 814
1 835
1 853
1 864
1 871
1 887
1 934
1 957
1 999
2 140
2 190
2 202
2 232
2 308
2 391
2 451
2 547
2 636
2 680
2 718
2 743
2 748
2 753
2 788
2 812
2 831
2 838
2 937
3 9
3 28
3 61
3 70
3 149
3 157
3 344
3 375
3 415
3 418
3 607
3 618
3 760
3 763
3 815
4 7
4 13
4 21
4 148
4 205
4 250
4 392
4 519
4 523
4 547
4 633
4 708
4 754
4 776
4 779
4 818
4 891
4 943
5 57
5 83
5 86
5 169
5 191
5 245
5 294
5 299
5 513
5 550
5 615
5 617
5 699
5 885
5 888
6 119
6 122
6 224
6 241
6 404
6 471
6 476
6 483
6 504
6 511
6 638
6 647
6 713
6 725
6 855
6 949
6 989
7 13
7 21
7 148
7 205
7 250
7 251
7 517
7 519
7 523
7 524
7 633
7 642
7 754
7 779
7 828
7 891
7 943
7 979
8 26
8 29
8 142
8 144
8 265
8 288
8 318
8 448
8 472
8 502
8 532
8 548
8 557
8 602
8 603
8 624
8 641
8 645
8 698
8 728
8 736
8 746
8 747
8 766
8 778
8 785
8 794
8 830
8 833
8 859
8 872
8 905
8 909
8 923
8 924
8 980
8 998
9 28
9 61
9 70
9 125
9 149
9 153
9 157
9 375
9 415
9 418
9 573
9 608
9 618
9 745
9 760
9 763
9 815
10 11
10 41
10 72
10 84
10 125
10 151
10 209
10 246
10 492
10 770
10 789
10 813
10 826
10 937
11 41
11 84
11 151
11 209
11 219
11 246
11 311
11 492
11 770
11 786
11 813
11 826
12 22
12 85
12 266
12 413
12 425
12 522
12 628
12 709
12 716
12 907
13 21
13 113
13 148
13 205
13 250
13 251
13 307
13 326
13 500
13 517
13 519
13 523
13 524
13 630
13 633
13 642
13 776
13 779
13 818
13 891
13 911
13 943
13 979
14 66
14 82
14 168
14 269
14 315
14 348
14 395
14 431
14 527
14 533
14 544
14 568
14 571
14 655
14 662
14 711
14 780
14 786
14 796
14 806
14 929
14 950
14 971
15 77
15 119
15 224
15 228
15 241
15 333
15 345
15 404
15 454
15 476
15 511
15 596
15 638
15 647
15 855
15 986
15 989
16 67
16 88
16 91
16 121
16 156
16 234
16 248
16 285
16 286
16 303
16 342
16 417
16 468
16 499
16 506
16 569
16 586
16 646
16 727
16 745
16 781
16 800
16 804
16 817
16 839
16 956
17 24
17 31
17 37
17 77
17 158
17 314
17 509
17 572
17 581
17 719
17 823
17 914
17 925
17 930
17 931
17 984
17 995
18 20
18 34
18 258
18 276
18 312
18 393
18 443
18 515
18 518
18 558
18 569
18 630
18 864
18 879
18 920
18 932
18 961
19 120
19 126
19 135
19 146
19 164
19 221
19 260
19 281
19 355
19 429
19 450
19 497
19 542
19 613
19 659
19 684
19 756
19 757
19 791
19 802
19 926
19 940
19 977
19 1000
20 34
20 181
20 258
20 276
20 328
20 333
20 393
20 502
20 515
20 518
20 558
20 569
20 656
20 664
20 835
20 879
20 903
20 920
20 932
20 961
21 113
21 148
21 205
21 250
21 251
21 290
21 307
21 437
21 500
21 517
21 519
21 523
21 524
21 633
21 656
21 756
21 779
21 818
21 891
21 911
21 943
22 58
22 253
22 266
22 338
22 413
22 425
22 522
22 628
22 716
22 907
23 45
23 73
23 74
23 208
23 275
23 277
23 336
23 366
23 377
23 396
23 428
23 495
23 508
23 533
23 565
23 570
23 583
23 616
23 660
23 679
23 704
23 714
23 758
23 769
23 777
23 779
23 792
23 798
23 852
23 871
23 892
23 996
24 31
24 262
24 401
24 509
24 525
24 572
24 581
24 823
24 914
24 925
24 930
24 931
24 944
24 984
24 995
25 58
25 101
25 256
25 284
25 304
25 307
25 582
25 627
25 720
25 738
25 906
26 29
26 206
26 288
26 318
26 472
26 513
26 532
26 557
26 603
26 698
26 728
26 736
26 766
26 785
26 833
26 909
26 924
26 980
27 79
27 94
27 154
27 288
27 346
27 421
27 475
27 503
27 594
27 629
27 697
27 772
27 850
27 868
27 976
27 981
28 61
28 149
28 157
28 300
28 344
28 375
28 415
28 573
28 760
28 815
29 144
29 175
29 247
29 265
29 288
29 442
29 448
29 532
29 533
29 548
29 557
29 603
29 624
29 728
29 736
29 746
29 747
29 766
29 778
29 785
29 807
29 827
29 830
29 833
29 859
29 872
29 885
29 905
29 909
29 923
29 924
29 951
29 998
30 66
30 269
30 315
30 395
30 467
30 527
30 568
30 571
30 711
30 780
30 786
30 796
30 850
30 929
30 950
30 971
31 37
31 231
31 288
31 314
31 509
31 572
31 581
31 823
31 914
31 922
31 925
31 930
31 931
31 944
31 984
31 995
32 36
32 55
32 229
32 305
32 337
32 359
32 413
32 414
32 461
32 480
32 562
32 566
32 586
32 671
32 717
32 744
32 820
32 958
33 37
33 46
33 131
33 143
33 163
33 172
33 262
33 374
33 426
33 435
33 540
33 545
33 561
33 564
33 639
33 695
33 951
33 953
33 968
33 994
34 181
34 243
34 258
34 276
34 393
34 515
34 518
34 533
34 558
34 569
34 664
34 903
34 932
34 961
35 46
35 143
35 163
35 172
35 253
35 262
35 374
35 376
35 407
35 426
35 435
35 540
35 561
35 564
35 595
35 765
35 808
35 949
35 968
36 203
36 229
36 230
36 267
36 304
36 305
36 332
36 337
36 359
36 414
36 431
36 461
36 480
36 562
36 566
36 671
36 717
36 794
36 820
36 832
36 958
36 983
37 215
37 314
37 509
37 540
37 572
37 581
37 748
37 752
37 823
37 914
37 925
37 930
37 931
37 944
37 984
37 995
38 64
38 90
38 139
38 180
38 201
38 290
38 350
38 439
38 559
38 589
38 609
38 810
38 853
38 864
38 887
38 934
38 957
39 97
39 126
39 186
39 214
39 242
39 312
39 442
39 726
39 729
39 773
39 785
39 814
39 839
39 876
39 990
40 76
40 92
40 107
40 291
40 320
40 459
40 530
40 553
40 579
40 584
40 933
40 955
40 960
41 84
41 151
41 209
41 246
41 492
41 761
41 770
41 789
41 813
41 826
41 933
41 937
42 104
42 170
42 173
42 179
42 190
42 195
42 331
42 360
42 397
42 403
42 502
42 513
42 531
42 553
42 625
42 650
42 665
42 669
42 705
42 747
42 764
42 784
42 946
42 985
43 62
43 145
43 188
43 279
43 280
43 287
43 455
43 539
43 549
43 556
43 605
43 643
43 749
43 819
43 830
43 869
43 919
43 985
44 93
44 218
44 243
44 292
44 333
44 402
44 422
44 493
44 582
44 620
44 782
44 799
44 848
44 921
45 73
45 74
45 129
45 208
45 237
45 238
45 244
45 251
45 270
45 275
45 277
45 297
45 319
45 366
45 377
45 394
45 396
45 405
45 428
45 495
45 508
45 616
45 656
45 660
45 679
45 704
45 751
45 792
45 797
45 798
45 826
45 842
45 852
45 892
45 1000
46 108
46 131
46 143
46 163
46 172
46 253
46 262
46 317
46 374
46 376
46 387
46 407
46 435
46 540
46 561
46 564
46 585
46 639
46 641
46 695
46 765
46 808
46 828
46 837
46 949
46 953
47 176
47 257
47 429
47 433
47 547
47 581
47 626
47 694
47 743
47 774
47 939
47 998
48 78
48 141
48 206
48 316
48 325
48 328
48 333
48 353
48 356
48 357
48 364
48 379
48 464
48 543
48 575
48 598
48 599
48 608
48 611
48 685
48 834
48 841
48 898
48 916
48 973
49 52
49 63
49 69
49 144
49 168
49 212
49 215
49 251
49 268
49 324
49 327
49 354
49 388
49 547
49 555
49 582
49 601
49 607
49 621
49 653
49 676
49 703
49 710
49 715
49 806
49 821
49 822
49 840
49 860
49 874
50 210
50 239
50 295
50 392
50 409
50 478
50 638
50 684
50 738
50 904
50 908
50 936
51 82
51 176
51 365
51 612
51 622
51 731
51 901
51 910
52 63
52 149
52 168
52 212
52 219
52 242
52 268
52 327
52 335
52 354
52 388
52 474
52 538
52 547
52 555
52 582
52 607
52 612
52 621
52 653
52 674
52 703
52 715
52 822
52 874
52 951
52 956
52 993
53 133
53 165
53 194
53 263
53 449
53 803
53 819
53 824
53 948
54 68
54 90
54 114
54 138
54 183
54 225
54 261
54 309
54 320
54 349
54 371
54 380
54 384
54 406
54 431
54 506
54 526
54 565
54 576
54 577
54 586
54 595
54 597
54 602
54 632
54 651
54 654
54 657
54 670
54 672
54 702
54 741
54 755
54 783
54 816
54 823
54 829
54 836
54 837
54 853
54 859
54 867
54 880
54 883
54 896
54 959
55 59
55 111
55 158
55 206
55 272
55 300
55 322
55 352
55 477
55 487
55 496
55 537
55 552
55 644
55 734
55 739
55 787
55 829
55 947
56 100
56 109
56 160
56 193
56 226
56 233
56 236
56 278
56 302
56 339
56 363
56 408
56 416
56 432
56 460
56 593
56 635
56 668
56 678
56 737
56 762
56 771
56 874
56 877
56 882
56 946
56 991
57 117
57 166
57 301
57 313
57 341
57 368
57 541
57 667
57 873
57 899
57 987
58 101
58 256
58 284
58 304
58 627
58 720
58 828
58 906
59 102
59 111
59 134
59 136
59 158
59 179
59 206
59 213
59 214
59 216
59 217
59 252
59 272
59 296
59 300
59 322
59 352
59 466
59 477
59 487
59 488
59 496
59 578
59 592
59 644
59 734
59 787
59 809
59 872
59 920
59 947
60 162
60 184
60 187
60 282
60 383
60 419
60 658
60 803
61 70
61 125
61 149
61 344
61 375
61 415
61 418
61 573
61 760
61 763
61 975
62 188
62 279
62 539
62 605
62 643
62 869
62 919
62 985
62 991
63 69
63 106
63 145
63 168
63 204
63 208
63 212
63 215
63 219
63 242
63 324
63 327
63 334
63 335
63 354
63 388
63 452
63 470
63 474
63 529
63 538
63 547
63 555
63 582
63 587
63 601
63 607
63 621
63 653
63 658
63 672
63 674
63 690
63 703
63 710
63 715
63 719
63 821
63 822
63 860
63 874
63 893
63 937
63 951
64 139
64 180
64 188
64 201
64 290
64 350
64 559
64 589
64 609
64 648
64 810
64 835
64 853
64 864
64 874
64 887
64 890
64 934
64 957
65 199
65 385
65 386
65 453
65 525
65 535
65 767
65 787
65 849
65 896
65 965
65 970
66 269
66 348
66 399
66 467
66 527
66 544
66 552
66 571
66 639
66 655
66 711
66 780
66 786
66 806
66 875
66 913
66 950
66 978
67 88
67 91
67 121
67 124
67 156
67 248
67 281
67 342
67 521
67 537
67 739
67 745
67 781
67 800
67 804
67 817
67 839
67 878
67 956
68 84
68 138
68 183
68 225
68 261
68 341
68 384
68 406
68 431
68 438
68 526
68 565
68 576
68 577
68 586
68 595
68 597
68 602
68 632
68 650
68 651
68 654
68 657
68 670
68 672
68 702
68 741
68 755
68 783
68 816
68 829
68 836
68 859
68 860
68 867
68 880
68 883
68 890
68 896
68 959
69 168
69 268
69 324
69 388
69 474
69 529
69 547
69 582
69 621
69 653
69 703
69 710
69 715
69 821
69 840
69 874
69 948
69 951
70 125
70 157
70 344
70 375
70 415
70 418
70 463
70 573
70 618
70 701
70 760
70 763
70 815
71 112
71 155
71 167
71 171
71 185
71 192
71 211
71 227
71 240
71 340
71 359
71 411
71 424
71 441
71 445
71 463
71 473
71 482
71 486
71 554
71 585
71 599
71 623
71 688
71 692
71 696
71 733
71 737
71 740
71 795
71 822
71 825
71 875
71 889
71 928
71 966
71 971
71 974
71 982
71 988
71 999
72 84
72 151
72 209
72 246
72 306
72 311
72 423
72 789
72 813
72 826
73 74
73 129
73 208
73 238
73 244
73 270
73 274
73 275
73 277
73 297
73 298
73 336
73 351
73 354
73 366
73 377
73 388
73 394
73 396
73 405
73 424
73 428
73 481
73 495
73 501
73 508
73 570
73 583
73 616
73 679
73 690
73 691
73 704
73 714
73 722
73 751
73 758
73 769
73 777
73 792
73 794
73 797
73 798
73 842
73 852
73 857
73 871
73 892
73 996
74 129
74 208
74 238
74 244
74 275
74 277
74 298
74 319
74 336
74 339
74 366
74 377
74 394
74 396
74 405
74 428
74 495
74 496
74 501
74 508
74 517
74 570
74 580
74 583
74 612
74 616
74 704
74 714
74 722
74 751
74 758
74 763
74 769
74 777
74 792
74 794
74 797
74 842
74 852
74 857
74 892
74 959
74 996
75 156
75 197
75 198
75 216
75 237
75 321
75 325
75 447
75 478
75 534
75 700
75 712
75 750
75 768
75 884
75 976
76 92
76 235
76 289
76 291
76 427
76 579
76 614
76 867
76 933
76 960
76 964
77 81
77 99
77 184
77 249
77 326
77 334
77 338
77 343
77 361
77 370
77 377
77 378
77 390
77 392
77 580
77 588
77 591
77 610
77 863
77 866
77 878
77 913
77 955
78 141
78 316
78 328
78 353
78 356
78 357
78 379
78 505
78 543
78 575
78 598
78 599
78 608
78 611
78 834
78 841
78 898
78 902
78 916
78 942
78 973
79 94
79 154
79 323
79 346
79 372
79 421
79 454
79 475
79 503
79 527
79 594
79 630
79 697
79 772
79 850
79 868
79 981
80 89
80 130
80 178
80 210
80 383
80 401
80 455
80 533
80 549
80 615
80 667
80 943
81 85
81 99
81 150
81 213
81 231
81 249
81 311
81 323
81 326
81 334
81 370
81 378
81 392
81 439
81 580
81 588
81 610
81 708
81 735
81 854
81 861
81 863
81 878
81 955
82 114
82 176
82 231
82 365
82 612
82 622
82 731
82 766
82 821
82 910
82 917
83 98
83 116
83 132
83 184
83 226
83 440
83 444
83 510
83 514
83 520
83 706
83 902
84 114
84 209
84 227
84 264
84 306
84 654
84 761
84 770
84 789
85 99
85 150
85 184
85 222
85 231
85 249
85 283
85 290
85 323
85 326
85 334
85 343
85 361
85 370
85 378
85 387
85 390
85 392
85 439
85 580
85 588
85 591
85 605
85 610
85 619
85 640
85 658
85 708
85 735
85 854
85 861
85 866
85 878
85 950
85 955
86 169
86 191
86 294
86 299
86 550
86 617
86 699
86 825
86 885
86 888
86 978
87 266
87 413
87 425
87 522
87 526
87 605
87 628
87 709
87 716
87 746
87 907
88 91
88 110
88 121
88 124
88 156
88 220
88 234
88 250
88 281
88 285
88 286
88 303
88 342
88 417
88 441
88 468
88 499
88 506
88 521
88 536
88 563
88 646
88 727
88 732
88 734
88 745
88 762
88 781
88 800
88 804
88 817
88 839
88 956
88 986
89 130
89 178
89 383
89 455
89 549
89 589
89 790
89 792
89 837
90 94
90 114
90 183
90 225
90 256
90 320
90 330
90 349
90 380
90 384
90 406
90 416
90 431
90 526
90 565
90 575
90 576
90 586
90 595
90 597
90 602
90 632
90 651
90 654
90 657
90 670
90 672
90 702
90 741
90 755
90 816
90 829
90 836
90 859
90 867
90 880
90 883
90 890
90 896
90 918
90 965
91 110
91 121
91 124
91 156
91 220
91 234
91 235
91 244
91 281
91 285
91 286
91 303
91 321
91 342
91 417
91 468
91 504
91 506
91 521
91 536
91 546
91 563
91 606
91 646
91 709
91 724
91 727
91 732
91 745
91 781
91 800
91 804
91 817
91 839
91 956
92 107
92 235
92 252
92 291
92 327
92 427
92 459
92 553
92 579
92 584
92 614
92 800
92 933
92 960
92 964
93 131
93 147
93 194
93 218
93 402
93 620
93 782
93 799
93 848
93 921
94 329
94 346
94 362
94 372
94 421
94 475
94 564
94 594
94 697
94 734
94 772
94 850
94 868
94 981
95 117
95 120
95 126
95 135
95 221
95 260
95 418
95 497
95 504
95 512
95 542
95 560
95 604
95 613
95 659
95 802
95 926
95 940
96 162
96 179
96 187
96 189
96 388
96 419
96 440
96 508
96 658
96 803
96 893
97 152
97 312
97 436
97 442
97 600
97 685
97 718
97 726
97 729
97 773
97 775
97 814
97 876
97 997
98 116
98 132
98 227
98 415
98 440
98 444
98 520
98 530
98 841
99 103
99 164
99 184
99 249
99 283
99 311
99 323
99 334
99 338
99 343
99 361
99 370
99 373
99 390
99 392
99 580
99 588
99 591
99 610
99 619
99 708
99 816
99 854
99 859
99 863
99 866
99 878
99 945
99 955
100 105
100 109
100 132
100 160
100 193
100 226
100 233
100 302
100 339
100 384
100 416
100 432
100 484
100 600
100 668
100 870
100 877
100 882
100 946
101 256
101 284
101 304
101 579
101 627
101 720
101 906
102 158
102 207
102 213
102 216
102 296
102 322
102 328
102 477
102 537
102 644
102 734
102 739
102 787
102 947
103 150
103 222
103 249
103 326
103 334
103 338
103 340
103 343
103 378
103 387
103 390
103 392
103 439
103 580
103 588
103 610
103 619
103 714
103 764
103 854
103 866
103 913
103 955
104 170
104 173
104 195
104 264
104 360
104 397
104 403
104 456
104 502
104 513
104 531
104 650
104 665
104 669
104 675
104 707
104 740
104 784
104 812
105 109
105 160
105 168
105 226
105 233
105 236
105 278
105 302
105 339
105 350
105 363
105 408
105 416
105 432
105 434
105 529
105 593
105 629
105 635
105 668
105 678
105 690
105 762
105 771
105 832
105 877
105 882
105 946
106 118
106 145
106 147
106 215
106 259
106 273
106 382
106 389
106 398
106 400
106 411
106 412
106 420
106 437
106 456
106 457
106 469
106 481
106 484
106 528
106 574
106 637
106 648
106 687
106 723
106 730
106 839
106 843
106 900
106 912
106 915
106 927
106 938
106 972
106 986
107 111
107 235
107 289
107 291
107 427
107 459
107 579
107 614
107 797
107 933
107 960
107 964
108 163
108 172
108 262
108 338
108 426
108 435
108 540
108 561
108 639
108 765
108 808
108 857
108 949
109 160
109 233
109 236
109 278
109 339
109 363
109 386
109 408
109 416
109 432
109 593
109 651
109 678
109 762
109 771
109 826
109 870
109 882
109 920
109 946
110 121
110 220
110 234
110 248
110 285
110 286
110 342
110 417
110 536
110 546
110 563
110 565
110 800
110 804
110 817
110 839
110 884
110 956
111 134
111 158
111 206
111 207
111 213
111 214
111 216
111 252
111 272
111 296
111 300
111 322
111 352
111 466
111 477
111 488
111 496
111 537
111 552
111 578
111 644
111 725
111 739
111 763
111 787
111 809
111 811
111 956
112 155
112 156
112 160
112 167
112 171
112 185
112 192
112 211
112 227
112 255
112 340
112 390
112 394
112 430
112 445
112 463
112 482
112 486
112 505
112 530
112 554
112 585
112 647
112 688
112 692
112 696
112 733
112 737
112 740
112 745
112 756
112 825
112 851
112 875
112 889
112 928
112 952
112 966
112 969
112 974
112 982
112 999
113 148
113 205
113 250
113 307
113 454
113 517
113 607
113 633
113 642
113 648
113 654
113 776
113 779
114 138
114 183
114 225
114 349
114 380
114 384
114 406
114 431
114 438
114 526
114 565
114 577
114 583
114 586
114 595
114 597
114 602
114 632
114 651
114 654
114 657
114 658
114 670
114 672
114 741
114 755
114 783
114 829
114 836
114 859
114 867
114 880
114 883
114 890
114 896
114 918
114 941
114 959
115 196
115 230
115 267
115 293
115 381
115 410
115 458
115 551
115 805
115 862
116 382
116 444
116 510
116 514
116 520
116 635
116 902
117 313
117 541
117 545
117 666
117 677
117 846
117 856
117 873
117 899
117 941
118 145
118 146
118 147
118 161
118 200
118 273
118 382
118 398
118 400
118 411
118 412
118 437
118 457
118 469
118 481
118 484
118 516
118 528
118 593
118 637
118 648
118 677
118 687
118 690
118 730
118 843
118 900
118 912
118 915
118 927
118 951
118 994
119 122
119 224
119 241
119 345
119 404
119 476
119 483
119 515
119 596
119 725
119 743
119 758
119 855
119 995
120 135
120 164
120 260
120 318
120 367
120 497
120 504
120 542
120 604
120 613
120 699
120 712
120 791
120 802
120 836
120 895
120 926
120 977
120 1000
121 124
121 156
121 220
121 234
121 248
121 281
121 285
121 286
121 303
121 342
121 386
121 417
121 429
121 468
121 499
121 506
121 521
121 536
121 546
121 646
121 719
121 727
121 732
121 745
121 781
121 800
121 804
121 817
121 837
121 934
121 956
122 224
122 241
122 379
122 404
122 460
122 596
122 638
122 647
122 725
122 821
122 855
122 881
122 892
123 195
123 264
123 360
123 397
123 403
123 435
123 502
123 513
123 531
123 650
123 665
123 669
123 681
123 707
123 748
123 764
123 784
124 156
124 234
124 281
124 285
124 342
124 468
124 506
124 521
124 546
124 563
124 646
124 732
124 804
124 817
124 839
125 149
125 157
125 363
125 375
125 388
125 418
125 573
125 618
125 760
125 763
125 815
125 967
126 135
126 155
126 164
126 202
126 260
126 386
126 497
126 504
126 604
126 613
126 659
126 756
126 757
126 791
126 802
126 977
126 1000
127 165
127 261
127 263
127 351
127 418
127 634
127 639
127 824
127 850
127 948
128 232
128 423
128 433
128 434
128 560
128 651
128 694
128 758
128 759
128 774
128 801
128 845
128 886
128 939
129 241
129 298
129 307
129 319
129 336
129 366
129 396
129 428
129 508
129 570
129 616
129 758
129 769
129 777
129 792
129 794
129 797
129 852
129 909
130 178
130 383
130 401
130 455
130 549
130 624
130 724
130 790
130 837
130 865
131 172
131 317
131 374
131 376
131 407
131 426
131 435
131 540
131 561
131 639
131 640
131 641
131 695
131 752
131 765
131 949
131 968
132 398
132 427
132 440
132 444
132 510
132 520
132 706
132 902
133 194
133 263
133 347
133 351
133 449
133 634
133 710
133 824
133 948
134 153
134 189
134 207
134 214
134 217
134 219
134 249
134 252
134 296
134 300
134 466
134 496
134 552
134 592
134 616
134 644
134 809
134 815
134 947
135 164
135 221
135 260
135 320
135 355
135 367
135 368
135 497
135 504
135 538
135 542
135 604
135 608
135 613
135 659
135 703
135 756
135 757
135 802
135 916
135 926
135 977
136 213
136 272
136 322
136 352
136 428
136 477
136 488
136 552
136 578
136 644
136 734
136 741
136 787
136 947
137 183
137 197
137 198
137 237
137 446
137 447
137 478
137 535
137 700
137 750
137 768
137 847
137 884
137 961
137 976
137 990
138 167
138 183
138 197
138 225
138 261
138 289
138 349
138 371
138 380
138 384
138 406
138 431
138 530
138 565
138 576
138 586
138 595
138 602
138 632
138 651
138 654
138 670
138 672
138 755
138 816
138 829
138 867
138 880
138 883
138 890
138 918
138 957
138 972
139 201
139 290
139 350
139 499
139 559
139 589
139 609
139 617
139 632
139 810
139 835
139 864
139 887
139 934
139 957
140 188
140 190
140 202
140 369
140 451
140 491
140 498
140 661
140 680
140 694
140 718
140 743
140 748
140 753
140 788
140 812
140 885
140 964
141 325
141 328
141 353
141 364
141 379
141 464
141 505
141 543
141 575
141 598
141 608
141 611
141 702
141 797
141 834
141 841
141 898
141 916
141 973
142 144
142 265
142 318
142 386
142 448
142 449
142 472
142 476
142 532
142 548
142 603
142 624
142 649
142 698
142 728
142 736
142 746
142 747
142 766
142 778
142 785
142 807
142 830
142 872
142 905
142 909
142 923
142 924
142 980
142 998
143 247
143 253
143 262
143 317
143 376
143 407
143 426
143 435
143 476
143 540
143 561
143 564
143 639
143 640
143 641
143 688
143 695
143 765
143 808
143 884
143 949
143 953
143 968
144 173
144 175
144 247
144 265
144 288
144 431
144 472
144 532
144 548
144 557
144 603
144 624
144 649
144 691
144 728
144 736
144 746
144 766
144 778
144 807
144 830
144 833
144 872
144 923
144 924
144 980
144 998
145 146
145 147
145 161
145 259
145 382
145 389
145 398
145 411
145 420
145 436
145 437
145 454
145 457
145 469
145 481
145 484
145 507
145 516
145 528
145 637
145 648
145 677
145 687
145 800
145 843
145 912
145 915
145 922
145 927
145 938
145 972
145 986
146 147
146 226
146 233
146 243
146 273
146 382
146 398
146 411
146 420
146 436
146 437
146 454
146 456
146 484
146 507
146 516
146 528
146 578
146 648
146 677
146 687
146 723
146 831
146 843
146 870
146 878
146 900
146 912
146 915
146 922
146 927
146 938
146 966
146 986
146 994
147 259
147 273
147 382
147 389
147 395
147 398
147 400
147 411
147 436
147 437
147 452
147 469
147 481
147 484
147 507
147 516
147 528
147 648
147 677
147 687
147 730
147 752
147 843
147 900
147 912
147 915
147 922
147 927
147 972
147 986
147 994
148 177
148 251
148 500
148 519
148 523
148 633
148 642
148 682
148 736
148 779
148 891
148 911
148 979
149 157
149 259
149 344
149 418
149 573
149 618
149 760
149 815
149 922
150 222
150 231
150 249
150 269
150 323
150 326
150 335
150 338
150 343
150 345
150 361
150 364
150 378
150 390
150 392
150 439
150 580
150 588
150 610
150 735
150 820
150 854
150 866
150 878
150 913
150 955
151 209
151 246
151 285
151 311
151 492
151 711
151 761
151 770
151 789
151 813
151 937
152 312
152 313
152 371
152 442
152 600
152 726
152 729
152 773
152 775
152 814
152 876
152 921
152 947
152 997
153 184
153 202
153 222
153 231
153 249
153 283
153 323
153 326
153 334
153 338
153 343
153 361
153 373
153 390
153 392
153 403
153 580
153 588
153 591
153 610
153 854
153 861
153 863
153 913
153 943
153 945
153 955
154 329
154 346
154 362
154 372
154 421
154 475
154 503
154 594
154 629
154 630
154 695
154 697
154 772
154 778
154 850
154 868
154 981
155 167
155 171
155 182
155 185
155 227
155 240
155 276
155 340
155 424
155 430
155 441
155 471
155 482
155 486
155 530
155 554
155 575
155 585
155 623
155 683
155 688
155 689
155 692
155 696
155 733
155 737
155 740
155 741
155 795
155 825
155 851
155 889
155 924
155 928
155 952
155 967
155 969
155 974
155 982
155 999
156 234
156 248
156 278
156 281
156 285
156 286
156 303
156 342
156 417
156 466
156 468
156 499
156 506
156 521
156 536
156 546
156 563
156 646
156 724
156 727
156 732
156 745
156 781
156 800
156 804
156 817
156 827
156 839
156 956
157 213
157 244
157 321
157 344
157 375
157 415
157 418
157 618
157 760
157 763
157 815
157 821
158 206
158 207
158 214
158 216
158 217
158 272
158 322
158 352
158 466
158 477
158 488
158 496
158 537
158 578
158 592
158 644
158 653
158 766
158 787
158 809
158 908
158 992
159 162
159 187
159 189
159 282
159 333
159 594
159 658
159 764
159 803
159 938
160 193
160 209
160 215
160 233
160 236
160 278
160 302
160 339
160 363
160 381
160 408
160 416
160 432
160 484
160 593
160 635
160 668
160 678
160 762
160 771
160 789
160 870
160 882
160 946
161 273
161 382
161 398
161 411
161 420
161 430
161 457
161 481
161 484
161 485
161 528
161 648
161 677
161 687
161 705
161 721
161 730
161 887
161 912
161 922
161 938
161 972
161 986
161 994
162 187
162 189
162 282
162 411
162 419
162 658
162 803
163 172
163 253
163 262
163 317
163 374
163 376
163 403
163 407
163 426
163 435
163 540
163 561
163 564
163 639
163 640
163 641
163 645
163 695
163 705
163 765
163 808
163 822
163 915
163 949
163 968
164 221
164 260
164 274
164 355
164 497
164 504
164 512
164 542
164 604
164 613
164 659
164 756
164 791
164 895
164 918
164 926
164 940
164 977
165 194
165 235
165 263
165 634
165 649
165 948
165 980
166 200
166 341
166 368
166 488
166 541
166 663
166 666
166 667
166 742
166 846
166 856
166 873
166 899
166 941
167 171
167 185
167 192
167 227
167 240
167 249
167 340
167 424
167 430
167 445
167 463
167 482
167 522
167 530
167 554
167 585
167 598
167 651
167 683
167 688
167 689
167 692
167 696
167 733
167 737
167 740
167 795
167 825
167 851
167 875
167 889
167 902
167 905
167 928
167 952
167 966
167 969
167 974
167 982
167 988
167 999
168 204
168 212
168 215
168 219
168 268
168 324
168 327
168 335
168 388
168 452
168 462
168 474
168 529
168 538
168 547
168 555
168 582
168 587
168 601
168 607
168 621
168 653
168 674
168 676
168 703
168 710
168 715
168 719
168 821
168 822
168 840
168 852
168 860
168 874
168 886
168 893
168 901
168 928
168 951
168 963
168 975
169 191
169 245
169 294
169 299
169 615
169 617
169 699
169 885
169 888
169 922
170 179
170 195
170 264
170 360
170 367
170 397
170 403
170 502
170 513
170 531
170 538
170 597
170 625
170 650
170 669
170 675
170 705
170 707
170 764
170 784
170 973
171 182
171 185
171 192
171 211
171 227
171 288
171 297
171 340
171 424
171 430
171 445
171 482
171 486
171 574
171 585
171 623
171 683
171 689
171 696
171 740
171 825
171 875
171 889
171 928
171 952
171 966
171 969
171 974
171 976
171 982
171 999
172 180
172 262
172 317
172 374
172 376
172 407
172 426
172 435
172 479
172 540
172 561
172 564
172 639
172 641
172 695
172 829
172 949
172 953
172 968
172 987
173 264
173 331
173 332
173 397
173 403
173 502
173 513
173 531
173 650
173 665
173 669
173 675
173 705
174 460
174 479
174 564
174 574
174 673
174 691
174 693
174 725
174 765
174 793
174 844
174 935
175 264
175 318
175 341
175 404
175 472
175 532
175 557
175 595
175 603
175 624
175 645
175 728
175 736
175 746
175 766
175 778
175 833
175 909
176 365
176 612
176 622
176 701
176 731
176 910
176 917
177 188
177 211
177 279
177 280
177 556
177 590
177 605
177 643
177 749
177 819
177 985
178 401
178 455
178 549
178 583
178 790
178 865
178 898
179 264
179 397
179 403
179 513
179 531
179 625
179 650
179 665
179 669
179 675
179 745
179 784
180 201
180 258
180 290
180 350
180 559
180 589
180 609
180 766
180 810
180 835
180 853
180 864
180 887
180 934
180 957
181 258
181 276
181 393
181 443
181 481
181 515
181 558
181 565
181 569
181 920
181 932
181 980
182 185
182 192
182 211
182 214
182 424
182 430
182 445
182 554
182 585
182 595
182 689
182 692
182 825
182 851
182 889
182 928
182 940
182 952
182 969
182 988
182 999
183 261
183 309
183 320
183 349
183 371
183 380
183 384
183 431
183 438
183 451
183 470
183 485
183 526
183 565
183 576
183 577
183 586
183 595
183 602
183 632
183 651
183 654
183 657
183 670
183 672
183 702
183 741
183 829
183 836
183 858
183 859
183 867
183 880
183 883
183 890
183 918
183 959
184 222
184 231
184 249
184 316
184 323
184 326
184 334
184 338
184 370
184 378
184 387
184 390
184 392
184 439
184 445
184 580
184 588
184 591
184 610
184 619
184 708
184 735
184 854
184 878
184 913
184 945
184 955
184 969
184 971
185 192
185 211
185 216
185 227
185 240
185 315
185 340
185 394
185 424
185 441
185 445
185 463
185 473
185 474
185 525
185 530
185 554
185 585
185 623
185 683
185 688
185 689
185 733
185 737
185 740
185 795
185 825
185 851
185 889
185 928
185 952
185 966
185 969
185 974
185 988
185 999
186 312
186 482
186 726
186 727
186 729
186 773
186 814
186 876
186 997
187 189
187 419
187 658
187 741
187 803
188 279
188 280
188 403
188 465
188 539
188 556
188 576
188 590
188 605
188 643
188 749
188 869
188 919
188 985
188 991
189 246
189 282
189 419
189 803
190 308
190 391
190 498
190 630
190 680
190 718
190 725
190 732
190 748
190 788
190 812
191 245
191 274
191 294
191 299
191 550
191 615
191 617
191 845
191 867
191 885
191 928
192 211
192 227
192 228
192 240
192 340
192 430
192 463
192 482
192 489
192 530
192 554
192 585
192 623
192 642
192 683
192 688
192 689
192 733
192 737
192 740
192 781
192 795
192 825
192 851
192 867
192 875
192 928
192 966
192 969
192 974
192 988
192 999
193 226
193 233
193 236
193 250
193 278
193 302
193 339
193 363
193 408
193 416
193 432
193 544
193 593
193 635
193 668
193 678
193 771
193 866
193 870
193 882
193 946
194 263
194 347
194 351
194 378
194 449
194 566
194 623
194 634
194 824
195 264
195 331
195 360
195 397
195 403
195 416
195 464
195 502
195 513
195 531
195 625
195 631
195 650
195 665
195 669
195 675
195 705
195 707
195 721
195 764
195 784
195 827
195 894
196 230
196 267
196 293
196 381
196 410
196 458
196 547
196 551
196 805
196 858
196 863
196 993
197 237
197 321
197 378
197 447
197 478
197 534
197 700
197 712
197 750
197 768
197 847
197 884
197 976
198 446
198 447
198 478
198 534
198 700
198 712
198 750
198 787
198 847
198 856
198 884
198 904
198 954
199 212
199 254
199 385
199 386
199 453
199 525
199 767
199 809
199 849
199 965
199 967
199 970
200 235
200 430
200 541
200 545
200 663
200 666
200 856
200 873
200 899
200 941
201 290
201 559
201 589
201 609
201 616
201 810
201 835
201 853
201 864
201 887
201 941
202 232
202 293
202 308
202 369
202 391
202 451
202 485
202 491
202 498
202 576
202 636
202 661
202 680
202 743
202 748
202 753
202 788
202 812
202 831
202 838
202 864
202 901
203 229
203 305
203 332
203 337
203 414
203 461
203 480
203 562
203 717
203 820
203 832
203 951
203 983
204 211
204 219
204 227
204 242
204 268
204 327
204 384
204 388
204 474
204 529
204 547
204 551
204 555
204 582
204 621
204 653
204 676
204 703
204 710
204 715
204 821
204 822
204 831
204 874
204 893
204 951
204 963
205 250
205 251
205 307
205 403
205 424
205 500
205 517
205 519
205 523
205 524
205 538
205 633
205 642
205 754
205 776
205 779
205 818
205 863
205 891
205 911
205 943
205 979
206 207
206 213
206 214
206 217
206 272
206 296
206 300
206 322
206 327
206 328
206 352
206 466
206 477
206 487
206 488
206 537
206 552
206 592
206 613
206 644
206 734
206 739
206 787
206 792
206 809
207 272
207 300
207 352
207 428
207 466
207 592
207 734
207 787
207 809
207 832
208 244
208 270
208 274
208 275
208 277
208 297
208 298
208 319
208 336
208 366
208 377
208 394
208 396
208 405
208 428
208 495
208 501
208 508
208 583
208 616
208 660
208 679
208 704
208 714
208 722
208 726
208 751
208 758
208 769
208 777
208 792
208 794
208 797
208 798
208 842
208 845
208 852
208 857
208 871
208 887
208 892
208 934
208 955
208 979
208 994
208 996
209 306
209 492
209 761
209 770
209 789
209 813
209 826
209 937
210 236
210 239
210 255
210 295
210 567
210 681
210 684
210 685
210 713
210 738
210 751
210 811
210 841
210 904
210 908
210 936
211 291
211 340
211 424
211 430
211 463
211 482
211 530
211 554
211 585
211 623
211 683
211 688
211 689
211 692
211 696
211 733
211 740
211 825
211 834
211 851
211 875
211 889
211 928
211 952
211 966
211 988
211 999
212 327
212 354
212 388
212 452
212 532
212 538
212 547
212 582
212 601
212 621
212 703
212 715
212 821
212 822
212 874
212 951
213 214
213 217
213 272
213 352
213 388
213 466
213 477
213 484
213 487
213 537
213 552
213 592
213 644
213 734
213 787
213 809
213 917
213 992
214 216
214 272
214 296
214 300
214 322
214 323
214 352
214 466
214 477
214 487
214 488
214 496
214 537
214 552
214 578
214 621
214 636
214 644
214 734
214 739
214 787
214 809
214 947
215 219
215 324
215 335
215 388
215 452
215 474
215 529
215 547
215 582
215 601
215 607
215 610
215 621
215 653
215 703
215 822
215 860
215 874
215 951
216 217
216 272
216 322
216 352
216 466
216 537
216 552
216 592
216 594
216 734
217 272
217 296
217 322
217 466
217 477
217 528
217 537
217 644
217 734
217 787
217 809
218 292
218 333
218 402
218 422
218 493
218 782
218 799
218 848
218 912
218 921
219 268
219 308
219 324
219 327
219 335
219 354
219 388
219 418
219 452
219 474
219 529
219 547
219 582
219 587
219 601
219 607
219 621
219 653
219 690
219 703
219 715
219 719
219 821
219 822
219 840
219 874
219 936
219 951
219 963
220 234
220 281
220 342
220 349
220 468
220 521
220 536
220 563
220 646
220 732
220 800
220 804
220 839
220 911
220 946
220 956
221 251
221 260
221 367
221 497
221 542
221 604
221 613
221 639
221 713
221 756
221 757
221 791
221 802
221 926
221 940
222 231
222 249
222 283
222 323
222 326
222 334
222 338
222 343
222 387
222 390
222 392
222 439
222 463
222 499
222 577
222 580
222 588
222 610
222 619
222 687
222 854
222 860
222 863
222 955
223 224
223 228
223 241
223 345
223 404
223 471
223 476
223 511
223 638
223 647
223 725
223 736
223 855
223 881
223 919
224 241
224 345
224 404
224 471
224 476
224 499
224 511
224 647
224 725
224 855
225 261
225 309
225 320
225 349
225 371
225 380
225 384
225 406
225 431
225 472
225 526
225 565
225 576
225 577
225 586
225 595
225 597
225 602
225 632
225 651
225 654
225 657
225 670
225 672
225 702
225 719
225 730
225 741
225 755
225 783
225 816
225 829
225 836
225 859
225 867
225 880
225 883
225 896
225 918
225 959
225 962
225 984
226 233
226 236
226 278
226 302
226 363
226 416
226 432
226 678
226 762
226 771
226 870
226 877
226 882
226 946
227 366
227 482
227 554
227 689
227 690
227 696
227 733
227 737
227 740
227 825
227 851
227 875
227 889
227 928
227 966
227 969
227 988
227 999
228 345
228 404
228 476
228 483
228 511
228 557
228 629
228 647
228 725
228 855
229 305
229 332
229 414
229 461
229 480
229 562
229 566
229 612
229 671
229 717
229 744
229 832
229 927
229 983
230 267
230 293
230 368
230 381
230 410
230 458
230 551
230 856
230 858
230 862
230 993
231 249
231 323
231 326
231 334
231 338
231 343
231 361
231 370
231 373
231 387
231 390
231 392
231 439
231 508
231 580
231 588
231 591
231 610
231 619
231 708
231 715
231 735
231 854
231 861
231 863
231 866
231 905
231 913
231 955
232 259
232 273
232 369
232 391
232 446
232 636
232 661
232 680
232 704
232 718
232 743
232 753
232 788
232 812
232 831
232 838
233 236
233 302
233 339
233 363
233 406
233 408
233 432
233 488
233 593
233 635
233 668
233 671
233 678
233 771
233 874
233 882
233 946
234 248
234 268
234 285
234 303
234 342
234 413
234 417
234 506
234 521
234 546
234 563
234 694
234 724
234 727
234 732
234 745
234 755
234 781
234 800
234 804
234 839
234 956
235 289
235 291
235 427
235 553
235 579
235 584
235 614
235 933
235 960
235 964
236 278
236 302
236 339
236 363
236 408
236 416
236 432
236 552
236 668
236 678
236 762
236 768
236 877
236 882
236 946
236 971
237 303
237 321
237 693
237 700
237 712
237 847
237 884
237 976
237 990
238 244
238 277
238 366
238 377
238 396
238 428
238 508
238 583
238 616
238 704
238 751
238 777
238 792
238 797
238 852
238 857
238 892
239 255
239 295
239 409
239 567
239 681
239 684
239 713
239 738
239 747
239 904
239 908
239 936
240 251
240 424
240 445
240 482
240 530
240 585
240 623
240 688
240 689
240 692
240 696
240 733
240 740
240 795
240 875
240 892
240 896
240 928
240 952
240 988
240 999
241 347
241 404
241 471
241 476
241 483
241 647
241 725
241 855
241 881
242 324
242 335
242 354
242 388
242 452
242 462
242 474
242 529
242 547
242 582
242 595
242 621
242 653
242 703
242 821
242 822
242 874
242 893
242 951
243 292
243 402
243 431
243 493
243 672
243 782
243 848
243 927
243 953
244 270
244 274
244 275
244 277
244 297
244 298
244 319
244 336
244 359
244 366
244 377
244 396
244 428
244 495
244 508
244 583
244 616
244 679
244 704
244 714
244 751
244 753
244 758
244 769
244 777
244 792
244 794
244 797
244 798
244 842
244 852
244 871
244 892
244 906
245 294
245 299
245 550
245 575
245 615
245 617
245 699
245 801
245 816
245 851
245 888
246 306
246 311
246 761
246 770
246 813
246 826
246 937
247 265
247 532
247 603
247 624
247 649
247 728
247 736
247 746
247 766
247 778
247 785
247 827
247 909
247 989
248 281
248 286
248 342
248 417
248 434
248 443
248 499
248 506
248 521
248 536
248 546
248 563
248 646
248 727
248 732
248 745
248 781
248 784
248 800
248 804
248 817
248 839
248 901
248 956
249 283
249 326
249 334
249 338
249 343
249 361
249 373
249 378
249 384
249 390
249 392
249 439
249 580
249 588
249 591
249 610
249 619
249 708
249 735
249 768
249 854
249 861
249 913
249 945
249 955
250 307
250 343
250 424
250 519
250 523
250 570
250 642
250 754
250 776
250 779
250 818
250 916
250 943
250 979
251 273
251 307
251 317
251 523
251 524
251 608
251 692
251 776
251 779
251 818
251 911
251 943
251 979
252 272
252 296
252 466
252 477
252 552
252 578
252 592
252 644
252 734
252 743
252 787
252 809
253 260
253 426
253 435
253 540
253 562
253 639
253 641
253 765
253 808
253 875
253 886
253 949
253 953
254 291
254 386
254 453
254 525
254 535
254 767
254 849
254 965
254 970
255 295
255 409
255 681
255 713
255 738
255 811
255 908
255 936
256 284
256 304
256 380
256 400
256 627
256 720
256 828
256 906
257 423
257 429
257 433
257 434
257 482
257 529
257 560
257 626
257 694
257 774
257 789
257 801
257 845
257 939
257 967
258 276
258 518
258 558
258 569
258 656
258 879
258 903
258 920
258 924
258 956
258 961
258 978
259 273
259 315
259 382
259 389
259 400
259 411
259 412
259 437
259 456
259 457
259 481
259 507
259 508
259 513
259 528
259 637
259 648
259 677
259 687
259 723
259 843
259 912
259 922
259 927
259 972
259 986
259 994
260 355
260 367
260 368
260 497
260 503
260 504
260 512
260 542
260 603
260 604
260 659
260 756
260 791
260 802
260 895
260 926
260 940
260 952
260 962
260 1000
261 309
261 320
261 349
261 380
261 384
261 406
261 554
261 565
261 577
261 586
261 595
261 632
261 654
261 672
261 741
261 755
261 783
261 836
261 859
261 867
261 880
261 883
261 918
262 374
262 376
262 426
262 435
262 540
262 561
262 564
262 639
262 695
262 765
262 949
262 968
263 347
263 449
263 544
263 634
263 824
263 948
264 331
264 360
264 397
264 403
264 502
264 513
264 531
264 625
264 631
264 650
264 665
264 675
264 705
264 707
264 764
264 781
264 784
264 894
265 283
265 288
265 318
265 448
265 472
265 532
265 548
265 557
265 603
265 624
265 645
265 681
265 698
265 728
265 736
265 746
265 747
265 766
265 778
265 785
265 807
265 815
265 827
265 830
265 878
265 905
265 909
265 923
265 980
265 998
266 273
266 479
266 522
266 532
266 709
266 716
266 907
267 293
267 339
267 381
267 410
267 458
267 805
267 858
267 862
267 993
268 324
268 388
268 452
268 462
268 474
268 526
268 547
268 555
268 576
268 582
268 587
268 621
268 653
268 668
268 676
268 703
268 840
268 874
268 951
268 969
269 315
269 348
269 395
269 399
269 425
269 467
269 527
269 533
269 544
269 568
269 571
269 611
269 662
269 711
269 780
269 786
269 806
269 929
269 950
269 971
269 978
270 274
270 275
270 277
270 297
270 298
270 305
270 336
270 366
270 377
270 396
270 428
270 454
270 508
270 570
270 583
270 616
270 679
270 722
270 751
270 797
270 842
270 852
270 892
270 996
271 310
271 319
271 330
271 358
271 450
271 490
271 682
271 686
271 721
271 943
271 954
271 962
271 967
271 975
272 280
272 352
272 466
272 477
272 487
272 488
272 537
272 552
272 578
272 592
272 640
272 644
272 734
272 771
272 787
272 809
272 901
272 992
273 282
273 382
273 389
273 398
273 400
273 411
273 412
273 420
273 436
273 437
273 454
273 456
273 469
273 481
273 484
273 507
273 516
273 528
273 637
273 648
273 677
273 687
273 730
273 843
273 900
273 912
273 915
273 922
273 927
273 938
273 986
273 988
273 994
274 277
274 298
274 319
274 336
274 366
274 377
274 396
274 405
274 428
274 495
274 570
274 583
274 616
274 619
274 714
274 751
274 758
274 792
274 797
274 842
274 852
274 857
274 871
274 892
274 952
274 996
275 277
275 298
275 336
275 366
275 377
275 394
275 396
275 405
275 428
275 495
275 501
275 508
275 570
275 583
275 660
275 704
275 722
275 749
275 751
275 769
275 792
275 794
275 797
275 808
275 842
275 852
275 857
275 871
275 892
276 315
276 318
276 515
276 558
276 569
276 664
276 784
276 879
276 899
276 920
276 932
277 297
277 298
277 319
277 336
277 366
277 377
277 394
277 396
277 405
277 428
277 501
277 508
277 521
277 570
277 583
277 592
277 616
277 660
277 679
277 704
277 714
277 722
277 751
277 758
277 769
277 777
277 792
277 797
277 842
277 852
277 857
277 888
277 892
277 904
277 970
277 996
278 339
278 363
278 408
278 416
278 428
278 432
278 635
278 668
278 741
278 762
278 877
278 882
278 946
279 280
279 287
279 465
279 539
279 556
279 567
279 590
279 605
279 609
279 643
279 749
279 819
279 868
279 869
279 985
279 991
280 287
280 556
280 590
280 605
280 607
280 643
280 720
280 733
280 749
280 819
280 859
280 919
280 991
281 286
281 303
281 342
281 417
281 468
281 499
281 506
281 521
281 536
281 546
281 563
281 646
281 724
281 732
281 745
281 781
281 804
281 817
281 839
281 884
281 956
281 992
282 377
282 419
282 487
282 658
282 678
282 760
282 803
282 846
283 323
283 326
283 334
283 338
283 343
283 370
283 378
283 387
283 390
283 439
283 451
283 580
283 588
283 591
283 702
283 806
283 854
283 866
283 878
283 913
283 965
284 304
284 401
284 485
284 502
284 627
284 720
284 828
285 296
285 342
285 468
285 506
285 536
285 563
285 646
285 704
285 745
285 781
285 804
285 817
285 839
285 922
285 956
286 303
286 417
286 418
286 491
286 506
286 521
286 563
286 646
286 745
286 800
286 804
286 817
286 830
286 839
286 956
287 539
287 556
287 590
287 605
287 634
287 643
287 819
287 859
287 919
287 985
288 318
288 532
288 557
288 603
288 624
288 649
288 728
288 736
288 766
288 778
288 785
288 807
288 833
288 905
288 909
288 924
288 957
288 980
288 998
289 365
289 450
289 553
289 579
289 584
289 610
289 614
289 933
289 960
289 964
290 350
290 559
290 589
290 609
290 810
290 835
290 853
290 864
290 887
290 899
291 427
291 459
291 553
291 579
291 584
291 652
291 738
291 933
291 960
291 964
292 333
292 402
292 422
292 493
292 620
292 782
292 799
292 848
292 921
293 381
293 458
293 790
293 805
293 993
294 299
294 445
294 550
294 615
294 617
294 657
294 672
294 699
294 888
295 403
295 567
295 681
295 684
295 685
295 733
295 738
295 811
295 859
295 904
295 908
296 300
296 352
296 362
296 466
296 477
296 487
296 537
296 552
296 578
296 592
296 609
296 644
296 734
296 787
296 809
296 992
297 319
297 336
297 366
297 377
297 394
297 396
297 405
297 428
297 482
297 501
297 570
297 583
297 616
297 660
297 711
297 715
297 716
297 769
297 777
297 790
297 792
297 797
297 798
297 842
297 852
297 857
297 871
297 892
298 336
298 351
298 366
298 396
298 405
298 428
298 495
298 508
298 561
298 570
298 592
298 616
298 660
298 679
298 714
298 722
298 751
298 758
298 777
298 792
298 797
298 798
298 852
298 857
298 892
299 550
299 615
299 617
300 322
300 352
300 390
300 431
300 477
300 537
300 540
300 552
300 578
300 592
300 644
300 719
300 734
300 787
300 809
301 302
301 368
301 541
301 586
301 666
301 667
301 781
301 804
301 821
301 846
301 856
301 873
301 899
301 941
301 987
302 339
302 363
302 408
302 416
302 432
302 593
302 635
302 668
302 678
302 762
302 771
302 870
302 882
302 946
302 957
303 342
303 468
303 546
303 563
303 646
303 670
303 732
303 745
303 800
303 804
303 817
303 839
303 956
304 397
304 580
304 627
304 720
304 828
304 906
305 332
305 337
305 359
305 360
305 414
305 461
305 513
305 562
305 566
305 671
305 717
305 744
305 820
305 832
305 958
306 311
306 759
306 761
306 770
306 810
306 826
306 937
307 517
307 519
307 524
307 633
307 705
307 776
307 779
307 911
307 943
307 979
308 369
308 451
308 491
308 718
308 753
308 788
308 812
308 831
308 838
309 349
309 380
309 384
309 431
309 470
309 526
309 565
309 576
309 586
309 595
309 597
309 632
309 672
309 741
309 755
309 783
309 836
309 859
309 867
309 879
309 880
309 883
309 896
309 918
310 330
310 358
310 450
310 470
310 489
310 490
310 494
310 652
310 682
310 686
310 721
310 897
310 901
310 954
310 975
311 492
311 761
311 770
311 813
311 822
311 937
312 600
312 726
312 729
312 876
312 997
313 341
313 358
313 394
313 411
313 504
313 541
313 545
313 606
313 666
313 667
313 742
313 804
313 846
313 855
313 856
313 873
313 899
313 941
314 384
314 509
314 572
314 611
314 752
314 823
314 914
314 930
314 931
314 944
314 984
314 995
315 348
315 395
315 399
315 508
315 527
315 533
315 544
315 555
315 568
315 571
315 625
315 655
315 662
315 780
315 786
315 796
315 806
315 929
315 971
315 978
316 325
316 356
316 364
316 379
316 461
316 505
316 543
316 575
316 595
316 598
316 599
316 608
316 804
316 834
316 841
316 898
316 916
316 988
317 376
317 426
317 435
317 561
317 564
317 567
317 639
317 808
317 949
318 334
318 366
318 472
318 548
318 557
318 603
318 624
318 645
318 698
318 736
318 746
318 766
318 785
318 827
318 830
318 833
318 872
318 905
318 909
318 924
318 980
319 336
319 366
319 377
319 396
319 405
319 428
319 495
319 501
319 508
319 570
319 583
319 616
319 679
319 687
319 688
319 704
319 714
319 722
319 777
319 792
319 797
319 852
319 857
319 892
319 996
320 349
320 380
320 384
320 406
320 576
320 577
320 586
320 595
320 602
320 604
320 632
320 651
320 654
320 657
320 672
320 721
320 741
320 755
320 811
320 816
320 836
320 867
320 880
320 883
320 890
320 918
320 929
320 959
321 446
321 447
321 478
321 612
321 700
321 847
321 990
322 466
322 477
322 487
322 496
322 537
322 544
322 552
322 578
322 592
322 644
322 734
322 787
322 809
322 946
322 992
323 326
323 334
323 338
323 343
323 361
323 370
323 378
323 387
323 390
323 392
323 439
323 519
323 580
323 588
323 591
323 598
323 708
323 854
323 861
323 863
323 866
323 878
323 913
324 335
324 354
324 388
324 452
324 474
324 529
324 531
324 538
324 547
324 582
324 587
324 588
324 601
324 607
324 621
324 635
324 664
324 674
324 676
324 690
324 703
324 719
324 821
324 822
324 840
324 874
324 893
324 951
324 963
325 328
325 353
325 356
325 357
325 364
325 370
325 379
325 462
325 464
325 505
325 543
325 575
325 598
325 599
325 608
325 611
325 659
325 707
325 834
325 841
325 898
325 916
325 973
326 343
326 361
326 370
326 378
326 384
326 387
326 390
326 392
326 439
326 580
326 588
326 610
326 619
326 708
326 735
326 820
326 854
326 861
326 863
326 866
326 878
326 913
326 932
326 945
326 951
326 955
326 996
327 335
327 354
327 388
327 452
327 474
327 538
327 582
327 601
327 607
327 621
327 653
327 654
327 690
327 703
327 715
327 822
327 840
327 853
327 874
327 893
328 353
328 357
328 379
328 384
328 598
328 608
328 834
328 898
328 973
329 362
329 372
329 421
329 475
329 503
329 594
329 629
329 630
329 772
329 790
329 850
329 868
330 349
330 450
330 494
330 563
330 571
330 682
330 686
330 897
330 942
330 954
330 962
330 967
331 343
331 397
331 446
331 502
331 513
331 531
331 613
331 625
331 631
331 650
331 665
331 669
331 675
331 784
331 920
332 414
332 461
332 562
332 593
332 671
332 685
332 717
332 820
332 958
332 983
333 402
333 422
333 493
333 620
333 689
333 799
333 848
333 921
334 338
334 343
334 361
334 370
334 373
334 378
334 387
334 390
334 392
334 439
334 580
334 588
334 591
334 610
334 619
334 708
334 735
334 854
334 861
334 863
334 913
334 955
334 964
335 354
335 374
335 388
335 452
335 462
335 474
335 513
335 529
335 538
335 547
335 555
335 582
335 601
335 607
335 621
335 653
335 674
335 676
335 703
335 710
335 715
335 719
335 821
335 840
335 860
335 874
335 893
335 936
335 951
335 963
336 366
336 377
336 394
336 396
336 405
336 428
336 463
336 495
336 501
336 508
336 566
336 570
336 583
336 616
336 639
336 704
336 714
336 722
336 751
336 758
336 769
336 777
336 782
336 792
336 794
336 797
336 798
336 822
336 842
336 852
336 857
336 871
336 892
336 958
336 996
337 392
337 414
337 562
337 624
337 740
337 820
337 832
338 343
338 361
338 363
338 370
338 378
338 390
338 439
338 465
338 580
338 588
338 591
338 619
338 708
338 735
338 854
338 861
338 863
338 878
338 945
338 955
339 408
339 416
339 550
339 593
339 635
339 668
339 678
339 771
339 870
339 877
339 882
339 886
339 946
339 960
340 441
340 445
340 463
340 486
340 499
340 554
340 585
340 623
340 683
340 688
340 689
340 696
340 733
340 737
340 740
340 795
340 825
340 851
340 875
340 889
340 928
340 952
340 969
340 999
341 541
341 606
341 633
341 686
341 842
341 862
341 899
341 987
342 437
342 468
342 475
342 500
342 506
342 521
342 536
342 546
342 563
342 724
342 731
342 732
342 745
342 781
342 800
342 804
342 817
342 839
342 956
343 361
343 370
343 378
343 390
343 392
343 439
343 580
343 588
343 591
343 610
343 619
343 708
343 741
343 854
343 863
343 918
343 945
343 955
344 375
344 418
344 458
344 569
344 573
344 663
344 760
344 788
344 815
345 404
345 406
345 476
345 596
345 638
345 647
345 725
345 989
346 362
346 372
346 421
346 475
346 594
346 630
346 658
346 697
346 719
346 850
346 868
346 981
347 351
347 354
347 449
347 634
347 824
347 948
348 395
348 399
348 527
348 533
348 568
348 786
348 796
348 949
348 950
348 969
349 371
349 380
349 384
349 406
349 431
349 438
349 526
349 565
349 576
349 577
349 586
349 595
349 597
349 602
349 651
349 654
349 657
349 670
349 672
349 692
349 702
349 710
349 741
349 755
349 783
349 816
349 829
349 836
349 859
349 863
349 867
349 880
349 883
349 890
349 896
349 918
349 947
349 959
350 559
350 589
350 596
350 810
350 853
350 887
350 934
350 957
351 503
351 634
351 702
351 824
351 948
352 381
352 466
352 477
352 487
352 496
352 537
352 552
352 578
352 592
352 644
352 717
352 734
352 739
352 751
352 787
352 809
352 947
352 992
353 364
353 379
353 464
353 543
353 750
353 834
353 841
353 973
353 988
354 388
354 452
354 462
354 474
354 538
354 547
354 582
354 601
354 607
354 621
354 653
354 676
354 703
354 715
354 822
354 874
354 951
355 367
355 497
355 504
355 604
355 613
355 659
355 689
355 781
355 791
355 926
355 977
356 357
356 364
356 379
356 420
356 505
356 543
356 575
356 598
356 599
356 608
356 834
356 898
356 940
356 973
357 364
357 379
357 442
357 598
357 608
357 611
357 628
357 673
357 834
357 898
357 916
357 973
358 450
358 470
358 489
358 490
358 652
358 763
358 774
358 901
358 954
358 975
359 414
359 461
359 566
359 671
359 717
359 820
359 832
359 938
359 958
359 983
360 397
360 403
360 425
360 481
360 513
360 531
360 650
360 665
360 669
360 675
360 705
360 707
360 764
360 784
360 822
360 894
361 373
361 378
361 392
361 403
361 439
361 580
361 588
361 619
361 854
361 955
362 372
362 421
362 475
362 594
362 629
362 630
362 697
362 772
362 868
362 981
363 408
363 416
363 635
363 678
363 771
363 870
363 877
363 946
364 366
364 379
364 407
364 464
364 575
364 598
364 608
364 834
364 841
364 898
364 998
365 497
365 612
365 622
365 701
365 731
365 910
365 917
366 373
366 377
366 394
366 396
366 405
366 428
366 501
366 508
366 570
366 583
366 608
366 616
366 679
366 696
366 704
366 714
366 722
366 737
366 751
366 758
366 769
366 792
366 794
366 797
366 798
366 842
366 852
366 857
366 871
366 892
366 912
366 996
367 425
367 497
367 504
367 512
367 542
367 604
367 613
367 623
367 756
367 757
367 791
367 802
367 847
367 895
367 926
367 940
367 977
367 1000
368 541
368 663
368 667
368 846
368 899
369 391
369 485
369 592
369 636
369 680
369 718
369 748
369 812
369 831
370 392
370 439
370 580
370 619
370 854
370 861
370 895
370 913
371 380
371 384
371 406
371 431
371 526
371 565
371 576
371 595
371 602
371 632
371 672
371 755
371 783
371 867
371 880
371 883
371 918
372 406
372 425
372 475
372 503
372 594
372 629
372 630
372 697
372 703
372 772
372 868
372 873
372 981
373 378
373 387
373 390
373 392
373 588
373 591
373 619
373 721
373 735
373 854
373 866
373 878
373 897
373 913
374 407
374 435
374 540
374 852
374 949
375 396
375 415
375 418
375 573
375 618
375 640
375 738
375 760
375 763
375 815
375 877
376 397
376 407
376 426
376 435
376 496
376 540
376 561
376 585
376 639
376 640
376 641
376 765
376 808
376 812
376 928
376 949
376 953
377 394
377 396
377 400
377 428
377 432
377 495
377 501
377 508
377 583
377 616
377 660
377 679
377 714
377 722
377 751
377 758
377 769
377 777
377 792
377 797
377 798
377 852
377 892
377 996
378 387
378 390
378 392
378 400
378 439
378 506
378 580
378 588
378 610
378 619
378 735
378 819
378 854
378 861
378 866
378 878
378 913
378 945
378 955
379 464
379 505
379 543
379 575
379 598
379 599
379 608
379 611
379 689
379 773
379 781
379 834
379 841
379 898
379 916
379 973
380 384
380 389
380 415
380 431
380 438
380 526
380 565
380 576
380 577
380 595
380 597
380 602
380 632
380 651
380 654
380 657
380 670
380 672
380 741
380 755
380 783
380 816
380 836
380 859
380 880
380 883
380 896
380 918
380 959
380 988
380 999
381 410
381 458
381 551
381 764
381 805
381 862
381 993
382 389
382 398
382 400
382 411
382 412
382 420
382 436
382 437
382 456
382 457
382 481
382 484
382 507
382 516
382 528
382 555
382 638
382 648
382 677
382 723
382 730
382 843
382 900
382 912
382 915
382 922
382 927
382 938
382 965
382 972
382 994
383 401
383 549
383 837
383 852
383 865
383 951
384 406
384 431
384 438
384 526
384 565
384 576
384 586
384 595
384 597
384 602
384 632
384 651
384 654
384 657
384 670
384 672
384 702
384 755
384 783
384 816
384 829
384 836
384 859
384 867
384 880
384 883
384 896
384 918
384 942
384 959
385 386
385 453
385 525
385 535
385 767
385 849
385 885
385 915
385 965
385 970
386 453
386 525
386 534
386 535
386 627
386 767
386 849
386 965
386 970
386 994
387 390
387 392
387 439
387 580
387 588
387 610
387 619
387 854
387 913
388 452
388 462
388 474
388 529
388 538
388 547
388 555
388 587
388 601
388 621
388 639
388 653
388 674
388 676
388 690
388 703
388 710
388 715
388 719
388 822
388 840
388 860
388 874
388 889
388 893
388 951
388 963
388 990
389 400
389 405
389 411
389 420
389 437
389 481
389 484
389 516
389 528
389 637
389 648
389 677
389 723
389 764
389 843
389 860
389 900
389 912
389 915
389 927
389 938
389 986
389 994
390 392
390 400
390 439
390 541
390 580
390 588
390 591
390 610
390 619
390 735
390 760
390 854
390 861
390 863
390 866
390 878
390 880
390 904
390 913
390 945
391 426
391 451
391 485
391 491
391 680
391 718
391 743
391 748
391 753
391 788
391 812
391 838
391 874
391 880
392 439
392 507
392 577
392 580
392 588
392 591
392 610
392 619
392 708
392 735
392 811
392 854
392 861
392 863
392 866
392 878
392 913
392 945
392 955
393 443
393 515
393 518
393 558
393 587
393 656
393 664
393 903
393 932
393 961
394 428
394 508
394 583
394 616
394 714
394 751
394 758
394 777
394 792
394 797
394 798
394 852
394 857
394 920
394 956
394 996
395 399
395 467
395 527
395 544
395 571
395 655
395 709
395 780
395 786
395 796
395 822
395 844
395 950
395 971
396 405
396 428
396 484
396 495
396 501
396 508
396 570
396 580
396 583
396 643
396 650
396 679
396 704
396 714
396 722
396 751
396 758
396 769
396 775
396 777
396 792
396 794
396 797
396 798
396 842
396 852
396 857
396 892
396 903
396 927
396 975
396 996
397 403
397 463
397 506
397 513
397 650
397 669
397 705
397 707
397 784
397 894
398 400
398 411
398 420
398 437
398 456
398 469
398 481
398 484
398 507
398 528
398 532
398 591
398 637
398 648
398 677
398 687
398 723
398 730
398 838
398 843
398 900
398 912
398 922
398 927
398 938
398 972
398 986
398 994
399 467
399 527
399 544
399 633
399 662
399 711
399 751
399 780
399 786
399 796
399 929
399 950
399 971
399 978
400 411
400 437
400 454
400 456
400 457
400 481
400 484
400 516
400 528
400 637
400 677
400 720
400 723
400 786
400 843
400 900
400 912
400 915
400 927
401 455
401 549
401 790
401 837
401 865
401 872
402 493
402 497
402 579
402 620
402 782
402 799
402 848
402 921
403 513
403 531
403 625
403 631
403 650
403 665
403 675
403 705
403 764
403 784
403 894
404 456
404 466
404 471
404 476
404 483
404 511
404 566
404 596
404 638
404 647
404 704
404 725
404 842
404 855
404 881
404 989
405 428
405 462
405 495
405 501
405 508
405 570
405 583
405 616
405 704
405 714
405 751
405 758
405 777
405 792
405 797
405 842
405 852
405 869
405 892
406 431
406 438
406 526
406 564
406 565
406 576
406 595
406 597
406 602
406 632
406 651
406 654
406 657
406 670
406 672
406 692
406 702
406 741
406 755
406 783
406 816
406 828
406 829
406 836
406 859
406 867
406 880
406 883
406 890
406 896
406 918
406 981
407 426
407 435
407 517
407 561
407 639
407 640
407 641
407 695
407 730
407 765
407 836
407 953
408 416
408 432
408 546
408 614
408 668
408 678
408 771
408 877
408 882
408 893
408 946
409 567
409 681
409 685
409 713
409 738
409 811
409 839
409 893
409 904
409 908
409 936
410 458
410 540
410 662
410 745
410 805
410 858
410 862
410 873
411 412
411 420
411 436
411 437
411 451
411 454
411 456
411 457
411 469
411 481
411 484
411 505
411 507
411 516
411 528
411 595
411 637
411 648
411 677
411 687
411 723
411 730
411 843
411 900
411 915
411 922
411 927
411 938
411 963
411 972
411 986
411 994
412 437
412 481
412 484
412 528
412 637
412 648
412 692
412 843
412 912
412 922
412 994
413 635
413 709
413 851
414 461
414 480
414 532
414 562
414 566
414 671
414 717
414 744
414 748
414 820
414 832
414 924
414 958
414 983
415 418
415 573
415 618
415 760
415 883
416 423
416 432
416 511
416 593
416 635
416 668
416 678
416 771
416 877
416 882
416 936
416 946
417 506
417 557
417 656
417 727
417 732
417 781
417 839
417 970
418 533
418 573
418 618
418 763
418 815
419 674
419 803
420 436
420 437
420 456
420 469
420 481
420 484
420 492
420 507
420 516
420 528
420 637
420 648
420 666
420 677
420 723
420 730
420 740
420 838
420 843
420 859
420 888
420 900
420 912
420 915
420 922
420 927
420 938
420 972
420 986
421 447
421 475
421 485
421 503
421 516
421 594
421 629
421 630
421 772
421 850
421 868
422 481
422 493
422 620
422 646
422 689
422 799
422 848
423 429
423 433
423 434
423 474
423 481
423 560
423 626
423 694
423 759
423 774
423 801
423 886
423 939
424 441
424 463
424 482
424 486
424 543
424 554
424 585
424 623
424 683
424 688
424 689
424 692
424 696
424 733
424 737
424 740
424 795
424 825
424 851
424 875
424 889
424 928
424 952
424 969
424 988
424 999
425 477
425 522
425 644
425 716
425 814
425 907
426 435
426 540
426 561
426 639
426 641
426 695
426 765
426 808
426 858
426 882
426 949
427 553
427 579
427 584
427 614
427 658
427 933
427 960
427 964
428 495
428 501
428 508
428 570
428 583
428 616
428 660
428 679
428 704
428 714
428 722
428 751
428 758
428 769
428 777
428 792
428 794
428 797
428 798
428 834
428 842
428 852
428 857
428 863
428 892
428 988
429 434
429 508
429 543
429 582
429 626
429 694
429 759
429 774
429 801
429 854
429 886
429 939
430 441
430 482
430 530
430 545
430 554
430 585
430 683
430 688
430 692
430 696
430 733
430 740
430 795
430 825
430 843
430 851
430 875
430 928
430 952
430 969
430 974
430 988
430 999
431 438
431 526
431 565
431 571
431 576
431 586
431 595
431 597
431 602
431 632
431 651
431 654
431 657
431 670
431 672
431 741
431 755
431 783
431 816
431 829
431 859
431 867
431 880
431 883
431 890
431 896
431 918
432 593
432 635
432 668
432 678
432 681
432 877
432 882
432 946
433 560
433 646
433 694
433 759
433 774
433 801
433 845
433 886
433 939
433 994
434 481
434 626
434 774
434 801
434 845
434 886
434 939
435 540
435 564
435 639
435 640
435 641
435 695
435 765
435 842
435 949
435 970
436 437
436 454
436 507
436 648
436 687
436 753
436 912
436 917
436 927
436 938
436 986
436 994
437 454
437 456
437 457
437 481
437 484
437 507
437 516
437 528
437 648
437 677
437 687
437 703
437 723
437 730
437 740
437 843
437 853
437 900
437 912
437 915
437 927
437 938
437 972
437 981
437 986
437 994
438 586
438 595
438 632
438 651
438 657
438 672
438 755
438 829
438 880
438 883
438 918
438 971
439 477
439 535
439 580
439 588
439 591
439 610
439 619
439 654
439 708
439 734
439 735
439 767
439 834
439 847
439 854
439 861
439 863
439 866
439 878
439 884
439 913
439 955
440 444
440 510
440 514
440 706
440 902
441 473
441 482
441 623
441 683
441 688
441 689
441 692
441 696
441 732
441 733
441 802
441 825
441 843
441 851
441 875
441 889
441 928
441 952
441 969
441 988
441 999
442 492
442 600
442 729
442 773
442 775
442 852
442 876
442 958
443 462
443 515
443 518
443 569
443 642
443 648
443 656
443 672
443 932
443 984
444 514
444 520
444 601
444 602
444 706
444 902
445 463
445 473
445 482
445 486
445 530
445 554
445 623
445 688
445 689
445 692
445 724
445 733
445 740
445 825
445 875
445 928
445 952
445 969
445 999
446 447
446 478
446 534
446 644
446 700
446 712
446 750
446 847
446 884
446 966
446 976
446 990
447 478
447 534
447 700
447 710
447 750
447 847
447 884
447 928
447 976
447 990
448 472
448 532
448 544
448 548
448 557
448 593
448 595
448 599
448 603
448 620
448 645
448 651
448 663
448 674
448 698
448 715
448 728
448 736
448 746
448 778
448 785
448 807
448 825
448 827
448 830
448 872
448 905
448 909
448 923
448 924
448 980
448 998
449 634
449 699
449 824
449 880
449 948
450 470
450 490
450 494
450 652
450 682
450 686
450 721
450 897
450 901
450 942
450 954
450 962
450 967
450 975
451 485
451 491
451 572
451 661
451 718
451 743
451 753
451 764
451 788
451 812
451 831
452 462
452 474
452 529
452 547
452 555
452 582
452 601
452 621
452 653
452 674
452 676
452 691
452 703
452 713
452 715
452 821
452 822
452 840
452 874
452 951
453 525
453 535
453 765
453 767
453 849
453 928
453 965
453 970
453 998
454 456
454 469
454 481
454 484
454 516
454 528
454 637
454 648
454 677
454 687
454 843
454 900
454 912
454 915
454 927
454 938
454 986
454 994
455 623
455 750
455 790
455 837
455 865
456 457
456 469
456 481
456 484
456 516
456 528
456 637
456 648
456 677
456 730
456 780
456 843
456 912
456 915
456 938
456 981
457 481
457 516
457 528
457 648
457 687
457 843
457 900
457 912
457 922
457 927
457 938
457 986
457 994
458 662
458 779
458 805
458 858
458 861
458 993
459 477
459 553
459 579
459 584
459 614
459 738
459 933
459 964
460 479
460 574
460 673
460 693
460 793
460 844
460 935
461 480
461 562
461 566
461 671
461 717
461 744
461 820
461 904
461 912
461 983
462 474
462 538
462 547
462 555
462 582
462 621
462 653
462 703
462 715
462 787
462 822
462 874
462 893
462 909
462 951
463 473
463 482
463 530
463 585
463 689
463 737
463 740
463 825
463 928
463 952
463 969
463 988
463 999
464 543
464 598
464 608
464 611
464 734
464 834
464 841
464 898
464 916
464 973
465 483
465 556
465 590
465 643
465 869
465 919
466 477
466 487
466 488
466 496
466 537
466 552
466 578
466 601
466 644
466 733
466 734
466 787
466 809
466 865
466 913
466 992
467 527
467 533
467 544
467 568
467 655
467 662
467 703
467 711
467 780
467 786
468 499
468 521
468 536
468 546
468 563
468 646
468 708
468 724
468 732
468 745
468 800
468 804
468 817
468 839
468 856
468 956
468 997
469 516
469 528
469 648
469 677
469 784
469 843
469 912
469 927
469 994
470 489
470 494
470 558
470 682
470 686
470 721
470 901
470 942
470 954
470 967
470 975
470 984
471 476
471 504
471 596
471 647
471 725
471 855
471 881
471 902
472 532
472 548
472 557
472 624
472 649
472 723
472 728
472 736
472 746
472 747
472 773
472 778
472 785
472 807
472 830
472 909
472 924
472 942
472 980
472 998
472 999
473 482
473 530
473 554
473 585
473 587
473 683
473 688
473 692
473 696
473 697
473 733
473 740
473 743
473 796
473 825
473 928
473 952
473 966
473 969
473 982
473 988
473 999
474 529
474 538
474 547
474 550
474 579
474 582
474 587
474 601
474 621
474 653
474 674
474 676
474 703
474 710
474 715
474 719
474 814
474 821
474 822
474 840
474 860
474 874
474 951
474 963
475 503
475 573
475 594
475 608
475 630
475 672
475 697
475 850
475 868
475 981
476 483
476 511
476 596
476 638
476 647
476 653
476 725
476 855
476 881
477 487
477 488
477 496
477 537
477 552
477 578
477 592
477 644
477 734
477 739
477 787
477 809
477 855
477 947
477 992
478 534
478 700
478 750
478 760
478 768
478 847
478 884
478 942
478 976
479 673
479 691
479 793
479 844
480 562
480 585
480 717
480 744
480 832
480 928
480 958
481 484
481 516
481 528
481 637
481 648
481 677
481 687
481 723
481 730
481 843
481 895
481 900
481 912
481 915
481 922
481 927
481 938
481 944
481 972
481 986
481 994
482 486
482 585
482 623
482 683
482 688
482 689
482 692
482 720
482 733
482 737
482 740
482 825
482 851
482 875
482 889
482 928
482 952
482 966
482 969
482 982
482 988
482 999
483 647
483 725
483 800
483 847
483 855
483 989
484 516
484 528
484 639
484 677
484 843
484 900
484 912
484 915
484 927
484 972
484 986
484 994
485 488
485 491
485 636
485 661
485 674
485 680
485 718
485 743
485 748
485 788
485 812
486 530
486 554
486 623
486 689
486 692
486 696
486 733
486 740
486 825
486 851
486 928
486 952
486 969
486 988
486 999
487 488
487 496
487 537
487 549
487 552
487 578
487 592
487 734
487 739
487 743
487 787
487 809
487 992
488 537
488 552
488 734
488 739
488 787
489 551
489 682
489 686
489 897
489 942
489 962
489 967
490 494
490 652
490 682
490 685
490 686
490 954
490 967
490 975
491 498
491 743
491 753
491 788
491 812
491 831
492 770
492 797
492 813
492 823
493 620
493 782
493 799
493 802
493 848
493 921
494 652
494 682
494 686
494 721
494 975
495 508
495 583
495 616
495 728
495 751
495 769
495 792
495 797
495 798
495 852
495 857
496 537
496 550
496 552
496 578
496 592
496 596
496 644
496 734
497 504
497 506
497 604
497 613
497 659
497 757
497 791
497 802
497 977
497 1000
498 718
498 743
498 748
498 753
498 788
498 812
498 831
498 881
499 518
499 563
499 646
499 732
499 745
499 765
499 781
499 800
499 817
499 839
499 956
499 999
500 517
500 550
500 633
500 776
500 779
500 818
500 911
500 912
500 943
500 952
500 979
501 508
501 570
501 616
501 714
501 769
501 797
501 798
501 842
501 852
502 513
502 531
502 625
502 631
502 650
502 665
502 675
502 705
502 707
502 764
502 784
502 894
502 908
503 594
503 697
503 772
503 868
503 981
504 542
504 604
504 613
504 757
504 791
504 802
504 895
504 940
504 977
504 1000
505 543
505 575
505 598
505 608
505 746
505 834
505 841
505 898
505 916
505 973
506 521
506 563
506 646
506 724
506 732
506 745
506 781
506 800
506 804
506 817
506 839
506 944
506 956
506 994
507 528
507 637
507 648
507 677
507 843
507 912
507 938
507 988
508 526
508 570
508 583
508 616
508 660
508 665
508 714
508 722
508 731
508 758
508 769
508 777
508 792
508 794
508 797
508 798
508 842
508 852
508 857
508 871
508 892
508 996
509 572
509 581
509 753
509 823
509 835
509 914
509 925
509 930
509 931
509 937
509 944
509 984
509 995
510 514
510 520
510 601
510 706
511 596
511 616
511 647
511 717
511 725
511 740
511 855
511 926
512 542
512 613
512 659
512 740
512 756
512 757
512 895
512 940
512 977
513 531
513 592
513 625
513 640
513 650
513 665
513 669
513 705
513 764
513 784
513 894
514 520
514 657
514 706
514 751
514 852
514 902
515 518
515 569
515 656
515 664
515 879
515 903
515 920
515 932
515 939
515 961
516 528
516 677
516 687
516 843
516 859
516 912
516 915
516 927
516 972
516 986
516 994
517 519
517 642
517 744
517 754
517 776
517 779
517 943
517 979
518 569
518 664
518 793
518 903
518 920
518 932
519 523
519 554
519 633
519 642
519 729
519 754
519 776
519 779
519 865
519 891
519 911
519 943
519 979
520 706
520 902
520 927
520 932
521 546
521 563
521 646
521 666
521 732
521 778
521 781
521 800
521 804
521 892
521 956
522 628
522 709
522 907
523 578
523 633
523 642
523 754
523 776
523 779
523 891
523 911
523 943
523 979
524 642
524 711
524 754
524 776
524 818
524 891
524 911
525 535
525 610
525 767
525 771
525 796
525 849
525 965
525 970
526 565
526 576
526 577
526 586
526 595
526 597
526 602
526 632
526 651
526 654
526 657
526 701
526 741
526 755
526 816
526 829
526 836
526 858
526 859
526 867
526 880
526 883
526 896
526 918
527 533
527 568
527 571
527 662
527 711
527 780
527 786
527 796
527 801
527 806
527 910
527 929
527 950
527 971
527 978
528 537
528 574
528 585
528 637
528 648
528 677
528 687
528 723
528 730
528 834
528 891
528 900
528 912
528 915
528 922
528 927
528 938
528 962
528 972
528 986
528 994
529 538
529 547
529 555
529 561
529 582
529 587
529 601
529 621
529 676
529 703
529 715
529 719
529 821
529 822
529 840
529 854
529 874
529 893
529 946
530 585
530 623
530 683
530 688
530 689
530 696
530 702
530 722
530 733
530 740
530 782
530 795
530 825
530 851
530 875
530 889
530 928
530 952
530 966
530 969
530 982
530 988
530 999
531 625
531 631
531 650
531 665
531 669
531 675
531 705
531 707
531 764
531 782
531 784
531 807
531 894
531 954
532 548
532 557
532 603
532 624
532 645
532 649
532 698
532 728
532 736
532 746
532 747
532 766
532 778
532 783
532 785
532 807
532 822
532 827
532 830
532 833
532 872
532 905
532 909
532 923
532 924
532 980
532 983
532 998
533 544
533 571
533 662
533 711
533 780
533 786
533 796
533 806
533 950
533 971
534 700
534 712
534 768
534 800
534 847
534 867
535 619
535 644
535 849
535 970
535 996
536 546
536 563
536 590
536 604
536 646
536 693
536 724
536 727
536 745
536 800
536 817
536 839
536 882
536 956
537 552
537 578
537 592
537 644
537 660
537 739
537 787
537 809
537 947
538 547
538 582
538 621
538 653
538 703
538 719
538 821
538 822
538 874
538 951
539 556
539 590
539 605
539 643
539 749
539 846
539 919
539 985
539 991
540 561
540 564
540 639
540 641
540 663
540 695
540 765
540 808
540 949
540 953
540 968
541 545
541 606
541 663
541 666
541 833
541 846
541 856
541 873
541 876
541 899
541 987
542 561
542 604
542 613
542 651
542 756
542 926
542 940
542 977
543 575
543 598
543 599
543 608
543 611
543 652
543 808
543 834
543 841
543 898
543 901
543 916
543 973
544 571
544 581
544 655
544 662
544 780
544 784
544 786
544 797
544 806
544 929
544 950
545 589
545 606
545 663
545 666
545 667
545 846
545 856
545 899
545 941
546 563
546 601
546 646
546 724
546 727
546 732
546 745
546 777
546 800
546 804
546 839
546 956
547 555
547 570
547 582
547 587
547 601
547 607
547 621
547 653
547 668
547 674
547 690
547 703
547 710
547 715
547 719
547 821
547 822
547 837
547 840
547 860
547 874
547 893
547 951
547 963
548 603
548 624
548 645
548 653
548 698
548 728
548 736
548 766
548 778
548 785
548 827
548 830
548 909
548 924
548 927
548 980
549 790
549 865
550 617
550 669
550 699
550 885
550 888
551 646
551 687
551 736
551 805
551 858
551 862
551 883
551 993
552 578
552 592
552 739
552 787
552 809
552 974
552 992
553 584
553 614
553 933
553 960
553 964
554 585
554 623
554 643
554 683
554 688
554 689
554 692
554 696
554 704
554 733
554 737
554 740
554 795
554 825
554 851
554 889
554 928
554 952
554 966
554 974
554 982
554 988
554 999
555 582
555 601
555 616
555 621
555 653
555 674
555 703
555 821
555 822
555 840
555 874
555 893
555 951
556 590
556 592
556 605
556 618
556 643
556 696
556 804
556 869
556 919
556 991
557 624
557 645
557 649
557 728
557 746
557 747
557 755
557 760
557 766
557 830
557 833
557 872
557 905
557 909
557 924
557 998
558 565
558 569
558 656
558 778
558 903
558 932
558 961
559 589
559 609
559 662
559 810
559 853
559 864
559 883
559 887
559 934
559 957
560 597
560 626
560 694
560 759
560 774
560 801
560 824
560 845
560 939
561 564
561 591
561 639
561 640
561 641
561 695
561 765
561 808
561 949
561 953
561 968
562 671
562 717
562 744
562 780
562 832
562 958
563 646
563 724
563 727
563 732
563 745
563 749
563 781
563 800
563 817
563 839
563 845
563 851
563 873
563 904
563 956
564 657
564 695
564 701
564 751
564 765
564 808
564 854
564 949
564 968
565 586
565 595
565 597
565 632
565 649
565 651
565 657
565 670
565 672
565 741
565 783
565 816
565 829
565 836
565 859
565 867
565 880
565 883
565 890
565 896
565 918
565 959
566 671
566 717
566 744
566 809
566 820
566 832
566 958
566 983
567 681
567 685
567 713
567 738
567 811
567 845
567 904
567 908
567 936
568 662
568 680
568 711
568 780
568 806
568 871
568 929
568 931
569 664
569 903
569 932
569 961
569 981
570 583
570 616
570 679
570 704
570 714
570 751
570 769
570 777
570 794
570 797
570 852
570 857
570 892
571 655
571 662
571 929
572 581
572 741
572 752
572 823
572 914
572 925
572 931
572 944
572 984
572 995
573 618
573 760
573 815
573 917
574 673
574 691
574 693
574 793
574 844
575 598
575 599
575 608
575 611
575 834
575 841
575 879
575 898
575 916
575 973
576 577
576 586
576 595
576 602
576 616
576 632
576 651
576 654
576 670
576 672
576 741
576 755
576 783
576 812
576 829
576 836
576 859
576 867
576 880
576 883
576 896
576 918
576 935
576 959
577 586
577 632
577 651
577 654
577 670
577 672
577 741
577 755
577 783
577 829
577 836
577 859
577 867
577 880
577 883
577 918
578 592
578 644
578 734
578 739
578 748
578 787
578 809
578 947
578 949
579 584
579 883
579 933
579 960
579 964
580 588
580 591
580 610
580 619
580 708
580 767
580 826
580 830
580 838
580 854
580 863
580 866
580 878
580 913
580 945
580 955
580 985
581 731
581 752
581 914
581 925
581 930
581 931
581 940
581 984
581 995
582 587
582 601
582 621
582 653
582 656
582 674
582 676
582 690
582 703
582 710
582 715
582 719
582 821
582 822
582 840
582 860
582 874
582 893
582 905
582 951
583 596
583 616
583 660
583 661
583 679
583 695
583 704
583 714
583 722
583 724
583 751
583 758
583 769
583 777
583 792
583 797
583 798
583 842
583 852
583 857
583 871
583 892
583 948
583 996
584 614
584 933
584 960
585 623
585 688
585 689
585 733
585 737
585 740
585 825
585 851
585 875
585 889
585 928
585 952
585 966
585 969
585 974
585 982
585 988
585 999
586 595
586 597
586 602
586 632
586 654
586 670
586 672
586 741
586 751
586 755
586 816
586 829
586 836
586 867
586 880
586 883
586 891
586 896
586 918
587 601
587 607
587 621
587 703
587 777
587 821
587 860
587 874
587 951
588 591
588 610
588 612
588 619
588 687
588 708
588 735
588 816
588 854
588 861
588 863
588 866
588 878
588 913
588 955
589 609
589 810
589 817
589 835
589 864
589 886
589 887
589 918
589 934
589 957
590 598
590 749
590 764
590 818
590 819
590 869
590 919
590 991
591 610
591 708
591 735
591 783
591 854
591 863
591 955
592 638
592 644
592 730
592 734
592 787
592 809
592 947
592 992
593 635
593 771
593 877
593 882
593 946
594 616
594 629
594 630
594 697
594 850
594 868
595 597
595 632
595 651
595 654
595 657
595 670
595 672
595 741
595 755
595 783
595 813
595 816
595 829
595 859
595 867
595 880
595 883
595 896
595 918
595 959
595 993
596 638
596 647
596 661
596 714
596 758
596 855
596 881
596 989
597 602
597 632
597 651
597 657
597 672
597 680
597 741
597 755
597 783
597 829
597 859
597 867
597 880
597 883
597 918
598 599
598 608
598 611
598 681
598 834
598 841
598 898
598 916
598 952
598 973
598 990
599 608
599 834
599 841
599 884
599 898
599 916
600 726
600 728
600 729
600 775
600 814
600 876
601 607
601 621
601 653
601 676
601 703
601 715
601 821
601 822
601 874
601 951
601 963
602 632
602 651
602 654
602 657
602 670
602 672
602 755
602 783
602 859
602 867
602 880
602 883
602 918
602 959
603 637
603 645
603 649
603 742
603 766
603 778
603 785
603 827
603 830
603 833
603 872
603 884
603 905
603 909
603 924
603 986
603 998
604 613
604 659
604 756
604 757
604 758
604 791
604 802
604 895
604 926
604 940
604 942
604 974
604 977
604 1000
605 643
605 819
605 869
605 985
605 991
606 663
606 666
606 846
606 873
606 899
606 941
606 987
607 621
607 653
607 703
607 740
607 821
607 860
607 874
607 923
607 932
607 951
607 982
608 611
608 834
608 841
608 898
608 916
608 973
609 810
609 853
609 887
609 934
610 619
610 735
610 854
610 861
610 866
610 913
610 955
611 733
611 746
611 834
611 898
611 916
611 973
612 622
612 632
612 701
612 910
612 917
613 659
613 756
613 791
613 802
613 816
613 895
613 926
613 940
613 1000
614 933
614 960
615 699
615 806
615 872
615 885
615 888
616 627
616 660
616 679
616 704
616 722
616 751
616 758
616 769
616 777
616 792
616 794
616 797
616 798
616 834
616 842
616 852
616 857
616 871
616 892
616 996
617 637
617 649
617 885
617 888
618 631
618 763
618 815
619 708
619 854
619 861
619 863
619 878
619 913
619 955
620 782
620 799
620 848
620 877
620 921
621 644
621 653
621 674
621 680
621 690
621 703
621 710
621 715
621 719
621 821
621 822
621 840
621 860
621 893
621 935
621 951
621 963
621 981
622 666
622 701
622 731
622 917
623 659
623 688
623 689
623 692
623 696
623 733
623 737
623 740
623 825
623 851
623 875
623 889
623 915
623 928
623 952
623 966
623 969
623 974
623 982
623 988
623 999
624 645
624 649
624 721
624 728
624 736
624 746
624 766
624 785
624 807
624 827
624 830
624 833
624 872
624 909
624 911
624 940
624 980
624 998
625 650
625 784
626 749
626 801
626 845
626 939
627 720
627 798
627 906
628 676
628 716
628 791
628 907
629 630
629 697
629 850
629 981
630 697
630 772
630 981
631 650
631 665
631 669
631 675
631 707
632 651
632 654
632 657
632 662
632 667
632 672
632 702
632 713
632 741
632 746
632 755
632 777
632 816
632 829
632 836
632 859
632 867
632 880
632 883
632 890
632 896
632 918
632 959
632 976
633 642
633 754
633 776
633 779
633 891
633 911
633 943
633 948
633 979
634 824
634 948
634 957
635 762
635 771
635 813
635 870
635 877
635 946
636 661
636 680
636 743
636 748
636 753
636 788
636 792
636 812
636 838
636 848
637 648
637 703
637 730
637 843
637 900
637 912
637 922
637 938
637 994
638 725
638 797
638 855
638 989
639 640
639 695
639 765
639 808
640 808
641 695
641 765
641 808
641 968
642 658
642 754
642 776
642 779
642 818
642 911
642 943
642 979
643 749
643 819
643 869
643 919
643 945
643 956
643 985
643 986
643 991
644 734
644 739
644 787
644 809
645 728
645 736
645 746
645 766
645 778
645 830
645 833
645 872
645 909
645 923
645 924
645 998
646 724
646 732
646 781
646 800
646 804
646 817
646 839
646 956
647 725
647 855
648 677
648 687
648 723
648 730
648 843
648 870
648 900
648 912
648 915
648 922
648 927
648 938
648 942
648 972
648 979
648 986
648 997
649 728
649 736
649 785
649 807
649 830
649 909
649 980
649 998
650 665
650 669
650 675
650 705
650 707
650 743
650 764
650 784
650 894
651 654
651 657
651 670
651 672
651 702
651 741
651 755
651 783
651 816
651 829
651 836
651 859
651 867
651 880
651 883
651 890
651 896
651 918
651 940
651 957
651 959
652 682
652 686
652 897
652 962
652 967
653 658
653 690
653 703
653 715
653 719
653 786
653 821
653 822
653 840
653 860
653 874
653 893
653 949
653 951
654 657
654 670
654 672
654 741
654 755
654 783
654 816
654 829
654 836
654 842
654 859
654 867
654 880
654 883
654 890
654 918
654 959
655 711
655 780
655 786
655 796
655 806
655 861
655 882
655 929
655 950
655 978
656 903
656 920
656 932
656 961
657 670
657 672
657 702
657 755
657 808
657 816
657 859
657 880
657 883
657 918
658 803
658 872
659 757
659 791
659 802
659 895
659 926
659 940
659 977
659 1000
660 704
660 751
660 758
660 792
660 797
660 798
660 852
660 892
660 996
661 680
661 718
661 743
661 748
661 753
661 788
661 812
661 831
661 838
662 711
662 780
662 786
662 796
662 806
662 929
662 978
663 666
663 667
663 742
663 846
663 873
663 880
663 899
663 936
664 879
664 902
664 903
664 932
664 961
665 669
665 705
665 707
665 729
665 784
666 667
666 742
666 846
666 856
666 899
666 932
666 934
666 941
666 987
667 742
667 846
667 856
667 873
667 899
667 987
668 678
668 762
668 764
668 771
668 870
668 946
669 675
669 705
669 707
669 744
669 764
669 784
669 825
669 919
670 672
670 702
670 755
670 784
670 859
670 867
670 883
670 890
670 896
670 918
670 959
670 981
671 712
671 717
671 820
671 832
671 868
671 983
672 740
672 748
672 755
672 783
672 805
672 816
672 829
672 836
672 859
672 867
672 880
672 890
672 896
672 913
672 918
673 693
673 793
673 844
673 928
673 935
674 821
674 822
674 874
674 893
674 951
675 764
675 784
675 862
676 703
676 719
676 822
676 867
676 874
676 945
676 951
677 708
677 764
677 843
677 912
677 915
677 922
677 927
677 950
677 986
677 994
678 771
678 849
678 870
678 877
678 946
679 704
679 758
679 792
679 794
679 797
679 842
679 852
680 718
680 743
680 753
680 788
680 831
680 838
681 713
681 736
681 738
681 811
681 904
681 908
681 936
682 686
682 897
682 901
682 942
682 967
682 975
682 982
683 696
683 733
683 740
683 799
683 825
683 851
683 952
683 966
683 969
683 982
683 999
684 685
684 713
684 811
684 904
684 908
684 936
685 713
685 738
685 904
685 908
685 936
686 721
686 897
686 942
686 954
686 962
686 967
686 975
686 995
687 725
687 771
687 874
687 900
687 912
687 922
687 927
687 938
687 986
687 993
688 689
688 692
688 693
688 733
688 737
688 740
688 795
688 820
688 825
688 851
688 889
688 928
688 952
688 962
688 966
688 969
688 974
688 988
688 999
689 692
689 696
689 737
689 740
689 750
689 795
689 825
689 851
689 875
689 928
689 952
689 966
689 974
689 979
689 982
689 988
690 703
690 821
690 951
691 772
691 935
692 696
692 737
692 740
692 744
692 795
692 928
692 952
692 969
692 982
692 988
692 999
693 844
693 935
694 759
694 774
694 801
694 845
694 883
695 898
695 941
695 949
695 953
695 955
696 733
696 740
696 795
696 818
696 823
696 825
696 845
696 851
696 928
696 952
696 963
696 966
696 982
696 988
696 999
697 772
697 840
697 926
698 706
698 728
698 736
698 747
698 766
698 785
698 795
698 807
698 830
698 909
699 761
699 885
699 888
699 984
700 712
700 750
700 768
700 798
700 847
700 884
700 976
700 990
701 731
701 910
701 917
702 759
702 816
702 829
702 836
702 859
702 867
702 880
702 883
702 918
702 959
703 710
703 715
703 719
703 821
703 822
703 840
703 874
703 893
703 951
703 963
704 714
704 722
704 743
704 751
704 758
704 792
704 839
704 852
704 892
705 707
705 784
705 794
705 894
706 787
706 902
706 982
707 784
708 788
708 854
708 913
708 955
709 716
709 875
709 907
710 715
710 821
710 822
710 874
710 951
711 780
711 786
711 806
711 950
711 971
711 978
712 750
712 768
712 884
712 976
712 977
713 738
713 811
713 904
713 908
713 936
714 722
714 751
714 758
714 769
714 792
714 794
714 797
714 852
714 857
714 892
714 976
715 816
715 821
715 822
715 840
715 860
715 874
715 892
715 893
715 951
715 963
715 989
716 742
716 907
717 787
717 820
717 832
717 958
717 983
717 998
718 743
718 748
718 753
718 788
718 812
718 831
718 838
718 916
719 821
719 852
719 874
720 828
720 906
721 897
721 901
721 942
721 954
721 967
722 769
722 777
722 792
722 797
722 819
722 852
723 843
723 853
723 881
723 900
723 912
723 915
723 927
723 938
723 986
723 994
724 732
724 745
724 800
724 804
724 839
724 956
725 855
725 881
725 989
726 729
726 773
726 775
726 814
726 876
726 997
727 745
727 800
727 804
727 817
727 839
727 956
728 736
728 746
728 747
728 766
728 778
728 785
728 807
728 830
728 833
728 856
728 872
728 905
728 909
728 923
728 980
728 994
728 998
729 773
729 775
729 843
729 876
729 997
730 843
730 900
730 912
730 915
730 922
730 925
730 927
730 986
731 917
732 745
732 800
732 804
732 839
732 880
732 956
733 737
733 740
733 795
733 801
733 825
733 851
733 875
733 889
733 928
733 966
733 969
733 974
733 982
733 988
733 999
734 739
734 787
734 809
734 901
734 947
734 966
735 854
735 863
735 955
735 983
736 746
736 747
736 748
736 766
736 778
736 785
736 807
736 827
736 830
736 833
736 872
736 905
736 923
736 924
736 952
736 961
736 980
736 998
737 825
737 928
737 952
737 966
737 982
737 999
738 795
738 811
738 904
738 908
738 936
739 787
739 927
739 947
740 795
740 825
740 851
740 875
740 889
740 928
740 952
740 955
740 966
740 969
740 982
740 988
740 999
741 811
741 816
741 829
741 867
741 880
741 883
741 890
741 918
741 959
742 898
742 899
742 987
743 748
743 753
743 758
743 788
743 812
743 831
743 838
743 985
744 820
744 832
744 983
745 766
745 781
745 800
745 804
745 817
745 839
745 956
746 747
746 766
746 778
746 785
746 807
746 827
746 830
746 833
746 905
746 909
746 924
746 980
747 757
747 766
747 807
747 827
747 830
747 855
748 753
748 788
748 831
748 838
749 919
749 991
750 847
750 884
750 976
751 758
751 777
751 792
751 797
751 798
751 837
751 842
751 852
751 857
751 892
752 823
752 914
752 944
752 995
753 788
753 812
753 831
754 776
754 779
754 810
754 979
755 783
755 816
755 829
755 859
755 865
755 867
755 880
755 883
755 890
755 896
755 918
755 941
756 757
756 791
756 896
757 895
757 926
758 769
758 777
758 794
758 797
758 798
758 816
758 842
758 852
758 857
758 871
758 892
758 996
759 801
759 845
759 886
759 887
759 939
760 815
761 770
761 789
761 826
762 771
762 870
762 882
762 946
762 986
763 815
763 877
764 784
765 968
766 778
766 785
766 827
766 833
766 872
766 924
766 980
766 998
767 797
767 849
767 965
767 970
768 976
768 990
769 775
769 777
769 792
769 794
769 797
769 852
769 939
770 789
770 813
770 826
770 937
770 994
771 870
771 877
771 882
771 892
771 945
772 850
772 868
772 882
772 981
773 775
773 876
773 878
773 997
774 801
774 845
774 886
774 939
775 776
775 814
775 997
776 779
776 818
776 867
776 869
776 891
776 911
777 792
777 794
777 797
777 798
777 852
777 857
777 858
777 871
777 874
777 892
777 996
778 782
778 785
778 807
778 827
778 872
778 909
778 924
779 818
779 943
779 962
779 979
779 995
779 999
780 786
780 789
780 796
780 929
780 950
780 971
780 978
781 800
781 804
781 826
781 839
781 956
782 848
782 921
783 825
783 829
783 836
783 859
783 867
783 880
783 883
784 894
785 807
785 827
785 830
785 833
785 872
785 905
785 909
785 923
785 924
785 978
785 980
785 998
786 796
786 806
786 887
786 929
786 950
786 971
786 978
787 809
787 837
787 950
787 992
788 812
788 831
788 838
788 840
789 808
789 826
789 986
790 817
790 837
791 802
791 926
791 940
791 977
791 1000
792 794
792 797
792 798
792 842
792 852
792 871
792 879
792 996
793 844
793 935
794 797
794 842
794 852
794 857
794 892
794 982
795 851
795 875
795 889
795 928
795 952
795 974
795 982
795 988
795 999
796 803
796 806
796 929
796 950
796 978
797 798
797 842
797 852
797 857
797 892
797 996
798 852
798 871
798 889
799 848
799 921
800 804
800 817
800 839
800 925
800 956
801 845
801 886
801 939
802 907
802 977
802 1000
804 817
804 839
804 956
805 858
805 862
805 975
805 993
806 929
806 950
806 978
807 827
807 830
807 833
807 861
807 872
807 909
807 924
807 980
807 998
808 906
808 949
808 953
809 992
810 853
810 864
811 904
811 908
811 936
812 831
812 838
812 996
814 876
814 997
816 836
816 854
816 859
816 880
816 883
816 890
816 918
816 924
816 959
816 979
817 839
817 956
818 911
818 943
818 979
819 843
819 919
819 985
819 991
820 832
820 958
821 822
821 840
821 860
821 874
821 893
821 939
821 951
821 963
822 848
822 860
822 874
822 951
822 963
823 914
823 925
823 931
823 944
824 889
824 916
824 948
825 851
825 868
825 889
825 923
825 928
825 952
825 966
825 969
825 974
825 982
825 988
825 999
826 915
826 937
827 830
827 833
827 909
827 924
827 954
828 863
828 906
829 836
829 859
829 867
829 880
829 883
829 918
830 848
830 872
830 905
830 909
830 923
830 980
830 998
831 838
832 882
832 958
832 980
833 874
833 909
833 964
834 836
834 841
834 898
834 916
834 955
834 973
835 853
835 887
835 924
835 934
836 867
836 880
836 883
836 896
837 952
838 977
839 956
840 860
840 874
840 893
840 919
840 951
841 898
841 916
841 973
842 852
842 927
842 993
843 900
843 912
843 915
843 922
843 927
843 938
843 959
843 972
843 994
844 935
845 939
846 856
846 873
846 892
846 899
846 941
846 987
847 976
847 990
848 921
849 865
849 970
850 981
851 920
851 928
851 952
851 969
851 974
851 982
851 988
851 999
852 892
853 864
853 887
853 934
854 861
854 863
854 866
854 878
854 913
854 926
854 930
854 945
854 955
855 881
855 989
856 873
856 899
856 941
856 954
856 987
857 892
857 946
858 862
858 893
858 914
858 993
859 867
859 880
859 883
859 890
859 896
859 918
859 959
860 874
860 951
862 993
863 900
863 955
864 919
865 888
865 900
866 913
866 929
866 955
867 880
867 883
867 890
867 896
867 918
867 959
869 919
869 991
871 892
872 909
872 923
872 924
872 980
873 899
873 987
874 893
874 945
874 951
874 963
875 928
875 952
875 966
875 969
875 982
875 999
876 997
877 882
877 946
878 913
878 955
879 903
879 932
879 961
880 883
880 896
880 918
880 959
880 980
881 966
882 946
882 991
883 890
883 896
883 918
883 959
884 976
884 990
885 888
885 908
886 939
887 923
889 909
889 928
889 952
889 966
889 969
889 974
889 982
889 988
889 999
891 911
891 943
892 893
893 951
895 926
896 918
897 901
897 918
897 942
897 954
898 916
898 973
899 941
899 987
900 912
900 922
900 927
900 994
901 954
903 932
903 961
904 908
904 936
905 909
905 924
908 936
909 923
909 971
909 980
909 998
910 917
911 943
911 979
912 922
912 927
912 938
912 972
912 980
912 986
912 994
913 955
914 925
914 930
914 931
914 944
914 984
915 922
915 947
915 972
915 986
916 973
917 965
918 933
918 959
918 965
918 988
919 999
920 961
922 926
922 927
922 938
922 986
922 994
923 992
924 968
924 980
925 930
925 931
925 944
925 955
925 984
926 940
926 977
926 980
926 982
926 1000
927 938
927 972
927 986
927 994
928 952
928 966
928 969
928 974
928 982
928 988
928 999
929 950
929 966
929 971
929 978
930 931
930 984
930 995
931 944
931 984
931 995
932 961
933 964
938 975
938 986
940 977
940 1000
941 987
942 954
942 967
942 975
943 979
944 984
945 955
949 968
950 971
950 978
952 966
952 969
952 974
952 982
952 988
952 999
954 962
954 967
954 975
958 983
960 964
960 979
962 967
962 975
965 970
966 969
966 988
966 999
969 974
969 982
969 983
969 988
969 999
970 975
971 978
973 981
974 982
974 999
976 990
977 1000
980 998
982 999
984 995
985 991
986 994
988 999
