# LFR benchmark graph: regime=S mu=0.1 realization=1
# undirected, unweighted; 1-based node ids; each edge listed once.
1 59
1 120
1 182
1 254
1 407
1 429
1 450
1 644
1 648
1 701
1 758
1 783
1 791
1 832
1 905
1 918
1 989
2 76
2 110
2 117
2 118
2 321
2 424
2 434
2 456
2 458
2 493
2 510
2 593
2 695
2 771
2 785
2 986
3 29
3 34
3 38
3 71
3 105
3 115
3 128
3 230
3 232
3 244
3 297
3 400
3 412
3 463
3 485
3 499
3 504
3 512
3 533
3 563
3 605
3 625
3 629
3 658
3 666
3 745
3 766
3 770
3 792
3 812
3 893
3 985
3 996
4 19
4 42
4 48
4 135
4 141
4 172
4 240
4 269
4 394
4 418
4 493
4 566
4 585
4 665
4 690
4 721
4 767
4 772
4 786
4 802
4 822
4 865
4 919
5 121
5 140
5 212
5 260
5 355
5 362
5 441
5 462
5 487
5 513
5 590
5 697
5 765
5 770
5 855
5 864
6 58
6 170
6 180
6 344
6 382
6 430
6 463
6 474
6 546
6 592
6 595
6 611
6 685
6 760
7 8
7 206
7 292
7 436
7 470
7 476
7 507
7 588
7 606
7 730
7 749
7 898
8 206
8 292
8 330
8 340
8 470
8 476
8 507
8 557
8 588
8 730
8 738
8 740
8 777
8 898
9 12
9 134
9 160
9 171
9 207
9 224
9 237
9 247
9 263
9 272
9 277
9 278
9 289
9 325
9 405
9 428
9 540
9 550
9 565
9 618
9 626
9 651
9 666
9 670
9 676
9 681
9 683
9 702
9 704
9 705
9 755
9 790
9 819
9 823
9 901
9 929
9 933
9 935
9 948
9 968
10 87
10 107
10 150
10 158
10 229
10 236
10 258
10 349
10 393
10 395
10 404
10 408
10 488
10 489
10 501
10 505
10 520
10 532
10 537
10 571
10 582
10 589
10 600
10 604
10 630
10 645
10 713
10 723
10 753
10 763
10 764
10 843
10 845
10 852
10 869
10 870
10 896
10 997
11 43
11 70
11 108
11 174
11 211
11 215
11 223
11 269
11 270
11 304
11 306
11 380
11 419
11 440
11 535
11 734
11 774
11 780
11 974
11 976
12 134
12 192
12 207
12 235
12 237
12 263
12 277
12 278
12 524
12 540
12 565
12 618
12 626
12 670
12 676
12 686
12 689
12 704
12 819
12 841
12 901
12 933
12 948
12 952
12 968
13 25
13 26
13 57
13 137
13 238
13 245
13 281
13 379
13 397
13 468
13 714
13 743
13 796
13 994
14 57
14 79
14 81
14 98
14 99
14 122
14 123
14 129
14 148
14 215
14 243
14 259
14 265
14 309
14 339
14 343
14 356
14 360
14 364
14 406
14 420
14 432
14 478
14 492
14 521
14 541
14 601
14 700
14 726
14 752
14 836
14 838
14 880
14 902
14 949
15 16
15 72
15 93
15 94
15 110
15 145
15 146
15 249
15 282
15 398
15 583
15 586
15 668
15 735
15 803
15 809
15 877
15 906
15 938
15 970
16 19
16 33
16 72
16 89
16 92
16 94
16 145
16 249
16 282
16 302
16 368
16 398
16 484
16 583
16 586
16 668
16 735
16 768
16 787
16 877
16 895
16 906
16 931
16 938
16 970
17 43
17 70
17 83
17 108
17 174
17 211
17 270
17 304
17 306
17 314
17 380
17 419
17 426
17 474
17 535
17 677
17 684
17 774
17 782
17 850
17 974
17 976
18 24
18 61
18 234
18 283
18 346
18 436
18 479
18 527
18 528
18 547
18 558
18 560
18 564
18 581
18 617
18 641
18 687
18 756
18 788
18 813
18 820
18 847
18 848
18 979
19 42
19 115
19 141
19 169
19 172
19 230
19 240
19 269
19 418
19 466
19 585
19 665
19 721
19 772
19 781
19 786
19 865
19 902
19 919
20 68
20 82
20 89
20 90
20 138
20 166
20 188
20 195
20 213
20 235
20 255
20 259
20 298
20 309
20 326
20 367
20 394
20 395
20 409
20 469
20 472
20 500
20 543
20 557
20 624
20 706
20 707
20 715
20 716
20 732
20 775
20 776
20 778
20 798
20 801
20 815
20 840
20 858
20 914
20 945
20 954
20 962
20 972
20 988
20 993
20 999
21 36
21 39
21 63
21 64
21 96
21 156
21 279
21 290
21 293
21 303
21 330
21 345
21 453
21 466
21 544
21 551
21 559
21 562
21 580
21 591
21 661
21 720
21 807
21 835
21 961
22 30
22 53
22 55
22 89
22 371
22 411
22 415
22 425
22 435
22 453
22 536
22 555
22 601
22 692
22 711
22 791
22 810
22 814
22 841
22 870
22 947
22 971
23 25
23 153
23 242
23 515
23 522
23 534
23 655
23 737
23 856
23 879
23 917
23 990
24 111
24 283
24 346
24 410
24 479
24 527
24 528
24 548
24 558
24 560
24 564
24 599
24 756
24 788
24 809
24 811
24 813
24 820
24 847
24 979
24 1000
25 28
25 126
25 213
25 238
25 245
25 281
25 337
25 379
25 397
25 544
25 649
25 743
25 788
25 793
25 796
25 833
25 845
26 28
26 75
26 126
26 137
26 169
26 238
26 245
26 281
26 317
26 379
26 397
26 468
26 542
26 743
26 793
27 40
27 131
27 262
27 285
27 287
27 305
27 348
27 396
27 404
27 609
27 647
27 653
27 773
27 871
27 883
27 937
27 974
27 975
28 238
28 245
28 281
28 304
28 317
28 335
28 337
28 379
28 397
28 468
28 714
28 743
28 793
28 796
29 92
29 105
29 115
29 232
29 297
29 382
29 412
29 485
29 499
29 533
29 563
29 605
29 625
29 660
29 666
29 893
29 996
30 53
30 55
30 89
30 332
30 398
30 411
30 415
30 435
30 453
30 502
30 536
30 555
30 636
30 692
30 810
30 947
30 971
31 83
31 194
31 228
31 358
31 381
31 530
31 580
31 642
31 675
31 842
32 41
32 68
32 158
32 177
32 241
32 324
32 428
32 494
32 495
32 502
32 808
32 935
32 940
33 45
33 47
33 60
33 85
33 110
33 117
33 118
33 182
33 276
33 316
33 321
33 329
33 434
33 456
33 493
33 510
33 616
33 624
33 694
33 695
33 733
33 771
33 785
33 837
33 864
33 986
34 71
34 115
34 232
34 244
34 400
34 499
34 504
34 533
34 605
34 625
34 629
34 745
34 766
34 812
34 824
34 836
34 969
34 985
34 996
35 191
35 250
35 251
35 271
35 319
35 334
35 545
35 622
35 719
35 739
35 888
35 912
36 39
36 63
36 64
36 157
36 268
36 279
36 290
36 302
36 303
36 330
36 338
36 352
36 370
36 374
36 466
36 544
36 551
36 556
36 562
36 580
36 591
36 638
36 661
36 670
36 720
36 834
36 835
36 866
36 888
37 55
37 193
37 320
37 373
37 403
37 467
37 480
37 633
37 688
37 826
37 920
38 49
38 62
38 75
38 163
38 216
38 264
38 280
38 295
38 318
38 335
38 336
38 341
38 363
38 366
38 393
38 441
38 503
38 518
38 526
38 587
38 593
38 607
38 646
38 679
38 685
38 698
38 725
38 741
38 744
38 806
38 860
38 899
38 944
38 992
39 63
39 64
39 69
39 96
39 156
39 214
39 279
39 290
39 293
39 302
39 303
39 330
39 333
39 338
39 345
39 352
39 370
39 407
39 414
39 441
39 466
39 544
39 551
39 556
39 559
39 562
39 580
39 584
39 591
39 605
39 661
39 720
39 807
39 834
39 835
39 839
39 866
39 867
39 888
39 951
39 961
40 91
40 131
40 149
40 188
40 285
40 287
40 305
40 325
40 348
40 396
40 464
40 514
40 609
40 647
40 817
40 846
40 860
40 871
40 937
40 975
40 981
41 65
41 153
41 175
41 177
41 241
41 292
41 324
41 395
41 464
41 495
41 502
41 808
42 48
42 114
42 141
42 172
42 202
42 240
42 248
42 394
42 556
42 566
42 582
42 665
42 690
42 721
42 767
42 772
42 781
42 786
42 822
42 865
42 919
42 944
43 70
43 108
43 154
43 174
43 199
43 211
43 215
43 220
43 223
43 270
43 304
43 306
43 314
43 364
43 380
43 419
43 426
43 440
43 491
43 535
43 677
43 684
43 734
43 750
43 759
43 772
43 774
43 780
43 782
43 791
43 953
43 974
43 976
44 159
44 179
44 526
44 608
44 657
44 671
44 779
44 805
44 851
44 925
45 76
45 110
45 118
45 276
45 313
45 316
45 321
45 424
45 456
45 458
45 510
45 694
45 695
45 771
45 916
45 976
46 114
46 135
46 164
46 280
46 300
46 374
46 402
46 439
46 483
46 486
46 561
46 623
46 635
46 664
46 757
46 886
46 927
46 967
46 969
47 76
47 110
47 118
47 130
47 182
47 276
47 316
47 321
47 329
47 424
47 434
47 456
47 458
47 493
47 510
47 579
47 609
47 616
47 654
47 695
47 771
47 785
47 837
47 986
48 172
48 181
48 202
48 205
48 240
48 381
48 394
48 566
48 585
48 665
48 690
48 721
48 767
48 781
48 786
48 827
48 865
48 919
49 62
49 75
49 103
49 146
49 164
49 176
49 214
49 216
49 280
49 294
49 295
49 307
49 318
49 335
49 337
49 341
49 354
49 363
49 393
49 441
49 503
49 537
49 554
49 587
49 607
49 612
49 656
49 679
49 685
49 698
49 725
49 741
49 744
49 843
49 860
49 899
49 902
49 944
49 992
50 51
50 149
50 312
50 402
50 421
50 443
50 454
50 494
50 529
50 630
50 641
50 649
50 941
50 950
50 998
51 87
51 312
51 354
51 421
51 443
51 621
51 630
51 641
51 649
51 880
51 916
51 941
51 952
51 977
51 998
52 77
52 162
52 212
52 257
52 258
52 286
52 377
52 390
52 417
52 465
52 570
52 584
52 598
52 678
52 696
52 768
52 804
52 908
52 943
52 992
53 89
53 95
53 411
53 415
53 440
53 453
53 456
53 536
53 555
53 692
53 711
53 810
53 814
53 841
53 919
53 947
54 60
54 226
54 266
54 321
54 322
54 331
54 386
54 467
54 574
54 597
54 640
54 729
54 830
54 957
54 984
54 991
55 95
55 100
55 117
55 411
55 415
55 435
55 453
55 488
55 536
55 555
55 692
55 711
55 810
55 814
55 841
55 947
55 971
56 186
56 261
56 262
56 401
56 429
56 475
56 553
56 577
56 602
56 612
56 652
56 679
56 799
56 912
56 944
56 987
57 79
57 81
57 98
57 104
57 123
57 129
57 148
57 243
57 265
57 309
57 339
57 343
57 360
57 364
57 406
57 420
57 432
57 492
57 521
57 541
57 599
57 601
57 624
57 700
57 726
57 880
57 902
57 916
57 938
57 962
58 128
58 170
58 180
58 474
58 527
58 546
58 562
58 592
58 613
58 631
58 728
58 760
58 797
58 890
59 120
59 371
59 407
59 425
59 450
59 471
59 500
59 506
59 523
59 648
59 701
59 783
59 794
59 832
59 905
59 918
59 956
60 67
60 226
60 266
60 331
60 353
60 386
60 477
60 574
60 597
60 640
60 729
60 774
60 830
60 850
60 891
60 912
60 944
60 957
60 984
60 991
61 64
61 84
61 101
61 124
61 165
61 299
61 350
61 378
61 518
61 528
61 680
61 750
61 762
61 816
61 825
61 889
61 897
61 903
61 936
61 946
61 961
62 68
62 75
62 103
62 146
62 163
62 216
62 264
62 280
62 294
62 307
62 318
62 336
62 354
62 363
62 393
62 503
62 537
62 568
62 607
62 638
62 654
62 679
62 715
62 744
62 860
62 899
62 944
62 992
63 64
63 69
63 96
63 157
63 214
63 227
63 263
63 279
63 287
63 290
63 293
63 302
63 303
63 330
63 336
63 338
63 345
63 352
63 370
63 414
63 466
63 544
63 551
63 556
63 559
63 562
63 580
63 591
63 608
63 638
63 661
63 720
63 807
63 834
63 835
63 839
63 866
63 867
63 888
63 951
63 961
64 69
64 130
64 156
64 157
64 159
64 279
64 293
64 302
64 303
64 330
64 338
64 345
64 352
64 370
64 414
64 466
64 526
64 544
64 551
64 556
64 559
64 562
64 580
64 638
64 661
64 665
64 720
64 807
64 834
64 835
64 839
64 845
64 866
64 867
64 888
64 936
64 958
64 961
65 175
65 177
65 241
65 324
65 494
65 495
65 502
65 808
65 940
65 956
65 959
66 100
66 111
66 121
66 133
66 225
66 227
66 256
66 257
66 274
66 297
66 313
66 375
66 451
66 610
66 619
66 620
66 621
66 628
66 632
66 795
66 873
66 892
66 994
67 137
67 169
67 266
67 353
67 354
67 386
67 442
67 477
67 574
67 597
67 640
67 729
67 830
67 850
67 879
67 891
67 957
67 984
68 82
68 90
68 138
68 195
68 213
68 255
68 259
68 326
68 367
68 395
68 472
68 557
68 669
68 706
68 707
68 716
68 732
68 747
68 776
68 778
68 798
68 815
68 840
68 858
68 914
68 945
68 954
68 973
68 988
68 993
69 96
69 130
69 293
69 302
69 338
69 352
69 556
69 559
69 562
69 591
69 661
69 720
69 834
69 835
69 866
70 174
70 211
70 215
70 220
70 223
70 304
70 306
70 314
70 380
70 389
70 415
70 419
70 426
70 535
70 677
70 684
70 734
70 759
70 780
70 782
70 912
70 953
70 974
70 976
71 105
71 115
71 230
71 244
71 400
71 412
71 485
71 499
71 533
71 558
71 563
71 605
71 614
71 615
71 625
71 629
71 658
71 665
71 666
71 728
71 745
71 766
71 812
71 821
71 836
71 893
71 985
71 996
72 92
72 93
72 94
72 158
72 249
72 282
72 368
72 398
72 511
72 562
72 586
72 668
72 768
72 809
72 831
72 877
72 882
72 906
72 938
72 970
73 107
73 158
73 236
73 258
73 271
73 332
73 408
73 488
73 489
73 490
73 506
73 532
73 538
73 576
73 589
73 600
73 604
73 645
73 707
73 713
73 753
73 802
73 845
73 869
73 870
73 881
73 896
73 997
74 142
74 152
74 185
74 197
74 461
74 517
74 579
74 654
74 682
74 724
74 771
74 792
75 146
75 216
75 264
75 280
75 307
75 318
75 341
75 363
75 393
75 441
75 503
75 537
75 587
75 607
75 679
75 685
75 698
75 733
75 860
75 944
75 992
76 110
76 276
76 329
76 377
76 424
76 456
76 470
76 493
76 550
76 759
76 794
77 85
77 162
77 167
77 280
77 286
77 390
77 465
77 570
77 584
77 594
77 598
77 658
77 678
77 804
77 834
77 908
77 943
78 146
78 216
78 233
78 280
78 295
78 335
78 341
78 354
78 363
78 393
78 441
78 503
78 568
78 593
78 744
78 806
78 843
78 860
78 923
78 944
78 992
79 81
79 98
79 99
79 104
79 116
79 122
79 123
79 148
79 243
79 339
79 343
79 360
79 364
79 406
79 420
79 432
79 486
79 521
79 550
79 566
79 599
79 601
79 624
79 635
79 726
79 880
79 902
79 916
79 949
80 212
80 260
80 355
80 357
80 362
80 380
80 462
80 487
80 513
80 590
80 634
80 683
80 697
80 770
80 808
80 855
80 864
81 98
81 99
81 104
81 116
81 123
81 129
81 148
81 243
81 265
81 309
81 322
81 360
81 364
81 406
81 420
81 432
81 459
81 478
81 492
81 521
81 541
81 599
81 601
81 624
81 643
81 700
81 838
81 880
81 902
81 949
81 984
82 90
82 138
82 195
82 213
82 255
82 259
82 306
82 326
82 395
82 406
82 409
82 472
82 543
82 585
82 664
82 669
82 716
82 747
82 776
82 778
82 798
82 801
82 858
82 914
82 954
82 962
82 973
82 988
82 993
83 136
83 194
83 228
83 381
83 430
83 530
83 543
83 642
83 675
83 757
84 124
84 299
84 350
84 423
84 444
84 518
84 659
84 680
84 684
84 750
84 762
84 816
84 825
84 903
84 936
84 991
85 286
85 327
85 377
85 390
85 417
85 420
85 465
85 570
85 594
85 598
85 804
85 849
85 908
86 102
86 130
86 151
86 217
86 218
86 304
86 387
86 389
86 424
86 465
86 496
86 539
86 800
86 928
87 93
87 107
87 150
87 158
87 236
87 258
87 271
87 332
87 349
87 404
87 408
87 488
87 489
87 490
87 501
87 505
87 506
87 519
87 520
87 526
87 532
87 571
87 573
87 582
87 589
87 600
87 645
87 668
87 713
87 723
87 733
87 753
87 763
87 764
87 794
87 802
87 845
87 852
87 868
87 869
87 870
87 896
88 153
88 409
88 415
88 522
88 534
88 537
88 655
88 684
88 729
88 737
88 805
88 856
88 879
88 917
88 990
89 95
89 288
89 415
89 435
89 453
89 536
89 555
89 692
89 711
89 761
89 810
89 841
89 861
90 213
90 269
90 298
90 326
90 395
90 409
90 473
90 500
90 543
90 551
90 582
90 669
90 706
90 707
90 716
90 720
90 732
90 747
90 776
90 778
90 798
90 801
90 815
90 831
90 858
90 866
90 914
90 954
90 988
90 993
91 131
91 149
91 285
91 348
91 396
91 426
91 443
91 464
91 514
91 647
91 662
91 735
91 749
91 773
91 817
91 846
91 871
91 882
91 883
91 937
91 975
91 981
91 988
92 93
92 94
92 127
92 227
92 282
92 291
92 368
92 398
92 518
92 668
92 735
92 753
92 768
92 809
92 906
92 931
93 94
93 145
93 249
93 282
93 368
93 484
93 668
93 748
93 768
93 787
93 809
93 877
93 906
93 931
93 938
93 951
93 970
94 145
94 249
94 282
94 345
94 368
94 398
94 484
94 586
94 668
94 735
94 756
94 768
94 787
94 809
94 848
94 877
94 906
94 931
94 938
94 960
94 970
95 176
95 411
95 415
95 453
95 458
95 536
95 555
95 810
95 814
95 841
95 971
96 118
96 240
96 279
96 290
96 293
96 302
96 303
96 325
96 330
96 345
96 370
96 397
96 414
96 466
96 544
96 551
96 556
96 559
96 562
96 580
96 591
96 638
96 661
96 720
96 762
96 834
96 835
96 839
96 961
97 152
97 178
97 198
97 273
97 427
97 668
97 710
97 789
97 894
97 909
97 915
97 930
97 942
97 949
98 99
98 104
98 116
98 122
98 123
98 129
98 148
98 218
98 243
98 265
98 309
98 322
98 339
98 343
98 356
98 360
98 364
98 376
98 406
98 420
98 478
98 492
98 521
98 541
98 548
98 599
98 601
98 624
98 632
98 700
98 726
98 838
98 880
98 902
98 916
98 949
98 950
99 104
99 116
99 122
99 123
99 129
99 148
99 243
99 265
99 309
99 322
99 339
99 343
99 356
99 364
99 396
99 406
99 432
99 492
99 521
99 599
99 601
99 624
99 700
99 726
99 736
99 838
99 880
99 902
99 916
99 935
99 949
100 111
100 121
100 133
100 250
100 256
100 257
100 274
100 375
100 451
100 549
100 610
100 873
101 124
101 339
101 423
101 444
101 603
101 659
101 825
101 897
101 903
101 936
101 946
102 130
102 151
102 217
102 387
102 496
102 539
102 676
102 688
102 926
102 928
103 146
103 216
103 264
103 294
103 295
103 318
103 335
103 336
103 354
103 363
103 393
103 537
103 744
103 843
103 944
103 954
103 992
104 113
104 116
104 122
104 123
104 148
104 243
104 256
104 265
104 309
104 322
104 339
104 343
104 360
104 364
104 420
104 432
104 478
104 480
104 492
104 521
104 541
104 599
104 601
104 624
104 700
104 748
104 838
104 880
104 902
104 916
104 949
105 115
105 230
105 232
105 234
105 297
105 384
105 412
105 414
105 485
105 499
105 504
105 512
105 533
105 563
105 605
105 629
105 658
105 666
105 745
105 766
105 792
105 824
105 836
105 874
105 893
105 996
106 155
106 479
106 509
106 527
106 547
106 558
106 560
106 564
106 575
106 581
106 788
106 813
106 923
107 150
107 158
107 236
107 271
107 349
107 404
107 408
107 488
107 489
107 490
107 501
107 506
107 532
107 535
107 538
107 564
107 569
107 571
107 573
107 579
107 582
107 589
107 600
107 610
107 645
107 667
107 713
107 716
107 723
107 753
107 764
107 794
107 845
107 852
107 868
107 869
108 174
108 199
108 211
108 215
108 220
108 270
108 271
108 304
108 306
108 314
108 426
108 440
108 535
108 633
108 677
108 684
108 716
108 734
108 759
108 774
108 780
108 953
108 976
109 127
109 382
109 437
109 448
109 498
109 654
109 709
109 798
109 828
109 904
109 912
109 913
109 936
109 950
110 118
110 129
110 182
110 273
110 321
110 391
110 424
110 434
110 456
110 479
110 493
110 616
110 694
110 695
110 733
110 771
110 837
110 919
110 986
111 133
111 256
111 257
111 284
111 313
111 375
111 451
111 549
111 610
111 628
111 795
111 873
111 922
112 176
112 391
112 413
112 453
112 485
112 525
112 769
112 821
112 849
112 910
113 119
113 288
113 291
113 301
113 388
113 552
113 727
113 823
113 853
113 900
114 125
114 135
114 147
114 155
114 160
114 161
114 239
114 300
114 365
114 372
114 374
114 402
114 405
114 439
114 445
114 483
114 486
114 534
114 561
114 623
114 635
114 643
114 664
114 673
114 699
114 701
114 757
114 876
114 878
114 885
114 886
114 923
114 927
114 939
114 967
114 969
114 1000
115 190
115 230
115 232
115 243
115 244
115 293
115 400
115 412
115 485
115 499
115 504
115 512
115 533
115 605
115 623
115 629
115 658
115 745
115 766
115 782
115 792
115 812
115 824
115 836
115 985
116 123
116 129
116 243
116 265
116 322
116 339
116 343
116 356
116 360
116 364
116 376
116 406
116 432
116 521
116 541
116 566
116 579
116 599
116 601
116 700
116 726
116 838
116 880
116 902
116 916
116 949
116 974
117 118
117 182
117 276
117 321
117 424
117 434
117 456
117 458
117 510
117 616
117 695
117 700
117 733
117 785
118 161
118 193
118 276
118 316
118 321
118 329
118 424
118 434
118 456
118 458
118 493
118 616
118 694
118 695
118 733
118 785
118 986
119 230
119 288
119 291
119 301
119 384
119 388
119 548
119 552
119 727
119 853
119 900
119 901
120 254
120 371
120 425
120 469
120 523
120 700
120 783
120 818
120 992
121 133
121 202
121 227
121 256
121 257
121 274
121 284
121 313
121 375
121 451
121 501
121 560
121 576
121 610
121 619
121 795
121 873
121 892
121 922
121 979
122 123
122 129
122 148
122 243
122 265
122 309
122 322
122 339
122 343
122 356
122 360
122 364
122 406
122 432
122 433
122 447
122 478
122 492
122 521
122 541
122 601
122 619
122 624
122 700
122 726
122 781
122 880
122 916
122 926
122 949
123 243
123 258
123 265
123 309
123 339
123 343
123 356
123 360
123 364
123 376
123 420
123 432
123 492
123 505
123 601
123 624
123 655
123 716
123 726
123 771
123 796
123 838
123 880
123 902
123 916
123 949
124 165
124 187
124 378
124 444
124 518
124 680
124 750
124 825
124 889
124 897
124 936
125 135
125 147
125 160
125 161
125 163
125 213
125 300
125 365
125 372
125 374
125 402
125 405
125 431
125 445
125 473
125 483
125 486
125 513
125 561
125 623
125 635
125 643
125 656
125 664
125 673
125 699
125 752
125 757
125 878
125 886
125 923
125 939
125 967
125 969
125 1000
126 137
126 216
126 245
126 317
126 468
126 793
126 796
126 857
127 437
127 498
127 654
127 658
127 709
127 828
127 875
127 904
127 913
127 950
128 146
128 170
128 180
128 191
128 344
128 381
128 430
128 446
128 474
128 595
128 631
128 728
128 753
128 760
128 797
129 146
129 148
129 240
129 265
129 309
129 339
129 343
129 364
129 432
129 478
129 505
129 521
129 599
129 601
129 624
129 676
129 700
129 726
129 880
130 151
130 217
130 389
130 449
130 496
130 539
130 577
130 800
130 926
130 928
131 149
131 235
131 244
131 285
131 287
131 348
131 396
131 464
131 514
131 609
131 647
131 653
131 662
131 698
131 749
131 773
131 817
131 846
131 871
131 882
131 883
131 937
131 975
132 187
132 204
132 210
132 328
132 333
132 524
132 643
132 722
132 761
132 829
132 964
132 995
133 179
133 227
133 256
133 257
133 274
133 284
133 313
133 375
133 451
133 523
133 549
133 610
133 619
133 620
133 628
133 688
133 790
133 795
133 873
133 892
133 922
134 171
134 192
134 203
134 207
134 224
134 263
134 272
134 277
134 289
134 529
134 540
134 550
134 565
134 618
134 626
134 651
134 659
134 670
134 681
134 683
134 689
134 704
134 728
134 755
134 788
134 790
134 819
134 823
134 901
134 929
134 933
134 948
134 968
135 155
135 160
135 172
135 184
135 239
135 300
135 343
135 365
135 370
135 372
135 421
135 439
135 457
135 483
135 486
135 561
135 623
135 635
135 643
135 656
135 664
135 699
135 752
135 757
135 764
135 792
135 878
135 886
135 923
135 927
135 939
135 967
135 976
135 1000
136 143
136 194
136 358
136 381
136 530
136 620
136 642
136 675
136 842
137 245
137 281
137 317
137 337
137 379
137 514
137 714
137 743
137 796
137 927
138 153
138 188
138 195
138 213
138 235
138 259
138 298
138 326
138 367
138 395
138 409
138 469
138 472
138 473
138 500
138 543
138 557
138 568
138 669
138 697
138 706
138 707
138 715
138 716
138 732
138 735
138 776
138 778
138 798
138 801
138 831
138 840
138 858
138 914
138 945
138 954
138 962
138 973
138 988
138 993
138 999
139 241
139 361
139 422
139 438
139 663
139 718
139 742
139 818
139 863
139 912
140 260
140 322
140 355
140 357
140 462
140 487
140 513
140 590
140 613
140 634
140 697
140 770
140 864
141 172
141 178
141 240
141 394
141 469
141 566
141 585
141 665
141 690
141 721
141 772
141 781
141 786
141 822
141 865
141 919
142 152
142 185
142 196
142 197
142 200
142 253
142 268
142 308
142 310
142 347
142 351
142 455
142 459
142 461
142 466
142 472
142 579
142 603
142 636
142 637
142 687
142 724
142 746
142 784
142 860
142 861
142 874
142 876
142 966
143 194
143 228
143 358
143 379
143 530
143 604
143 642
143 675
143 679
143 842
144 188
144 342
144 433
144 562
144 575
144 596
144 604
144 670
144 854
144 862
144 876
144 885
144 887
145 249
145 282
145 368
145 398
145 668
145 729
145 732
145 735
145 877
145 931
145 938
145 970
146 164
146 216
146 264
146 280
146 295
146 307
146 318
146 335
146 336
146 341
146 363
146 393
146 399
146 441
146 447
146 503
146 537
146 568
146 587
146 593
146 646
146 679
146 685
146 741
146 744
146 806
146 843
146 860
146 881
146 944
146 992
147 155
147 160
147 161
147 166
147 239
147 245
147 263
147 300
147 303
147 365
147 372
147 374
147 405
147 428
147 439
147 445
147 457
147 486
147 543
147 623
147 643
147 656
147 664
147 673
147 752
147 757
147 842
147 878
147 886
147 923
147 939
147 967
147 969
147 994
147 1000
148 243
148 265
148 322
148 339
148 343
148 356
148 364
148 432
148 478
148 541
148 599
148 601
148 618
148 624
148 700
148 726
148 847
148 902
149 285
149 305
149 348
149 396
149 464
149 609
149 653
149 662
149 749
149 817
149 874
149 937
149 975
149 981
150 158
150 258
150 332
150 352
150 404
150 408
150 490
150 501
150 506
150 532
150 538
150 571
150 582
150 600
150 645
150 682
150 713
150 753
150 763
150 768
150 783
150 794
150 868
150 870
150 896
150 965
151 217
151 387
151 389
151 445
151 449
151 496
151 539
151 800
151 926
151 928
152 173
152 196
152 200
152 268
152 308
152 366
152 455
152 459
152 567
152 579
152 603
152 637
152 724
152 747
152 748
152 861
152 904
153 154
153 242
153 522
153 534
153 655
153 737
153 805
153 856
153 869
153 879
153 917
153 990
154 242
154 515
154 522
154 534
154 655
154 737
154 805
154 879
154 906
154 990
155 160
155 161
155 365
155 374
155 402
155 405
155 445
155 457
155 486
155 623
155 635
155 656
155 664
155 699
155 752
155 757
155 878
155 886
155 904
155 923
155 1000
156 279
156 290
156 302
156 330
156 338
156 544
156 556
156 559
156 591
156 661
156 720
156 782
156 807
157 301
157 302
157 303
157 330
157 338
157 352
157 441
157 544
157 551
157 556
157 559
157 562
157 591
157 653
157 661
157 720
157 835
157 888
158 194
158 229
158 236
158 258
158 271
158 332
158 404
158 408
158 488
158 490
158 501
158 505
158 506
158 511
158 519
158 520
158 532
158 538
158 569
158 571
158 573
158 576
158 582
158 589
158 600
158 604
158 645
158 713
158 723
158 753
158 763
158 764
158 794
158 802
158 845
158 868
158 869
158 870
158 896
158 917
158 956
158 997
159 179
159 526
159 608
159 657
159 658
159 671
159 736
159 851
159 921
159 992
160 292
160 365
160 374
160 402
160 486
160 561
160 623
160 664
160 673
160 678
160 757
160 878
160 969
161 372
161 402
161 420
161 486
161 495
161 623
161 656
161 664
161 886
161 923
161 969
161 1000
162 167
162 286
162 327
162 377
162 390
162 417
162 447
162 514
162 570
162 584
162 594
162 678
162 696
162 804
162 943
163 216
163 280
163 295
163 318
163 335
163 336
163 365
163 393
163 441
163 503
163 537
163 581
163 587
163 593
163 679
163 744
163 860
163 944
163 992
164 216
164 280
164 307
164 336
164 363
164 393
164 441
164 462
164 587
164 647
164 744
164 765
164 806
164 860
164 899
164 944
164 987
164 996
165 299
165 335
165 350
165 423
165 518
165 659
165 680
165 750
165 762
165 816
165 897
165 903
165 936
165 946
165 975
166 168
166 300
166 365
166 374
166 402
166 439
166 445
166 561
166 623
166 635
166 643
166 656
166 664
166 673
166 752
166 886
166 921
166 923
166 927
166 939
166 967
166 969
167 377
167 390
167 508
167 570
167 584
167 594
167 678
167 908
167 943
168 219
168 222
168 353
168 378
168 497
168 567
168 627
168 633
168 708
168 712
168 955
168 963
169 189
169 190
169 205
169 208
169 209
169 218
169 246
169 275
169 297
169 315
169 323
169 398
169 431
169 459
169 482
169 508
169 516
169 660
169 667
169 672
169 674
169 686
169 717
169 748
169 751
169 791
169 811
169 827
169 852
169 925
169 934
169 952
169 965
169 972
169 978
169 980
170 196
170 330
170 344
170 446
170 546
170 560
170 592
170 595
170 611
170 613
170 631
170 639
170 715
170 728
170 760
170 797
170 890
171 192
171 237
171 263
171 289
171 618
171 651
171 663
171 670
171 681
171 705
171 803
171 819
171 823
171 901
172 202
172 240
172 269
172 394
172 418
172 528
172 566
172 585
172 665
172 690
172 701
172 721
172 767
172 772
172 781
172 786
172 919
173 197
173 200
173 229
173 253
173 268
173 308
173 310
173 347
173 351
173 366
173 455
173 459
173 461
173 517
173 532
173 579
173 603
173 637
173 724
173 746
173 750
173 784
173 861
173 874
173 966
174 211
174 215
174 220
174 270
174 306
174 314
174 380
174 392
174 426
174 434
174 491
174 535
174 677
174 684
174 734
174 759
174 774
174 780
174 953
174 974
174 976
175 177
175 241
175 368
175 495
175 502
175 585
175 808
175 814
175 935
175 940
175 959
176 225
176 296
176 391
176 392
176 413
176 481
176 525
176 614
176 682
176 754
176 769
176 821
176 849
176 872
176 910
177 241
177 271
177 324
177 494
177 495
177 502
177 565
177 582
177 808
177 878
177 940
177 959
178 201
178 427
178 542
178 710
178 908
178 931
178 942
178 967
178 982
178 994
179 274
179 526
179 608
179 657
179 671
179 779
179 851
180 305
180 344
180 361
180 430
180 446
180 463
180 474
180 546
180 592
180 595
180 613
180 728
180 760
180 797
180 890
181 240
181 269
181 394
181 647
181 665
181 690
181 721
181 767
181 772
181 786
181 843
181 865
181 919
182 276
182 316
182 321
182 424
182 434
182 456
182 458
182 493
182 510
182 616
182 694
182 695
182 785
182 817
182 837
182 922
182 926
182 954
182 986
183 191
183 233
183 251
183 334
183 512
183 584
183 622
183 719
183 739
183 757
183 881
183 972
184 372
184 457
184 483
184 623
184 635
184 643
184 664
184 673
184 878
184 886
184 969
184 989
184 1000
185 196
185 253
185 268
185 351
185 366
185 455
185 461
185 517
185 600
185 603
185 636
185 724
185 784
185 861
185 888
185 922
186 261
186 262
186 325
186 359
186 401
186 429
186 475
186 553
186 577
186 652
186 799
186 859
186 899
186 924
186 987
187 204
187 333
187 722
187 829
187 877
187 911
187 964
188 213
188 235
188 255
188 279
188 298
188 326
188 367
188 395
188 401
188 409
188 469
188 472
188 500
188 509
188 557
188 706
188 707
188 715
188 716
188 732
188 775
188 776
188 778
188 798
188 801
188 815
188 831
188 840
188 858
188 914
188 962
188 988
188 993
189 208
189 246
189 323
189 431
189 467
189 516
189 660
189 686
189 691
189 748
189 791
189 857
189 925
189 952
189 965
189 972
190 205
190 208
190 209
190 215
190 218
190 246
190 252
190 275
190 315
190 323
190 431
190 482
190 508
190 516
190 660
190 667
190 674
190 686
190 691
190 717
190 748
190 751
190 791
190 811
190 925
190 927
190 952
190 965
190 978
190 983
190 987
191 233
191 250
191 314
191 319
191 334
191 545
191 622
191 719
191 739
191 881
192 203
192 207
192 224
192 237
192 263
192 272
192 277
192 278
192 289
192 298
192 325
192 340
192 428
192 465
192 497
192 524
192 540
192 565
192 586
192 618
192 623
192 626
192 651
192 670
192 676
192 681
192 689
192 702
192 704
192 755
192 803
192 819
192 823
192 901
192 933
192 946
192 948
193 320
193 373
193 403
193 467
193 480
193 506
193 826
193 880
193 910
193 920
194 327
194 358
194 381
194 428
194 530
194 624
194 642
194 675
194 842
195 298
195 395
195 409
195 506
195 543
195 679
195 706
195 707
195 716
195 747
195 776
195 778
195 798
195 831
195 858
195 954
195 973
195 993
196 253
196 268
196 308
196 347
196 351
196 455
196 459
196 579
196 636
196 724
196 746
196 784
196 874
196 966
197 253
197 268
197 431
197 455
197 461
197 517
197 579
197 603
197 637
197 724
197 740
197 973
198 201
198 273
198 427
198 531
198 542
198 654
198 710
198 789
198 909
198 930
198 942
198 982
199 211
199 215
199 223
199 491
199 684
199 774
199 780
199 782
199 794
199 897
199 974
199 976
200 253
200 268
200 308
200 338
200 347
200 366
200 455
200 490
200 579
200 603
200 636
200 724
200 730
200 784
200 861
200 874
200 966
201 531
201 542
201 548
201 710
201 789
201 894
201 930
201 942
201 982
202 240
202 269
202 394
202 555
202 585
202 665
202 690
202 721
202 781
202 786
202 865
202 919
203 263
203 277
203 428
203 565
203 618
203 651
203 670
203 716
203 819
203 823
203 901
203 919
203 948
204 328
204 333
204 722
204 761
204 829
204 841
204 952
204 964
205 208
205 209
205 218
205 246
205 275
205 291
205 431
205 490
205 508
205 516
205 541
205 660
205 672
205 686
205 751
205 791
205 824
205 827
205 857
205 925
205 952
205 965
205 972
206 208
206 292
206 326
206 340
206 470
206 475
206 476
206 588
206 644
206 683
206 730
206 738
206 747
206 777
206 898
207 263
207 272
207 277
207 278
207 325
207 341
207 428
207 441
207 524
207 540
207 565
207 626
207 651
207 670
207 676
207 689
207 704
207 705
207 755
207 803
207 819
207 862
207 901
207 929
207 933
207 948
207 968
208 209
208 246
208 275
208 315
208 316
208 323
208 431
208 445
208 464
208 482
208 516
208 660
208 667
208 672
208 676
208 686
208 717
208 748
208 751
208 787
208 827
208 857
208 925
208 934
208 952
208 965
208 972
208 978
208 980
208 983
209 218
209 231
209 246
209 252
209 263
209 264
209 275
209 310
209 315
209 323
209 431
209 482
209 508
209 516
209 525
209 660
209 667
209 672
209 674
209 686
209 691
209 717
209 748
209 751
209 791
209 811
209 827
209 839
209 857
209 925
209 934
209 952
209 965
209 972
209 978
209 980
209 983
210 333
210 681
210 722
210 761
210 829
210 911
210 964
210 995
211 215
211 220
211 223
211 270
211 304
211 306
211 314
211 419
211 440
211 476
211 486
211 491
211 519
211 535
211 550
211 582
211 677
211 684
211 759
211 774
211 780
211 782
211 953
211 974
211 976
211 978
212 223
212 256
212 260
212 357
212 362
212 487
212 513
212 590
212 770
212 861
212 864
213 235
213 255
213 259
213 298
213 318
213 367
213 395
213 409
213 469
213 472
213 473
213 500
213 543
213 557
213 654
213 660
213 669
213 706
213 707
213 715
213 716
213 732
213 747
213 775
213 776
213 778
213 798
213 801
213 815
213 831
213 840
213 858
213 914
213 945
213 954
213 962
213 967
213 973
213 988
213 993
213 999
214 279
214 293
214 302
214 303
214 330
214 338
214 352
214 370
214 551
214 556
214 559
214 580
214 591
214 661
214 720
214 807
214 866
214 888
215 223
215 270
215 304
215 306
215 314
215 380
215 419
215 440
215 491
215 535
215 677
215 684
215 686
215 734
215 756
215 759
215 780
215 782
215 835
215 938
215 953
215 974
215 976
216 264
216 280
216 294
216 307
216 316
216 318
216 335
216 336
216 341
216 363
216 393
216 399
216 441
216 447
216 503
216 537
216 554
216 568
216 587
216 600
216 607
216 646
216 679
216 687
216 698
216 725
216 741
216 744
216 798
216 806
216 843
216 860
216 900
216 944
216 992
217 282
217 387
217 389
217 449
217 496
217 539
217 587
217 660
217 872
217 926
217 928
218 239
218 246
218 275
218 315
218 335
218 431
218 482
218 508
218 516
218 660
218 667
218 669
218 672
218 674
218 686
218 691
218 748
218 787
218 791
218 827
218 857
218 925
218 934
218 952
218 972
218 978
218 983
219 222
219 234
219 486
219 497
219 513
219 567
219 627
219 708
219 712
219 955
219 963
219 989
220 223
220 270
220 304
220 306
220 363
220 380
220 426
220 535
220 677
220 684
220 774
220 780
220 974
221 248
221 261
221 311
221 578
221 650
221 725
221 731
221 833
221 932
221 960
222 332
222 352
222 497
222 567
222 627
222 708
222 712
222 955
222 963
223 270
223 306
223 314
223 419
223 440
223 491
223 535
223 684
223 734
223 744
223 759
223 780
223 782
223 911
223 953
224 263
224 277
224 289
224 428
224 524
224 550
224 563
224 565
224 618
224 670
224 705
224 790
224 819
224 901
224 929
225 260
225 296
225 391
225 392
225 413
225 481
225 525
225 614
225 682
225 754
225 769
225 821
225 872
225 910
226 266
226 284
226 386
226 442
226 477
226 597
226 729
226 830
226 850
226 891
226 957
226 969
226 984
227 257
227 274
227 549
227 610
227 628
227 688
227 764
227 873
227 922
228 466
228 530
228 673
228 675
228 719
228 793
228 842
229 236
229 258
229 271
229 332
229 336
229 404
229 490
229 501
229 517
229 519
229 571
229 582
229 589
229 600
229 604
229 645
229 713
229 753
229 845
229 852
229 869
229 870
229 877
229 997
230 244
230 297
230 400
230 412
230 485
230 504
230 505
230 563
230 581
230 605
230 625
230 629
230 658
230 666
230 682
230 745
230 766
230 792
230 812
230 824
230 836
230 893
230 978
230 985
230 996
231 292
231 339
231 340
231 409
231 507
231 738
231 740
231 777
231 814
231 898
232 297
232 400
232 412
232 485
232 499
232 563
232 605
232 745
232 766
232 768
232 824
232 860
232 985
232 996
233 250
233 319
233 334
233 377
233 526
233 545
233 622
233 719
233 739
233 881
234 369
234 408
234 479
234 509
234 512
234 527
234 528
234 547
234 558
234 560
234 564
234 687
234 691
234 756
234 788
234 813
234 820
234 847
234 979
235 326
235 367
235 395
235 409
235 472
235 500
235 543
235 557
235 707
235 716
235 747
235 776
235 778
235 798
235 801
235 815
235 831
235 858
235 954
235 965
236 271
236 285
236 328
236 332
236 362
236 404
236 408
236 446
236 488
236 489
236 501
236 505
236 506
236 511
236 519
236 520
236 532
236 569
236 571
236 582
236 589
236 600
236 604
236 645
236 713
236 723
236 753
236 763
236 802
236 815
236 845
236 868
236 869
236 870
236 896
236 933
237 263
237 277
237 289
237 540
237 565
237 618
237 626
237 651
237 656
237 670
237 683
237 705
237 819
237 901
237 929
238 281
238 317
238 361
238 379
238 397
238 468
238 667
238 681
238 714
238 793
238 796
239 270
239 365
239 372
239 374
239 402
239 486
239 561
239 623
239 664
239 673
239 757
239 770
239 886
239 923
239 939
239 1000
240 269
240 356
240 418
240 495
240 566
240 585
240 665
240 690
240 767
240 772
240 781
240 786
240 822
240 865
240 919
241 324
241 494
241 495
241 502
241 808
241 940
242 259
242 515
242 522
242 529
242 534
242 655
242 737
242 805
242 856
242 879
242 917
243 265
243 309
243 322
243 339
243 343
243 347
243 356
243 360
243 364
243 376
243 406
243 420
243 432
243 478
243 521
243 601
243 624
243 700
243 726
243 751
243 768
243 838
243 880
243 902
243 916
243 924
243 949
244 297
244 400
244 412
244 499
244 563
244 605
244 625
244 629
244 666
244 745
244 766
244 812
244 824
244 871
245 281
245 317
245 337
245 397
245 468
245 714
245 743
245 791
245 796
246 252
246 275
246 306
246 315
246 363
246 431
246 500
246 508
246 516
246 622
246 636
246 660
246 667
246 686
246 691
246 717
246 748
246 751
246 791
246 811
246 827
246 857
246 873
246 925
246 934
246 952
246 965
246 972
246 978
246 980
246 983
247 248
247 311
247 578
247 650
247 731
247 773
247 833
247 932
247 960
248 311
248 341
248 479
248 650
248 677
248 703
248 833
249 282
249 368
249 372
249 398
249 484
249 583
249 668
249 694
249 722
249 729
249 735
249 768
249 787
249 809
249 877
249 906
249 931
249 938
249 970
250 251
250 311
250 334
250 516
250 545
250 622
250 628
250 703
250 719
250 739
250 881
250 992
251 319
251 334
251 428
251 595
251 659
251 695
251 719
251 739
251 881
252 275
252 315
252 323
252 356
252 431
252 508
252 516
252 686
252 691
252 707
252 748
252 857
252 952
252 972
252 974
253 268
253 308
253 347
253 351
253 366
253 386
253 455
253 459
253 461
253 517
253 579
253 603
253 636
253 637
253 746
253 784
253 861
253 907
253 936
253 942
253 966
254 371
254 407
254 425
254 450
254 471
254 498
254 503
254 644
254 648
254 704
254 758
254 783
254 832
254 887
254 905
254 918
255 259
255 326
255 367
255 395
255 409
255 472
255 716
255 771
255 776
255 778
255 798
255 831
255 858
255 945
255 962
255 973
255 988
256 274
256 284
256 313
256 451
256 549
256 610
256 619
256 620
256 628
256 892
256 922
256 994
257 274
257 284
257 313
257 375
257 451
257 549
257 610
257 619
257 620
257 628
257 688
257 795
257 873
257 895
257 899
257 945
257 994
258 271
258 332
258 404
258 489
258 490
258 501
258 505
258 506
258 519
258 520
258 532
258 538
258 569
258 571
258 576
258 582
258 589
258 600
258 604
258 645
258 713
258 723
258 753
258 764
258 794
258 845
258 868
258 869
258 870
258 896
259 298
259 367
259 395
259 409
259 424
259 434
259 472
259 473
259 500
259 541
259 543
259 557
259 600
259 669
259 706
259 707
259 715
259 716
259 732
259 747
259 775
259 776
259 778
259 831
259 840
259 858
259 914
259 945
259 954
259 962
259 973
259 988
259 993
260 355
260 357
260 362
260 427
260 462
260 487
260 513
260 590
260 634
260 697
260 770
260 780
260 845
260 864
261 262
261 359
261 401
261 475
261 553
261 566
261 602
261 612
261 652
261 799
261 859
261 884
261 924
261 987
262 385
262 401
262 412
262 429
262 475
262 520
262 553
262 577
262 602
262 612
262 859
262 884
262 924
262 987
263 272
263 277
263 278
263 325
263 428
263 524
263 540
263 550
263 565
263 567
263 618
263 626
263 651
263 655
263 670
263 676
263 683
263 689
263 702
263 704
263 705
263 755
263 790
263 803
263 819
263 901
263 929
263 933
263 948
263 968
264 280
264 294
264 307
264 335
264 341
264 346
264 354
264 363
264 371
264 393
264 399
264 441
264 447
264 503
264 537
264 554
264 568
264 587
264 607
264 646
264 679
264 685
264 698
264 725
264 741
264 843
264 860
264 869
264 899
264 944
264 992
265 309
265 322
265 339
265 343
265 356
265 360
265 364
265 376
265 406
265 420
265 432
265 478
265 492
265 521
265 541
265 599
265 601
265 624
265 669
265 700
265 726
265 838
265 842
265 880
265 902
265 916
265 929
265 997
266 331
266 353
266 386
266 442
266 477
266 574
266 586
266 597
266 640
266 729
266 830
266 850
266 891
266 956
266 957
266 984
266 991
267 383
267 385
267 416
267 452
267 572
267 693
267 756
267 765
267 844
267 884
267 907
268 308
268 310
268 347
268 351
268 366
268 455
268 461
268 517
268 579
268 603
268 636
268 724
268 784
268 831
268 861
268 966
268 1000
269 394
269 396
269 418
269 585
269 665
269 690
269 721
269 781
269 782
269 786
269 865
269 919
270 306
270 314
270 426
270 440
270 491
270 535
270 677
270 684
270 759
270 774
270 780
270 782
270 976
271 349
271 404
271 408
271 489
271 501
271 505
271 506
271 538
271 564
271 569
271 571
271 573
271 582
271 589
271 600
271 645
271 713
271 723
271 753
271 764
271 794
271 802
271 841
271 868
271 869
271 870
271 896
271 997
272 289
272 325
272 483
272 487
272 524
272 540
272 565
272 651
272 670
272 683
272 790
272 803
272 819
272 823
272 901
272 948
273 427
273 542
273 710
273 740
273 789
273 871
273 894
273 909
273 915
273 930
273 942
274 284
274 313
274 351
274 373
274 375
274 410
274 619
274 795
274 873
274 922
274 994
275 315
275 323
275 431
275 468
275 482
275 508
275 509
275 516
275 564
275 660
275 667
275 672
275 686
275 691
275 717
275 791
275 811
275 827
275 852
275 857
275 925
275 952
275 965
275 978
275 980
275 983
275 997
276 316
276 321
276 329
276 340
276 423
276 424
276 434
276 456
276 458
276 493
276 510
276 616
276 633
276 694
276 695
276 733
276 771
276 785
276 817
276 837
277 324
277 325
277 428
277 524
277 550
277 565
277 592
277 618
277 651
277 670
277 676
277 702
277 705
277 762
277 765
277 790
277 803
277 819
277 823
277 860
277 887
277 901
277 908
277 929
277 933
277 948
277 968
278 289
278 325
278 540
278 565
278 618
278 651
278 670
278 676
278 683
278 705
278 790
278 819
278 823
278 901
278 929
278 948
278 983
279 293
279 302
279 303
279 330
279 338
279 345
279 351
279 352
279 530
279 551
279 556
279 559
279 562
279 580
279 591
279 661
279 720
279 835
279 839
279 866
279 867
279 888
279 951
279 961
279 972
279 990
280 294
280 295
280 307
280 318
280 327
280 335
280 336
280 341
280 354
280 363
280 393
280 399
280 441
280 447
280 503
280 537
280 554
280 568
280 587
280 593
280 600
280 607
280 646
280 679
280 685
280 692
280 698
280 725
280 741
280 744
280 806
280 843
280 860
280 868
280 899
280 928
280 944
280 965
280 992
281 317
281 337
281 363
281 468
281 743
281 793
281 932
281 991
282 368
282 398
282 399
282 414
282 484
282 583
282 593
282 668
282 735
282 768
282 787
282 809
282 877
282 895
282 906
282 931
282 970
283 336
283 346
283 410
283 479
283 509
283 527
283 528
283 558
283 560
283 564
283 632
283 636
283 687
283 753
283 756
283 788
283 979
284 375
284 451
284 549
284 610
284 628
284 795
284 866
284 873
284 890
284 922
284 988
285 287
285 305
285 348
285 358
285 396
285 464
285 514
285 528
285 609
285 647
285 653
285 660
285 662
285 749
285 773
285 817
285 846
285 871
285 882
285 883
285 937
285 975
285 981
286 377
286 390
286 417
286 584
286 594
286 678
286 696
286 782
286 908
286 943
286 970
287 305
287 348
287 396
287 464
287 609
287 647
287 653
287 662
287 741
287 749
287 773
287 778
287 780
287 817
287 846
287 882
287 937
287 975
287 981
287 989
288 301
288 388
288 548
288 552
288 615
288 637
288 777
288 778
288 853
289 325
289 428
289 524
289 540
289 550
289 565
289 603
289 618
289 626
289 670
289 676
289 681
289 683
289 702
289 704
289 750
289 803
289 819
289 884
289 901
289 933
289 948
290 293
290 303
290 325
290 330
290 338
290 345
290 352
290 466
290 544
290 551
290 556
290 559
290 562
290 661
290 720
290 776
290 807
290 834
290 835
290 866
290 867
290 888
290 908
290 951
290 958
291 301
291 370
291 512
291 542
291 548
291 552
291 727
291 736
291 900
292 340
292 451
292 470
292 476
292 507
292 588
292 606
292 738
292 740
292 777
292 898
293 302
293 303
293 330
293 338
293 355
293 414
293 466
293 544
293 551
293 556
293 559
293 562
293 638
293 661
293 720
293 839
294 307
294 318
294 335
294 336
294 341
294 354
294 363
294 503
294 554
294 568
294 593
294 679
294 685
294 860
294 886
294 899
294 944
294 992
295 318
295 335
295 336
295 341
295 354
295 363
295 393
295 399
295 400
295 441
295 500
295 503
295 537
295 568
295 587
295 593
295 607
295 629
295 679
295 682
295 685
295 698
295 744
295 806
295 860
295 899
295 944
295 955
295 992
296 306
296 350
296 392
296 413
296 481
296 525
296 614
296 682
296 769
296 821
296 849
296 879
296 910
296 966
297 400
297 412
297 499
297 512
297 533
297 563
297 574
297 605
297 625
297 629
297 745
297 766
297 812
297 824
297 836
297 893
297 985
297 996
298 326
298 395
298 409
298 557
298 625
298 664
298 706
298 707
298 716
298 723
298 778
298 798
298 801
298 831
298 840
298 858
298 914
298 945
298 954
298 961
298 962
298 973
298 988
298 993
299 343
299 350
299 378
299 402
299 423
299 444
299 518
299 629
299 659
299 680
299 750
299 751
299 762
299 816
299 825
299 889
299 897
299 936
299 946
300 372
300 402
300 405
300 439
300 445
300 457
300 483
300 486
300 607
300 623
300 635
300 656
300 664
300 673
300 699
300 752
300 757
300 766
300 777
300 854
300 878
300 886
300 939
300 967
300 969
300 1000
301 388
301 552
301 615
301 727
301 853
301 900
302 303
302 330
302 338
302 352
302 370
302 414
302 466
302 483
302 544
302 551
302 556
302 559
302 562
302 580
302 591
302 638
302 661
302 720
302 807
302 834
302 835
302 839
302 866
302 867
302 874
302 888
302 919
302 951
302 958
302 961
302 979
302 980
303 330
303 338
303 352
303 370
303 414
303 424
303 466
303 544
303 552
303 559
303 562
303 580
303 638
303 661
303 720
303 835
303 839
303 860
303 958
303 961
303 972
304 306
304 314
304 380
304 426
304 440
304 535
304 631
304 677
304 684
304 726
304 734
304 774
304 780
304 782
304 953
304 974
304 976
305 347
305 348
305 396
305 509
305 514
305 653
305 662
305 773
305 937
305 990
306 314
306 380
306 419
306 440
306 491
306 535
306 573
306 677
306 684
306 734
306 759
306 774
306 780
306 782
306 870
306 880
306 953
306 974
306 976
307 335
307 336
307 341
307 354
307 357
307 363
307 393
307 399
307 441
307 443
307 447
307 503
307 537
307 554
307 568
307 587
307 590
307 607
307 646
307 679
307 685
307 725
307 741
307 744
307 815
307 843
307 860
307 876
307 899
307 936
307 944
307 992
308 347
308 351
308 366
308 461
308 517
308 589
308 663
308 679
308 724
308 874
309 322
309 339
309 343
309 349
309 356
309 360
309 406
309 432
309 541
309 601
309 624
309 700
309 726
309 838
309 849
309 902
309 909
309 949
310 461
310 517
310 554
310 579
310 636
310 637
310 724
310 784
310 966
311 578
311 650
311 703
311 833
311 932
311 960
312 421
312 443
312 454
312 529
312 621
312 630
312 641
312 649
312 893
312 941
312 998
313 375
313 451
313 479
313 549
313 620
313 628
313 795
313 922
314 380
314 419
314 426
314 491
314 535
314 677
314 684
314 759
314 780
314 782
314 870
314 920
314 974
314 976
315 323
315 431
315 437
315 479
315 508
315 516
315 667
315 672
315 674
315 686
315 691
315 705
315 717
315 741
315 791
315 811
315 827
315 857
315 952
315 965
315 972
315 978
316 321
316 329
316 424
316 434
316 456
316 458
316 493
316 510
316 532
316 616
316 694
316 695
316 733
316 753
316 798
316 865
317 337
317 353
317 397
317 468
317 527
317 720
317 793
317 796
317 903
318 335
318 336
318 341
318 354
318 363
318 393
318 441
318 503
318 537
318 568
318 587
318 607
318 679
318 698
318 741
318 744
318 796
318 843
318 860
318 899
318 919
318 944
318 979
318 988
318 992
319 394
319 545
319 622
319 719
319 739
319 881
320 373
320 403
320 467
320 480
320 573
320 633
320 920
321 329
321 383
321 424
321 434
321 449
321 456
321 458
321 493
321 510
321 554
321 616
321 695
321 733
321 771
321 785
321 986
322 339
322 343
322 356
322 360
322 406
322 481
322 487
322 521
322 541
322 599
322 601
322 624
322 700
322 726
322 838
322 902
322 949
323 372
323 431
323 508
323 516
323 563
323 624
323 660
323 667
323 674
323 686
323 691
323 717
323 751
323 791
323 811
323 857
323 906
323 934
323 952
323 965
323 972
323 980
323 983
324 494
324 495
324 502
324 935
324 940
324 959
325 448
325 565
325 618
325 626
325 651
325 683
325 689
325 703
325 803
325 823
325 858
325 901
325 948
326 367
326 395
326 398
326 409
326 469
326 472
326 473
326 500
326 543
326 605
326 618
326 669
326 707
326 716
326 732
326 775
326 776
326 778
326 798
326 801
326 831
326 954
326 962
326 973
327 390
327 417
327 465
327 570
327 594
327 671
327 678
327 881
327 943
328 333
328 722
328 761
328 829
328 911
328 964
328 995
329 409
329 424
329 434
329 439
329 458
329 493
329 599
329 616
329 638
329 694
329 695
329 731
329 771
329 785
329 829
329 837
329 856
329 986
330 331
330 352
330 370
330 414
330 544
330 551
330 556
330 559
330 562
330 580
330 591
330 638
330 661
330 720
330 807
330 834
330 835
330 839
330 866
330 867
330 876
330 888
330 951
330 958
330 961
331 393
331 477
331 561
331 574
331 597
331 640
331 729
331 830
331 850
331 891
331 900
331 984
332 404
332 408
332 488
332 489
332 490
332 505
332 506
332 511
332 519
332 532
332 538
332 576
332 582
332 600
332 645
332 706
332 723
332 753
332 763
332 794
332 869
332 870
332 896
332 972
333 668
333 722
333 761
333 829
333 911
333 995
334 545
334 622
334 719
334 739
334 881
334 914
334 988
335 336
335 341
335 354
335 363
335 393
335 399
335 441
335 447
335 503
335 537
335 554
335 593
335 606
335 646
335 662
335 679
335 685
335 698
335 725
335 744
335 778
335 806
335 843
335 899
335 944
335 973
335 992
336 341
336 354
336 363
336 366
336 399
336 439
336 441
336 447
336 503
336 537
336 554
336 593
336 646
336 679
336 741
336 744
336 806
336 860
336 873
336 899
336 944
336 992
337 379
337 743
337 793
337 796
337 806
338 349
338 352
338 370
338 414
338 466
338 530
338 544
338 551
338 556
338 559
338 562
338 580
338 601
338 638
338 661
338 720
338 727
338 807
338 834
338 839
338 867
338 888
338 951
338 958
339 343
339 356
339 360
339 364
339 376
339 406
339 432
339 478
339 486
339 492
339 521
339 541
339 599
339 601
339 624
339 670
339 700
339 726
339 751
339 838
339 880
339 902
339 949
339 999
340 470
340 476
340 546
340 559
340 577
340 588
340 606
340 738
340 777
341 354
341 363
341 393
341 399
341 403
341 441
341 503
341 537
341 548
341 554
341 568
341 587
341 607
341 646
341 679
341 685
341 725
341 741
341 744
341 806
341 843
341 860
341 899
341 902
341 944
341 983
341 992
342 433
342 489
342 575
342 596
342 685
342 854
342 862
342 876
342 887
343 356
343 360
343 364
343 376
343 406
343 420
343 432
343 478
343 490
343 521
343 541
343 561
343 591
343 599
343 601
343 624
343 700
343 726
343 731
343 838
343 880
343 902
343 916
343 949
344 430
344 446
344 453
344 463
344 474
344 499
344 546
344 592
344 595
344 613
344 639
344 728
344 760
344 797
344 890
344 971
345 370
345 466
345 544
345 551
345 559
345 562
345 580
345 591
345 645
345 661
345 720
345 835
345 866
346 410
346 436
346 558
346 560
346 564
346 581
346 617
346 687
346 766
346 788
346 813
346 820
346 894
347 366
347 371
347 427
347 455
347 459
347 461
347 579
347 724
347 861
347 874
348 396
348 403
348 514
348 609
348 647
348 662
348 749
348 773
348 820
348 846
348 861
348 871
348 883
348 937
348 981
349 404
349 408
349 488
349 490
349 501
349 519
349 520
349 532
349 538
349 569
349 582
349 589
349 600
349 604
349 645
349 753
349 802
349 845
349 869
349 870
350 378
350 423
350 444
350 659
350 680
350 750
350 825
350 827
350 889
350 903
350 936
350 997
351 366
351 455
351 461
351 517
351 579
351 603
351 620
351 636
351 724
351 746
351 794
351 861
351 874
352 370
352 414
352 466
352 547
352 551
352 556
352 559
352 562
352 580
352 591
352 638
352 661
352 720
352 834
352 835
352 839
352 866
352 888
352 951
352 958
353 386
353 442
353 477
353 830
353 873
353 957
353 984
353 991
354 363
354 380
354 441
354 503
354 568
354 587
354 607
354 646
354 679
354 717
354 725
354 741
354 744
354 806
354 843
354 860
354 899
354 944
355 357
355 362
355 513
355 590
355 634
355 697
355 770
355 789
355 855
355 864
356 360
356 432
356 492
356 521
356 541
356 599
356 601
356 620
356 624
356 670
356 838
356 880
356 902
356 916
356 949
357 462
357 487
357 513
357 590
357 634
357 770
357 855
357 864
358 381
358 403
358 530
358 642
358 675
358 799
359 401
359 602
359 612
359 652
359 674
359 799
359 859
359 884
359 987
360 376
360 432
360 492
360 541
360 599
360 624
360 642
360 694
360 700
360 742
360 838
360 853
360 929
361 422
361 613
361 718
361 742
361 818
361 863
361 894
361 912
362 462
362 487
362 513
362 590
362 634
362 697
362 760
362 770
362 855
362 864
363 393
363 399
363 441
363 447
363 503
363 529
363 537
363 554
363 568
363 587
363 593
363 607
363 646
363 678
363 679
363 698
363 725
363 744
363 806
363 843
363 860
363 899
363 944
363 992
364 478
364 521
364 541
364 599
364 601
364 624
364 637
364 700
364 854
364 880
364 916
364 954
365 372
365 374
365 414
365 439
365 457
365 483
365 486
365 561
365 569
365 623
365 635
365 643
365 664
365 673
365 699
365 752
365 757
365 878
365 886
365 927
365 943
365 967
365 1000
366 455
366 459
366 461
366 516
366 517
366 636
366 713
366 724
366 784
366 966
367 395
367 409
367 473
367 500
367 543
367 669
367 706
367 715
367 716
367 729
367 732
367 769
367 775
367 776
367 778
367 782
367 798
367 801
367 831
367 840
367 858
367 914
367 945
367 954
367 962
367 973
367 988
367 993
368 398
368 484
368 583
368 586
368 668
368 735
368 768
368 787
368 809
368 857
368 877
368 895
368 896
368 906
368 931
368 970
369 436
369 479
369 527
369 528
369 547
369 553
369 558
369 560
369 564
369 581
369 631
369 661
369 687
369 820
369 847
369 979
370 466
370 544
370 551
370 556
370 559
370 562
370 580
370 591
370 638
370 644
370 661
370 720
370 807
370 835
370 839
370 866
370 888
370 951
370 961
371 407
371 450
371 471
371 523
371 556
371 648
371 701
371 747
371 758
371 832
371 905
371 918
371 989
372 402
372 439
372 483
372 486
372 600
372 623
372 635
372 643
372 656
372 664
372 673
372 699
372 752
372 757
372 845
372 886
372 889
372 916
372 923
372 939
372 967
372 976
372 993
372 1000
373 467
373 480
373 488
373 633
373 826
373 920
374 402
374 405
374 439
374 445
374 447
374 486
374 561
374 623
374 643
374 664
374 683
374 699
374 752
374 757
374 886
374 923
374 939
374 967
374 969
374 1000
375 547
375 549
375 562
375 577
375 610
375 620
375 628
375 682
375 688
375 731
375 795
375 873
375 892
375 922
375 975
376 408
376 521
376 599
376 601
376 726
376 792
376 838
376 902
377 390
377 570
377 584
377 594
377 598
377 678
377 696
377 804
377 908
378 401
378 518
378 659
378 750
378 762
378 816
378 897
378 903
378 936
378 946
379 397
379 592
379 714
379 743
379 796
380 419
380 426
380 491
380 535
380 633
380 684
380 707
380 734
380 759
380 774
380 780
380 782
380 816
380 974
380 976
381 530
381 567
381 642
381 842
382 437
382 498
382 709
382 778
382 828
382 869
382 875
382 904
382 913
382 950
383 385
383 416
383 460
383 507
383 572
383 693
383 712
383 765
383 907
384 388
384 406
384 615
384 727
384 748
384 853
384 900
385 416
385 460
385 572
385 693
385 720
385 765
385 844
385 907
386 391
386 442
386 461
386 477
386 496
386 597
386 640
386 729
386 830
386 850
386 891
386 957
386 984
386 991
387 389
387 449
387 496
387 800
387 924
387 928
388 537
388 548
388 552
388 615
388 727
388 853
388 900
389 449
389 539
389 800
389 907
389 926
389 928
390 417
390 465
390 570
390 584
390 594
390 598
390 678
390 696
390 789
390 804
390 908
390 943
391 413
391 481
391 498
391 525
391 614
391 754
391 769
391 821
391 872
391 910
392 481
392 525
392 614
392 682
392 754
392 821
392 849
392 872
392 910
392 925
392 948
393 399
393 441
393 447
393 503
393 506
393 537
393 587
393 607
393 646
393 679
393 685
393 704
393 725
393 741
393 744
393 806
393 843
393 846
393 860
393 899
393 944
393 948
393 992
394 418
394 585
394 665
394 721
394 735
394 781
394 786
394 822
394 865
394 919
395 409
395 465
395 469
395 472
395 500
395 543
395 669
395 677
395 706
395 707
395 715
395 716
395 732
395 747
395 757
395 775
395 776
395 778
395 798
395 801
395 815
395 831
395 840
395 858
395 914
395 934
395 945
395 954
395 962
395 973
395 988
395 993
395 999
396 464
396 514
396 609
396 647
396 662
396 749
396 771
396 773
396 794
396 803
396 817
396 846
396 883
396 937
396 975
396 981
397 714
397 793
397 796
397 901
398 484
398 583
398 586
398 668
398 735
398 765
398 768
398 787
398 809
398 877
398 906
398 938
398 970
399 441
399 537
399 587
399 685
399 744
399 860
399 944
399 982
399 992
400 412
400 417
400 504
400 563
400 605
400 625
400 629
400 658
400 666
400 745
400 766
400 792
400 795
400 824
400 836
400 893
400 925
400 975
400 996
401 429
401 553
401 577
401 602
401 612
401 652
401 799
401 859
401 884
401 924
401 987
402 439
402 441
402 482
402 483
402 486
402 503
402 623
402 635
402 656
402 664
402 886
402 939
402 960
402 967
402 969
403 467
403 480
403 633
403 826
403 920
404 408
404 488
404 490
404 501
404 505
404 506
404 519
404 520
404 532
404 538
404 571
404 573
404 582
404 589
404 600
404 604
404 626
404 645
404 662
404 713
404 753
404 763
404 764
404 794
404 802
404 845
404 852
404 860
404 868
404 869
404 870
404 894
404 949
405 445
405 483
405 486
405 623
405 635
405 643
405 664
405 673
405 699
405 757
405 878
405 886
405 902
405 923
405 927
405 969
406 430
406 432
406 599
406 601
406 700
406 726
406 880
407 425
407 450
407 471
407 523
407 537
407 644
407 648
407 733
407 783
407 918
407 956
407 989
408 501
408 506
408 511
408 515
408 519
408 520
408 532
408 538
408 569
408 571
408 576
408 582
408 589
408 604
408 645
408 713
408 723
408 753
408 763
408 764
408 802
408 845
408 852
408 868
408 869
408 896
408 971
409 432
409 469
409 472
409 473
409 500
409 543
409 669
409 706
409 707
409 716
409 732
409 747
409 775
409 778
409 798
409 801
409 815
409 828
409 831
409 840
409 853
409 858
409 914
409 945
409 954
409 962
409 973
409 999
410 436
410 479
410 509
410 527
410 547
410 558
410 560
410 564
410 581
410 617
410 788
410 813
410 820
410 843
410 979
411 435
411 453
411 526
411 536
411 555
411 660
411 692
411 711
411 814
411 823
411 841
411 947
411 971
412 442
412 485
412 499
412 504
412 512
412 533
412 563
412 584
412 605
412 625
412 629
412 658
412 664
412 666
412 745
412 766
412 779
412 792
412 812
412 824
412 836
412 893
412 985
412 996
413 525
413 661
413 682
413 748
413 754
413 821
413 849
413 872
413 910
414 508
414 544
414 551
414 556
414 562
414 591
414 629
414 661
414 720
414 735
414 835
414 866
415 435
415 536
415 555
415 577
415 660
415 692
415 695
415 810
415 814
415 841
415 947
416 437
416 452
416 460
416 478
416 572
416 618
416 693
416 765
417 454
417 465
417 516
417 570
417 584
417 594
417 598
417 678
417 696
417 731
417 908
417 931
417 943
418 585
418 616
418 665
418 726
418 767
418 772
418 786
418 822
418 865
418 919
418 921
419 440
419 469
419 535
419 594
419 617
419 677
419 759
419 780
419 782
419 869
419 974
419 976
420 432
420 461
420 478
420 521
420 541
420 726
420 838
420 902
420 916
421 454
421 529
421 616
421 621
421 630
421 641
421 649
421 850
421 941
421 977
421 998
422 438
422 663
422 718
422 742
422 818
422 863
422 912
422 960
423 444
423 518
423 565
423 586
423 659
423 676
423 680
423 750
423 816
423 897
423 903
423 936
423 946
424 434
424 456
424 458
424 491
424 493
424 510
424 616
424 694
424 695
424 733
424 771
424 785
424 986
425 450
425 471
425 523
425 532
425 600
425 644
425 648
425 701
425 758
425 832
425 918
425 956
425 989
426 491
426 519
426 535
426 574
426 684
426 734
426 759
426 774
426 780
426 782
426 796
426 953
426 974
427 531
427 542
427 710
427 767
427 789
427 893
427 909
427 915
427 930
427 942
428 524
428 535
428 540
428 550
428 565
428 618
428 626
428 651
428 670
428 683
428 702
428 705
428 790
428 819
428 823
428 901
428 915
428 933
428 948
428 968
429 553
429 577
429 612
429 652
429 799
429 859
429 884
429 924
429 977
429 987
430 446
430 463
430 474
430 528
430 546
430 595
430 613
430 631
430 639
430 728
430 760
430 797
430 890
430 930
430 974
431 482
431 508
431 516
431 660
431 667
431 686
431 691
431 738
431 744
431 750
431 751
431 776
431 791
431 811
431 827
431 857
431 934
431 952
431 965
431 972
431 978
431 980
432 478
432 492
432 521
432 541
432 561
432 587
432 599
432 601
432 614
432 624
432 700
432 726
432 838
432 864
432 877
432 880
432 902
432 949
433 575
433 596
433 813
433 862
433 876
433 885
433 887
434 458
434 484
434 493
434 510
434 616
434 620
434 694
434 695
434 733
434 771
434 785
434 837
434 986
435 453
435 555
435 631
435 692
435 810
435 814
435 947
436 509
436 516
436 527
436 558
436 581
436 617
436 687
436 756
436 778
436 788
436 813
436 820
436 840
436 847
436 979
437 448
437 498
437 654
437 709
437 875
437 904
437 913
438 597
438 718
438 742
438 766
438 818
438 863
439 445
439 483
439 486
439 561
439 623
439 643
439 656
439 664
439 673
439 699
439 757
439 792
439 886
439 923
439 927
439 945
439 1000
440 491
440 535
440 677
440 684
440 782
440 976
441 447
441 465
441 503
441 537
441 554
441 568
441 587
441 593
441 607
441 610
441 624
441 665
441 674
441 675
441 679
441 685
441 698
441 725
441 741
441 744
441 806
441 843
441 860
441 899
441 944
441 992
442 491
442 509
442 574
442 597
442 691
442 872
442 891
442 957
442 984
442 991
443 454
443 529
443 630
443 641
443 649
443 880
443 941
443 977
444 466
444 518
444 762
444 816
444 889
444 897
444 903
444 936
444 946
445 483
445 623
445 635
445 643
445 656
445 757
445 829
445 886
445 939
445 969
445 1000
446 463
446 474
446 514
446 526
446 546
446 592
446 595
446 611
446 613
446 728
446 760
446 797
446 890
447 503
447 537
447 549
447 554
447 679
447 727
447 741
447 744
447 788
447 835
447 843
447 860
447 899
447 944
447 992
448 498
448 521
448 709
448 828
448 875
448 913
448 950
449 496
449 539
449 800
449 846
449 926
449 928
450 471
450 644
450 648
450 701
450 832
450 833
450 905
450 918
450 956
450 989
451 610
451 619
451 620
451 628
451 795
451 873
451 994
452 460
452 507
452 566
452 572
452 682
452 693
452 765
452 844
452 907
453 536
453 555
453 686
453 692
453 711
453 737
453 810
453 947
453 971
454 529
454 621
454 630
454 641
454 649
454 856
454 880
454 941
454 977
454 998
455 459
455 461
455 480
455 579
455 603
455 636
455 724
455 746
455 784
455 794
455 861
455 865
455 874
455 996
456 458
456 493
456 510
456 616
456 656
456 695
456 733
456 771
456 785
456 796
457 483
457 486
457 623
457 643
457 673
457 878
457 886
457 923
457 967
457 969
457 1000
458 493
458 510
458 616
458 694
458 733
458 758
458 771
458 785
458 837
458 966
459 461
459 517
459 579
459 603
459 613
459 636
459 724
459 746
459 751
459 784
460 572
460 670
460 693
460 740
460 765
460 784
460 844
460 907
460 919
461 579
461 592
461 603
461 636
461 637
461 724
461 746
461 749
461 784
461 813
461 861
461 966
462 483
462 487
462 513
462 590
462 634
462 707
462 723
462 770
462 843
462 855
462 864
463 546
463 592
463 595
463 611
463 613
463 639
463 728
463 751
463 797
463 890
464 647
464 653
464 662
464 715
464 773
464 817
464 937
464 962
464 975
465 570
465 663
465 681
465 696
465 720
465 908
465 943
465 962
466 544
466 551
466 559
466 562
466 580
466 591
466 638
466 660
466 661
466 720
466 834
466 835
466 839
466 888
466 958
466 990
467 480
467 633
467 826
467 920
468 521
468 651
468 743
468 793
468 796
469 472
469 473
469 543
469 669
469 706
469 707
469 716
469 747
469 776
469 778
469 798
469 801
469 831
469 840
469 858
469 914
469 954
469 962
469 988
469 993
470 476
470 507
470 588
470 606
470 730
470 740
470 777
470 799
471 523
471 644
471 648
471 701
471 783
471 879
471 905
471 918
471 989
472 543
472 557
472 606
472 677
472 706
472 707
472 716
472 732
472 747
472 761
472 775
472 776
472 778
472 798
472 815
472 831
472 840
472 858
472 932
472 945
472 954
472 956
472 962
472 973
472 988
472 993
473 543
473 669
473 684
473 706
473 707
473 716
473 776
473 778
473 858
473 865
473 954
473 973
473 988
474 546
474 592
474 595
474 611
474 613
474 631
474 728
474 760
474 797
474 890
474 898
474 1000
475 577
475 612
475 652
475 799
475 859
475 898
475 924
475 987
476 500
476 507
476 588
476 623
476 730
477 574
477 730
477 830
477 957
477 984
477 991
478 541
478 599
478 601
478 624
478 681
478 700
478 712
478 726
478 898
478 902
478 916
479 509
479 528
479 547
479 558
479 560
479 564
479 581
479 601
479 617
479 632
479 687
479 756
479 788
479 847
479 848
479 866
479 979
480 633
480 826
480 920
481 483
481 558
481 578
481 614
481 640
481 680
481 682
481 769
481 821
481 849
481 872
481 910
482 508
482 516
482 660
482 667
482 672
482 686
482 691
482 717
482 791
482 811
482 896
482 952
482 965
482 972
483 486
483 561
483 623
483 635
483 643
483 656
483 664
483 673
483 699
483 725
483 752
483 775
483 878
483 886
483 927
483 939
483 967
483 969
483 1000
484 586
484 618
484 648
484 668
484 735
484 768
484 787
484 877
484 906
484 938
484 970
484 983
485 499
485 504
485 512
485 563
485 629
485 678
485 745
485 792
485 798
485 812
485 824
485 836
485 985
485 996
486 561
486 635
486 656
486 664
486 673
486 699
486 752
486 757
486 878
486 886
486 923
486 969
487 513
487 535
487 570
487 590
487 697
487 855
488 490
488 501
488 506
488 519
488 520
488 532
488 569
488 571
488 573
488 576
488 582
488 589
488 592
488 600
488 604
488 723
488 753
488 764
488 802
488 845
488 869
488 870
488 896
488 936
489 490
489 501
489 506
489 519
489 520
489 532
489 538
489 569
489 582
489 589
489 600
489 601
489 604
489 645
489 713
489 723
489 753
489 764
489 794
489 845
489 869
489 870
489 881
489 959
490 505
490 506
490 511
490 519
490 520
490 532
490 538
490 569
490 571
490 573
490 576
490 582
490 589
490 600
490 604
490 645
490 713
490 723
490 753
490 764
490 794
490 802
490 840
490 868
490 869
490 870
490 896
490 983
490 997
491 535
491 677
491 684
491 742
491 759
491 780
491 782
491 877
491 953
491 974
491 976
492 521
492 601
492 624
492 639
492 700
492 726
492 838
492 880
492 899
492 902
492 916
493 510
493 559
493 694
493 695
493 703
493 716
493 724
493 733
493 771
493 785
493 837
493 986
494 495
494 763
494 808
494 851
494 935
494 940
494 959
495 502
495 591
495 605
495 808
495 891
495 935
496 529
496 539
496 800
496 926
497 567
497 627
497 708
497 712
497 910
497 963
498 709
498 828
498 875
498 904
498 913
498 914
499 504
499 533
499 563
499 578
499 625
499 629
499 658
499 666
499 745
499 766
499 792
499 812
499 836
499 893
499 985
499 989
499 996
500 669
500 706
500 707
500 715
500 716
500 747
500 757
500 768
500 776
500 778
500 798
500 815
500 831
500 858
500 945
500 954
500 962
500 993
501 506
501 511
501 520
501 532
501 538
501 549
501 569
501 571
501 573
501 576
501 582
501 589
501 600
501 604
501 645
501 701
501 713
501 721
501 723
501 753
501 764
501 794
501 802
501 845
501 868
501 869
501 870
501 873
501 896
501 997
502 808
502 940
503 554
503 568
503 593
503 603
503 607
503 679
503 685
503 698
503 725
503 741
503 744
503 750
503 797
503 806
503 843
503 860
503 899
503 944
503 992
504 508
504 533
504 563
504 605
504 629
504 666
504 745
504 766
504 824
504 836
505 506
505 517
505 520
505 532
505 573
505 582
505 589
505 600
505 656
505 667
505 713
505 723
505 753
505 794
505 802
505 845
505 869
505 870
505 896
505 951
505 997
506 511
506 519
506 532
506 538
506 569
506 571
506 573
506 576
506 582
506 589
506 600
506 604
506 636
506 645
506 691
506 702
506 723
506 753
506 794
506 802
506 845
506 852
506 868
506 870
506 896
506 937
506 997
507 588
507 606
507 730
507 738
507 740
507 898
508 516
508 660
508 667
508 675
508 686
508 691
508 717
508 723
508 748
508 751
508 791
508 811
508 827
508 885
508 925
508 934
508 952
508 965
508 972
508 978
508 980
508 983
509 527
509 547
509 558
509 560
509 581
509 687
509 756
509 788
509 813
509 820
509 821
509 847
509 848
509 979
510 518
510 549
510 566
510 616
510 681
510 694
510 695
510 733
510 771
510 785
510 837
510 986
511 519
511 520
511 532
511 538
511 582
511 589
511 600
511 645
511 699
511 723
511 753
511 763
511 764
511 794
511 869
511 896
512 533
512 605
512 745
512 812
512 824
513 590
513 629
513 634
513 697
513 770
513 855
513 864
514 609
514 653
514 662
514 749
514 773
514 817
514 882
514 883
514 937
514 975
515 522
515 534
515 655
515 805
515 856
515 879
515 917
515 990
516 555
516 660
516 667
516 672
516 674
516 686
516 691
516 714
516 717
516 748
516 751
516 791
516 811
516 827
516 857
516 896
516 925
516 934
516 952
516 965
516 972
516 983
517 568
517 579
517 603
517 724
517 784
517 861
517 966
518 659
518 680
518 750
518 762
518 825
518 897
518 903
518 936
518 937
519 520
519 532
519 538
519 565
519 571
519 573
519 576
519 582
519 598
519 600
519 645
519 713
519 723
519 753
519 763
519 764
519 794
519 820
519 845
519 852
519 868
519 870
519 896
519 997
520 532
520 538
520 569
520 571
520 582
520 589
520 600
520 604
520 723
520 753
520 794
520 804
520 869
520 870
520 896
520 967
521 551
521 599
521 601
521 624
521 700
521 726
521 838
521 880
521 897
521 902
521 909
521 916
521 949
522 534
522 655
522 700
522 737
522 766
522 805
522 856
522 869
522 879
522 917
522 990
523 644
523 648
523 701
523 758
523 783
523 902
523 905
523 918
523 919
523 956
523 986
524 550
524 565
524 618
524 626
524 651
524 670
524 676
524 681
524 689
524 705
524 755
524 790
524 803
524 819
524 823
524 842
524 848
524 885
524 901
524 929
524 933
524 947
524 948
525 654
525 658
525 769
525 772
525 821
525 872
525 918
526 608
526 657
526 661
526 671
526 736
526 779
526 859
526 921
527 528
527 547
527 558
527 560
527 564
527 581
527 617
527 632
527 756
527 788
527 813
527 820
527 848
527 979
528 547
528 558
528 560
528 564
528 581
528 687
528 758
528 788
528 813
528 847
528 848
528 979
529 641
529 649
529 941
529 977
529 992
529 998
530 642
530 675
530 744
530 783
531 710
531 789
531 894
531 909
531 915
531 930
531 982
531 988
532 538
532 569
532 571
532 573
532 576
532 582
532 589
532 600
532 604
532 645
532 713
532 723
532 753
532 763
532 764
532 768
532 794
532 802
532 832
532 845
532 852
532 868
532 869
532 870
532 896
532 931
532 997
533 563
533 605
533 625
533 629
533 666
533 766
533 772
533 792
533 812
533 824
533 836
533 969
534 655
534 658
534 737
534 805
534 879
534 917
534 990
535 677
535 684
535 734
535 759
535 774
535 780
535 782
535 885
535 953
535 974
535 976
536 555
536 706
536 711
536 810
536 814
536 841
536 847
536 893
536 940
536 947
536 971
537 554
537 568
537 587
537 593
537 607
537 618
537 646
537 679
537 698
537 725
537 741
537 800
537 806
537 843
537 860
537 884
537 899
537 944
537 992
538 569
538 573
538 582
538 589
538 600
538 604
538 645
538 713
538 723
538 725
538 753
538 764
538 794
538 820
538 845
538 852
538 869
538 870
538 896
538 956
539 598
539 800
539 926
539 928
540 550
540 565
540 618
540 626
540 651
540 670
540 681
540 683
540 689
540 751
540 819
540 823
540 901
540 933
540 948
541 601
541 700
541 740
541 764
541 781
541 902
542 710
542 894
542 899
542 909
542 915
542 930
542 942
542 982
542 989
543 582
543 639
543 706
543 707
543 716
543 732
543 747
543 775
543 778
543 798
543 801
543 815
543 831
543 840
543 858
543 878
543 914
543 954
543 962
543 973
543 988
543 993
544 559
544 562
544 580
544 591
544 698
544 720
544 782
544 807
544 817
544 835
544 840
544 867
544 888
544 899
544 931
544 951
544 961
545 622
545 719
545 739
545 881
546 592
546 595
546 631
546 728
546 760
546 797
546 890
547 558
547 560
547 564
547 659
547 756
547 788
547 813
547 847
547 979
548 615
548 727
548 853
548 900
548 923
548 965
549 571
549 610
549 619
549 628
549 688
549 795
549 892
549 922
550 565
550 618
550 626
550 651
550 670
550 683
550 705
550 790
550 819
550 823
550 896
550 901
550 948
551 556
551 559
551 562
551 580
551 591
551 638
551 661
551 720
551 807
551 835
551 839
551 846
551 847
551 867
551 888
551 958
552 727
552 845
552 853
552 900
553 577
553 602
553 612
553 652
553 799
553 858
553 859
553 884
553 924
554 587
554 679
554 741
554 744
554 806
554 843
554 899
554 944
554 992
555 671
555 692
555 711
555 810
555 814
555 947
555 971
556 559
556 562
556 591
556 640
556 655
556 661
556 720
556 834
556 835
556 839
556 866
556 888
556 951
556 958
556 961
556 969
557 626
557 669
557 706
557 707
557 715
557 716
557 723
557 776
557 778
557 840
557 914
557 954
557 962
557 973
557 993
557 999
558 560
558 564
558 581
558 617
558 632
558 663
558 687
558 756
558 788
558 813
558 820
558 847
558 848
558 960
558 979
559 562
559 569
559 580
559 588
559 591
559 598
559 638
559 661
559 720
559 807
559 834
559 835
559 866
559 867
559 951
559 961
559 985
560 564
560 565
560 581
560 617
560 632
560 687
560 788
560 813
560 820
560 847
560 848
560 979
560 994
561 623
561 635
561 643
561 656
561 664
561 673
561 699
561 705
561 878
561 886
561 923
561 939
561 969
561 1000
562 580
562 591
562 632
562 638
562 661
562 720
562 807
562 834
562 835
562 866
562 888
562 961
563 605
563 625
563 629
563 658
563 666
563 745
563 766
563 792
563 808
563 812
563 824
563 836
563 871
563 893
563 985
563 996
564 581
564 687
564 775
564 788
564 813
564 847
564 979
565 618
565 626
565 650
565 651
565 670
565 676
565 681
565 689
565 702
565 704
565 705
565 755
565 790
565 803
565 819
565 901
565 929
565 933
565 948
565 965
566 665
566 767
566 772
566 786
566 865
567 627
567 708
567 712
567 923
567 955
567 963
568 587
568 607
568 679
568 741
568 744
568 806
568 831
568 843
568 860
568 899
568 944
569 576
569 582
569 589
569 600
569 604
569 645
569 666
569 692
569 713
569 764
569 777
569 794
569 852
569 868
569 869
569 870
569 997
570 584
570 594
570 598
570 696
570 765
570 804
570 838
570 908
570 943
571 576
571 582
571 589
571 600
571 659
571 713
571 802
571 869
571 870
571 896
572 622
572 693
572 765
572 798
572 844
572 907
573 577
573 582
573 589
573 600
573 604
573 645
573 713
573 753
573 763
573 764
573 794
573 869
573 870
573 896
574 597
574 640
574 729
574 830
574 957
574 984
574 991
575 596
575 854
575 862
575 876
575 885
575 887
576 600
576 604
576 645
576 655
576 657
576 713
576 723
576 753
576 764
576 770
576 845
576 869
576 870
576 879
576 896
576 972
577 612
577 628
577 652
577 799
577 859
577 884
577 987
578 643
578 650
578 703
578 731
578 833
578 932
579 637
579 724
579 740
579 746
579 784
579 861
579 874
579 966
579 980
580 591
580 626
580 638
580 661
580 720
580 807
580 824
580 834
580 835
580 839
580 866
580 869
580 888
580 961
581 632
581 687
581 756
581 788
581 813
581 820
581 943
581 979
582 589
582 600
582 604
582 645
582 700
582 713
582 723
582 753
582 763
582 794
582 802
582 845
582 852
582 868
582 869
582 870
582 896
582 969
582 997
583 668
583 717
583 735
583 787
583 877
583 906
583 931
584 588
584 598
584 689
584 696
584 804
584 908
584 943
585 603
585 662
585 665
585 690
585 721
585 772
585 781
585 786
585 822
585 865
585 919
586 587
586 668
586 713
586 809
586 877
586 906
586 931
587 593
587 607
587 685
587 698
587 737
587 741
587 806
587 843
587 860
587 899
587 944
587 974
587 992
588 738
588 740
588 777
588 788
588 898
589 600
589 604
589 613
589 645
589 660
589 723
589 753
589 763
589 764
589 783
589 784
589 794
589 802
589 845
589 852
589 869
589 870
589 896
589 997
590 634
590 697
590 745
590 816
590 864
591 638
591 661
591 696
591 720
591 777
591 807
591 839
591 866
591 867
591 888
591 958
592 595
592 611
592 613
592 631
592 639
592 728
592 760
592 797
592 890
593 605
593 679
593 744
593 860
593 944
594 678
594 804
594 943
595 611
595 631
595 639
595 728
595 760
595 796
595 797
595 876
595 890
595 948
596 661
596 854
596 862
596 876
596 885
597 640
597 729
597 830
597 891
597 904
597 984
597 991
598 678
598 804
598 908
598 943
599 601
599 624
599 654
599 726
599 880
599 902
599 916
599 949
600 604
600 629
600 645
600 713
600 723
600 753
600 764
600 794
600 802
600 845
600 852
600 869
600 870
600 896
600 997
601 624
601 700
601 726
601 838
601 863
601 902
601 916
602 652
602 799
602 859
602 883
602 884
602 915
602 924
602 987
603 636
603 637
603 655
603 724
603 746
603 784
603 861
603 874
603 966
604 645
604 723
604 753
604 763
604 764
604 792
604 794
604 870
604 896
604 987
604 997
605 625
605 658
605 666
605 745
605 759
605 766
605 792
605 812
605 836
605 981
605 985
605 996
606 748
606 776
606 777
606 898
607 679
607 744
607 745
607 751
607 806
607 843
607 860
607 944
607 958
607 992
608 657
608 671
608 697
608 736
608 779
608 851
608 921
609 647
609 653
609 662
609 711
609 748
609 773
609 817
609 846
609 871
609 882
609 937
609 975
609 981
610 619
610 688
610 795
610 828
610 873
610 892
610 922
610 928
610 994
611 613
611 639
611 760
611 890
611 990
612 652
612 717
612 859
612 884
612 909
612 924
612 987
613 728
613 760
613 929
614 682
614 754
614 769
614 873
614 910
615 713
615 727
615 853
615 872
615 900
616 693
616 694
616 695
616 733
617 687
617 745
617 788
617 813
617 847
617 979
618 626
618 651
618 670
618 676
618 681
618 683
618 689
618 702
618 704
618 705
618 755
618 803
618 819
618 823
618 901
618 929
618 933
618 935
618 948
618 968
619 623
619 795
619 892
619 922
619 994
620 628
620 651
620 795
620 873
621 630
621 641
621 649
621 657
621 668
621 941
621 977
621 998
622 623
622 739
622 836
622 847
622 881
622 973
623 656
623 664
623 673
623 699
623 757
623 782
623 878
623 886
623 923
623 927
623 939
623 967
623 969
623 1000
624 726
624 742
624 819
624 838
624 880
624 925
624 949
624 997
625 629
625 666
625 745
625 766
625 792
625 824
625 836
625 893
625 986
625 996
626 631
626 670
626 676
626 681
626 683
626 689
626 704
626 705
626 819
626 822
626 901
626 929
626 948
626 968
627 672
627 708
627 712
627 955
627 963
628 688
628 795
628 892
628 922
629 658
629 666
629 745
629 766
629 792
629 812
629 824
629 836
629 985
629 996
630 641
630 649
630 941
630 977
630 998
631 890
632 687
632 788
632 813
632 820
632 848
632 979
633 826
633 920
634 697
634 705
634 770
634 864
635 643
635 664
635 673
635 699
635 757
635 822
635 886
635 1000
636 677
636 724
636 784
636 861
636 945
636 966
637 697
637 861
637 874
638 661
638 720
638 866
638 945
639 728
639 810
640 729
640 850
640 891
640 957
640 969
640 985
640 991
641 941
641 977
641 998
642 675
642 842
643 656
643 664
643 699
643 752
643 756
643 757
643 878
643 886
643 939
643 1000
644 648
644 701
644 758
644 783
644 832
644 905
644 918
644 989
644 993
645 688
645 713
645 723
645 753
645 763
645 764
645 779
645 794
645 802
645 840
645 845
645 852
645 868
645 869
645 870
645 896
645 911
645 980
645 997
646 679
646 795
646 860
646 899
646 944
646 946
646 992
647 653
647 662
647 669
647 749
647 763
647 773
647 817
647 846
647 882
647 937
647 975
648 701
648 783
648 819
648 832
648 870
648 905
648 918
648 937
648 956
648 989
649 747
649 941
649 977
649 998
650 703
650 731
650 833
650 932
651 670
651 681
651 683
651 690
651 704
651 755
651 819
651 823
651 867
651 901
651 948
652 717
652 799
652 859
652 884
652 924
652 965
652 987
653 662
653 749
653 773
653 817
653 846
653 871
653 882
653 903
653 937
653 948
653 981
654 828
654 875
654 913
654 939
654 950
654 988
655 737
655 805
655 856
655 879
655 917
655 990
656 664
656 673
656 735
656 757
656 878
656 886
656 923
656 927
656 967
656 1000
657 671
657 736
657 779
657 851
657 860
657 921
658 745
658 766
658 820
658 823
658 893
658 937
658 986
659 680
659 750
659 762
659 825
659 889
659 897
659 903
659 936
659 946
660 672
660 674
660 686
660 691
660 717
660 748
660 791
660 811
660 827
660 857
660 925
660 934
660 952
660 965
660 972
660 978
660 980
660 983
661 720
661 807
661 834
661 835
661 839
661 843
661 866
661 867
661 888
661 946
661 951
661 958
662 747
662 773
662 817
662 883
662 937
662 975
663 691
663 718
663 742
663 818
663 863
664 673
664 699
664 752
664 757
664 878
664 886
664 894
664 923
664 927
664 939
664 967
664 1000
665 690
665 721
665 767
665 772
665 786
665 865
665 913
665 919
666 745
666 836
666 862
666 985
667 672
667 686
667 691
667 695
667 717
667 748
667 751
667 791
667 811
667 827
667 857
667 925
667 934
667 965
667 972
667 978
667 983
668 688
668 735
668 768
668 809
668 877
668 895
668 906
668 931
668 938
669 706
669 707
669 716
669 747
669 775
669 778
669 798
669 815
669 831
669 851
669 858
669 914
669 945
669 954
669 962
669 973
670 676
670 681
670 683
670 702
670 704
670 705
670 755
670 790
670 803
670 819
670 823
670 833
670 901
670 929
670 933
670 948
670 968
671 736
671 851
671 921
672 674
672 686
672 691
672 717
672 748
672 751
672 811
672 857
672 925
672 934
672 952
672 958
672 965
672 972
672 978
672 980
672 983
672 994
673 699
673 757
673 848
673 878
673 886
673 923
673 967
673 969
673 994
673 1000
674 686
674 717
674 811
674 827
674 857
674 952
674 965
674 972
674 978
674 980
674 985
675 842
676 681
676 689
676 819
676 854
676 901
676 929
676 948
676 968
677 684
677 734
677 759
677 780
677 782
677 882
677 953
677 974
677 976
678 696
678 804
678 908
678 943
679 685
679 698
679 725
679 741
679 744
679 806
679 843
679 860
679 899
679 992
680 750
680 762
680 816
680 825
680 858
680 889
680 897
680 903
680 946
681 689
681 702
681 704
681 705
681 755
681 803
681 819
681 823
681 854
681 901
681 929
681 933
681 948
681 968
682 754
682 769
682 849
682 872
683 704
683 705
683 803
683 805
683 819
683 823
683 933
683 948
683 968
684 734
684 759
684 774
684 780
684 782
684 877
684 953
684 974
684 976
685 698
685 705
685 744
685 775
685 798
685 843
685 844
685 860
685 944
686 691
686 697
686 710
686 717
686 748
686 791
686 827
686 857
686 925
686 934
686 941
686 952
686 965
686 972
686 978
686 980
686 983
687 713
687 756
687 788
687 813
687 820
687 847
687 848
687 893
687 899
687 979
688 795
688 873
688 922
688 939
688 994
689 705
689 790
689 819
689 901
690 721
690 822
690 865
690 919
690 981
691 717
691 791
691 811
691 827
691 934
691 952
691 965
692 810
692 947
692 971
693 844
693 860
693 907
694 695
694 733
694 769
694 771
694 785
694 837
694 887
694 986
695 771
695 785
695 837
695 927
695 986
696 943
697 770
697 855
697 864
698 860
698 899
698 944
698 992
699 802
699 817
699 878
699 886
699 927
699 939
699 969
699 1000
700 726
700 838
700 880
700 949
701 783
701 794
701 832
701 993
702 704
702 733
702 759
702 819
702 823
702 901
702 948
703 731
703 833
703 839
703 932
703 960
704 705
704 709
704 819
704 831
704 901
704 948
704 968
704 998
705 790
705 803
705 822
705 823
705 901
705 929
705 933
705 948
706 707
706 715
706 716
706 744
706 747
706 759
706 778
706 798
706 831
706 840
706 858
706 914
706 945
706 954
706 988
706 999
707 715
707 716
707 732
707 747
707 776
707 778
707 798
707 840
707 858
707 890
707 914
707 945
707 954
707 962
707 973
707 988
707 993
707 999
708 712
708 734
708 955
708 963
709 828
709 875
709 879
709 904
709 913
709 950
710 789
710 909
710 914
710 930
711 810
711 814
712 819
712 855
712 963
712 993
713 723
713 753
713 764
713 794
713 802
713 845
713 852
713 869
713 870
713 997
714 743
714 781
714 796
715 747
715 775
715 776
715 778
715 798
715 831
715 840
715 858
715 914
715 945
715 953
715 954
715 962
715 973
716 747
716 775
716 776
716 778
716 798
716 801
716 802
716 806
716 815
716 831
716 840
716 858
716 914
716 945
716 954
716 962
716 973
716 988
716 993
716 999
717 748
717 827
717 952
717 965
717 972
717 980
718 757
718 818
718 912
719 739
719 881
719 936
720 807
720 834
720 835
720 839
720 866
720 867
720 888
720 932
720 951
720 958
720 961
721 767
721 772
721 781
721 786
721 790
721 819
721 822
721 919
722 829
722 911
722 964
722 995
723 725
723 753
723 763
723 794
723 802
723 809
723 845
723 868
723 869
723 870
723 896
724 746
724 835
724 861
724 874
724 931
724 950
724 963
725 744
725 843
725 860
725 944
725 992
726 838
726 880
726 902
726 916
726 936
726 1000
727 791
727 853
727 900
727 989
728 760
728 774
728 890
729 830
729 862
729 918
729 984
729 991
730 738
730 740
730 777
730 898
731 805
731 833
731 960
732 775
732 776
732 778
732 798
732 831
732 840
732 858
732 914
732 945
732 954
732 962
732 988
733 771
733 785
733 837
733 986
734 759
734 780
734 976
735 768
735 787
735 809
735 831
735 847
735 877
735 895
735 906
735 931
735 938
735 970
736 779
736 851
736 952
736 963
737 805
737 856
737 864
737 879
737 917
737 990
738 777
738 890
738 898
739 803
739 881
739 972
740 777
740 898
741 744
741 843
741 873
741 899
741 944
741 979
741 992
742 818
742 863
743 773
743 793
743 796
744 806
744 843
744 860
744 888
744 899
744 944
744 992
745 764
745 812
745 824
745 836
745 985
745 996
746 784
746 966
747 776
747 778
747 798
747 801
747 815
747 840
747 858
747 914
747 945
747 954
747 962
747 965
747 988
747 993
747 999
748 791
748 827
748 952
748 965
748 967
748 972
748 980
748 983
749 773
749 815
749 871
749 937
749 975
749 981
750 816
750 825
750 889
750 897
750 903
750 936
750 946
750 953
751 811
751 934
751 952
751 965
751 972
752 757
752 886
752 923
752 967
752 969
753 764
753 794
753 802
753 852
753 870
753 896
753 982
753 997
754 769
754 821
754 849
754 872
754 886
755 819
755 823
755 901
755 929
755 948
756 788
756 813
756 820
756 847
756 848
756 949
757 878
757 886
757 923
757 927
757 939
757 967
757 969
757 978
758 905
758 949
758 956
758 989
759 774
759 782
759 790
759 974
759 976
760 797
760 810
760 890
760 930
761 964
761 995
762 771
762 816
762 825
762 897
762 903
763 764
763 794
763 869
763 896
764 794
764 802
764 869
764 870
764 896
764 981
764 997
765 844
766 792
766 812
766 840
766 893
766 985
766 996
767 772
767 786
767 865
767 919
768 809
768 906
768 926
768 931
768 938
768 970
769 821
769 849
769 910
770 855
770 864
771 785
771 886
771 986
772 781
772 822
772 865
772 866
772 919
772 934
773 786
773 817
773 846
773 858
773 871
773 882
773 883
773 937
774 780
774 854
774 974
774 976
775 778
775 798
775 815
775 834
775 840
775 914
775 962
775 973
776 778
776 798
776 815
776 831
776 858
776 886
776 888
776 914
776 954
776 962
776 973
777 898
778 798
778 801
778 815
778 831
778 840
778 858
778 912
778 914
778 945
778 948
778 954
778 962
778 973
778 988
778 993
778 999
779 851
779 921
780 782
780 813
780 953
780 955
780 976
781 786
781 822
781 865
781 919
782 953
782 974
782 976
783 900
783 905
783 918
783 989
784 861
784 874
784 966
785 837
785 919
785 947
786 805
786 865
786 899
786 919
787 809
787 877
787 906
787 931
787 938
788 813
788 820
788 847
788 979
789 909
789 915
789 930
789 942
789 982
790 803
790 823
790 901
790 929
790 933
790 948
790 973
791 827
791 857
791 927
791 934
791 952
791 965
791 972
791 983
792 812
792 893
792 996
793 796
794 802
794 845
794 869
794 870
794 896
795 892
795 922
795 994
797 801
797 890
798 801
798 815
798 831
798 840
798 858
798 914
798 945
798 948
798 954
798 962
798 973
798 988
798 993
798 999
799 859
799 987
800 926
800 928
800 954
801 815
801 831
801 858
801 914
801 916
801 954
801 980
801 988
802 870
802 896
803 819
803 823
803 901
803 929
803 948
804 809
804 908
804 943
805 856
805 879
805 990
806 843
806 852
806 860
806 944
806 992
807 888
807 940
808 935
808 940
808 944
808 953
808 959
809 870
809 877
809 895
809 906
809 931
809 934
810 814
810 841
810 947
810 971
811 827
811 866
811 925
811 934
811 952
811 965
811 972
811 983
812 824
812 836
812 985
812 996
812 997
813 820
813 847
813 848
813 979
814 841
814 971
815 858
815 954
815 962
815 969
815 988
815 993
816 889
816 901
816 903
816 936
816 946
817 846
817 871
817 882
817 883
817 937
817 955
817 975
817 981
818 863
819 901
819 929
819 933
819 948
819 968
819 988
820 979
821 872
821 910
822 865
823 901
823 929
823 933
823 948
823 968
824 836
824 862
824 883
824 893
824 985
825 903
825 933
825 936
825 946
826 901
826 920
826 936
827 858
827 952
827 965
827 972
827 980
828 875
828 913
828 950
828 997
829 995
830 850
830 865
830 891
830 916
830 984
830 991
831 840
831 858
831 945
831 954
831 973
831 988
831 993
831 999
832 905
832 918
832 942
832 956
832 989
833 957
834 835
834 866
834 951
835 839
835 888
835 954
835 958
835 961
836 893
836 971
836 985
836 996
837 846
837 862
837 920
837 986
838 880
838 902
838 976
839 848
839 867
839 888
840 858
840 945
840 954
840 973
840 988
840 993
840 999
841 947
841 971
843 860
843 897
843 899
843 944
843 992
844 862
844 892
844 907
845 852
845 869
845 870
846 871
846 883
846 937
846 981
847 848
847 878
848 979
849 872
849 910
850 957
852 869
852 870
852 896
852 963
853 900
854 862
854 876
854 885
854 887
855 864
856 879
857 925
857 952
857 972
857 978
857 983
858 914
858 945
858 954
858 962
858 973
858 988
858 993
859 884
859 924
859 987
860 899
860 944
860 992
861 874
861 966
861 981
862 876
862 885
862 887
865 919
866 867
866 888
866 958
866 961
867 888
869 870
869 896
869 913
869 997
870 896
870 997
871 882
871 883
871 917
871 937
871 975
872 910
873 886
873 892
873 922
875 904
875 913
875 950
876 885
876 887
877 895
877 906
877 931
877 938
877 970
878 886
878 967
878 969
878 1000
879 917
879 990
880 900
880 902
880 949
882 883
882 937
882 982
883 937
883 975
884 924
884 987
886 923
886 927
886 939
886 967
888 958
888 961
889 897
889 903
889 936
889 946
890 898
891 941
891 957
892 922
893 909
893 985
893 996
894 915
894 930
894 942
894 982
895 906
895 931
895 970
896 997
897 903
897 936
897 946
899 944
899 992
901 929
901 948
901 968
901 980
902 919
902 949
903 936
903 946
903 993
904 913
904 950
905 918
905 989
906 931
906 938
906 970
907 979
908 935
908 943
909 915
909 930
909 942
909 992
911 964
911 995
913 950
914 954
914 962
914 973
914 988
914 993
915 930
915 942
915 982
916 949
917 990
918 956
922 994
923 969
923 1000
924 987
925 934
925 952
925 972
925 980
926 928
927 939
927 969
927 1000
929 948
929 968
930 942
930 982
931 938
931 970
934 952
934 972
934 980
935 940
935 959
936 946
937 975
937 981
938 964
939 969
939 1000
940 954
940 959
941 977
941 998
942 962
942 982
944 947
944 992
945 954
945 962
945 973
945 988
945 993
946 956
947 971
952 965
952 972
952 978
952 980
952 983
953 974
953 976
954 962
954 973
954 988
954 993
955 963
957 991
962 973
962 999
964 995
965 972
965 978
965 980
965 983
967 1000
969 1000
970 991
972 978
972 980
972 983
973 988
973 993
974 976
975 981
976 979
977 998
980 983
982 995
985 986
988 996
993 999
