# LFR benchmark graph: regime=S mu=0.1 realization=0
# undirected, unweighted; 1-based node ids; each edge listed once.
1 17
1 19
1 37
1 90
1 114
1 116
1 117
1 130
1 151
1 193
1 262
1 268
1 286
1 287
1 297
1 299
1 334
1 357
1 400
1 447
1 510
1 537
1 541
1 552
1 553
1 564
1 568
1 574
1 580
1 607
1 617
1 632
1 685
1 787
1 788
1 798
1 804
1 819
1 851
1 861
1 908
1 931
1 968
1 983
2 3
2 10
2 12
2 43
2 101
2 107
2 158
2 312
2 318
2 416
2 428
2 438
2 472
2 510
2 512
2 549
2 551
2 680
2 751
2 767
2 806
2 829
2 842
2 894
2 895
2 906
3 10
3 12
3 43
3 46
3 77
3 168
3 312
3 318
3 411
3 549
3 551
3 603
3 680
3 766
3 806
3 808
3 829
3 894
3 908
3 988
4 40
4 53
4 55
4 71
4 110
4 120
4 123
4 138
4 153
4 175
4 205
4 221
4 284
4 310
4 337
4 349
4 360
4 375
4 381
4 386
4 394
4 402
4 403
4 432
4 438
4 476
4 484
4 503
4 509
4 542
4 621
4 640
4 704
4 800
4 828
4 858
4 877
4 902
4 913
4 924
4 925
4 936
4 953
5 122
5 132
5 134
5 228
5 397
5 449
5 589
5 796
5 839
5 920
5 930
5 961
6 146
6 154
6 156
6 174
6 175
6 180
6 203
6 208
6 285
6 326
6 415
6 423
6 454
6 462
6 550
6 576
6 722
6 792
6 799
6 886
7 26
7 178
7 242
7 454
7 467
7 511
7 608
7 631
7 645
7 855
7 926
7 973
8 48
8 91
8 97
8 106
8 110
8 142
8 165
8 214
8 255
8 279
8 282
8 367
8 375
8 419
8 425
8 525
8 612
8 616
8 625
8 665
8 677
8 742
8 754
8 770
8 774
8 872
8 981
8 995
9 25
9 97
9 140
9 212
9 215
9 229
9 244
9 249
9 347
9 407
9 472
9 481
9 483
9 520
9 593
9 618
9 626
9 649
9 678
9 815
9 825
9 859
9 996
10 12
10 43
10 48
10 77
10 107
10 312
10 318
10 416
10 428
10 460
10 551
10 572
10 602
10 603
10 680
10 767
10 806
10 808
10 829
10 842
10 894
11 61
11 72
11 95
11 160
11 207
11 220
11 225
11 303
11 445
11 514
11 547
11 548
11 601
11 646
11 696
11 707
11 744
11 801
11 879
11 936
12 43
12 48
12 88
12 101
12 107
12 158
12 277
12 318
12 377
12 395
12 404
12 416
12 428
12 510
12 549
12 551
12 603
12 661
12 680
12 766
12 767
12 794
12 806
12 808
12 842
12 894
12 906
12 919
13 39
13 85
13 92
13 156
13 163
13 398
13 465
13 623
13 660
13 739
13 786
14 141
14 302
14 316
14 473
14 524
14 719
14 816
14 889
14 928
14 958
15 18
15 23
15 78
15 178
15 181
15 182
15 188
15 217
15 234
15 236
15 240
15 242
15 259
15 273
15 311
15 319
15 371
15 442
15 443
15 453
15 455
15 459
15 489
15 530
15 555
15 560
15 567
15 629
15 638
15 643
15 644
15 649
15 693
15 698
15 703
15 709
15 712
15 726
15 738
15 775
15 839
15 840
15 852
15 868
15 873
15 881
15 950
15 997
16 50
16 105
16 256
16 271
16 359
16 363
16 366
16 662
16 772
16 781
16 845
16 914
16 916
16 935
16 948
16 999
17 19
17 37
17 116
17 117
17 151
17 193
17 262
17 268
17 287
17 297
17 299
17 334
17 486
17 537
17 541
17 552
17 553
17 568
17 574
17 607
17 617
17 632
17 787
17 798
17 861
17 908
17 931
17 968
17 983
18 23
18 182
18 188
18 236
18 240
18 242
18 273
18 308
18 311
18 319
18 371
18 453
18 455
18 489
18 530
18 548
18 560
18 629
18 644
18 649
18 698
18 726
18 775
18 839
18 852
18 868
18 883
18 997
19 90
19 117
19 134
19 156
19 193
19 261
19 262
19 268
19 275
19 297
19 334
19 537
19 552
19 553
19 574
19 607
19 685
19 768
19 798
19 819
19 908
19 916
19 931
19 968
19 983
20 106
20 113
20 118
20 142
20 165
20 255
20 279
20 282
20 367
20 419
20 425
20 525
20 536
20 614
20 625
20 665
20 742
20 748
20 770
20 798
20 811
20 872
20 956
20 981
20 995
21 29
21 74
21 100
21 192
21 256
21 322
21 346
21 413
21 422
21 433
21 436
21 456
21 468
21 495
21 501
21 543
21 577
21 591
21 597
21 681
21 686
21 692
21 702
21 756
21 765
21 814
21 881
21 941
22 150
22 168
22 253
22 338
22 396
22 424
22 429
22 439
22 471
22 507
22 516
22 548
22 606
22 650
22 659
22 691
22 695
22 711
22 737
22 751
22 757
22 769
22 774
22 900
22 912
22 933
22 935
22 960
22 969
22 970
23 78
23 181
23 188
23 217
23 234
23 236
23 240
23 242
23 259
23 273
23 276
23 311
23 319
23 425
23 442
23 443
23 453
23 523
23 555
23 560
23 567
23 629
23 644
23 649
23 709
23 839
23 840
23 868
23 950
23 971
23 997
24 32
24 66
24 74
24 155
24 304
24 391
24 401
24 458
24 638
24 641
24 771
24 846
24 910
24 942
24 1000
25 97
25 103
25 140
25 204
25 212
25 215
25 229
25 244
25 306
25 347
25 472
25 481
25 520
25 563
25 583
25 593
25 618
25 651
25 678
25 859
25 883
25 896
25 974
25 996
26 178
26 357
26 427
26 467
26 511
26 645
26 730
26 855
26 864
26 926
26 973
26 976
27 112
27 160
27 206
27 213
27 224
27 238
27 246
27 301
27 306
27 315
27 327
27 331
27 353
27 357
27 369
27 404
27 478
27 480
27 486
27 494
27 500
27 658
27 666
27 676
27 740
27 741
27 745
27 762
27 772
27 782
27 791
27 832
27 886
27 937
27 966
27 988
28 58
28 350
28 361
28 418
28 420
28 477
28 515
28 533
28 610
28 634
28 732
28 779
28 865
28 888
28 985
29 192
29 250
29 260
29 262
29 273
29 346
29 422
29 433
29 434
29 435
29 436
29 456
29 468
29 495
29 501
29 531
29 543
29 559
29 577
29 587
29 591
29 597
29 631
29 650
29 681
29 686
29 692
29 697
29 702
29 736
29 756
29 765
29 814
29 857
29 881
29 888
29 901
29 941
30 230
30 245
30 289
30 390
30 407
30 446
30 550
30 559
30 670
30 683
30 714
30 730
30 761
30 771
30 785
30 812
30 885
30 972
31 86
31 190
31 235
31 258
31 379
31 573
31 600
31 603
31 610
31 787
31 885
31 932
32 62
32 74
32 155
32 171
32 391
32 401
32 458
32 555
32 641
32 771
32 846
32 910
32 942
32 1000
33 36
33 111
33 160
33 219
33 224
33 301
33 306
33 315
33 331
33 353
33 357
33 373
33 404
33 439
33 478
33 480
33 486
33 494
33 500
33 602
33 609
33 658
33 666
33 676
33 700
33 740
33 741
33 745
33 762
33 772
33 776
33 782
33 832
33 860
33 886
33 898
33 937
33 966
33 990
34 80
34 196
34 227
34 278
34 352
34 406
34 578
34 588
34 604
34 655
34 656
34 756
34 818
34 854
35 157
35 223
35 238
35 378
35 487
35 495
35 565
35 605
35 613
35 652
35 706
35 734
35 743
35 927
36 112
36 219
36 301
36 306
36 315
36 327
36 357
36 367
36 404
36 439
36 470
36 486
36 494
36 500
36 658
36 666
36 676
36 741
36 745
36 772
36 776
36 782
36 806
36 832
36 860
36 886
36 898
36 937
36 966
36 988
36 990
37 114
37 117
37 130
37 193
37 262
37 268
37 297
37 361
37 537
37 553
37 568
37 574
37 580
37 607
37 632
37 685
37 717
37 768
37 787
37 797
37 798
37 908
37 927
37 931
37 968
37 983
37 984
38 88
38 115
38 181
38 199
38 301
38 339
38 376
38 431
38 450
38 556
38 563
38 564
38 648
38 684
38 727
38 801
38 804
38 831
38 930
38 938
39 69
39 92
39 116
39 163
39 344
39 465
39 660
39 699
39 739
39 899
40 55
40 71
40 110
40 120
40 123
40 138
40 153
40 175
40 205
40 219
40 221
40 233
40 284
40 349
40 360
40 375
40 381
40 386
40 394
40 403
40 432
40 438
40 476
40 484
40 503
40 509
40 621
40 638
40 640
40 704
40 767
40 800
40 809
40 828
40 858
40 877
40 902
40 913
40 924
40 925
40 953
41 129
41 164
41 307
41 314
41 457
41 506
41 512
41 624
41 627
41 630
41 647
41 665
41 671
41 708
41 764
41 794
41 803
42 53
42 64
42 170
42 283
42 291
42 300
42 335
42 371
42 398
42 532
42 544
42 642
42 643
42 673
42 695
42 720
42 790
42 822
42 823
42 837
42 860
42 880
42 919
42 922
43 46
43 48
43 77
43 101
43 107
43 158
43 277
43 283
43 312
43 318
43 395
43 416
43 428
43 549
43 551
43 603
43 666
43 680
43 766
43 767
43 806
43 808
43 829
43 854
43 894
43 895
43 906
43 922
44 283
44 291
44 293
44 335
44 506
44 532
44 642
44 643
44 673
44 720
44 790
44 919
44 922
44 944
45 83
45 84
45 128
45 183
45 185
45 194
45 257
45 324
45 372
45 375
45 437
45 537
45 646
45 671
45 690
45 824
45 838
45 947
45 992
46 77
46 101
46 107
46 277
46 318
46 416
46 428
46 505
46 549
46 551
46 603
46 680
46 766
46 806
46 808
46 829
46 842
46 894
46 895
46 906
47 115
47 265
47 339
47 376
47 556
47 563
47 564
47 684
47 717
47 727
47 804
47 812
47 831
47 931
47 938
48 77
48 107
48 117
48 277
48 312
48 318
48 395
48 416
48 428
48 549
48 551
48 570
48 603
48 806
48 808
48 829
48 863
48 894
48 895
49 159
49 166
49 184
49 227
49 305
49 380
49 388
49 405
49 504
49 682
49 939
50 105
50 256
50 271
50 359
50 363
50 662
50 663
50 778
50 781
50 845
50 914
50 999
51 86
51 190
51 235
51 258
51 379
51 440
51 487
51 494
51 573
51 610
51 932
52 67
52 69
52 87
52 89
52 98
52 99
52 112
52 147
52 160
52 187
52 194
52 295
52 336
52 364
52 374
52 390
52 409
52 411
52 463
52 502
52 505
52 562
52 566
52 572
52 581
52 583
52 590
52 594
52 598
52 606
52 622
52 635
52 679
52 694
52 809
52 813
52 820
52 825
52 826
52 833
52 850
52 917
52 918
52 946
52 959
53 64
53 170
53 173
53 283
53 291
53 293
53 300
53 532
53 544
53 642
53 643
53 673
53 687
53 720
53 748
53 784
53 790
53 809
53 822
53 823
53 837
53 880
53 919
53 922
54 166
54 343
54 542
54 543
54 546
54 628
54 735
54 776
54 949
54 964
54 997
55 71
55 123
55 153
55 175
55 205
55 221
55 233
55 284
55 316
55 349
55 375
55 381
55 402
55 403
55 432
55 438
55 472
55 484
55 509
55 569
55 621
55 629
55 704
55 719
55 800
55 828
55 858
55 913
55 924
55 927
55 953
56 57
56 135
56 264
56 348
56 412
56 441
56 448
56 492
56 699
56 955
57 77
57 93
57 264
57 348
57 441
57 509
57 699
57 708
57 955
58 275
58 350
58 361
58 418
58 420
58 477
58 515
58 611
58 634
58 732
58 865
58 888
58 985
59 126
59 202
59 288
59 330
59 345
59 389
59 408
59 869
60 63
60 154
60 156
60 174
60 180
60 186
60 199
60 203
60 208
60 285
60 326
60 415
60 423
60 430
60 454
60 462
60 485
60 516
60 552
60 576
60 752
60 792
60 799
60 817
60 968
60 980
60 991
61 72
61 207
61 225
61 303
61 575
61 601
61 696
61 707
61 744
61 826
61 879
61 936
61 952
62 66
62 74
62 155
62 304
62 391
62 458
62 532
62 533
62 636
62 641
62 771
62 846
62 882
62 942
62 1000
63 186
63 203
63 208
63 237
63 285
63 415
63 423
63 430
63 454
63 462
63 792
63 870
63 945
63 980
63 991
64 170
64 173
64 222
64 291
64 322
64 532
64 544
64 673
64 794
64 822
64 823
64 880
64 919
64 922
65 75
65 159
65 384
65 448
65 512
65 513
65 518
65 538
65 539
65 833
65 848
65 886
65 965
66 155
66 336
66 391
66 401
66 458
66 638
66 641
66 744
66 846
66 910
66 942
67 69
67 87
67 89
67 147
67 160
67 166
67 187
67 295
67 409
67 411
67 437
67 450
67 463
67 502
67 505
67 534
67 560
67 562
67 572
67 577
67 581
67 583
67 606
67 607
67 622
67 635
67 809
67 813
67 826
67 850
67 917
67 959
68 143
68 201
68 218
68 226
68 311
68 417
68 529
68 584
68 639
68 915
68 970
69 73
69 87
69 89
69 98
69 99
69 147
69 157
69 160
69 187
69 188
69 229
69 247
69 295
69 320
69 336
69 364
69 374
69 409
69 411
69 463
69 502
69 503
69 505
69 562
69 572
69 581
69 583
69 590
69 598
69 606
69 622
69 635
69 679
69 694
69 713
69 751
69 809
69 825
69 826
69 833
69 850
69 917
69 958
69 959
70 76
70 120
70 139
70 152
70 216
70 341
70 365
70 370
70 400
70 547
70 575
70 592
70 619
70 715
70 718
70 777
70 827
70 962
71 76
71 110
71 153
71 175
71 205
71 214
71 221
71 233
71 349
71 381
71 386
71 394
71 403
71 411
71 432
71 438
71 476
71 484
71 503
71 509
71 640
71 704
71 709
71 787
71 800
71 828
71 858
71 877
71 902
71 924
71 925
71 987
72 207
72 220
72 225
72 303
72 416
72 514
72 601
72 696
72 707
72 744
72 823
72 873
72 879
72 936
73 87
73 89
73 147
73 160
73 247
73 295
73 364
73 411
73 502
73 505
73 562
73 572
73 581
73 598
73 606
73 635
73 735
73 813
73 825
73 826
73 833
73 917
73 959
73 985
74 155
74 304
74 391
74 443
74 458
74 533
74 548
74 636
74 638
74 641
74 846
74 910
74 942
74 1000
75 159
75 355
75 448
75 461
75 508
75 512
75 513
75 518
75 539
75 595
75 740
75 965
76 120
76 139
76 152
76 216
76 328
76 336
76 341
76 370
76 385
76 400
76 470
76 517
76 547
76 575
76 592
76 606
76 615
76 619
76 715
76 718
76 753
76 755
76 803
76 827
76 862
76 962
77 107
77 138
77 312
77 318
77 404
77 416
77 428
77 549
77 551
77 553
77 603
77 680
77 688
77 766
77 767
77 806
77 808
77 829
77 842
77 894
77 895
77 906
77 980
78 181
78 259
78 311
78 319
78 371
78 442
78 455
78 459
78 489
78 530
78 555
78 560
78 629
78 644
78 649
78 709
78 744
78 839
78 868
78 992
78 997
79 81
79 132
79 263
79 266
79 459
79 519
79 555
79 579
79 586
79 611
79 633
79 651
79 863
79 873
79 875
79 876
79 986
80 196
80 278
80 352
80 534
80 578
80 588
80 655
80 656
80 854
80 970
81 132
81 263
81 266
81 276
81 323
81 365
81 377
81 464
81 519
81 537
81 579
81 595
81 620
81 633
81 651
81 672
81 807
81 836
81 863
81 875
81 907
81 944
81 979
81 981
82 168
82 185
82 248
82 253
82 268
82 321
82 396
82 424
82 427
82 429
82 439
82 471
82 507
82 650
82 691
82 711
82 737
82 748
82 751
82 757
82 769
82 774
82 802
82 900
82 903
82 918
82 923
82 933
82 935
82 967
82 993
83 84
83 107
83 128
83 194
83 257
83 324
83 372
83 437
83 646
83 650
83 778
83 947
83 992
84 128
84 183
84 194
84 257
84 324
84 372
84 381
84 437
84 526
84 570
84 604
84 685
84 690
84 741
84 809
84 824
84 838
84 947
84 992
85 92
85 163
85 344
85 398
85 465
85 660
85 756
85 786
85 791
85 899
86 120
86 190
86 235
86 258
86 379
86 440
86 487
86 573
86 610
86 796
86 908
86 932
86 989
87 89
87 99
87 106
87 147
87 160
87 187
87 247
87 262
87 295
87 320
87 327
87 336
87 364
87 409
87 463
87 502
87 505
87 562
87 566
87 572
87 580
87 581
87 583
87 590
87 598
87 606
87 622
87 635
87 679
87 694
87 713
87 798
87 813
87 820
87 825
87 826
87 833
87 850
87 917
87 946
88 115
88 339
88 354
88 450
88 556
88 563
88 564
88 684
88 727
88 765
88 801
88 804
88 812
88 831
88 930
88 938
89 98
89 99
89 147
89 150
89 160
89 187
89 189
89 247
89 262
89 301
89 320
89 336
89 360
89 364
89 374
89 409
89 411
89 463
89 502
89 505
89 562
89 566
89 572
89 581
89 583
89 590
89 598
89 606
89 622
89 635
89 679
89 698
89 713
89 740
89 809
89 813
89 820
89 825
89 826
89 832
89 833
89 850
89 917
89 946
89 959
90 117
90 262
90 268
90 297
90 494
90 537
90 553
90 574
90 685
90 787
90 931
90 983
91 108
91 109
91 176
91 280
91 329
91 373
91 379
91 410
91 469
91 536
91 569
91 574
91 659
91 733
91 759
91 789
91 821
91 841
91 851
91 853
91 923
91 971
92 143
92 149
92 163
92 344
92 398
92 465
92 660
92 685
92 721
93 135
93 264
93 348
93 412
93 441
93 492
93 695
93 842
93 963
94 96
94 103
94 141
94 179
94 296
94 333
94 356
94 479
94 497
94 499
94 561
94 623
94 672
94 687
94 721
94 749
94 788
94 870
94 904
94 948
95 109
95 169
95 176
95 177
95 298
95 384
95 410
95 469
95 536
95 569
95 659
95 759
95 767
95 789
95 805
95 841
95 923
96 144
96 179
96 296
96 333
96 356
96 431
96 497
96 499
96 574
96 749
96 779
96 870
96 948
96 964
97 140
97 198
97 212
97 297
97 347
97 481
97 483
97 520
97 618
97 671
97 678
97 788
97 859
97 866
97 883
97 974
97 995
97 996
98 99
98 147
98 187
98 294
98 409
98 411
98 502
98 505
98 562
98 572
98 581
98 598
98 616
98 622
98 635
98 694
98 798
98 809
98 813
98 825
98 826
98 917
98 931
99 131
99 140
99 147
99 160
99 247
99 260
99 295
99 320
99 409
99 411
99 414
99 502
99 505
99 562
99 590
99 598
99 606
99 622
99 635
99 809
99 813
99 825
99 826
99 833
99 917
100 161
100 258
100 260
100 322
100 380
100 422
100 433
100 434
100 456
100 501
100 559
100 591
100 597
100 681
100 688
100 756
100 765
100 814
100 857
100 935
100 941
101 107
101 192
101 277
101 312
101 318
101 368
101 396
101 603
101 680
101 766
101 806
101 829
101 842
101 912
102 108
102 137
102 145
102 315
102 358
102 361
102 392
102 487
102 523
102 596
102 602
102 664
102 669
102 834
102 989
102 1000
103 126
103 148
103 288
103 345
103 389
103 408
103 869
103 877
104 118
104 131
104 147
104 232
104 239
104 387
104 474
104 482
104 491
104 595
104 728
104 773
104 835
104 978
104 984
105 240
105 271
105 359
105 366
105 662
105 672
105 680
105 778
105 781
105 900
105 914
105 916
105 999
106 146
106 165
106 282
106 310
106 333
106 367
106 419
106 525
106 612
106 665
106 742
106 754
106 770
106 872
106 956
107 158
107 277
107 318
107 362
107 416
107 494
107 502
107 549
107 551
107 603
107 680
107 705
107 766
107 767
107 806
107 808
107 820
107 829
107 842
107 843
107 894
107 895
107 906
108 137
108 145
108 150
108 207
108 358
108 392
108 523
108 596
108 657
108 664
108 669
108 747
108 867
108 989
109 169
109 176
109 177
109 329
109 362
109 421
109 469
109 536
109 569
109 673
109 759
109 789
109 805
109 841
109 915
109 923
109 963
109 971
110 123
110 138
110 175
110 349
110 375
110 402
110 432
110 442
110 484
110 503
110 521
110 621
110 800
110 858
110 860
110 877
110 902
110 913
110 924
110 925
110 953
110 973
111 112
111 194
111 301
111 306
111 315
111 327
111 357
111 404
111 478
111 494
111 500
111 609
111 629
111 658
111 666
111 711
111 740
111 741
111 745
111 776
111 782
111 822
111 832
111 860
111 898
111 937
111 990
112 167
112 183
112 219
112 224
112 301
112 306
112 315
112 327
112 353
112 357
112 373
112 404
112 409
112 457
112 478
112 480
112 486
112 494
112 500
112 609
112 658
112 676
112 740
112 741
112 745
112 748
112 772
112 776
112 782
112 791
112 832
112 860
112 966
112 988
112 990
113 119
113 121
113 124
113 149
113 171
113 200
113 241
113 254
113 269
113 300
113 309
113 444
113 468
113 526
113 585
113 626
113 674
113 689
113 705
113 725
113 746
113 758
113 770
113 817
113 862
113 864
113 878
113 887
113 909
113 975
113 998
114 116
114 117
114 193
114 262
114 268
114 297
114 537
114 552
114 553
114 568
114 574
114 580
114 607
114 650
114 685
114 798
114 819
114 851
114 968
115 234
115 249
115 265
115 339
115 354
115 376
115 450
115 451
115 463
115 539
115 556
115 563
115 684
115 717
115 801
115 804
115 831
115 938
116 117
116 130
116 202
116 262
116 268
116 275
116 286
116 287
116 297
116 299
116 334
116 552
116 553
116 568
116 574
116 607
116 617
116 632
116 677
116 685
116 787
116 798
116 819
116 851
116 861
116 908
116 911
116 931
117 124
117 130
117 151
117 194
117 262
117 268
117 275
117 286
117 287
117 297
117 299
117 334
117 412
117 447
117 484
117 537
117 540
117 541
117 552
117 553
117 568
117 580
117 607
117 617
117 626
117 632
117 685
117 768
117 787
117 788
117 798
117 819
117 837
117 851
117 861
117 908
117 931
117 968
117 976
117 983
118 142
118 154
118 165
118 214
118 255
118 282
118 291
118 343
118 367
118 419
118 425
118 525
118 612
118 614
118 616
118 625
118 665
118 679
118 742
118 754
118 770
118 793
118 811
118 872
118 956
118 981
119 121
119 124
119 149
119 171
119 191
119 198
119 200
119 207
119 254
119 309
119 362
119 428
119 444
119 526
119 626
119 674
119 681
119 701
119 705
119 746
119 817
119 818
119 864
119 882
119 975
120 139
120 152
120 162
120 216
120 328
120 370
120 385
120 400
120 493
120 575
120 592
120 612
120 619
120 713
120 718
120 753
120 755
120 777
120 827
120 962
121 124
121 149
121 171
121 191
121 198
121 200
121 254
121 269
121 303
121 309
121 362
121 500
121 526
121 585
121 626
121 674
121 689
121 705
121 725
121 746
121 758
121 766
121 817
121 862
121 864
121 878
121 882
121 887
121 891
121 909
121 975
121 998
122 134
122 228
122 393
122 397
122 449
122 796
122 897
122 961
123 138
123 153
123 182
123 349
123 381
123 386
123 402
123 406
123 413
123 432
123 445
123 476
123 484
123 704
123 780
123 800
123 828
123 858
123 877
123 902
123 924
123 953
124 149
124 171
124 254
124 269
124 309
124 362
124 444
124 526
124 626
124 864
124 882
124 909
124 930
124 975
125 272
125 332
125 351
125 358
125 521
125 527
125 535
125 671
125 929
125 940
125 963
125 977
125 994
126 202
126 288
126 317
126 330
126 345
126 408
126 869
127 164
127 199
127 211
127 261
127 280
127 314
127 451
127 457
127 558
127 624
127 627
127 630
127 671
127 710
127 750
127 764
127 794
127 803
127 957
128 194
128 257
128 437
128 614
128 646
128 675
128 690
128 813
128 947
128 992
129 164
129 206
129 211
129 243
129 261
129 280
129 307
129 314
129 382
129 436
129 451
129 506
129 543
129 624
129 627
129 630
129 647
129 655
129 671
129 708
129 710
129 760
129 764
129 794
129 803
130 151
130 262
130 268
130 275
130 286
130 287
130 297
130 299
130 334
130 447
130 537
130 552
130 553
130 568
130 574
130 580
130 617
130 619
130 632
130 685
130 703
130 787
130 798
130 819
130 851
130 908
130 910
130 931
130 983
130 993
131 144
131 232
131 239
131 387
131 391
131 474
131 482
131 491
131 504
131 595
131 728
131 835
131 978
131 984
132 151
132 209
132 213
132 251
132 263
132 266
132 276
132 323
132 399
132 424
132 464
132 475
132 479
132 519
132 571
132 579
132 586
132 611
132 620
132 633
132 651
132 653
132 672
132 759
132 856
132 863
132 873
132 875
132 876
132 884
132 892
132 905
132 907
132 945
132 979
132 982
132 986
133 290
133 308
133 579
133 665
133 701
133 731
133 806
133 874
133 943
134 393
134 397
134 589
134 796
134 897
134 920
134 961
135 242
135 254
135 264
135 412
135 441
135 643
135 699
135 754
135 875
135 955
136 162
136 163
136 195
136 270
136 294
136 466
136 522
136 528
136 600
136 654
136 847
136 895
136 911
136 934
137 218
137 241
137 358
137 392
137 523
137 596
137 602
137 657
137 664
137 669
137 747
137 834
137 867
137 938
137 989
138 175
138 205
138 221
138 233
138 349
138 375
138 386
138 394
138 402
138 430
138 438
138 476
138 509
138 621
138 640
138 704
138 800
138 828
138 858
138 877
138 902
138 924
138 953
138 973
139 152
139 216
139 261
139 277
139 311
139 328
139 341
139 370
139 385
139 400
139 442
139 470
139 493
139 547
139 575
139 592
139 619
139 662
139 715
139 718
139 777
139 827
139 854
139 890
139 962
140 204
140 212
140 215
140 249
140 347
140 435
140 472
140 481
140 483
140 520
140 575
140 593
140 618
140 629
140 678
140 762
140 815
140 859
140 866
140 883
140 896
140 974
140 996
141 144
141 172
141 179
141 296
141 337
141 356
141 431
141 461
141 462
141 479
141 496
141 499
141 623
141 687
141 721
141 749
141 779
141 849
141 870
141 904
141 948
142 165
142 255
142 367
142 376
142 425
142 525
142 612
142 614
142 616
142 665
142 742
142 754
142 770
142 811
142 872
142 937
142 956
143 157
143 167
143 218
143 417
143 529
143 564
143 584
143 663
143 915
143 954
144 333
144 356
144 479
144 499
144 561
144 562
144 687
144 721
144 832
144 849
144 870
144 872
144 948
145 241
145 324
145 358
145 363
145 392
145 523
145 596
145 602
145 657
145 664
145 669
145 747
145 822
145 867
145 989
146 252
146 274
146 292
146 325
146 413
146 414
146 426
146 488
146 538
146 545
146 558
146 637
146 667
146 677
146 716
146 728
146 729
146 793
146 797
146 840
146 921
147 160
147 187
147 189
147 247
147 295
147 320
147 336
147 364
147 374
147 396
147 409
147 411
147 463
147 502
147 505
147 538
147 562
147 572
147 581
147 583
147 590
147 598
147 606
147 622
147 635
147 679
147 694
147 713
147 809
147 813
147 820
147 825
147 826
147 830
147 833
147 850
147 864
147 917
147 946
147 959
147 985
148 202
148 288
148 330
148 345
148 389
148 408
148 782
149 171
149 191
149 198
149 200
149 254
149 269
149 309
149 319
149 362
149 444
149 475
149 526
149 585
149 602
149 616
149 626
149 674
149 705
149 746
149 758
149 817
149 818
149 862
149 864
149 878
149 882
149 887
149 891
149 909
149 975
149 998
150 168
150 396
150 439
150 471
150 650
150 726
150 769
150 774
150 780
150 802
150 903
150 912
150 918
150 935
150 990
151 262
151 275
151 286
151 297
151 537
151 553
151 577
151 607
151 685
151 778
151 798
151 819
151 846
151 908
151 931
151 983
152 175
152 216
152 228
152 328
152 341
152 370
152 385
152 400
152 410
152 470
152 493
152 547
152 575
152 592
152 615
152 715
152 718
152 753
152 777
152 827
152 890
152 962
153 179
153 221
153 233
153 256
153 284
153 349
153 381
153 386
153 394
153 403
153 432
153 441
153 484
153 503
153 509
153 621
153 652
153 704
153 800
153 858
153 877
153 902
153 920
153 924
153 925
153 953
154 156
154 180
154 186
154 203
154 285
154 326
154 403
154 415
154 423
154 429
154 454
154 462
154 516
154 668
154 799
154 980
155 304
155 391
155 401
155 458
155 485
155 613
155 638
155 641
155 644
155 661
155 771
155 846
155 910
155 942
155 1000
156 174
156 180
156 186
156 203
156 208
156 237
156 326
156 415
156 423
156 430
156 454
156 462
156 485
156 516
156 668
156 722
156 792
156 799
156 867
156 951
156 980
156 991
156 993
157 238
157 378
157 605
157 613
157 652
157 706
157 734
157 743
157 763
157 927
158 267
158 273
158 277
158 416
158 510
158 549
158 551
158 680
158 766
158 806
158 808
158 829
158 894
159 167
159 448
159 461
159 508
159 513
159 518
159 539
159 988
160 189
160 245
160 247
160 320
160 364
160 409
160 411
160 502
160 505
160 562
160 566
160 572
160 581
160 583
160 590
160 598
160 606
160 622
160 635
160 679
160 713
160 793
160 809
160 820
160 826
160 850
160 917
160 946
160 959
161 183
161 192
161 346
161 410
161 422
161 434
161 435
161 445
161 456
161 501
161 577
161 587
161 591
161 597
161 685
161 810
161 857
161 881
161 901
162 195
162 242
162 270
162 294
162 342
162 466
162 522
162 528
162 676
162 847
162 934
162 977
163 344
163 398
163 409
163 465
163 739
163 786
164 206
164 261
164 280
164 307
164 314
164 382
164 451
164 457
164 624
164 627
164 630
164 647
164 671
164 708
164 750
164 758
164 760
164 764
164 789
164 794
164 803
164 957
165 214
165 282
165 425
165 525
165 543
165 625
165 674
165 742
165 754
165 770
165 872
165 908
165 981
166 184
166 227
166 267
166 305
166 388
166 405
166 504
166 516
166 554
166 682
166 939
167 201
167 218
167 226
167 349
167 396
167 417
167 499
167 529
167 639
167 641
167 663
167 954
168 185
168 197
168 253
168 321
168 396
168 407
168 424
168 427
168 439
168 650
168 691
168 711
168 757
168 774
168 780
168 802
168 918
168 935
169 177
169 329
169 407
169 410
169 421
169 440
169 469
169 536
169 569
169 594
169 759
169 783
169 789
169 805
169 821
169 838
169 841
169 853
169 902
169 923
169 971
169 976
170 188
170 291
170 300
170 532
170 619
170 642
170 673
170 791
170 822
170 823
170 880
170 919
171 191
171 198
171 254
171 269
171 309
171 362
171 391
171 444
171 526
171 541
171 626
171 674
171 689
171 705
171 725
171 753
171 817
171 862
171 864
171 878
171 882
171 887
171 891
171 909
171 975
172 179
172 262
172 333
172 368
172 431
172 479
172 496
172 499
172 561
172 623
172 687
172 733
172 779
172 849
172 870
172 904
172 948
173 283
173 291
173 441
173 532
173 643
173 673
173 822
173 823
173 837
173 919
173 922
173 967
174 180
174 183
174 186
174 199
174 203
174 208
174 237
174 326
174 415
174 430
174 454
174 462
174 485
174 516
174 557
174 576
174 583
174 668
174 792
174 799
174 814
174 951
174 991
175 184
175 205
175 349
175 394
175 402
175 403
175 438
175 475
175 476
175 484
175 509
175 621
175 640
175 659
175 858
175 877
175 902
175 965
176 177
176 410
176 421
176 469
176 536
176 552
176 594
176 642
176 789
176 805
176 841
176 853
176 890
176 923
176 971
176 976
177 329
177 421
177 469
177 536
177 659
177 759
177 789
177 805
177 821
177 841
177 866
177 923
178 502
178 511
178 608
178 620
178 631
178 645
178 855
178 888
178 926
178 973
179 296
179 333
179 337
179 356
179 496
179 497
179 499
179 561
179 623
179 687
179 696
179 721
179 730
179 733
179 749
179 779
179 870
179 904
179 948
180 186
180 199
180 203
180 208
180 285
180 290
180 326
180 374
180 415
180 423
180 430
180 454
180 462
180 485
180 516
180 557
180 576
180 635
180 668
180 722
180 752
180 792
180 799
180 930
180 951
180 980
181 182
181 188
181 217
181 234
181 236
181 240
181 242
181 259
181 273
181 311
181 319
181 371
181 442
181 453
181 455
181 459
181 489
181 511
181 530
181 544
181 555
181 560
181 567
181 586
181 629
181 644
181 648
181 649
181 684
181 698
181 703
181 709
181 726
181 738
181 775
181 839
181 840
181 868
181 950
181 997
182 188
182 207
182 217
182 234
182 236
182 240
182 242
182 290
182 311
182 319
182 371
182 385
182 442
182 443
182 453
182 455
182 459
182 489
182 555
182 560
182 629
182 643
182 644
182 648
182 649
182 693
182 709
182 726
182 738
182 775
182 839
182 840
182 852
182 868
182 950
182 997
183 257
183 324
183 372
183 437
183 446
183 570
183 646
183 690
183 692
183 724
183 824
183 947
184 227
184 305
184 388
184 554
184 682
184 939
185 248
185 338
185 396
185 424
185 427
185 429
185 548
185 650
185 695
185 711
185 748
185 751
185 757
185 769
185 774
185 802
185 842
185 843
185 903
185 918
185 935
185 967
185 969
185 993
186 188
186 208
186 232
186 237
186 285
186 326
186 380
186 415
186 423
186 430
186 454
186 462
186 483
186 485
186 516
186 557
186 576
186 668
186 722
186 752
186 792
186 799
186 951
186 980
186 989
187 295
187 320
187 409
187 411
187 476
187 502
187 572
187 581
187 606
187 622
187 635
187 648
187 694
187 724
187 813
187 826
187 850
187 917
188 242
188 259
188 273
188 311
188 314
188 319
188 442
188 443
188 455
188 459
188 530
188 560
188 567
188 596
188 629
188 644
188 649
188 693
188 703
188 726
188 775
188 839
188 840
188 868
188 997
189 411
189 423
189 562
189 572
189 598
189 606
189 635
189 809
189 813
189 825
189 833
189 917
190 235
190 258
190 379
190 440
190 487
190 528
190 573
190 610
190 932
191 200
191 254
191 269
191 309
191 362
191 444
191 653
191 674
191 705
191 709
191 817
191 862
191 882
191 887
191 909
191 975
192 249
192 250
192 260
192 346
192 422
192 433
192 434
192 435
192 436
192 468
192 495
192 501
192 543
192 559
192 577
192 587
192 591
192 597
192 681
192 686
192 688
192 692
192 697
192 702
192 736
192 756
192 765
192 810
192 814
192 857
192 881
192 901
192 908
192 937
192 941
193 262
193 268
193 299
193 519
193 537
193 552
193 553
193 574
193 584
193 598
193 607
193 768
193 787
193 851
193 908
193 983
194 257
194 372
194 402
194 415
194 437
194 570
194 646
194 690
194 724
194 824
194 895
194 933
194 947
194 992
195 270
195 294
195 342
195 466
195 522
195 528
195 600
195 654
195 764
195 847
195 911
195 934
196 278
196 293
196 352
196 406
196 534
196 578
196 588
196 604
196 655
196 656
196 691
196 770
196 829
196 844
196 854
196 970
197 321
197 396
197 424
197 427
197 439
197 548
197 592
197 650
197 691
197 711
197 726
197 751
197 757
197 769
197 780
197 900
197 903
197 933
197 935
197 993
198 254
198 269
198 309
198 362
198 555
198 817
198 864
198 882
198 909
199 203
199 285
199 326
199 430
199 454
199 462
199 516
199 557
199 576
199 668
199 792
200 557
200 588
200 626
200 674
200 732
200 818
200 862
200 864
200 878
200 926
200 975
201 218
201 226
201 417
201 529
201 584
201 639
201 643
201 954
202 288
202 330
202 345
202 389
202 408
202 491
202 869
202 950
203 208
203 237
203 285
203 326
203 415
203 423
203 454
203 462
203 485
203 516
203 557
203 576
203 668
203 702
203 722
203 733
203 752
203 792
203 799
203 895
203 980
203 991
204 212
204 215
204 229
204 481
204 483
204 520
204 678
204 690
204 861
204 883
204 884
204 896
204 996
205 233
205 270
205 349
205 381
205 432
205 438
205 503
205 800
205 858
205 889
205 902
205 924
205 953
206 243
206 261
206 268
206 279
206 280
206 307
206 314
206 457
206 506
206 630
206 671
206 708
206 710
206 725
206 750
206 760
206 764
206 794
206 803
206 906
206 957
207 225
207 303
207 445
207 601
207 696
207 707
207 744
207 879
207 936
207 952
208 237
208 285
208 326
208 415
208 423
208 430
208 447
208 454
208 455
208 462
208 485
208 557
208 576
208 668
208 711
208 722
208 752
208 792
208 799
208 847
208 980
209 263
209 276
209 475
209 579
209 586
209 611
209 620
209 651
209 836
209 863
209 875
209 884
209 907
210 263
210 292
210 340
210 383
210 460
210 490
210 540
210 599
210 723
210 795
210 843
210 877
210 893
210 967
210 987
211 243
211 261
211 280
211 451
211 457
211 466
211 624
211 627
211 630
211 671
211 708
211 764
211 803
212 215
212 229
212 244
212 339
212 347
212 472
212 481
212 483
212 520
212 593
212 618
212 678
212 726
212 746
212 800
212 815
212 859
212 866
212 883
212 896
212 962
212 974
212 996
213 262
213 263
213 276
213 323
213 377
213 413
213 475
213 571
213 579
213 586
213 611
213 620
213 651
213 653
213 672
213 699
213 807
213 808
213 836
213 863
213 875
213 882
213 884
213 892
213 905
213 907
213 944
213 979
213 982
213 986
214 255
214 279
214 282
214 367
214 612
214 616
214 619
214 625
214 658
214 665
214 742
214 754
214 770
214 811
214 860
214 872
214 956
214 981
214 995
215 229
215 244
215 347
215 446
215 481
215 483
215 520
215 582
215 593
215 618
215 647
215 678
215 815
215 859
215 866
215 883
215 896
215 917
215 974
215 996
216 222
216 370
216 400
216 422
216 470
216 517
216 575
216 619
216 632
216 715
216 777
216 799
216 827
216 890
216 894
216 962
216 963
217 236
217 242
217 273
217 311
217 319
217 371
217 453
217 455
217 459
217 555
217 560
217 629
217 644
217 648
217 649
217 726
217 775
217 839
217 868
217 997
218 226
218 417
218 529
218 584
218 639
218 663
218 734
218 810
218 915
218 922
218 954
219 224
219 276
219 301
219 315
219 357
219 404
219 478
219 494
219 500
219 609
219 650
219 666
219 676
219 700
219 740
219 772
219 776
219 782
219 832
219 860
219 886
219 898
219 906
219 952
219 990
220 225
220 303
220 514
220 601
220 696
220 707
220 744
220 879
220 936
220 952
221 349
221 385
221 403
221 432
221 484
221 503
221 509
221 526
221 704
221 814
221 828
221 858
221 875
221 877
221 913
221 925
221 953
222 298
222 313
222 368
222 390
222 498
222 531
222 565
222 582
222 675
222 844
222 871
222 937
223 378
223 565
223 605
223 613
223 652
223 706
223 734
223 756
223 927
224 306
224 315
224 357
224 369
224 404
224 429
224 478
224 480
224 486
224 494
224 609
224 658
224 666
224 676
224 700
224 711
224 740
224 741
224 772
224 776
224 782
224 785
224 832
224 860
224 966
224 988
224 990
225 265
225 303
225 445
225 514
225 594
225 601
225 651
225 696
225 707
225 744
225 936
225 952
226 319
226 417
226 562
226 584
226 663
226 915
226 954
227 267
227 305
227 380
227 388
227 405
227 504
227 554
227 597
227 682
227 939
228 349
228 397
228 589
228 796
228 897
228 920
228 942
228 961
229 249
229 262
229 295
229 394
229 481
229 483
229 520
229 593
229 678
229 859
229 866
229 974
229 996
230 289
230 355
230 390
230 407
230 446
230 567
230 683
230 730
230 761
230 785
230 885
230 972
231 272
231 332
231 351
231 521
231 527
231 535
231 814
231 924
231 940
231 977
232 239
232 245
232 387
232 474
232 482
232 491
232 639
232 728
232 773
232 777
232 835
232 896
232 978
232 984
233 284
233 322
233 349
233 375
233 381
233 432
233 438
233 476
233 509
233 653
233 858
233 877
233 902
233 913
233 924
234 236
234 242
234 259
234 273
234 319
234 530
234 644
234 648
234 649
234 726
234 839
234 840
234 852
234 931
234 988
234 997
235 258
235 321
235 379
235 440
235 487
235 573
235 932
236 240
236 242
236 259
236 273
236 311
236 319
236 365
236 371
236 442
236 443
236 453
236 455
236 462
236 489
236 530
236 555
236 560
236 575
236 622
236 629
236 644
236 648
236 649
236 693
236 698
236 703
236 709
236 712
236 726
236 738
236 743
236 775
236 839
236 840
236 852
236 868
236 872
236 997
236 999
237 264
237 285
237 326
237 415
237 423
237 454
237 516
237 625
237 792
237 830
237 851
237 980
238 378
238 565
238 605
238 613
238 652
238 706
238 734
238 743
238 884
238 927
239 387
239 474
239 482
239 491
239 728
239 773
239 835
239 978
239 984
240 242
240 271
240 453
240 455
240 530
240 629
240 644
240 646
240 649
240 693
240 726
240 839
240 840
240 997
241 358
241 392
241 523
241 587
241 657
241 664
241 747
241 834
242 259
242 273
242 297
242 311
242 319
242 330
242 332
242 371
242 442
242 453
242 455
242 459
242 489
242 530
242 555
242 560
242 567
242 579
242 629
242 644
242 648
242 649
242 693
242 698
242 703
242 709
242 712
242 713
242 726
242 738
242 775
242 830
242 839
242 840
242 868
242 950
242 997
243 261
243 457
243 624
243 627
243 630
243 647
243 653
243 671
243 708
243 710
243 764
243 803
243 957
244 249
244 335
244 347
244 388
244 472
244 481
244 520
244 593
244 620
244 678
244 859
244 866
244 883
245 287
245 356
245 387
245 474
245 482
245 490
245 491
245 563
245 595
245 695
245 728
245 773
245 835
245 928
245 978
245 984
246 301
246 306
246 315
246 331
246 357
246 404
246 420
246 494
246 500
246 609
246 630
246 666
246 676
246 700
246 740
246 741
246 745
246 772
246 776
246 832
246 860
246 886
246 898
246 904
247 259
247 295
247 409
247 411
247 505
247 562
247 566
247 572
247 583
247 606
247 635
247 798
247 809
247 813
247 826
247 833
247 850
247 917
247 951
248 396
248 424
248 427
248 500
248 548
248 592
248 650
248 691
248 751
248 757
248 769
248 775
248 802
248 850
248 903
248 935
249 347
249 481
249 483
249 520
249 544
249 618
249 747
249 859
249 866
249 990
250 306
250 422
250 433
250 434
250 456
250 501
250 543
250 559
250 577
250 591
250 681
250 688
250 697
250 774
250 814
250 822
251 263
251 276
251 323
251 447
251 519
251 571
251 579
251 611
251 651
251 653
251 863
251 875
251 884
251 945
251 982
251 986
252 274
252 413
252 414
252 437
252 538
252 545
252 558
252 609
252 637
252 667
252 677
252 716
252 729
252 793
252 797
253 396
253 427
253 429
253 548
253 650
253 691
253 751
253 757
253 769
253 774
253 859
253 903
253 935
253 969
254 269
254 309
254 333
254 362
254 444
254 488
254 526
254 585
254 620
254 626
254 674
254 689
254 705
254 725
254 746
254 758
254 817
254 818
254 862
254 864
254 878
254 882
254 891
254 909
254 975
254 998
255 279
255 367
255 614
255 665
255 739
255 742
255 811
255 872
255 956
256 271
256 359
256 363
256 366
256 568
256 591
256 662
256 744
256 781
256 845
256 914
256 999
257 324
257 372
257 427
257 448
257 570
257 646
257 690
257 724
257 824
257 838
257 947
257 992
258 341
258 379
258 440
258 487
258 573
258 610
258 932
259 273
259 280
259 311
259 319
259 371
259 442
259 443
259 453
259 455
259 459
259 530
259 555
259 560
259 629
259 644
259 648
259 649
259 693
259 698
259 703
259 709
259 738
259 775
259 839
259 840
259 868
259 950
259 974
259 997
260 346
260 422
260 432
260 433
260 436
260 437
260 468
260 501
260 559
260 587
260 591
260 597
260 681
260 736
260 756
260 810
260 814
261 280
261 294
261 307
261 314
261 382
261 451
261 457
261 506
261 627
261 629
261 630
261 647
261 671
261 708
261 710
261 750
261 760
261 764
261 794
261 803
261 957
262 268
262 275
262 286
262 287
262 297
262 299
262 301
262 334
262 447
262 537
262 541
262 552
262 553
262 568
262 574
262 580
262 607
262 617
262 632
262 685
262 768
262 787
262 788
262 798
262 819
262 851
262 861
262 908
262 931
262 983
263 276
263 323
263 365
263 377
263 399
263 464
263 475
263 485
263 572
263 579
263 586
263 595
263 611
263 620
263 633
263 651
263 653
263 672
263 693
263 807
263 836
263 856
263 863
263 873
263 876
263 884
263 892
263 905
263 907
263 945
263 982
263 986
264 267
264 301
264 348
264 412
264 441
264 492
264 699
264 764
264 955
265 339
265 354
265 376
265 450
265 556
265 622
265 684
265 727
265 812
265 831
265 938
266 276
266 377
266 579
266 586
266 611
266 620
266 633
266 651
266 653
266 801
266 836
266 856
266 863
266 875
266 876
266 884
266 905
266 907
266 938
266 944
266 979
266 982
266 986
267 305
267 388
267 405
267 504
267 554
267 682
267 864
267 939
268 275
268 286
268 287
268 297
268 299
268 326
268 334
268 537
268 541
268 552
268 553
268 568
268 574
268 575
268 607
268 617
268 678
268 685
268 768
268 787
268 788
268 798
268 819
268 827
268 851
268 861
268 908
268 968
268 983
269 309
269 328
269 362
269 526
269 537
269 689
269 705
269 725
269 758
269 808
269 817
269 824
269 862
269 864
269 878
269 882
269 887
269 891
269 909
269 975
269 993
269 998
270 342
270 522
270 528
270 587
270 600
270 654
270 772
270 847
270 911
271 359
271 363
271 366
271 662
271 778
271 781
271 845
271 914
271 916
271 999
272 276
272 332
272 351
272 464
272 535
272 929
272 940
272 963
272 977
272 994
273 311
273 319
273 356
273 371
273 442
273 443
273 453
273 455
273 459
273 489
273 530
273 551
273 560
273 567
273 629
273 644
273 648
273 649
273 659
273 693
273 698
273 703
273 712
273 726
273 738
273 775
273 839
273 852
273 868
273 886
273 997
274 292
274 325
274 413
274 414
274 426
274 488
274 516
274 538
274 545
274 558
274 637
274 667
274 677
274 716
274 729
274 791
274 793
274 797
274 966
275 286
275 297
275 299
275 447
275 537
275 541
275 552
275 553
275 568
275 574
275 607
275 617
275 622
275 632
275 768
275 788
275 798
275 811
275 851
275 908
275 931
275 968
275 983
276 323
276 365
276 431
276 464
276 475
276 519
276 571
276 579
276 586
276 611
276 633
276 651
276 672
276 735
276 807
276 836
276 856
276 863
276 875
276 876
276 884
276 905
276 907
276 944
276 975
276 979
276 982
277 312
277 318
277 395
277 416
277 425
277 428
277 549
277 551
277 603
277 680
277 706
277 794
277 806
277 808
277 842
277 894
277 895
278 352
278 402
278 406
278 534
278 578
278 588
278 604
278 656
278 768
279 282
279 324
279 367
279 419
279 425
279 503
279 516
279 612
279 614
279 616
279 625
279 665
279 742
279 754
279 770
279 872
279 903
279 956
279 981
279 995
280 307
280 451
280 457
280 506
280 627
280 647
280 671
280 708
280 710
280 764
280 773
280 794
280 803
281 290
281 308
281 310
281 378
281 661
281 701
281 775
281 874
281 943
282 367
282 419
282 421
282 425
282 525
282 538
282 612
282 614
282 616
282 625
282 665
282 742
282 769
282 770
282 791
282 811
282 833
282 872
282 956
282 981
282 995
283 300
283 335
283 519
283 591
283 642
283 643
283 673
283 717
283 720
283 784
283 822
283 837
283 880
284 349
284 360
284 375
284 381
284 394
284 402
284 403
284 429
284 434
284 484
284 509
284 621
284 704
284 800
284 828
284 858
284 877
284 884
284 902
284 924
285 326
285 415
285 423
285 453
285 462
285 485
285 516
285 557
285 568
285 576
285 668
285 791
285 792
285 799
285 951
286 297
286 537
286 541
286 552
286 568
286 580
286 607
286 613
286 617
286 623
286 632
286 685
286 768
286 787
286 798
286 861
286 908
286 931
286 983
287 297
287 299
287 541
287 552
287 553
287 568
287 574
287 607
287 787
287 798
287 908
287 983
288 330
288 345
288 389
288 408
288 869
288 967
289 349
289 355
289 390
289 407
289 422
289 446
289 550
289 670
289 683
289 714
289 730
289 761
289 972
290 308
290 310
290 661
290 701
290 731
290 874
290 943
291 293
291 300
291 310
291 335
291 532
291 544
291 642
291 643
291 673
291 762
291 784
291 790
291 822
291 823
291 837
291 847
291 880
291 919
292 325
292 413
292 426
292 433
292 488
292 545
292 667
292 672
292 677
292 716
292 729
292 921
293 300
293 395
293 532
293 544
293 642
293 643
293 790
293 823
293 919
294 342
294 466
294 528
294 577
294 600
294 847
294 934
294 996
295 320
295 336
295 364
295 374
295 411
295 426
295 502
295 505
295 559
295 562
295 566
295 572
295 583
295 590
295 598
295 606
295 622
295 635
295 679
295 765
295 809
295 813
295 820
295 825
295 826
295 833
295 850
295 892
295 917
295 946
295 959
296 333
296 337
296 356
296 431
296 436
296 479
296 496
296 499
296 561
296 623
296 687
296 721
296 779
296 849
296 870
296 873
296 904
296 948
297 322
297 440
297 447
297 537
297 541
297 552
297 553
297 568
297 574
297 607
297 632
297 685
297 768
297 787
297 788
297 798
297 819
297 851
297 861
297 908
297 911
297 931
297 968
297 983
298 317
298 368
298 498
298 531
298 675
298 742
298 813
298 844
298 871
299 537
299 552
299 553
299 568
299 574
299 580
299 607
299 685
299 704
299 768
299 776
299 788
299 798
299 851
299 908
299 931
299 968
299 983
300 326
300 544
300 643
300 673
300 720
300 784
300 823
300 880
300 922
300 934
300 982
301 306
301 315
301 327
301 331
301 357
301 366
301 369
301 373
301 380
301 404
301 478
301 480
301 494
301 500
301 609
301 637
301 676
301 700
301 740
301 741
301 745
301 772
301 776
301 782
301 791
301 832
301 860
301 886
301 898
301 937
301 988
301 990
302 473
302 524
302 633
302 719
302 816
302 889
302 928
302 958
302 994
303 445
303 449
303 514
303 601
303 696
303 744
303 879
303 936
303 952
303 959
304 391
304 401
304 458
304 533
304 641
304 721
304 771
304 813
304 846
304 873
304 910
304 942
304 996
304 1000
305 355
305 380
305 388
305 504
305 554
305 682
305 901
305 939
306 315
306 327
306 331
306 357
306 373
306 404
306 478
306 480
306 486
306 494
306 500
306 609
306 658
306 666
306 676
306 740
306 741
306 745
306 755
306 782
306 832
306 840
306 860
306 898
306 937
306 966
306 988
306 990
307 314
307 457
307 506
307 537
307 624
307 627
307 630
307 647
307 671
307 708
307 710
307 764
307 765
307 788
307 794
307 803
307 923
307 957
308 310
308 508
308 661
308 701
308 731
308 874
308 943
309 362
309 444
309 526
309 585
309 626
309 664
309 674
309 705
309 722
309 730
309 746
309 758
309 817
309 818
309 862
309 864
309 878
309 887
309 888
309 909
309 913
309 975
309 998
310 452
310 661
310 701
310 874
310 927
311 371
311 453
311 455
311 459
311 489
311 553
311 560
311 629
311 635
311 644
311 649
311 693
311 698
311 703
311 709
311 726
311 775
311 840
311 868
312 318
312 416
312 428
312 459
312 510
312 549
312 551
312 603
312 680
312 684
312 766
312 806
312 808
312 829
312 842
312 894
312 953
313 317
313 415
313 498
313 531
313 553
313 582
313 590
313 675
313 844
313 871
314 382
314 451
314 457
314 487
314 506
314 624
314 627
314 630
314 647
314 671
314 691
314 708
314 710
314 750
314 760
314 794
314 803
314 937
314 957
315 322
315 327
315 331
315 353
315 357
315 373
315 404
315 421
315 428
315 480
315 486
315 494
315 499
315 500
315 609
315 644
315 658
315 666
315 667
315 676
315 717
315 740
315 741
315 745
315 762
315 772
315 776
315 791
315 832
315 860
315 886
315 898
315 937
315 966
315 988
315 990
316 473
316 474
316 524
316 719
316 816
316 889
316 928
316 958
317 368
317 498
317 509
317 531
317 582
317 675
317 844
317 850
317 871
318 395
318 416
318 428
318 510
318 549
318 551
318 603
318 616
318 680
318 705
318 766
318 767
318 806
318 808
318 829
318 842
318 895
318 906
318 947
319 360
319 371
319 442
319 443
319 453
319 455
319 459
319 477
319 489
319 530
319 555
319 560
319 567
319 580
319 629
319 644
319 648
319 649
319 693
319 698
319 709
319 712
319 726
319 775
319 783
319 839
319 840
319 852
319 908
319 997
320 336
320 374
320 409
320 411
320 463
320 502
320 505
320 562
320 566
320 568
320 572
320 583
320 590
320 606
320 622
320 635
320 694
320 713
320 768
320 809
320 826
320 850
320 917
320 971
321 396
321 427
321 439
321 548
321 650
321 751
321 769
321 780
321 802
321 812
321 840
321 903
321 912
321 933
321 935
321 960
321 969
322 422
322 433
322 434
322 456
322 501
322 543
322 559
322 577
322 591
322 597
322 681
322 688
322 697
322 736
322 756
322 765
322 806
322 814
322 857
323 399
323 475
323 519
323 520
323 571
323 579
323 620
323 628
323 633
323 651
323 653
323 662
323 725
323 807
323 836
323 863
323 875
323 876
323 884
323 907
323 916
323 944
323 945
323 982
323 986
324 410
324 570
324 646
324 724
324 824
324 838
324 947
324 958
324 992
325 413
325 414
325 426
325 538
325 545
325 637
325 667
325 677
325 716
325 793
326 415
326 423
326 430
326 454
326 485
326 507
326 516
326 557
326 576
326 644
326 747
326 752
326 799
326 870
326 991
327 357
327 373
327 404
327 414
327 416
327 478
327 480
327 494
327 500
327 559
327 609
327 666
327 676
327 740
327 741
327 772
327 776
327 782
327 832
327 860
327 886
327 898
327 916
327 966
327 990
328 341
328 370
328 385
328 400
328 493
328 517
328 547
328 575
328 592
328 594
328 615
328 619
328 715
328 755
328 777
328 827
328 962
328 996
329 410
329 469
329 516
329 569
329 659
329 759
329 821
329 861
330 345
330 389
330 408
330 700
330 788
330 869
331 357
331 404
331 478
331 486
331 494
331 676
331 740
331 741
331 776
331 791
331 832
331 860
331 895
331 898
331 949
331 966
331 975
331 988
331 990
332 351
332 521
332 527
332 535
332 929
332 940
332 963
332 994
333 337
333 356
333 431
333 479
333 497
333 499
333 561
333 687
333 721
333 779
333 870
333 904
333 948
333 951
334 537
334 552
334 553
334 574
334 607
334 685
334 745
334 788
334 798
334 819
334 838
334 908
334 931
334 968
334 983
335 532
335 643
335 823
335 880
335 904
335 919
336 364
336 463
336 502
336 505
336 562
336 572
336 581
336 590
336 598
336 622
336 635
336 809
336 813
336 826
337 356
337 479
337 687
337 721
337 779
337 897
337 904
337 923
337 948
338 396
338 424
338 427
338 439
338 493
338 586
338 691
338 751
338 769
338 774
338 912
338 918
338 933
338 935
338 969
338 981
339 354
339 376
339 420
339 450
339 556
339 563
339 564
339 684
339 717
339 727
339 801
339 804
339 812
339 831
339 836
339 930
339 938
340 348
340 383
340 540
340 577
340 599
340 723
340 795
340 830
340 843
340 893
340 987
341 385
341 400
341 470
341 493
341 575
341 615
341 619
341 715
341 755
341 777
341 827
341 839
341 848
341 890
341 945
341 962
342 466
342 522
342 528
342 627
342 774
342 819
342 847
342 887
342 911
343 452
343 539
343 542
343 546
343 571
343 628
343 783
343 868
343 949
343 964
344 345
344 398
344 465
344 660
344 786
344 899
344 971
345 389
345 408
345 869
345 898
346 422
346 433
346 434
346 435
346 468
346 501
346 577
346 587
346 591
346 597
346 681
346 686
346 697
346 702
346 797
346 814
346 901
347 472
347 481
347 483
347 520
347 593
347 618
347 678
347 713
347 802
347 815
347 841
347 859
347 866
347 883
347 896
347 897
347 929
348 412
348 427
348 441
348 476
348 492
349 360
349 381
349 386
349 394
349 402
349 403
349 416
349 432
349 476
349 484
349 503
349 509
349 621
349 640
349 800
349 828
349 858
349 862
349 877
349 902
349 907
349 913
349 924
349 925
349 944
349 953
350 361
350 375
350 418
350 477
350 515
350 551
350 641
350 732
350 865
350 888
350 985
351 521
351 527
351 535
351 553
351 788
351 929
351 940
351 963
351 977
351 994
352 406
352 438
352 534
352 578
352 588
352 604
352 656
352 789
352 854
352 970
352 975
353 356
353 357
353 404
353 486
353 494
353 609
353 676
353 700
353 740
353 772
353 782
353 832
353 860
353 886
353 897
353 898
353 966
353 988
353 990
354 376
354 450
354 556
354 563
354 564
354 684
354 717
354 727
354 804
354 813
354 831
355 390
355 407
355 446
355 550
355 626
355 670
355 683
355 714
355 730
355 740
355 761
355 968
355 972
356 431
356 435
356 479
356 497
356 499
356 623
356 687
356 721
356 733
356 849
356 870
356 904
356 948
357 369
357 404
357 473
357 478
357 480
357 486
357 494
357 500
357 609
357 658
357 676
357 700
357 740
357 741
357 752
357 762
357 772
357 776
357 782
357 813
357 832
357 860
357 886
357 898
357 902
357 937
357 966
357 988
357 990
358 392
358 523
358 596
358 602
358 657
358 664
358 747
358 821
358 834
358 867
358 903
358 989
359 363
359 366
359 556
359 662
359 695
359 778
359 781
359 845
359 914
359 916
359 956
359 999
360 381
360 386
360 394
360 402
360 476
360 509
360 544
360 666
360 800
360 858
360 940
361 418
361 420
361 477
361 515
361 634
361 865
361 888
361 925
361 985
362 444
362 627
362 689
362 725
362 746
362 817
362 818
362 862
362 864
362 878
362 933
362 975
362 998
363 662
363 778
363 781
363 875
363 900
363 914
363 916
363 999
364 374
364 409
364 411
364 452
364 463
364 478
364 502
364 505
364 562
364 566
364 572
364 581
364 606
364 622
364 635
364 641
364 655
364 679
364 809
364 813
364 825
364 850
364 917
364 959
365 571
365 579
365 586
365 651
365 672
365 746
365 863
365 875
365 892
365 945
365 982
366 392
366 630
366 662
366 778
366 781
366 845
367 419
367 425
367 489
367 520
367 525
367 612
367 614
367 625
367 665
367 742
367 754
367 770
367 811
367 872
367 956
367 981
367 995
368 498
368 675
368 829
368 844
368 871
368 933
368 973
369 404
369 478
369 480
369 481
369 486
369 494
369 500
369 658
369 666
369 676
369 740
369 741
369 776
369 782
369 832
369 860
369 886
369 907
369 937
369 988
370 385
370 400
370 470
370 517
370 592
370 610
370 619
370 715
370 749
370 777
370 890
371 442
371 447
371 453
371 455
371 459
371 486
371 489
371 530
371 560
371 567
371 570
371 629
371 644
371 649
371 703
371 709
371 712
371 726
371 775
371 839
371 852
371 868
371 997
372 437
372 646
372 690
372 838
372 947
373 456
373 494
373 500
373 609
373 666
373 731
373 741
373 776
373 832
373 860
373 886
374 409
374 411
374 505
374 562
374 572
374 581
374 590
374 598
374 606
374 622
374 635
374 809
374 813
374 825
374 850
374 917
375 381
375 386
375 394
375 402
375 438
375 503
375 509
375 640
375 704
375 736
375 858
375 877
375 902
375 913
375 924
375 953
376 450
376 539
376 556
376 563
376 564
376 717
376 801
376 812
376 831
376 887
376 930
376 938
377 394
377 475
377 561
377 570
377 579
377 586
377 620
377 651
377 653
377 672
377 836
377 856
377 873
377 875
377 892
377 945
377 982
377 986
378 565
378 605
378 613
378 652
378 706
378 726
378 734
378 743
378 763
378 855
378 927
379 487
379 573
379 610
379 932
380 405
380 455
380 494
380 504
380 554
380 681
380 939
381 394
381 402
381 476
381 484
381 505
381 509
381 619
381 621
381 704
381 741
381 775
381 858
381 877
381 902
381 913
381 924
381 925
381 953
382 457
382 506
382 624
382 627
382 630
382 683
382 710
382 764
382 803
382 957
383 460
383 490
383 540
383 599
383 625
383 723
383 843
383 893
384 448
384 461
384 508
384 512
384 518
384 539
384 848
384 865
385 400
385 433
385 517
385 547
385 575
385 592
385 615
385 619
385 715
385 718
385 755
385 777
385 827
385 890
385 952
385 962
386 403
386 447
386 476
386 503
386 509
386 606
386 621
386 640
386 704
386 800
386 858
386 902
386 913
386 919
386 953
387 474
387 482
387 491
387 567
387 728
387 773
387 835
387 978
387 984
388 405
388 455
388 504
388 554
388 682
388 939
388 943
389 408
389 869
389 888
390 407
390 446
390 550
390 670
390 714
390 730
390 761
390 785
390 885
390 972
391 401
391 428
391 458
391 636
391 638
391 641
391 771
391 910
391 1000
392 523
392 562
392 596
392 657
392 664
392 669
392 747
392 815
392 989
393 397
393 449
393 589
393 782
393 818
393 860
393 897
393 920
393 961
394 432
394 438
394 476
394 503
394 509
394 621
394 640
394 718
394 800
394 828
394 925
394 953
395 416
395 462
395 551
395 603
395 680
395 806
395 808
395 829
395 842
395 894
396 398
396 424
396 427
396 429
396 439
396 453
396 507
396 548
396 650
396 691
396 695
396 711
396 737
396 751
396 757
396 769
396 774
396 780
396 802
396 900
396 903
396 912
396 933
396 935
396 960
396 967
396 969
397 449
397 589
397 662
397 796
397 897
397 961
398 465
398 660
398 739
398 777
398 786
398 805
398 899
399 475
399 519
399 571
399 579
399 586
399 620
399 651
399 672
399 807
399 836
399 873
399 875
400 470
400 517
400 547
400 549
400 575
400 592
400 615
400 619
400 715
400 718
400 753
400 755
400 777
400 813
400 816
400 827
400 832
400 890
400 894
400 962
401 636
401 638
401 641
401 825
401 846
401 910
401 942
401 1000
402 432
402 438
402 469
402 476
402 484
402 523
402 535
402 621
402 704
402 740
402 800
402 843
402 858
402 902
402 953
403 432
403 438
403 515
403 605
403 640
403 704
403 800
403 808
403 828
403 858
403 913
403 925
403 953
404 478
404 480
404 486
404 494
404 500
404 547
404 609
404 658
404 666
404 675
404 676
404 740
404 741
404 745
404 762
404 772
404 776
404 791
404 832
404 860
404 886
404 898
404 937
404 960
404 966
404 988
404 990
405 504
405 554
405 629
405 682
405 720
405 839
406 411
406 578
406 655
406 656
406 812
406 854
406 970
407 446
407 516
407 550
407 627
407 670
407 683
407 714
407 730
407 785
407 836
407 885
407 972
408 549
408 628
408 869
409 411
409 463
409 502
409 505
409 562
409 566
409 572
409 583
409 590
409 598
409 606
409 622
409 635
409 679
409 692
409 694
409 713
409 809
409 813
409 820
409 825
409 826
409 833
409 850
409 913
409 917
409 959
410 421
410 469
410 536
410 569
410 594
410 598
410 659
410 759
410 789
410 805
410 821
410 841
410 853
410 915
410 971
410 976
411 430
411 502
411 505
411 541
411 562
411 566
411 572
411 581
411 583
411 590
411 598
411 606
411 622
411 635
411 679
411 682
411 694
411 713
411 805
411 809
411 813
411 820
411 821
411 825
411 826
411 833
411 850
411 880
411 917
411 946
411 959
412 492
412 699
412 719
412 955
413 414
413 426
413 488
413 538
413 545
413 558
413 637
413 667
413 677
413 716
413 793
413 797
413 1000
414 426
414 481
414 488
414 538
414 545
414 667
414 677
414 716
414 729
414 764
414 797
414 921
414 995
415 430
415 454
415 462
415 485
415 516
415 551
415 576
415 693
415 792
415 991
416 428
416 440
416 510
416 549
416 551
416 603
416 680
416 806
416 840
416 842
416 894
417 529
417 584
417 663
417 778
417 915
417 954
418 420
418 477
418 504
418 515
418 560
418 634
418 865
418 888
419 425
419 494
419 527
419 614
419 616
419 665
419 712
419 770
419 872
419 956
419 981
420 477
420 515
420 629
420 634
420 663
420 684
420 732
420 888
420 985
421 433
421 536
421 594
421 659
421 677
421 694
421 759
421 789
421 805
421 821
421 841
421 853
421 870
422 433
422 434
422 435
422 436
422 456
422 495
422 501
422 591
422 597
422 675
422 681
422 686
422 688
422 689
422 692
422 697
422 736
422 755
422 756
422 765
422 810
422 814
422 849
422 857
422 874
422 881
422 901
423 430
423 454
423 462
423 485
423 516
423 557
423 668
423 780
423 792
423 857
423 980
423 983
423 991
424 427
424 429
424 439
424 459
424 471
424 507
424 522
424 548
424 608
424 691
424 695
424 711
424 737
424 748
424 751
424 757
424 769
424 774
424 780
424 802
424 900
424 903
424 912
424 917
424 918
424 933
424 935
424 941
424 960
424 967
424 969
424 993
425 525
425 612
425 616
425 625
425 665
425 754
425 770
425 811
425 872
425 956
426 469
426 538
426 545
426 558
426 637
426 667
426 677
426 702
426 716
426 729
426 793
426 797
426 800
426 921
427 471
427 548
427 650
427 691
427 711
427 737
427 748
427 751
427 757
427 769
427 774
427 783
427 802
427 900
427 903
427 912
427 918
427 933
427 935
427 965
427 967
427 993
428 549
428 551
428 603
428 680
428 766
428 775
428 806
428 808
428 829
428 842
428 894
428 906
429 433
429 494
429 498
429 548
429 650
429 748
429 751
429 757
429 769
429 774
429 903
429 933
429 935
430 454
430 462
430 485
430 516
430 557
430 576
430 594
430 668
430 752
430 799
431 479
431 487
431 497
431 499
431 541
431 561
431 597
431 623
431 687
431 721
431 870
431 904
431 948
432 438
432 476
432 621
432 623
432 640
432 676
432 704
432 800
432 858
432 877
432 902
432 953
433 434
433 435
433 436
433 468
433 501
433 509
433 543
433 559
433 577
433 587
433 591
433 681
433 686
433 688
433 692
433 697
433 702
433 736
433 765
433 781
433 810
433 814
433 857
433 881
433 901
433 941
434 435
434 436
434 495
434 501
434 517
434 532
434 543
434 559
434 577
434 587
434 591
434 597
434 681
434 688
434 692
434 697
434 702
434 756
434 810
434 881
434 941
435 501
435 559
435 577
435 591
435 597
435 681
435 741
436 456
436 468
436 501
436 543
436 559
436 591
436 597
436 686
436 688
436 692
436 702
436 714
436 736
436 756
436 814
436 847
436 857
436 881
436 901
437 570
437 646
437 656
437 690
437 724
437 824
437 947
438 476
438 484
438 640
438 687
438 754
438 800
438 858
438 877
438 902
438 924
438 925
438 953
439 471
439 544
439 548
439 649
439 691
439 695
439 748
439 751
439 757
439 769
439 774
439 780
439 802
439 900
439 903
439 918
439 933
439 935
439 953
439 960
439 969
439 993
440 573
440 579
440 592
440 932
441 552
441 906
441 955
442 443
442 453
442 455
442 459
442 484
442 489
442 530
442 555
442 560
442 567
442 629
442 644
442 649
442 654
442 693
442 698
442 703
442 709
442 712
442 726
442 775
442 839
442 852
442 868
442 997
442 1000
443 453
443 560
443 629
443 644
443 649
443 775
443 839
443 840
443 868
444 470
444 526
444 537
444 626
444 705
444 746
444 817
444 818
444 862
444 864
444 882
444 887
444 909
444 975
445 514
445 696
445 879
445 936
445 952
445 999
446 550
446 670
446 683
446 714
446 730
446 785
446 885
446 972
447 553
447 607
447 632
447 685
447 787
447 798
447 819
447 908
447 968
448 461
448 508
448 512
448 513
448 518
448 548
448 848
448 965
449 796
449 823
449 897
449 920
449 961
450 485
450 563
450 564
450 684
450 696
450 717
450 727
450 801
450 804
450 812
450 831
450 930
450 938
451 457
451 506
451 630
451 647
451 671
451 708
451 710
451 760
451 764
451 794
451 803
451 810
452 542
452 546
452 628
452 644
452 735
452 783
452 808
452 964
453 455
453 459
453 489
453 530
453 560
453 567
453 629
453 640
453 644
453 649
453 693
453 698
453 703
453 726
453 738
453 833
453 839
453 840
453 845
453 852
453 868
453 950
453 997
454 462
454 485
454 516
454 532
454 557
454 576
454 638
454 722
454 731
454 752
454 799
454 944
454 951
454 980
454 991
455 459
455 486
455 489
455 530
455 555
455 560
455 567
455 601
455 629
455 644
455 648
455 649
455 680
455 693
455 697
455 698
455 709
455 775
455 839
455 840
455 852
455 868
455 950
455 997
456 501
456 577
456 597
456 702
456 814
456 881
456 936
456 961
457 506
457 568
457 624
457 627
457 630
457 647
457 671
457 682
457 710
457 750
457 760
457 764
457 794
457 803
457 829
457 957
458 533
458 636
458 641
458 771
458 831
458 846
458 910
458 942
459 482
459 530
459 555
459 618
459 629
459 644
459 648
459 649
459 698
459 709
459 712
459 726
459 738
459 775
459 800
459 839
459 840
459 852
459 868
459 950
459 997
460 490
460 540
460 599
460 655
460 723
460 795
460 830
460 843
460 893
460 987
461 502
461 508
461 512
461 513
461 518
461 539
461 848
462 485
462 516
462 552
462 597
462 722
462 752
462 777
462 792
462 951
463 502
463 505
463 519
463 562
463 572
463 581
463 622
463 635
463 694
463 761
463 809
463 813
463 826
463 850
463 917
464 475
464 579
464 586
464 611
464 620
464 651
464 653
464 672
464 856
464 863
464 884
464 907
464 933
464 982
464 986
465 492
465 660
465 739
465 786
465 804
465 899
466 522
466 528
466 600
466 654
466 798
466 911
466 934
466 983
467 566
467 608
467 631
467 645
467 694
467 855
467 881
467 926
467 973
468 495
468 501
468 543
468 577
468 591
468 597
468 681
468 688
468 765
468 873
468 990
469 536
469 569
469 576
469 587
469 594
469 659
469 765
469 789
469 805
469 841
469 853
469 923
469 971
469 976
469 988
470 547
470 575
470 592
470 615
470 619
470 692
470 715
470 724
470 753
470 755
470 777
470 827
470 962
470 997
471 548
471 650
471 671
471 711
471 751
471 757
471 769
471 774
471 780
471 900
471 903
471 933
471 969
472 481
472 482
472 483
472 520
472 593
472 643
472 678
472 859
472 896
473 476
473 505
473 524
473 553
473 719
473 889
473 928
473 958
474 491
474 595
474 603
474 728
474 737
474 773
474 835
474 864
474 978
474 984
475 519
475 579
475 586
475 611
475 643
475 651
475 672
475 863
475 873
475 875
475 878
475 982
475 986
476 484
476 503
476 509
476 638
476 640
476 704
476 858
476 877
476 902
476 913
476 924
476 925
476 953
477 515
477 634
477 732
477 865
477 888
477 985
478 480
478 486
478 494
478 500
478 609
478 676
478 740
478 741
478 745
478 772
478 776
478 782
478 791
478 793
478 832
478 860
478 886
478 898
478 937
478 966
478 990
479 496
479 497
479 499
479 501
479 505
479 561
479 591
479 623
479 687
479 721
479 733
479 749
479 779
479 784
479 870
479 904
479 948
480 486
480 494
480 524
480 597
480 666
480 676
480 740
480 741
480 745
480 762
480 772
480 776
480 832
480 886
480 898
481 483
481 530
481 593
481 618
481 678
481 815
481 859
481 866
481 921
481 966
481 974
481 996
482 728
482 773
482 835
482 978
482 984
483 520
483 572
483 593
483 678
483 765
483 859
483 883
483 974
484 503
484 509
484 611
484 704
484 739
484 800
484 820
484 924
484 953
485 516
485 557
485 574
485 694
485 799
486 494
486 500
486 609
486 666
486 676
486 685
486 741
486 765
486 772
486 776
486 782
486 791
486 832
486 860
486 886
486 898
486 902
486 988
486 990
486 995
487 609
487 610
487 751
487 932
487 986
488 538
488 545
488 637
488 667
488 677
488 745
488 797
488 820
489 530
489 555
489 560
489 567
489 622
489 629
489 644
489 648
489 649
489 726
489 775
489 798
489 839
489 852
489 997
490 540
490 599
490 723
490 795
490 843
490 893
490 987
490 996
491 595
491 728
491 773
491 835
491 978
491 984
492 505
492 699
492 906
492 955
492 997
493 517
493 547
493 592
493 708
493 715
493 718
493 739
493 753
493 777
493 826
493 827
494 500
494 609
494 658
494 659
494 676
494 740
494 741
494 762
494 772
494 776
494 791
494 832
494 857
494 860
494 886
494 898
494 937
494 966
494 988
494 990
495 559
495 577
495 587
495 591
495 592
495 597
495 681
495 684
495 814
495 892
495 941
496 497
496 499
496 561
496 687
496 721
496 836
496 870
496 948
497 499
497 561
497 570
497 687
497 721
497 749
497 769
497 779
497 798
497 849
497 870
497 904
497 948
498 531
498 582
498 675
498 871
499 623
499 687
499 721
499 732
499 733
499 749
499 779
499 785
499 849
499 870
499 904
499 948
500 532
500 566
500 609
500 653
500 666
500 676
500 700
500 740
500 741
500 745
500 762
500 772
500 776
500 782
500 805
500 832
500 853
500 858
500 860
500 886
500 898
500 937
500 966
500 988
500 990
501 543
501 577
501 587
501 591
501 597
501 681
501 686
501 688
501 697
501 702
501 736
501 752
501 765
501 810
501 814
501 826
501 857
501 881
501 901
501 941
501 972
502 505
502 529
502 562
502 566
502 572
502 581
502 583
502 590
502 606
502 622
502 635
502 646
502 679
502 694
502 713
502 809
502 813
502 820
502 825
502 826
502 833
502 839
502 856
502 917
502 946
502 955
502 959
502 997
503 509
503 526
503 640
503 704
503 800
503 828
503 858
503 902
503 953
504 682
504 939
505 562
505 566
505 572
505 581
505 583
505 606
505 618
505 622
505 635
505 679
505 694
505 713
505 809
505 813
505 820
505 825
505 826
505 828
505 832
505 833
505 850
505 917
505 946
505 959
505 982
506 565
506 627
506 630
506 647
506 671
506 708
506 710
506 750
506 764
506 794
506 803
506 855
506 995
507 548
507 650
507 711
507 757
507 769
507 774
507 935
507 993
508 513
508 706
508 848
509 525
509 621
509 640
509 704
509 800
509 828
509 858
509 902
509 924
509 953
510 551
510 603
510 680
510 806
510 842
510 894
510 902
510 906
511 608
511 631
511 645
511 651
511 710
511 855
511 902
511 926
511 973
512 513
512 539
512 848
512 965
513 518
513 539
513 775
513 776
513 826
513 848
513 965
514 601
514 674
514 696
514 717
514 744
514 780
514 879
514 936
514 952
514 969
515 634
515 732
515 865
515 985
516 557
516 668
516 722
516 752
516 792
516 799
516 951
516 962
516 980
516 990
516 991
517 566
517 575
517 583
517 592
517 619
517 702
517 715
517 718
517 753
517 755
517 777
518 539
518 556
518 636
518 783
518 804
518 965
519 560
519 589
519 620
519 651
519 653
519 672
519 863
519 873
519 875
519 876
519 884
519 905
519 909
519 944
519 945
519 982
520 593
520 618
520 678
520 815
520 859
520 866
520 883
520 896
520 964
520 974
520 986
520 996
521 527
521 535
521 929
521 940
521 963
521 977
521 994
522 528
522 600
522 654
522 689
522 740
522 847
522 911
522 934
522 987
523 596
523 657
523 669
523 834
523 867
523 955
523 989
524 696
524 719
524 816
524 889
524 914
524 928
524 958
525 572
525 616
525 625
525 742
525 754
525 770
525 872
525 981
525 985
525 995
526 559
526 626
526 638
526 674
526 689
526 705
526 732
526 746
526 758
526 817
526 818
526 862
526 864
526 878
526 882
526 887
526 891
526 909
526 940
526 975
526 998
527 535
527 688
527 858
527 929
527 940
527 963
527 977
527 994
528 654
528 858
528 934
529 584
529 639
529 663
529 705
530 555
530 560
530 574
530 644
530 649
530 693
530 698
530 703
530 712
530 775
530 839
530 852
530 868
530 997
531 582
531 844
531 871
532 544
532 631
532 642
532 643
532 673
532 784
532 790
532 822
532 823
532 837
532 880
532 922
532 979
533 638
533 641
533 771
533 846
533 910
533 942
533 1000
534 578
534 588
534 604
534 655
534 656
534 832
534 854
535 809
535 940
535 963
535 977
536 569
536 594
536 659
536 704
536 789
536 792
536 805
536 841
536 923
536 976
537 541
537 552
537 553
537 568
537 574
537 580
537 607
537 617
537 632
537 768
537 787
537 788
537 798
537 851
537 861
537 908
537 931
537 983
538 545
538 637
538 667
538 677
538 716
538 729
538 793
538 797
538 921
539 848
539 965
540 599
540 723
540 795
540 830
540 843
540 893
540 987
541 551
541 552
541 553
541 568
541 574
541 607
541 617
541 685
541 787
541 788
541 798
541 851
541 861
541 908
541 931
541 951
541 968
542 546
542 628
542 735
542 783
542 949
542 964
543 577
543 591
543 597
543 609
543 670
543 688
543 692
543 697
543 736
543 756
543 765
543 881
543 901
543 941
544 642
544 673
544 720
544 790
544 822
544 823
544 880
544 972
545 558
545 616
545 637
545 667
545 677
545 716
545 729
545 793
545 850
545 921
545 931
546 628
546 735
546 740
546 772
546 783
546 949
546 964
546 984
546 992
547 575
547 592
547 615
547 619
547 624
547 715
547 718
547 755
547 777
547 827
547 890
547 962
548 635
548 650
548 691
548 695
548 711
548 748
548 751
548 757
548 769
548 774
548 780
548 802
548 900
548 912
548 935
548 960
548 969
548 982
548 993
549 551
549 603
549 680
549 766
549 806
549 808
549 894
549 895
549 903
549 906
549 965
550 670
550 683
550 714
550 761
550 785
550 885
550 953
550 972
551 603
551 680
551 766
551 767
551 806
551 808
551 829
551 842
551 894
551 906
552 553
552 568
552 574
552 580
552 607
552 617
552 632
552 653
552 654
552 657
552 685
552 758
552 768
552 787
552 788
552 851
552 861
552 908
552 931
552 968
552 983
553 568
553 574
553 580
553 607
553 617
553 632
553 685
553 743
553 768
553 787
553 788
553 798
553 819
553 839
553 851
553 861
553 908
553 931
553 968
554 682
554 939
554 945
555 560
555 567
555 629
555 644
555 649
555 693
555 698
555 703
555 708
555 712
555 726
555 738
555 775
555 839
555 840
555 852
555 868
555 950
555 997
556 563
556 564
556 684
556 717
556 727
556 801
556 812
556 831
556 938
557 576
557 704
557 722
557 792
557 799
557 860
557 951
557 991
558 637
558 667
558 716
558 772
558 797
558 921
559 577
559 587
559 591
559 597
559 643
559 686
559 688
559 697
559 702
559 756
559 810
559 814
559 857
559 881
559 901
560 563
560 567
560 629
560 644
560 648
560 649
560 698
560 709
560 712
560 726
560 738
560 775
560 839
560 840
560 852
560 863
560 868
560 950
561 623
561 687
561 733
561 749
561 779
561 849
561 870
561 904
561 945
561 948
562 563
562 566
562 572
562 581
562 583
562 590
562 622
562 635
562 667
562 694
562 713
562 809
562 813
562 820
562 825
562 826
562 850
562 959
563 564
563 684
563 717
563 727
563 801
563 804
563 812
563 831
563 938
564 615
564 678
564 684
564 717
564 727
564 801
564 804
564 930
564 938
565 605
565 613
565 652
565 734
565 743
565 763
565 927
566 581
566 590
566 598
566 606
566 622
566 635
566 679
566 694
566 809
566 820
566 825
566 826
566 835
566 850
566 917
566 946
567 577
567 629
567 644
567 649
567 693
567 775
567 839
567 903
567 992
567 997
568 574
568 580
568 607
568 617
568 632
568 685
568 766
568 787
568 798
568 851
568 931
568 968
568 983
569 594
569 659
569 759
569 821
569 841
569 853
569 923
569 976
570 646
570 690
570 838
570 947
570 992
571 579
571 586
571 633
571 651
571 653
571 836
571 863
571 875
571 884
571 892
571 905
572 581
572 583
572 590
572 598
572 606
572 622
572 635
572 694
572 801
572 802
572 809
572 813
572 820
572 825
572 826
572 833
572 850
572 917
572 946
572 959
573 610
573 932
573 973
574 580
574 607
574 612
574 617
574 685
574 742
574 768
574 787
574 788
574 798
574 819
574 832
574 851
574 861
574 908
574 931
574 968
574 983
575 592
575 615
575 715
575 717
575 718
575 728
575 753
575 755
575 777
575 827
575 890
575 962
576 689
576 722
576 752
576 792
576 866
576 991
577 587
577 591
577 597
577 681
577 686
577 688
577 692
577 697
577 702
577 713
577 736
577 765
577 810
577 814
577 857
577 881
577 901
577 941
578 588
578 604
578 655
578 656
578 685
578 854
578 970
579 586
579 611
579 620
579 633
579 651
579 653
579 665
579 672
579 716
579 717
579 807
579 836
579 856
579 863
579 875
579 884
579 892
579 905
579 907
579 909
579 945
579 951
579 979
579 982
579 986
580 607
580 685
580 757
580 787
580 788
580 798
580 898
580 908
580 983
581 583
581 590
581 606
581 622
581 635
581 782
581 809
581 813
581 820
581 825
581 826
581 833
581 850
581 856
581 896
581 917
581 946
581 959
582 675
582 844
582 871
583 598
583 606
583 635
583 679
583 749
583 750
583 809
583 813
583 820
583 825
583 826
583 833
583 917
583 948
584 615
584 639
584 912
584 915
584 954
585 626
585 806
585 817
585 818
585 864
585 869
585 882
585 887
585 891
585 909
585 975
585 997
586 617
586 620
586 633
586 651
586 653
586 672
586 807
586 836
586 863
586 873
586 875
586 884
586 892
586 905
586 907
586 934
586 945
586 979
586 982
586 986
586 997
587 591
587 597
587 681
587 688
587 692
587 736
587 765
587 810
587 814
587 857
587 881
587 901
587 941
588 604
588 624
588 655
588 656
588 854
588 970
589 796
589 920
589 961
590 598
590 606
590 622
590 635
590 808
590 809
590 820
590 825
590 826
590 850
590 917
590 998
591 597
591 622
591 681
591 686
591 688
591 697
591 702
591 736
591 756
591 765
591 810
591 814
591 857
591 881
591 921
591 941
591 953
591 994
592 604
592 615
592 619
592 715
592 718
592 753
592 755
592 777
592 827
592 890
592 962
592 966
593 618
593 678
593 815
593 859
593 896
593 980
593 996
594 759
594 789
594 805
594 841
594 844
594 870
594 872
594 896
595 728
595 773
595 835
595 978
595 984
595 991
596 602
596 657
596 664
596 669
596 747
596 813
596 834
596 844
596 867
596 929
596 969
596 983
597 681
597 688
597 692
597 697
597 702
597 736
597 756
597 765
597 810
597 814
597 817
597 857
597 901
597 941
598 606
598 622
598 635
598 809
598 820
598 826
598 833
598 917
598 918
598 946
599 723
599 795
599 830
599 843
599 893
600 609
600 654
600 806
600 847
600 911
601 651
601 696
601 879
601 936
601 951
601 952
602 657
602 664
602 669
602 834
602 867
603 680
603 766
603 767
603 806
603 808
603 829
603 842
603 894
603 895
603 906
603 995
604 655
604 656
604 970
605 613
605 652
605 706
605 734
605 763
605 888
605 927
606 616
606 622
606 635
606 658
606 694
606 713
606 809
606 813
606 820
606 825
606 826
606 833
606 841
606 859
606 917
606 946
606 959
606 991
607 617
607 632
607 685
607 756
607 768
607 787
607 788
607 798
607 801
607 819
607 843
607 861
607 908
607 911
607 931
607 968
607 983
608 631
608 821
608 855
608 926
608 973
609 658
609 666
609 676
609 700
609 740
609 741
609 745
609 762
609 772
609 776
609 782
609 791
609 832
609 860
609 862
609 886
609 898
609 966
609 988
609 990
610 705
611 619
611 620
611 633
611 642
611 651
611 653
611 672
611 807
611 856
611 863
611 875
611 905
611 907
611 935
611 944
611 982
611 986
612 665
612 742
612 770
612 872
612 995
613 652
613 691
613 706
613 734
613 743
613 927
614 665
614 742
614 754
614 770
614 872
615 715
615 827
615 853
615 962
616 632
616 665
616 675
616 742
616 766
616 770
617 787
617 788
617 822
617 825
617 908
617 931
617 983
618 815
618 859
618 896
618 974
619 715
619 718
619 753
619 755
619 827
619 890
620 633
620 651
620 653
620 672
620 807
620 856
620 863
620 873
620 875
620 905
620 919
620 944
620 945
620 979
620 982
620 986
621 697
621 704
621 709
621 800
621 858
621 877
621 924
621 925
621 953
622 635
622 679
622 694
622 713
622 759
622 806
622 809
622 813
622 820
622 825
622 826
622 833
622 850
622 917
622 959
623 687
623 721
623 779
623 870
623 904
623 948
624 627
624 647
624 708
624 710
624 750
624 764
624 794
624 803
624 942
624 957
625 742
625 770
625 811
625 872
625 956
625 981
626 674
626 689
626 705
626 758
626 817
626 818
626 862
626 864
626 878
626 882
626 909
626 975
627 630
627 671
627 708
627 710
627 750
627 760
627 764
627 794
627 803
627 939
627 957
628 783
628 807
628 949
629 630
629 644
629 648
629 649
629 693
629 698
629 703
629 709
629 712
629 726
629 738
629 775
629 839
629 840
629 868
629 950
629 997
630 671
630 708
630 710
630 750
630 760
630 764
630 778
630 803
630 957
631 645
631 843
631 892
631 907
631 926
631 973
632 685
632 798
632 819
632 908
632 968
632 983
633 651
633 653
633 672
633 863
633 865
633 873
633 875
633 876
633 892
633 905
633 907
633 944
633 979
633 982
633 986
634 732
634 865
634 888
634 985
635 679
635 694
635 698
635 713
635 793
635 809
635 813
635 820
635 826
635 840
635 850
635 917
635 946
635 959
636 638
636 641
636 827
636 846
636 910
637 667
637 677
637 716
637 729
637 793
637 915
637 921
638 641
638 759
638 771
638 846
638 942
638 974
638 1000
639 663
639 754
639 915
639 954
640 800
640 858
640 877
640 902
640 913
640 924
640 953
640 958
641 771
641 910
641 942
641 1000
642 643
642 673
642 784
642 790
642 823
642 880
642 907
642 919
642 922
642 962
643 673
643 675
643 720
643 784
643 822
643 823
643 837
643 880
643 919
643 922
644 648
644 649
644 651
644 693
644 698
644 703
644 709
644 712
644 726
644 738
644 775
644 790
644 839
644 840
644 852
644 868
644 890
644 950
644 997
645 825
645 855
645 926
645 973
646 690
646 824
646 838
646 992
647 671
647 677
647 710
647 750
647 760
647 764
647 794
647 803
647 871
647 957
648 693
648 839
648 840
648 868
648 880
648 898
648 997
649 693
649 698
649 703
649 709
649 712
649 726
649 738
649 775
649 839
649 840
649 852
649 853
649 868
649 939
649 950
649 965
649 997
650 695
650 737
650 748
650 757
650 769
650 774
650 802
650 900
650 903
650 912
650 918
650 935
650 967
650 969
650 993
651 653
651 665
651 672
651 807
651 836
651 863
651 873
651 875
651 876
651 905
651 907
651 944
651 945
651 979
651 982
651 986
652 706
652 734
652 743
652 763
652 927
652 955
652 956
653 694
653 836
653 837
653 856
653 863
653 873
653 875
653 884
653 892
653 907
653 982
653 986
654 780
654 847
654 911
654 934
655 771
655 854
655 970
656 854
656 970
657 664
657 669
657 674
657 747
657 834
657 867
657 989
658 676
658 741
658 745
658 776
658 832
658 860
658 886
658 887
658 966
658 990
659 759
659 789
659 805
659 821
659 841
659 923
659 976
660 739
660 786
660 899
661 731
661 874
661 943
662 778
662 781
662 788
662 845
662 914
662 916
663 770
663 915
663 954
663 957
664 669
664 747
664 834
664 867
665 721
665 742
665 754
665 770
665 872
665 956
665 981
665 995
666 676
666 700
666 740
666 741
666 745
666 750
666 772
666 776
666 782
666 788
666 832
666 860
666 886
666 898
666 937
666 966
666 988
666 990
667 716
667 729
667 793
667 797
667 821
667 881
667 921
668 673
668 711
668 792
668 799
668 951
668 991
668 1000
669 747
669 767
669 834
669 851
669 867
669 879
669 989
670 680
670 683
670 714
670 730
670 761
670 785
670 885
670 972
671 708
671 710
671 750
671 764
671 765
671 794
671 803
671 843
672 807
672 863
672 892
672 907
672 979
672 982
672 986
673 720
673 784
673 790
673 823
673 837
673 880
673 916
673 919
673 922
674 725
674 745
674 758
674 817
674 818
674 878
674 887
674 891
674 909
674 975
674 998
675 844
675 871
676 700
676 716
676 740
676 741
676 745
676 762
676 772
676 776
676 782
676 791
676 832
676 854
676 860
676 863
676 886
676 898
676 937
676 966
676 988
676 990
677 793
677 797
677 991
678 815
678 856
678 859
678 866
678 883
678 896
678 974
678 996
679 809
679 813
679 825
679 833
679 850
680 766
680 767
680 798
680 808
680 829
680 842
680 894
680 895
680 906
681 686
681 697
681 756
681 810
681 814
681 881
681 978
683 714
683 730
683 785
683 885
683 972
684 717
684 727
684 801
684 804
684 812
684 831
684 930
684 938
685 686
685 768
685 787
685 788
685 798
685 819
685 851
685 861
685 908
685 931
685 963
685 968
685 978
685 983
686 765
686 881
687 721
687 749
687 779
687 849
687 868
687 870
687 904
687 948
688 697
688 707
688 736
688 754
688 765
688 810
688 814
688 868
688 901
688 937
688 941
689 704
689 802
689 817
689 862
689 864
689 878
689 975
690 724
690 749
690 824
690 838
690 947
690 992
691 695
691 711
691 737
691 748
691 751
691 769
691 774
691 780
691 802
691 900
691 903
691 912
691 933
691 935
691 960
691 969
692 697
692 814
692 913
693 698
693 838
693 839
693 840
693 931
694 809
694 813
694 820
694 826
694 833
694 917
695 711
695 737
695 769
695 774
695 780
695 900
695 912
695 918
695 933
695 935
695 960
695 969
696 744
696 879
696 936
696 952
697 702
697 723
697 736
697 814
697 901
698 709
698 726
698 775
698 839
698 868
698 997
699 825
699 917
699 955
700 740
700 741
700 762
700 772
700 782
700 791
700 832
700 860
700 886
700 898
700 990
701 731
701 874
701 943
702 814
702 857
703 726
703 775
703 813
703 839
703 840
703 997
704 774
704 800
704 858
704 877
704 902
704 925
704 937
704 953
704 994
705 758
705 817
705 818
705 864
705 909
705 910
705 975
706 734
706 743
706 757
706 763
706 927
707 744
707 879
707 936
707 952
707 986
708 750
708 764
708 803
708 957
709 712
709 726
709 738
709 839
709 840
709 852
709 997
710 794
710 803
710 950
710 957
711 737
711 751
711 757
711 774
711 780
711 900
711 912
711 935
711 960
711 967
711 969
711 980
712 726
712 775
712 839
712 840
712 868
712 950
712 997
713 809
713 813
713 820
713 826
713 917
714 730
714 761
714 785
714 972
715 753
715 755
715 777
715 799
715 827
715 892
715 901
715 962
716 793
716 797
716 844
716 901
716 921
717 727
717 801
717 804
717 831
717 930
717 938
718 827
718 842
718 859
718 962
719 816
719 889
719 928
720 880
720 919
721 732
721 733
721 749
721 779
721 831
721 849
721 870
721 948
722 776
722 792
723 830
723 843
723 893
723 972
723 987
724 824
724 947
724 992
725 817
725 818
725 862
725 864
725 878
725 882
725 975
726 738
726 775
726 839
726 840
726 852
726 868
726 997
727 801
727 804
727 812
727 831
727 866
727 915
727 930
727 938
728 773
728 835
728 984
729 793
729 797
729 860
729 918
730 761
730 785
730 972
731 874
731 943
732 865
732 888
732 956
732 985
733 779
733 849
733 904
733 948
734 743
734 763
734 826
734 868
734 927
735 783
735 949
735 964
736 857
736 881
737 757
737 769
737 780
737 802
737 803
737 886
737 903
737 935
738 775
738 785
738 839
738 852
738 868
738 982
738 997
739 899
740 741
740 745
740 762
740 772
740 776
740 782
740 791
740 832
740 860
740 886
740 898
740 937
740 953
740 966
740 988
740 990
741 745
741 762
741 772
741 776
741 782
741 791
741 832
741 860
741 886
741 898
741 910
741 937
741 960
741 966
741 988
741 990
742 754
742 770
742 786
742 811
742 830
742 872
742 956
742 981
742 995
743 763
743 927
744 936
744 952
745 762
745 772
745 776
745 782
745 791
745 832
745 898
745 937
745 966
745 988
746 864
746 909
746 975
747 834
747 923
747 989
748 757
748 769
748 774
748 935
748 967
748 969
749 779
749 801
749 849
749 870
749 948
750 764
750 803
750 827
751 757
751 774
751 780
751 903
751 918
751 926
751 933
751 967
751 969
751 993
752 792
752 799
754 766
754 770
754 811
754 816
754 872
754 956
754 995
755 777
755 827
755 890
755 962
756 857
756 881
756 924
757 769
757 774
757 780
757 900
757 918
757 933
757 935
757 954
757 960
757 993
758 817
758 818
758 835
758 975
759 789
759 805
759 821
759 841
759 853
759 923
759 937
759 949
759 971
759 976
760 764
760 803
761 885
761 972
762 772
762 776
762 860
762 886
762 990
763 903
763 927
764 794
764 803
764 908
764 957
765 810
765 814
765 857
765 881
766 767
766 806
766 808
766 829
766 842
766 894
766 895
767 808
767 825
767 842
767 894
767 906
768 798
768 819
768 861
768 862
768 908
768 931
768 983
769 774
769 780
769 802
769 900
769 903
769 912
769 918
769 924
769 933
769 935
769 960
769 967
769 969
770 872
770 980
770 981
770 995
771 846
771 910
771 942
772 776
772 782
772 791
772 832
772 860
772 886
772 898
772 937
772 966
772 988
773 835
773 978
773 984
774 780
774 802
774 912
774 933
774 935
774 967
774 969
774 993
775 814
775 839
775 852
775 950
775 997
776 782
776 832
776 860
776 871
776 886
776 937
776 988
776 990
777 827
777 890
778 781
778 845
778 914
778 999
779 849
779 904
780 903
780 912
780 918
780 935
780 960
780 967
780 969
781 845
781 908
781 914
781 916
781 999
782 787
782 791
782 832
782 886
782 898
782 966
782 988
782 990
783 932
784 790
784 822
784 823
784 880
784 908
784 935
785 885
785 972
785 991
786 899
787 788
787 798
787 851
787 874
787 908
787 931
787 968
788 819
788 860
788 908
788 931
788 968
789 805
789 821
789 841
789 853
789 923
789 971
790 822
790 823
790 922
791 832
791 860
791 886
791 898
791 937
791 988
791 990
792 799
792 877
792 951
792 980
792 991
793 797
793 864
793 921
793 949
794 803
794 873
794 957
795 830
795 893
795 987
796 944
796 961
797 921
798 819
798 851
798 861
798 890
798 901
798 905
798 908
798 931
798 968
798 983
799 951
799 980
800 828
800 877
800 902
800 913
800 924
800 939
800 953
801 804
801 812
801 917
801 930
801 938
802 912
802 933
802 935
803 857
803 957
804 812
804 817
804 831
804 930
804 983
805 821
805 841
805 853
805 911
805 923
805 971
806 808
806 829
806 842
806 894
806 895
807 863
807 875
807 907
807 933
807 979
807 982
807 986
808 829
808 842
808 894
808 895
808 906
809 813
809 820
809 825
809 826
809 833
809 849
809 850
809 917
809 946
810 814
810 857
810 881
811 872
811 956
811 966
811 981
811 995
812 831
812 841
812 868
812 894
812 930
812 938
813 826
813 833
813 917
813 946
813 959
814 857
814 881
814 941
815 896
815 942
815 996
816 889
816 958
817 818
817 862
817 864
817 878
817 882
817 887
817 891
817 909
817 965
818 878
818 891
818 909
818 950
818 975
818 998
819 851
819 908
819 947
819 976
819 983
820 825
820 826
820 917
820 959
821 841
821 853
821 859
821 923
821 971
821 993
822 823
822 919
823 837
823 880
823 919
823 922
823 939
824 838
824 921
824 947
824 992
825 826
825 917
826 833
826 834
826 850
826 946
826 959
827 890
827 962
828 858
828 877
828 989
829 842
829 894
829 895
829 906
829 987
830 893
831 938
832 860
832 886
832 898
832 937
832 946
832 948
832 988
832 990
833 850
833 862
833 946
834 849
834 867
834 989
835 972
835 978
835 984
836 856
836 863
836 875
836 876
836 944
836 982
836 986
837 880
837 919
838 895
838 947
838 992
839 840
839 850
839 852
839 868
839 950
839 962
839 997
840 852
840 868
840 950
840 997
841 853
841 923
841 971
841 976
842 894
842 895
843 893
843 905
843 987
844 871
845 914
845 916
845 999
846 883
846 886
846 910
846 1000
847 867
847 911
847 934
847 939
848 883
848 965
849 870
849 904
849 948
850 877
850 917
850 942
850 946
850 959
851 908
851 931
851 983
852 868
852 952
852 997
854 970
855 973
856 863
856 875
856 953
856 982
856 986
857 941
858 866
858 877
858 902
858 913
858 924
858 925
858 953
859 866
859 883
859 974
859 996
860 886
860 898
860 937
860 966
860 988
860 990
861 908
861 909
861 983
862 864
862 975
863 873
863 875
863 876
863 884
863 887
863 892
863 905
863 907
863 944
863 945
863 979
863 982
863 986
864 882
864 887
864 891
864 904
864 909
864 975
864 998
865 985
866 996
867 989
868 969
868 997
869 982
870 904
870 948
872 956
872 981
872 995
873 876
873 892
873 907
873 979
873 982
873 986
874 890
874 943
874 964
875 876
875 884
875 895
875 905
875 907
875 944
875 945
875 979
875 982
875 986
876 892
876 905
876 907
876 982
876 986
877 902
877 913
877 924
877 925
877 953
878 909
878 975
879 936
879 952
880 919
881 901
882 891
882 909
882 975
882 998
883 896
884 892
884 944
884 979
884 986
885 972
886 898
886 937
886 966
886 988
886 990
887 909
887 998
888 985
890 962
891 909
891 975
891 978
892 945
892 982
892 986
892 999
894 895
894 906
896 996
897 920
897 961
897 984
898 937
898 968
898 988
898 990
899 972
900 903
900 918
900 935
900 960
900 969
900 993
902 913
902 924
902 925
902 928
902 953
903 912
903 918
903 933
903 935
903 960
903 967
903 969
903 993
905 907
905 982
907 908
908 931
908 983
909 971
909 975
909 998
910 1000
912 935
912 960
913 924
913 925
913 953
914 916
914 999
915 954
915 995
916 919
917 946
917 950
917 959
917 960
918 933
918 935
918 960
918 967
918 968
918 969
918 993
920 961
923 935
923 971
924 925
924 953
924 998
925 953
926 973
929 940
929 963
929 994
930 938
931 968
931 983
933 935
933 969
933 993
935 960
935 967
935 969
935 993
936 952
937 966
937 988
940 977
940 994
942 1000
944 986
945 982
947 977
947 992
949 964
949 977
950 997
955 971
956 958
956 981
960 993
963 977
963 994
965 993
967 969
968 973
968 983
969 993
974 996
976 999
977 994
978 984
982 986
988 990
