# LFR benchmark graph: regime=S mu=0.2 realization=3
# undirected, unweighted; 1-based node ids; each edge listed once.
1 16
1 22
1 23
1 49
1 132
1 175
1 217
1 224
1 253
1 386
1 536
1 546
1 649
1 661
1 743
1 759
1 790
1 818
1 829
1 872
1 967
2 12
2 75
2 245
2 381
2 526
2 553
2 555
2 566
2 581
2 598
2 599
2 884
3 25
3 63
3 100
3 188
3 222
3 306
3 375
3 417
3 509
3 724
3 774
4 57
4 104
4 186
4 248
4 335
4 361
4 366
4 461
4 714
4 721
4 846
4 857
4 904
4 911
4 946
5 13
5 40
5 67
5 71
5 79
5 115
5 185
5 238
5 279
5 324
5 358
5 423
5 440
5 450
5 455
5 460
5 518
5 535
5 569
5 585
5 628
5 629
5 642
5 699
5 704
5 709
5 728
5 776
5 803
5 885
5 900
5 922
5 968
5 993
5 997
5 999
6 19
6 84
6 86
6 103
6 109
6 134
6 230
6 234
6 237
6 249
6 262
6 270
6 281
6 305
6 324
6 331
6 343
6 440
6 447
6 468
6 473
6 482
6 486
6 488
6 503
6 513
6 548
6 571
6 587
6 710
6 717
6 742
6 762
6 769
6 799
6 801
6 816
6 849
6 920
6 960
6 987
6 996
7 45
7 81
7 114
7 168
7 219
7 220
7 226
7 231
7 252
7 264
7 278
7 288
7 293
7 302
7 328
7 347
7 494
7 499
7 566
7 586
7 732
7 734
7 756
7 765
7 768
7 810
7 816
7 859
7 875
7 919
7 938
7 940
7 985
7 986
8 73
8 95
8 125
8 135
8 163
8 227
8 280
8 298
8 363
8 465
8 470
8 498
8 500
8 501
8 502
8 510
8 526
8 541
8 549
8 565
8 599
8 672
8 761
8 768
8 883
8 964
9 19
9 52
9 123
9 182
9 192
9 267
9 275
9 279
9 310
9 317
9 412
9 483
9 611
9 654
9 670
9 700
9 710
9 761
9 781
9 804
9 849
9 938
9 948
10 65
10 88
10 102
10 147
10 199
10 289
10 373
10 391
10 408
10 414
10 420
10 478
10 492
10 505
10 575
10 598
10 615
10 676
10 715
10 752
10 771
10 814
10 837
10 872
10 944
11 64
11 70
11 107
11 141
11 187
11 215
11 228
11 259
11 266
11 274
11 421
11 430
11 564
11 567
11 605
11 646
11 696
11 713
11 743
11 749
11 813
11 913
11 920
12 33
12 81
12 160
12 245
12 255
12 350
12 360
12 390
12 409
12 442
12 523
12 553
12 579
12 581
12 599
12 884
12 930
12 999
13 67
13 79
13 130
13 185
13 213
13 243
13 279
13 313
13 532
13 535
13 628
13 642
13 648
13 699
13 704
13 728
13 739
13 773
13 776
13 800
13 803
13 820
13 850
13 888
13 980
13 999
14 22
14 28
14 114
14 145
14 168
14 196
14 226
14 231
14 255
14 264
14 285
14 288
14 293
14 302
14 324
14 327
14 347
14 586
14 642
14 673
14 680
14 732
14 779
14 810
14 816
14 842
14 865
14 875
14 889
14 919
14 938
14 940
14 985
14 986
14 995
15 60
15 82
15 112
15 194
15 314
15 434
15 491
15 576
15 656
15 701
15 746
15 868
15 948
15 986
16 152
16 184
16 283
16 339
16 389
16 394
16 434
16 469
16 475
16 503
16 542
16 571
16 646
16 734
16 745
16 852
16 858
16 863
16 976
17 131
17 146
17 205
17 214
17 295
17 355
17 384
17 528
17 554
17 617
17 639
17 662
17 754
17 755
17 783
17 785
17 827
17 892
17 908
17 934
17 950
18 32
18 76
18 83
18 101
18 108
18 118
18 166
18 183
18 198
18 203
18 211
18 307
18 314
18 344
18 349
18 399
18 405
18 413
18 429
18 431
18 441
18 528
18 593
18 608
18 656
18 680
18 691
18 727
18 819
18 821
18 832
18 833
18 893
18 910
18 929
18 977
19 80
19 84
19 86
19 103
19 112
19 134
19 230
19 249
19 262
19 270
19 276
19 281
19 295
19 305
19 315
19 324
19 331
19 333
19 343
19 468
19 473
19 486
19 488
19 503
19 513
19 548
19 556
19 571
19 583
19 587
19 692
19 717
19 742
19 769
19 801
19 821
19 849
19 853
19 863
19 926
19 987
19 995
19 996
20 33
20 34
20 36
20 58
20 110
20 125
20 161
20 179
20 196
20 304
20 341
20 416
20 452
20 540
20 543
20 597
20 676
20 708
20 835
20 856
20 958
21 54
21 85
21 179
21 191
21 225
21 308
21 406
21 456
21 511
21 543
21 591
21 604
21 651
21 687
21 695
21 696
21 698
21 715
21 732
21 738
21 741
21 753
21 759
21 786
21 878
21 952
21 971
21 985
21 987
22 28
22 45
22 59
22 90
22 168
22 188
22 216
22 219
22 264
22 271
22 288
22 327
22 328
22 347
22 438
22 482
22 499
22 538
22 732
22 765
22 779
22 810
22 816
22 859
22 863
22 919
22 940
22 985
22 986
22 995
23 49
23 88
23 175
23 197
23 218
23 224
23 273
23 304
23 386
23 398
23 482
23 519
23 546
23 580
23 604
23 649
23 661
23 703
23 704
23 730
23 743
23 816
23 829
23 843
24 226
24 260
24 271
24 345
24 405
24 601
24 692
24 715
24 751
24 870
24 941
25 57
25 89
25 110
25 122
25 128
25 138
25 140
25 239
25 243
25 244
25 258
25 287
25 340
25 354
25 360
25 385
25 433
25 493
25 520
25 528
25 529
25 538
25 559
25 577
25 612
25 687
25 750
25 757
25 772
25 775
25 787
25 797
25 817
25 831
25 836
25 851
25 885
25 896
25 901
25 927
25 943
25 964
25 973
25 982
25 997
26 110
26 127
26 143
26 217
26 296
26 297
26 401
26 485
26 572
26 596
26 600
26 607
26 609
26 634
26 637
26 745
26 748
26 763
26 777
26 950
26 957
26 984
27 31
27 123
27 167
27 310
27 409
27 435
27 438
27 670
27 674
27 700
27 710
27 804
27 930
27 948
27 965
27 976
28 77
28 114
28 131
28 168
28 220
28 288
28 302
28 327
28 347
28 372
28 539
28 541
28 586
28 732
28 779
28 867
28 875
28 921
28 938
29 58
29 173
29 232
29 301
29 345
29 383
29 467
29 552
29 555
29 650
29 653
29 846
29 975
29 983
30 149
30 164
30 253
30 290
30 293
30 446
30 457
30 547
30 658
30 679
30 697
30 728
30 784
30 808
30 955
30 981
31 84
31 167
31 182
31 192
31 315
31 411
31 412
31 521
31 670
31 700
31 770
31 804
31 884
31 948
32 33
32 34
32 36
32 58
32 148
32 161
32 169
32 220
32 304
32 364
32 366
32 414
32 416
32 424
32 435
32 452
32 466
32 523
32 534
32 540
32 594
32 597
32 621
32 676
32 708
32 759
32 782
32 958
33 34
33 36
33 41
33 58
33 59
33 161
33 175
33 190
33 225
33 304
33 353
33 366
33 416
33 424
33 435
33 523
33 534
33 540
33 582
33 594
33 597
33 602
33 676
33 677
33 703
33 708
33 715
33 759
33 834
33 835
33 856
33 919
33 942
33 958
33 966
33 969
33 971
34 49
34 161
34 169
34 190
34 196
34 225
34 304
34 366
34 405
34 416
34 424
34 435
34 452
34 523
34 534
34 540
34 561
34 594
34 597
34 621
34 655
34 676
34 681
34 708
34 726
34 756
34 759
34 779
34 803
34 835
34 856
34 926
34 942
34 969
34 983
35 258
35 346
35 446
35 477
35 496
35 544
35 626
35 697
35 722
35 867
35 881
35 923
36 58
36 67
36 74
36 133
36 187
36 196
36 225
36 341
36 363
36 366
36 416
36 435
36 452
36 460
36 523
36 534
36 540
36 621
36 676
36 708
36 759
36 797
36 926
36 942
36 958
36 969
37 244
37 293
37 303
37 609
37 663
37 689
37 736
37 770
37 792
37 888
37 919
37 981
38 81
38 253
38 286
38 298
38 303
38 320
38 370
38 400
38 420
38 462
38 608
38 664
38 689
38 708
38 809
38 904
38 909
39 125
39 161
39 269
39 280
39 363
39 470
39 489
39 498
39 526
39 528
39 541
39 549
39 565
39 575
39 588
39 624
39 672
39 698
39 752
39 761
39 768
39 781
39 843
40 67
40 155
40 213
40 279
40 309
40 313
40 358
40 423
40 460
40 520
40 569
40 628
40 699
40 704
40 709
40 728
40 739
40 803
40 820
40 900
40 993
41 83
41 89
41 110
41 138
41 157
41 239
41 244
41 287
41 360
41 394
41 474
41 477
41 515
41 529
41 531
41 538
41 559
41 584
41 611
41 612
41 676
41 775
41 787
41 817
41 831
41 850
41 851
41 861
41 885
41 896
41 973
41 982
42 105
42 146
42 263
42 326
42 378
42 463
42 541
42 574
42 683
42 684
42 693
42 740
42 774
42 816
42 847
42 864
42 897
42 939
42 958
43 107
43 172
43 193
43 194
43 261
43 300
43 352
43 362
43 395
43 401
43 481
43 509
43 623
43 737
43 750
43 764
43 898
44 56
44 60
44 68
44 154
44 164
44 189
44 195
44 196
44 201
44 204
44 218
44 242
44 265
44 282
44 285
44 349
44 379
44 422
44 425
44 428
44 447
44 465
44 472
44 490
44 514
44 537
44 563
44 589
44 630
44 642
44 668
44 685
44 692
44 720
44 744
44 756
44 785
44 788
44 934
44 945
44 960
44 962
44 972
45 114
45 168
45 226
45 252
45 254
45 264
45 316
45 327
45 586
45 779
45 810
45 919
45 938
45 985
45 986
45 987
46 48
46 156
46 167
46 261
46 376
46 378
46 433
46 516
46 578
46 608
46 711
46 754
46 912
47 141
47 183
47 187
47 199
47 259
47 417
47 430
47 536
47 584
47 605
47 713
47 749
47 841
47 913
47 920
48 261
48 415
48 483
48 610
48 611
48 620
48 627
48 648
48 711
48 748
48 754
48 779
48 924
49 86
49 132
49 168
49 197
49 224
49 253
49 258
49 386
49 398
49 490
49 546
49 631
49 649
49 661
49 743
49 818
49 829
49 873
49 967
50 51
50 125
50 163
50 203
50 280
50 298
50 357
50 470
50 475
50 489
50 502
50 528
50 541
50 549
50 582
50 624
50 640
50 672
50 692
50 733
50 752
50 761
50 768
50 864
51 157
51 294
51 337
51 342
51 422
51 560
51 570
51 609
51 641
51 663
51 736
51 770
51 792
51 798
51 887
51 943
52 67
52 79
52 169
52 185
52 213
52 279
52 325
52 460
52 518
52 535
52 569
52 585
52 634
52 642
52 699
52 702
52 704
52 728
52 739
52 776
52 792
52 800
52 803
52 820
52 833
52 900
52 938
52 979
52 999
53 142
53 159
53 199
53 333
53 423
53 484
53 588
53 592
53 644
53 659
53 831
53 860
53 907
53 980
53 988
53 991
54 127
54 155
54 317
54 325
54 342
54 511
54 543
54 591
54 604
54 608
54 615
54 616
54 617
54 641
54 651
54 715
54 740
54 741
54 747
54 753
54 843
54 878
54 915
54 952
54 971
54 999
55 85
55 106
55 179
55 308
55 317
55 325
55 406
55 430
55 481
55 511
55 543
55 591
55 615
55 651
55 683
55 696
55 698
55 715
55 753
55 786
55 843
55 847
56 75
56 95
56 111
56 148
56 162
56 177
56 225
56 258
56 299
56 309
56 350
56 371
56 397
56 476
56 562
56 563
56 606
56 624
56 631
56 645
56 657
56 718
56 789
56 822
56 824
56 859
56 866
56 890
56 894
56 898
56 947
57 89
57 92
57 110
57 138
57 239
57 243
57 287
57 340
57 360
57 381
57 385
57 391
57 429
57 515
57 526
57 529
57 538
57 611
57 612
57 684
57 689
57 757
57 772
57 775
57 787
57 791
57 817
57 831
57 943
57 973
57 982
58 78
58 129
58 161
58 225
58 304
58 346
58 409
58 416
58 424
58 452
58 534
58 540
58 583
58 594
58 597
58 621
58 671
58 676
58 708
58 759
58 773
58 822
58 835
58 856
58 885
58 926
58 942
58 966
58 969
58 992
59 92
59 99
59 114
59 116
59 119
59 136
59 150
59 155
59 165
59 170
59 278
59 312
59 372
59 380
59 404
59 451
59 463
59 479
59 484
59 568
59 574
59 595
59 620
59 640
59 678
59 683
59 686
59 812
59 827
59 834
59 836
59 848
59 886
59 891
59 915
59 937
59 944
59 952
59 973
60 423
60 426
60 434
60 528
60 666
60 701
60 868
60 952
60 995
61 69
61 80
61 169
61 240
61 251
61 269
61 272
61 275
61 369
61 458
61 548
61 592
61 625
61 778
61 826
61 838
61 865
61 872
61 925
61 956
62 104
62 144
62 178
62 248
62 356
62 630
62 660
62 704
62 714
62 721
62 807
62 831
62 911
62 957
63 100
63 118
63 159
63 188
63 322
63 604
63 724
63 739
63 774
63 791
63 946
64 187
64 215
64 313
64 316
64 567
64 573
64 605
64 618
64 659
64 913
64 917
64 988
64 996
65 74
65 86
65 88
65 102
65 147
65 237
65 240
65 246
65 254
65 289
65 334
65 369
65 373
65 391
65 408
65 423
65 445
65 478
65 505
65 583
65 652
65 771
65 808
65 814
65 837
65 862
65 881
66 138
66 167
66 239
66 244
66 515
66 529
66 538
66 611
66 720
66 768
66 772
66 775
66 839
66 896
67 185
67 213
67 238
67 313
67 358
67 423
67 455
67 506
67 522
67 538
67 608
67 628
67 642
67 699
67 704
67 739
67 800
67 803
67 820
67 899
67 999
68 110
68 154
68 164
68 183
68 189
68 195
68 204
68 265
68 285
68 364
68 379
68 428
68 487
68 490
68 492
68 512
68 569
68 589
68 606
68 685
68 785
68 801
68 934
68 962
69 80
69 127
69 172
69 269
69 272
69 307
69 458
69 625
69 640
69 694
69 719
69 758
69 826
69 838
69 872
69 925
69 956
69 959
70 78
70 90
70 186
70 205
70 214
70 246
70 281
70 295
70 368
70 416
70 519
70 530
70 639
70 662
70 680
70 755
70 783
70 862
70 892
70 908
71 125
71 168
71 185
71 275
71 279
71 313
71 460
71 518
71 535
71 673
71 679
71 699
71 708
71 728
71 739
72 96
72 98
72 108
72 117
72 184
72 201
72 318
72 329
72 337
72 359
72 589
72 627
72 671
72 682
72 720
72 729
72 802
72 805
72 937
73 112
73 125
73 129
73 163
73 170
73 217
73 227
73 260
73 281
73 363
73 388
73 407
73 470
73 498
73 500
73 502
73 526
73 528
73 537
73 541
73 549
73 565
73 624
73 651
73 672
73 692
73 733
73 752
73 756
73 761
73 768
73 781
73 819
73 833
73 846
73 883
73 895
73 899
73 953
74 157
74 173
74 294
74 401
74 560
74 575
74 584
74 609
74 663
74 747
74 770
74 780
74 792
74 798
74 887
74 981
75 95
75 111
75 119
75 129
75 130
75 148
75 160
75 162
75 174
75 177
75 191
75 258
75 299
75 309
75 371
75 390
75 397
75 421
75 440
75 473
75 476
75 524
75 537
75 553
75 562
75 563
75 564
75 595
75 631
75 638
75 645
75 655
75 673
75 690
75 718
75 789
75 811
75 822
75 852
75 866
75 883
75 886
75 894
75 898
75 900
75 928
75 947
75 968
75 969
76 101
76 138
76 166
76 183
76 203
76 211
76 221
76 307
76 399
76 405
76 429
76 431
76 441
76 489
76 582
76 593
76 608
76 691
76 794
76 821
76 832
76 833
76 924
76 927
76 977
77 162
77 172
77 198
77 381
77 482
77 576
77 585
77 626
77 723
77 779
77 906
77 932
77 948
77 968
77 990
78 90
78 156
78 205
78 246
78 295
78 485
78 536
78 554
78 617
78 621
78 639
78 662
78 755
78 783
78 834
78 871
78 892
78 908
78 950
79 185
79 213
79 264
79 279
79 349
79 358
79 423
79 460
79 525
79 628
79 642
79 702
79 704
79 728
79 733
79 739
79 761
79 800
79 820
79 865
79 886
79 900
79 941
79 986
79 993
79 999
80 266
80 269
80 274
80 458
80 489
80 534
80 611
80 640
80 817
80 826
80 872
80 925
80 956
81 166
81 286
81 303
81 370
81 400
81 420
81 438
81 610
81 637
81 664
81 718
81 807
81 899
81 909
82 278
82 346
82 357
82 498
82 536
82 601
82 624
82 685
82 726
82 751
82 758
82 772
82 958
82 993
83 101
83 118
83 129
83 137
83 143
83 166
83 183
83 211
83 221
83 307
83 349
83 382
83 399
83 405
83 423
83 429
83 431
83 441
83 466
83 491
83 504
83 593
83 608
83 680
83 691
83 739
83 832
83 833
83 893
83 910
83 929
84 109
84 134
84 234
84 262
84 270
84 324
84 433
84 468
84 503
84 573
84 581
84 587
84 611
84 769
84 801
84 821
84 849
84 976
84 982
84 987
85 135
85 179
85 308
85 325
85 406
85 456
85 504
85 511
85 539
85 543
85 591
85 604
85 615
85 642
85 687
85 698
85 715
85 741
85 753
85 774
85 786
85 843
85 878
85 948
85 952
85 972
86 109
86 134
86 234
86 262
86 270
86 276
86 305
86 324
86 343
86 468
86 473
86 503
86 536
86 548
86 583
86 587
86 717
86 755
86 769
86 801
86 821
86 849
86 865
86 987
86 998
87 197
87 282
87 353
87 414
87 494
87 590
87 692
87 708
87 779
87 903
87 910
87 967
87 970
88 102
88 147
88 240
88 254
88 289
88 305
88 356
88 369
88 373
88 391
88 397
88 408
88 414
88 441
88 457
88 478
88 492
88 505
88 575
88 583
88 771
88 808
88 814
88 902
89 110
89 117
89 138
89 155
89 270
89 340
89 411
89 433
89 474
89 515
89 538
89 559
89 584
89 611
89 612
89 775
89 787
89 791
89 797
89 817
89 864
89 885
89 943
89 973
90 205
90 214
90 250
90 554
90 559
90 585
90 617
90 639
90 662
90 755
90 812
90 845
90 892
90 908
91 165
91 200
91 210
91 444
91 445
91 470
91 494
91 590
91 594
91 705
91 735
91 759
91 803
91 823
91 903
92 99
92 116
92 119
92 131
92 136
92 155
92 165
92 170
92 212
92 231
92 276
92 372
92 380
92 383
92 404
92 416
92 418
92 434
92 437
92 451
92 479
92 518
92 568
92 574
92 588
92 650
92 678
92 686
92 724
92 812
92 827
92 834
92 848
92 917
92 924
92 937
93 142
93 159
93 178
93 199
93 214
93 333
93 525
93 575
93 595
93 629
93 644
93 824
93 872
93 907
93 973
93 988
94 226
94 303
94 320
94 370
94 400
94 462
94 526
94 568
94 582
94 660
94 664
94 758
94 807
94 902
94 909
94 920
95 111
95 129
95 148
95 177
95 186
95 258
95 317
95 350
95 362
95 388
95 390
95 397
95 403
95 422
95 429
95 433
95 476
95 509
95 539
95 562
95 631
95 638
95 655
95 690
95 700
95 718
95 757
95 789
95 822
95 866
95 894
95 898
95 947
96 108
96 117
96 137
96 156
96 184
96 318
96 329
96 337
96 341
96 359
96 377
96 466
96 655
96 671
96 682
96 729
96 787
96 809
96 829
96 841
97 171
97 285
97 352
97 410
97 426
97 557
97 603
97 707
97 799
97 822
97 905
97 914
97 935
98 273
98 282
98 321
98 355
98 381
98 464
98 493
98 651
98 689
98 880
98 994
99 116
99 131
99 155
99 278
99 312
99 380
99 568
99 574
99 588
99 634
99 681
99 686
99 812
99 827
99 836
100 188
100 222
100 306
100 322
100 519
100 549
100 788
100 874
101 118
101 162
101 166
101 183
101 203
101 211
101 220
101 221
101 239
101 307
101 349
101 399
101 403
101 405
101 413
101 429
101 431
101 441
101 511
101 592
101 593
101 608
101 656
101 680
101 691
101 774
101 825
101 829
101 832
101 833
101 893
101 899
101 910
101 921
101 929
101 952
101 977
102 116
102 147
102 240
102 254
102 289
102 334
102 340
102 369
102 373
102 492
102 494
102 560
102 570
102 575
102 583
102 595
102 624
102 771
102 808
102 817
102 881
103 109
103 134
103 234
103 262
103 270
103 281
103 324
103 331
103 415
103 468
103 473
103 548
103 587
103 717
103 769
103 801
103 821
103 873
103 987
103 996
104 186
104 248
104 332
104 335
104 356
104 415
104 461
104 635
104 682
104 705
104 712
104 721
104 893
104 904
104 931
104 946
105 122
105 221
105 263
105 300
105 367
105 678
105 684
105 740
105 830
105 847
105 861
105 864
105 887
105 939
106 206
106 215
106 371
106 417
106 520
106 602
106 716
106 795
106 860
106 876
106 974
107 193
107 291
107 352
107 509
107 623
107 737
107 747
107 764
107 830
107 979
108 117
108 121
108 184
108 246
108 318
108 329
108 443
108 584
108 602
108 645
108 671
108 802
108 805
108 809
109 134
109 230
109 234
109 237
109 249
109 262
109 270
109 290
109 305
109 324
109 331
109 343
109 354
109 438
109 475
109 486
109 488
109 503
109 513
109 517
109 556
109 591
109 677
109 717
109 742
109 769
109 801
109 821
109 840
109 849
109 918
109 929
109 943
109 966
109 987
110 133
110 138
110 193
110 210
110 239
110 244
110 354
110 360
110 418
110 433
110 535
110 538
110 584
110 612
110 766
110 772
110 775
110 831
110 933
110 982
110 993
111 125
111 129
111 130
111 148
111 162
111 174
111 177
111 201
111 258
111 332
111 350
111 351
111 371
111 390
111 399
111 403
111 411
111 429
111 522
111 531
111 562
111 564
111 572
111 621
111 631
111 645
111 657
111 690
111 718
111 789
111 791
111 809
111 811
111 822
111 830
111 866
111 888
111 894
111 898
111 928
111 947
111 981
111 996
112 209
112 314
112 491
112 523
112 688
112 701
112 746
112 868
112 894
113 180
113 365
113 366
113 397
113 533
113 688
113 707
113 726
113 727
113 743
113 898
113 941
113 961
113 963
114 155
114 168
114 219
114 220
114 226
114 252
114 264
114 288
114 293
114 302
114 327
114 328
114 342
114 347
114 440
114 463
114 466
114 499
114 503
114 508
114 539
114 551
114 586
114 597
114 640
114 732
114 779
114 810
114 816
114 823
114 859
114 866
114 875
114 889
114 919
114 938
114 940
114 973
114 985
114 986
114 995
115 120
115 160
115 207
115 233
115 297
115 382
115 387
115 450
115 506
115 561
115 706
115 738
115 840
115 855
115 858
115 876
115 879
115 899
116 119
116 131
116 165
116 170
116 215
116 295
116 312
116 323
116 341
116 367
116 380
116 383
116 404
116 437
116 449
116 451
116 459
116 493
116 521
116 565
116 568
116 574
116 588
116 595
116 620
116 628
116 650
116 678
116 686
116 695
116 703
116 800
116 812
116 827
116 834
116 836
116 848
116 886
116 891
116 902
116 915
116 917
116 937
116 944
117 318
117 329
117 337
117 432
117 443
117 569
117 671
117 682
117 729
117 802
117 805
117 809
118 166
118 183
118 211
118 221
118 299
118 378
118 380
118 399
118 405
118 413
118 431
118 441
118 466
118 593
118 608
118 656
118 675
118 680
118 832
118 833
118 893
118 921
118 930
118 935
118 977
119 131
119 136
119 150
119 155
119 165
119 170
119 278
119 336
119 404
119 418
119 437
119 451
119 561
119 574
119 624
119 650
119 686
119 812
119 827
119 834
119 836
119 843
119 846
119 848
119 852
119 913
119 915
119 917
119 936
119 937
120 160
120 207
120 387
120 450
120 529
120 667
120 747
120 812
120 882
120 956
120 998
121 167
121 199
121 644
121 655
121 724
121 782
121 907
121 977
121 988
122 128
122 146
122 164
122 214
122 263
122 367
122 377
122 497
122 533
122 547
122 683
122 684
122 740
122 830
122 864
122 939
123 167
123 182
123 192
123 411
123 412
123 700
123 804
123 948
124 128
124 146
124 205
124 259
124 263
124 318
124 378
124 497
124 551
124 666
124 683
124 740
124 864
124 939
125 135
125 162
125 163
125 227
125 247
125 280
125 288
125 357
125 363
125 388
125 412
125 470
125 498
125 499
125 500
125 510
125 526
125 528
125 541
125 549
125 551
125 624
125 672
125 692
125 733
125 752
125 761
125 768
125 781
125 816
125 848
125 864
125 883
125 890
125 990
126 153
126 183
126 208
126 223
126 319
126 414
126 632
126 636
126 719
126 725
126 731
127 143
127 161
127 296
127 297
127 363
127 413
127 607
127 638
127 667
127 678
127 687
127 727
127 785
127 934
127 946
127 984
128 146
128 223
128 247
128 263
128 266
128 433
128 497
128 548
128 660
128 666
128 683
128 740
128 830
128 847
128 864
128 871
128 939
128 985
129 130
129 148
129 162
129 177
129 201
129 262
129 309
129 351
129 371
129 390
129 397
129 430
129 440
129 450
129 476
129 562
129 564
129 572
129 578
129 631
129 638
129 645
129 646
129 655
129 657
129 673
129 690
129 718
129 789
129 811
129 822
129 866
129 888
129 894
129 898
129 928
129 947
129 981
130 148
130 162
130 177
130 258
130 329
130 338
130 366
130 371
130 476
130 562
130 572
130 655
130 690
130 710
130 789
130 822
130 873
130 888
130 894
130 996
131 136
131 150
131 155
131 165
131 170
131 216
131 244
131 249
131 264
131 312
131 336
131 380
131 383
131 404
131 411
131 427
131 437
131 449
131 479
131 493
131 521
131 568
131 574
131 588
131 620
131 639
131 650
131 678
131 686
131 695
131 747
131 787
131 812
131 827
131 836
131 882
131 891
131 917
131 918
131 937
131 944
131 954
131 982
132 174
132 175
132 177
132 197
132 218
132 224
132 253
132 316
132 386
132 480
132 486
132 544
132 546
132 572
132 605
132 608
132 632
132 649
132 661
132 728
132 730
132 743
132 755
132 829
132 836
132 967
133 172
133 265
133 351
133 396
133 448
133 517
133 524
133 557
133 564
133 573
133 618
133 677
133 766
133 806
133 869
133 880
133 885
133 904
134 185
134 193
134 228
134 234
134 237
134 249
134 270
134 271
134 276
134 281
134 305
134 324
134 468
134 473
134 486
134 488
134 503
134 513
134 548
134 556
134 570
134 571
134 587
134 595
134 628
134 717
134 742
134 762
134 769
134 789
134 801
134 821
134 849
134 854
134 880
134 889
134 987
134 996
135 136
135 141
135 234
135 280
135 295
135 298
135 331
135 362
135 388
135 393
135 498
135 526
135 528
135 541
135 549
135 567
135 582
135 591
135 672
135 675
135 692
135 761
135 768
135 817
135 819
135 890
136 155
136 170
136 231
136 261
136 366
136 372
136 380
136 383
136 404
136 463
136 479
136 515
136 521
136 532
136 568
136 588
136 595
136 605
136 620
136 650
136 657
136 678
136 700
136 761
136 775
136 783
136 827
136 834
136 836
136 886
136 917
136 918
136 937
136 954
136 956
137 158
137 182
137 209
137 216
137 277
137 315
137 323
137 361
137 504
137 550
137 715
137 965
138 140
138 151
138 205
138 239
138 243
138 244
138 324
138 335
138 340
138 354
138 360
138 433
138 435
138 464
138 487
138 515
138 529
138 538
138 559
138 611
138 622
138 643
138 697
138 757
138 772
138 775
138 779
138 787
138 814
138 817
138 831
138 861
138 868
138 885
138 894
138 973
138 982
139 239
139 251
139 257
139 268
139 284
139 373
139 393
139 460
139 531
139 551
139 578
139 636
139 674
139 675
139 712
139 767
139 778
139 793
139 839
139 897
139 902
139 905
139 930
139 976
139 979
140 239
140 244
140 310
140 345
140 497
140 529
140 538
140 562
140 772
140 896
140 973
141 187
141 215
141 228
141 259
141 260
141 266
141 274
141 310
141 316
141 421
141 430
141 477
141 520
141 536
141 567
141 605
141 621
141 679
141 749
141 813
141 913
141 920
141 968
141 996
142 159
142 306
142 333
142 484
142 529
142 601
142 633
142 644
142 654
142 659
142 782
142 824
142 860
142 907
142 948
142 988
142 991
143 164
143 202
143 206
143 217
143 226
143 296
143 297
143 385
143 401
143 482
143 577
143 596
143 607
143 667
143 748
143 763
143 777
143 829
143 871
143 927
143 957
144 173
144 186
144 234
144 242
144 248
144 259
144 332
144 335
144 461
144 635
144 714
144 721
144 780
144 846
144 904
144 946
145 168
145 170
145 220
145 222
145 252
145 264
145 270
145 293
145 297
145 347
145 371
145 509
145 717
145 779
145 810
145 816
145 841
145 875
145 938
145 985
145 986
145 992
146 250
146 367
146 377
146 666
146 686
146 693
146 740
146 765
146 781
146 830
146 864
146 939
146 947
147 253
147 289
147 361
147 369
147 373
147 391
147 408
147 414
147 478
147 497
147 575
147 646
147 676
147 739
147 771
147 808
147 814
147 837
147 848
147 881
148 174
148 177
148 258
148 371
148 390
148 397
148 476
148 499
148 562
148 564
148 572
148 576
148 645
148 657
148 673
148 690
148 705
148 737
148 789
148 822
148 866
148 888
148 894
148 898
148 904
148 925
148 928
148 947
148 975
148 981
149 155
149 191
149 338
149 430
149 432
149 471
149 580
149 658
149 697
149 746
149 801
149 838
149 843
149 894
149 895
149 916
149 959
150 155
150 192
150 272
150 278
150 312
150 345
150 372
150 383
150 568
150 574
150 588
150 620
150 650
150 676
150 678
150 812
150 827
150 836
150 917
151 194
151 233
151 284
151 290
151 325
151 338
151 457
151 471
151 547
151 563
151 566
151 580
151 645
151 652
151 658
151 784
151 839
151 883
151 895
151 916
151 955
151 959
152 283
152 339
152 378
152 389
152 394
152 527
152 542
152 552
152 614
152 646
152 734
152 762
152 765
152 852
152 858
152 863
153 208
153 223
153 466
153 612
153 624
153 632
153 645
153 719
153 725
153 731
153 862
153 955
154 164
154 189
154 201
154 204
154 242
154 265
154 280
154 285
154 379
154 388
154 425
154 428
154 431
154 447
154 465
154 472
154 490
154 501
154 512
154 514
154 536
154 537
154 589
154 608
154 614
154 625
154 668
154 685
154 708
154 744
154 756
154 785
154 788
154 878
154 934
154 960
154 962
155 169
155 170
155 278
155 279
155 312
155 336
155 352
155 372
155 373
155 380
155 383
155 404
155 418
155 437
155 449
155 451
155 459
155 479
155 493
155 521
155 557
155 568
155 577
155 588
155 595
155 620
155 678
155 686
155 695
155 734
155 798
155 803
155 834
155 836
155 848
155 882
155 891
155 915
155 917
155 918
155 944
155 954
155 962
155 989
156 198
156 311
156 409
156 428
156 436
156 453
156 482
156 576
156 648
156 818
156 906
156 923
156 932
156 990
157 294
157 302
157 342
157 383
157 570
157 609
157 657
157 663
157 736
157 770
157 780
158 201
158 361
158 504
158 550
158 592
158 661
158 879
158 965
159 253
159 279
159 333
159 359
159 431
159 484
159 617
159 633
159 824
159 860
159 907
159 911
159 988
160 207
160 233
160 312
160 382
160 387
160 450
160 562
160 632
160 662
160 686
160 706
160 777
160 824
160 840
160 855
160 876
160 879
160 882
161 169
161 190
161 196
161 304
161 341
161 360
161 365
161 366
161 424
161 435
161 452
161 457
161 504
161 523
161 538
161 540
161 572
161 594
161 597
161 656
161 673
161 675
161 676
161 708
161 759
161 834
161 835
161 856
161 926
161 942
161 958
161 966
161 969
161 988
162 177
162 193
162 258
162 281
162 309
162 340
162 350
162 357
162 371
162 390
162 397
162 403
162 440
162 470
162 476
162 497
162 563
162 564
162 572
162 638
162 655
162 657
162 667
162 690
162 704
162 718
162 760
162 789
162 811
162 822
162 866
162 888
162 894
162 898
162 928
162 947
162 981
162 999
163 178
163 191
163 213
163 247
163 257
163 269
163 304
163 363
163 370
163 470
163 498
163 500
163 510
163 518
163 526
163 528
163 541
163 549
163 562
163 565
163 624
163 672
163 692
163 720
163 733
163 761
163 768
163 781
163 810
164 189
164 195
164 201
164 204
164 235
164 242
164 265
164 285
164 369
164 379
164 422
164 425
164 428
164 439
164 447
164 465
164 472
164 490
164 512
164 514
164 529
164 537
164 589
164 606
164 622
164 659
164 668
164 685
164 720
164 744
164 756
164 785
164 788
164 832
164 844
164 934
164 945
164 962
165 170
165 278
165 284
165 372
165 383
165 404
165 493
165 521
165 528
165 540
165 588
165 650
165 688
165 720
165 827
165 834
165 836
165 848
165 909
165 918
165 937
165 944
166 211
166 221
166 224
166 347
166 399
166 405
166 431
166 608
166 704
166 720
166 820
166 832
166 833
166 849
166 893
166 937
167 170
167 171
167 182
167 264
167 267
167 310
167 367
167 409
167 411
167 412
167 429
167 438
167 466
167 609
167 643
167 654
167 665
167 700
167 710
167 804
167 962
168 170
168 219
168 220
168 231
168 236
168 252
168 254
168 255
168 264
168 293
168 327
168 328
168 347
168 387
168 499
168 503
168 508
168 539
168 586
168 673
168 732
168 759
168 760
168 765
168 779
168 810
168 815
168 816
168 842
168 859
168 864
168 875
168 910
168 919
168 938
168 940
168 981
168 985
168 986
168 992
168 995
169 196
169 304
169 331
169 366
169 416
169 435
169 452
169 534
169 540
169 587
169 621
169 676
169 850
169 958
170 183
170 189
170 191
170 278
170 312
170 315
170 340
170 345
170 350
170 372
170 380
170 383
170 398
170 404
170 437
170 451
170 479
170 521
170 530
170 568
170 574
170 620
170 650
170 678
170 686
170 695
170 721
170 812
170 827
170 836
170 848
170 862
170 891
170 915
170 917
170 918
170 937
170 944
170 954
171 178
171 318
171 323
171 330
171 386
171 404
171 426
171 526
171 603
171 799
171 857
171 894
171 914
171 931
172 194
172 237
172 352
172 463
172 690
172 704
172 901
172 944
173 177
173 301
173 345
173 375
173 555
173 613
173 653
173 938
173 975
173 983
174 216
174 218
174 258
174 371
174 390
174 440
174 563
174 564
174 572
174 603
174 655
174 673
174 769
174 789
174 811
174 822
174 866
174 888
174 894
174 905
174 947
174 981
175 197
175 218
175 224
175 253
175 386
175 398
175 445
175 480
175 546
175 584
175 661
175 690
175 703
175 743
175 803
175 829
175 916
175 947
175 995
176 250
176 258
176 292
176 297
176 346
176 367
176 468
176 580
176 870
176 939
176 941
177 258
177 299
177 329
177 350
177 371
177 397
177 403
177 423
177 440
177 454
177 476
177 477
177 483
177 549
177 562
177 564
177 572
177 631
177 638
177 641
177 645
177 655
177 657
177 673
177 690
177 712
177 718
177 789
177 811
177 822
177 828
177 831
177 888
177 894
177 928
177 947
177 981
178 286
178 299
178 303
178 320
178 370
178 400
178 420
178 610
178 664
178 833
178 909
179 192
179 308
179 325
179 366
179 406
179 456
179 488
179 511
179 543
179 588
179 591
179 604
179 615
179 616
179 641
179 642
179 651
179 696
179 698
179 715
179 732
179 741
179 753
179 786
179 834
179 843
179 878
179 938
179 952
179 971
179 972
179 973
180 199
180 256
180 365
180 368
180 436
180 533
180 558
180 707
180 727
180 863
180 963
181 229
181 344
181 347
181 427
181 487
181 503
181 824
181 835
181 837
181 936
181 941
181 949
181 951
181 989
182 267
182 310
182 363
182 411
182 412
182 511
182 548
182 620
182 626
182 654
182 710
182 804
182 889
182 922
182 948
182 967
183 203
183 211
183 221
183 258
183 307
183 349
183 405
183 413
183 431
183 467
183 487
183 593
183 608
183 656
183 680
183 691
183 832
183 833
183 893
183 921
183 929
184 195
184 268
184 318
184 329
184 337
184 359
184 443
184 682
184 729
184 793
184 802
184 809
184 951
184 991
184 992
185 213
185 214
185 279
185 331
185 358
185 423
185 455
185 460
185 518
185 525
185 529
185 535
185 569
185 628
185 630
185 642
185 699
185 704
185 709
185 800
185 803
185 820
185 858
185 864
185 865
185 889
185 991
185 993
185 997
185 999
186 248
186 332
186 436
186 461
186 546
186 686
186 721
186 904
186 911
186 946
186 952
187 215
187 228
187 259
187 266
187 316
187 337
187 421
187 466
187 497
187 536
187 567
187 654
187 713
187 813
187 896
187 913
187 968
187 992
188 222
188 322
188 336
188 339
188 359
188 605
188 724
188 774
188 776
188 927
189 193
189 265
189 276
189 285
189 309
189 379
189 422
189 423
189 425
189 428
189 447
189 472
189 490
189 506
189 512
189 537
189 589
189 605
189 606
189 668
189 685
189 720
189 744
189 756
189 775
189 785
189 803
189 923
189 934
189 945
189 960
189 962
189 1000
190 259
190 341
190 366
190 400
190 416
190 435
190 523
190 571
190 594
190 676
190 708
190 926
191 196
191 198
191 201
191 241
191 273
191 384
191 539
191 669
191 758
191 961
191 971
191 1000
192 267
192 399
192 411
192 412
192 602
192 670
192 693
192 700
192 717
192 804
192 889
192 922
192 948
193 194
193 300
193 623
193 739
193 764
193 871
193 901
193 986
193 987
194 300
194 321
194 352
194 362
194 395
194 481
194 509
194 612
194 737
194 764
194 804
194 834
194 901
194 914
194 943
194 986
195 201
195 242
195 265
195 276
195 285
195 373
195 379
195 397
195 413
195 422
195 425
195 428
195 447
195 448
195 472
195 490
195 512
195 514
195 537
195 566
195 584
195 589
195 606
195 744
195 783
195 785
195 788
195 808
195 830
195 934
195 945
195 960
195 962
196 217
196 304
196 341
196 366
196 416
196 424
196 435
196 445
196 452
196 523
196 534
196 540
196 576
196 594
196 661
196 708
196 759
196 788
196 835
196 856
196 893
196 926
196 969
197 218
197 224
197 227
197 386
197 398
197 455
197 480
197 546
197 580
197 661
197 790
197 829
197 873
197 893
197 990
198 311
198 332
198 453
198 482
198 507
198 576
198 648
198 723
198 763
198 906
198 932
199 333
199 484
199 582
199 644
199 659
199 680
199 782
199 824
199 860
199 907
199 935
199 936
199 956
199 988
199 991
200 210
200 296
200 354
200 444
200 445
200 463
200 541
200 577
200 590
200 705
200 735
200 780
200 853
200 891
200 970
201 204
201 241
201 259
201 285
201 379
201 386
201 422
201 428
201 447
201 465
201 490
201 512
201 514
201 589
201 606
201 625
201 685
201 720
201 744
201 756
201 785
201 788
201 836
201 845
201 850
201 934
201 945
201 960
201 961
201 962
202 288
202 344
202 364
202 427
202 552
202 564
202 680
202 804
202 936
202 949
202 951
203 221
203 307
203 349
203 376
203 399
203 405
203 431
203 444
203 466
203 511
203 568
203 593
203 608
203 680
203 691
203 832
203 833
203 875
203 951
204 237
204 265
204 422
204 428
204 447
204 512
204 532
204 685
204 785
204 889
204 960
205 214
205 246
205 250
205 286
205 295
205 340
205 354
205 355
205 544
205 617
205 639
205 646
205 662
205 755
205 760
205 822
205 892
205 908
205 918
205 949
205 950
206 235
206 316
206 394
206 417
206 426
206 520
206 539
206 561
206 611
206 716
206 785
207 215
207 363
207 382
207 387
207 450
207 654
207 738
207 752
207 769
207 784
207 840
207 855
207 876
207 879
207 899
207 958
207 998
208 223
208 270
208 319
208 407
208 437
208 502
208 632
208 643
208 719
208 731
208 815
209 234
209 348
209 434
209 524
209 688
209 743
209 746
209 812
209 868
209 897
209 916
209 978
210 316
210 353
210 445
210 452
210 494
210 590
210 619
210 681
210 705
210 735
210 764
210 779
210 809
210 823
210 844
210 853
210 903
210 970
211 221
211 307
211 322
211 334
211 349
211 385
211 387
211 399
211 405
211 429
211 431
211 438
211 441
211 466
211 473
211 531
211 591
211 593
211 656
211 665
211 680
211 691
211 832
211 833
211 893
211 910
211 921
211 995
212 282
212 321
212 464
212 689
212 880
212 908
212 916
212 994
213 272
213 279
213 331
213 423
213 456
213 460
213 525
213 532
213 535
213 563
213 598
213 642
213 699
213 709
213 728
213 739
213 776
213 800
213 803
213 820
213 854
213 896
213 900
213 915
213 942
213 993
213 994
213 997
213 999
214 246
214 250
214 295
214 355
214 554
214 617
214 639
214 662
214 691
214 725
214 755
214 862
214 908
214 950
215 228
215 259
215 266
215 274
215 316
215 330
215 374
215 536
215 567
215 713
215 749
215 838
215 913
215 920
215 968
216 271
216 318
216 361
216 381
216 504
216 550
216 582
216 965
217 297
217 364
217 379
217 401
217 596
217 607
217 617
217 634
217 696
217 752
217 763
217 777
217 957
217 984
218 224
218 234
218 253
218 386
218 398
218 451
218 480
218 524
218 546
218 649
218 661
218 743
218 782
218 790
218 829
218 855
218 895
218 912
218 967
219 255
219 264
219 327
219 383
219 556
219 685
219 738
219 740
219 779
219 810
219 816
219 919
219 938
219 940
219 985
219 986
219 999
220 231
220 240
220 255
220 264
220 288
220 302
220 307
220 328
220 347
220 437
220 508
220 539
220 587
220 597
220 779
220 810
220 850
220 859
220 916
220 919
220 938
220 940
220 976
220 985
220 995
221 307
221 344
221 405
221 429
221 462
221 466
221 608
221 656
221 679
221 680
221 691
221 703
221 761
221 832
221 833
221 836
221 893
221 929
221 960
221 980
222 386
222 453
222 724
222 750
222 874
223 319
223 407
223 445
223 632
223 646
223 719
223 720
223 725
223 731
224 253
224 287
224 386
224 398
224 480
224 546
224 564
224 566
224 649
224 661
224 668
224 703
224 730
224 790
224 802
224 818
224 829
224 873
224 930
224 983
225 306
225 340
225 341
225 366
225 416
225 433
225 435
225 452
225 540
225 594
225 621
225 623
225 676
225 708
225 759
225 958
225 966
225 984
226 231
226 252
226 255
226 264
226 288
226 293
226 302
226 327
226 341
226 347
226 372
226 420
226 539
226 586
226 633
226 732
226 765
226 779
226 810
226 816
226 838
226 842
226 875
226 892
226 919
226 940
226 958
226 985
226 986
226 995
227 247
227 280
227 285
227 363
227 489
227 498
227 526
227 538
227 567
227 608
227 635
227 672
227 750
227 752
227 768
227 819
227 883
227 992
228 316
228 391
228 456
228 554
228 605
228 913
228 968
229 295
229 344
229 427
229 552
229 579
229 816
229 936
229 949
229 989
230 234
230 262
230 270
230 324
230 362
230 421
230 468
230 473
230 486
230 488
230 503
230 513
230 548
230 556
230 571
230 587
230 635
230 649
230 762
230 769
230 801
230 813
230 821
230 849
230 863
230 885
230 987
231 302
231 347
231 586
231 630
231 662
231 753
231 779
231 810
231 816
231 919
231 938
231 985
231 986
231 995
232 287
232 301
232 304
232 369
232 419
232 467
232 541
232 555
232 574
232 613
232 653
232 664
232 885
232 975
233 284
233 290
233 457
233 471
233 580
233 658
233 697
233 925
233 955
233 995
234 262
234 270
234 276
234 281
234 305
234 324
234 331
234 473
234 486
234 488
234 503
234 512
234 526
234 548
234 571
234 574
234 587
234 592
234 742
234 769
234 783
234 801
234 810
234 821
234 849
234 981
234 987
234 996
235 417
235 503
235 520
235 561
235 602
235 684
235 795
235 811
235 974
236 292
236 346
236 366
236 443
236 601
236 753
236 848
237 252
237 262
237 270
237 305
237 324
237 343
237 468
237 486
237 503
237 548
237 556
237 571
237 587
237 660
237 680
237 717
237 731
237 742
237 762
237 769
237 785
237 821
237 883
237 936
237 987
237 996
238 279
238 423
238 460
238 535
238 558
238 642
238 699
238 728
238 739
238 800
238 803
238 820
238 900
238 986
238 999
239 244
239 288
239 304
239 360
239 374
239 433
239 474
239 490
239 513
239 515
239 538
239 559
239 584
239 596
239 612
239 643
239 651
239 756
239 757
239 775
239 787
239 795
239 831
239 839
239 845
239 885
239 896
239 913
239 964
239 973
239 982
240 281
240 289
240 369
240 414
240 478
240 586
240 771
240 980
241 339
241 495
241 537
241 669
241 741
241 758
241 773
241 846
241 908
241 961
241 978
241 1000
242 379
242 383
242 422
242 428
242 490
242 512
242 537
242 606
242 685
242 686
242 785
242 788
242 863
242 934
242 960
243 340
243 354
243 360
243 515
243 529
243 538
243 584
243 750
243 787
243 831
243 885
243 933
244 257
244 287
244 340
244 354
244 360
244 377
244 385
244 469
244 515
244 523
244 529
244 538
244 559
244 584
244 611
244 612
244 622
244 677
244 741
244 749
244 762
244 772
244 775
244 791
244 797
244 817
244 822
244 845
244 896
244 933
244 943
244 973
244 982
245 368
245 447
245 465
245 553
245 579
245 598
245 599
245 884
246 384
246 554
246 617
246 662
246 755
246 760
246 821
246 826
246 892
246 908
246 929
246 947
247 298
247 325
247 357
247 400
247 404
247 470
247 528
247 541
247 549
247 661
247 672
247 692
247 742
247 761
247 768
247 781
247 898
247 931
248 289
248 334
248 335
248 356
248 607
248 635
248 714
248 721
248 846
248 847
248 904
248 911
248 946
249 262
249 331
249 509
249 513
249 548
249 571
249 587
249 801
249 821
249 849
249 902
249 987
250 355
250 359
250 393
250 554
250 617
250 639
250 662
250 755
250 772
250 849
250 892
251 257
251 268
251 393
251 426
251 531
251 578
251 675
251 712
251 739
251 821
251 839
252 264
252 288
252 305
252 347
252 401
252 586
252 601
252 616
252 732
252 779
252 810
252 815
252 816
252 847
252 859
252 875
252 938
252 983
252 985
252 995
253 274
253 386
253 398
253 546
253 629
253 649
253 720
253 730
253 743
253 790
253 796
253 818
253 873
253 967
254 346
254 365
254 369
254 391
254 414
254 549
254 575
254 583
254 769
254 771
254 814
254 837
254 899
254 962
255 264
255 327
255 328
255 508
255 559
255 612
255 673
255 717
255 810
255 859
255 875
255 919
255 936
255 938
255 986
255 995
256 270
256 365
256 513
256 533
256 571
256 726
256 727
256 961
256 963
257 268
257 393
257 531
257 551
257 578
257 674
257 675
257 739
257 778
257 839
257 897
257 902
257 905
257 945
258 309
258 350
258 371
258 397
258 403
258 407
258 412
258 440
258 476
258 540
258 562
258 563
258 564
258 572
258 588
258 610
258 631
258 645
258 663
258 673
258 686
258 690
258 697
258 718
258 789
258 811
258 822
258 866
258 888
258 898
258 928
258 947
258 959
258 981
259 316
259 424
259 536
259 567
259 612
259 618
259 713
259 779
259 813
259 913
259 947
260 270
260 280
260 298
260 324
260 363
260 498
260 500
260 502
260 510
260 541
260 549
260 582
260 605
260 692
260 752
260 761
260 768
260 781
260 800
260 883
260 890
261 405
261 483
261 516
261 519
261 709
261 711
261 754
261 883
261 912
261 924
262 270
262 276
262 305
262 331
262 343
262 369
262 383
262 468
262 473
262 486
262 503
262 513
262 548
262 556
262 571
262 587
262 669
262 717
262 726
262 762
262 790
262 802
262 817
262 821
262 849
262 903
262 925
262 940
262 987
262 996
263 326
263 367
263 377
263 378
263 470
263 497
263 594
263 666
263 683
263 684
263 693
263 740
263 813
263 847
263 864
263 915
263 926
263 932
263 939
264 288
264 293
264 317
264 327
264 328
264 331
264 347
264 499
264 504
264 508
264 519
264 539
264 616
264 732
264 765
264 779
264 810
264 815
264 830
264 842
264 859
264 875
264 919
264 937
264 938
264 940
264 985
264 986
264 992
264 995
265 379
265 422
265 425
265 465
265 472
265 481
265 490
265 512
265 528
265 535
265 565
265 589
265 606
265 685
265 756
265 774
265 785
265 788
265 934
265 962
266 316
266 344
266 430
266 536
266 567
266 605
266 713
266 800
266 813
266 913
267 310
267 355
267 409
267 412
267 491
267 532
267 838
267 922
267 948
268 285
268 383
268 393
268 516
268 531
268 551
268 582
268 636
268 674
268 675
268 712
268 767
268 837
268 839
268 902
268 930
269 272
269 466
269 584
269 592
269 625
269 640
269 669
269 694
269 717
269 826
269 838
269 839
269 865
269 872
269 925
269 956
269 961
270 271
270 276
270 281
270 290
270 302
270 305
270 321
270 324
270 331
270 343
270 431
270 468
270 473
270 486
270 488
270 503
270 513
270 556
270 571
270 587
270 631
270 717
270 742
270 762
270 767
270 769
270 801
270 821
270 931
270 987
270 996
271 500
271 502
271 751
271 870
271 941
272 458
272 592
272 625
272 640
272 656
272 694
272 810
272 838
272 865
272 872
272 956
273 307
273 374
273 495
273 669
273 722
273 773
273 794
273 841
273 961
273 1000
274 306
274 316
274 353
274 421
274 461
274 566
274 567
274 713
274 968
275 279
275 330
275 410
275 426
275 562
275 603
275 679
275 799
275 828
275 872
275 911
275 914
275 931
275 935
276 281
276 305
276 331
276 468
276 473
276 486
276 503
276 548
276 587
276 627
276 678
276 713
276 769
276 801
276 821
276 987
277 315
277 361
277 449
277 460
277 504
277 550
277 583
277 604
277 965
277 986
278 310
278 312
278 336
278 341
278 343
278 372
278 380
278 383
278 394
278 404
278 408
278 418
278 437
278 449
278 451
278 476
278 479
278 493
278 521
278 568
278 574
278 588
278 620
278 650
278 652
278 678
278 686
278 695
278 702
278 704
278 706
278 730
278 812
278 827
278 834
278 836
278 848
278 882
278 886
278 891
278 909
278 917
278 918
278 944
278 954
278 970
279 302
279 313
279 358
279 371
279 380
279 423
279 455
279 460
279 467
279 469
279 528
279 530
279 532
279 535
279 569
279 585
279 628
279 642
279 655
279 699
279 702
279 704
279 709
279 739
279 747
279 801
279 803
279 820
279 822
279 854
279 862
279 899
279 900
279 945
279 980
279 993
279 997
279 999
280 383
280 510
280 526
280 528
280 541
280 582
280 672
280 690
280 731
280 752
280 761
280 819
280 862
280 883
281 331
281 343
281 379
281 447
281 468
281 473
281 503
281 587
281 596
281 672
281 717
281 742
281 762
281 769
281 782
281 786
281 801
281 849
281 987
282 321
282 327
282 381
282 395
282 464
282 627
282 719
282 880
282 917
282 994
283 339
283 352
283 369
283 384
283 389
283 394
283 468
283 542
283 583
283 591
283 646
283 734
283 742
283 745
283 789
283 794
283 829
283 852
283 858
283 863
283 879
283 976
283 979
284 290
284 338
284 391
284 457
284 462
284 471
284 566
284 643
284 652
284 658
284 672
284 772
284 784
284 871
284 907
284 951
284 955
285 357
285 379
285 422
285 447
285 490
285 514
285 537
285 566
285 685
285 744
285 756
285 785
285 788
285 916
285 934
285 945
285 962
285 965
286 303
286 370
286 400
286 407
286 452
286 491
286 500
286 512
286 610
286 664
286 807
286 874
286 909
287 354
287 385
287 433
287 515
287 529
287 538
287 559
287 611
287 787
287 827
287 831
287 861
287 885
287 896
287 943
287 973
288 320
288 328
288 347
288 358
288 393
288 499
288 508
288 539
288 549
288 559
288 600
288 694
288 732
288 779
288 810
288 815
288 816
288 875
288 919
288 938
288 985
288 986
288 995
289 347
289 369
289 373
289 375
289 408
289 448
289 771
289 808
289 814
289 816
290 329
290 338
290 377
290 457
290 534
290 547
290 566
290 580
290 652
290 658
290 686
290 697
290 955
290 989
291 402
291 522
291 530
291 545
291 647
291 665
291 685
291 793
291 819
291 877
291 994
292 346
292 477
292 541
292 601
292 751
292 756
292 870
293 302
293 327
293 328
293 347
293 421
293 539
293 586
293 625
293 732
293 779
293 815
293 816
293 821
293 842
293 875
293 899
293 919
293 940
293 985
293 986
293 995
294 490
294 533
294 560
294 570
294 609
294 663
294 686
294 736
294 757
294 790
294 798
294 887
294 920
295 355
295 460
295 521
295 554
295 560
295 617
295 639
295 662
295 682
295 755
295 760
295 783
295 908
295 950
295 955
296 297
296 322
296 355
296 364
296 371
296 390
296 401
296 478
296 568
296 596
296 607
296 634
296 667
296 699
296 748
296 752
296 763
296 777
296 780
296 953
296 957
296 984
297 345
297 364
297 401
297 485
297 596
297 600
297 607
297 637
297 651
297 667
297 748
297 777
297 785
297 871
297 953
297 957
297 960
297 984
297 995
298 357
298 358
298 386
298 470
298 489
298 495
298 498
298 500
298 502
298 526
298 528
298 541
298 549
298 565
298 624
298 672
298 733
298 768
298 772
298 781
298 819
298 824
298 890
298 959
298 999
299 309
299 371
299 397
299 476
299 562
299 564
299 583
299 603
299 631
299 657
299 673
299 690
299 708
299 789
299 820
299 822
299 826
299 850
299 854
299 866
299 894
299 898
299 947
299 975
299 981
299 983
300 360
300 395
300 509
300 621
300 623
300 702
300 737
300 901
300 923
301 345
301 467
301 563
301 613
301 677
301 799
301 975
302 326
302 345
302 476
302 539
302 586
302 779
302 810
302 815
302 816
302 842
302 875
302 938
302 940
302 985
302 986
302 992
302 995
303 320
303 370
303 400
303 420
303 462
303 561
303 610
303 664
303 807
303 851
304 323
304 366
304 416
304 424
304 435
304 452
304 479
304 494
304 523
304 534
304 540
304 594
304 597
304 606
304 621
304 754
304 759
304 856
304 926
304 934
304 942
304 958
304 966
305 308
305 450
305 486
305 503
305 548
305 587
305 622
305 728
305 738
305 742
305 801
305 821
305 851
305 987
306 375
306 404
306 436
306 443
306 448
306 724
306 774
306 815
306 874
307 349
307 359
307 399
307 405
307 413
307 431
307 441
307 450
307 466
307 593
307 608
307 656
307 680
307 691
307 790
307 831
307 832
307 833
307 893
307 905
307 929
307 977
307 987
308 314
308 346
308 357
308 406
308 456
308 486
308 511
308 591
308 604
308 615
308 698
308 715
308 753
308 786
308 843
308 878
308 952
308 971
308 972
309 444
309 562
309 564
309 565
309 645
309 673
309 690
309 789
309 822
309 891
309 894
309 923
309 947
310 411
310 593
310 654
310 700
310 804
310 889
310 922
310 948
311 312
311 345
311 498
311 508
311 648
311 723
311 932
311 990
312 336
312 347
312 372
312 380
312 383
312 390
312 391
312 404
312 437
312 451
312 459
312 463
312 479
312 493
312 521
312 568
312 574
312 588
312 620
312 623
312 650
312 678
312 686
312 710
312 812
312 821
312 823
312 827
312 834
312 836
312 848
312 882
312 886
312 891
312 915
312 917
312 944
313 395
313 423
313 455
313 460
313 518
313 532
313 535
313 560
313 642
313 699
313 702
313 704
313 728
313 738
313 739
313 747
313 800
313 803
313 854
313 900
313 938
313 950
313 980
313 993
313 999
314 348
314 408
314 434
314 491
314 688
314 701
314 746
314 774
314 803
315 339
315 504
315 550
315 965
316 421
316 430
316 536
316 567
316 605
316 713
316 749
316 761
316 813
316 820
316 906
316 920
316 968
317 325
317 383
317 455
317 511
317 512
317 529
317 564
317 591
317 615
317 641
317 687
317 696
317 715
317 728
317 741
317 753
317 832
317 843
317 952
317 971
317 979
318 337
318 359
318 443
318 584
318 671
318 682
318 729
318 802
318 805
318 809
318 877
318 999
319 322
319 407
319 460
319 698
319 721
319 725
319 731
319 737
319 761
319 921
320 370
320 420
320 582
320 588
320 610
320 664
320 818
320 841
320 909
320 913
321 381
321 464
321 542
321 594
321 689
321 880
321 881
321 941
321 994
322 375
322 658
322 724
322 797
322 874
322 966
322 979
323 330
323 395
323 410
323 414
323 426
323 452
323 591
323 603
323 653
323 679
323 799
323 828
323 857
323 892
323 914
323 935
323 971
324 463
324 466
324 468
324 473
324 486
324 548
324 556
324 571
324 587
324 597
324 717
324 769
324 783
324 821
324 836
325 328
325 401
325 406
325 456
325 507
325 511
325 543
325 591
325 615
325 616
325 641
325 651
325 687
325 698
325 715
325 718
325 741
325 753
325 786
325 823
325 843
325 874
325 878
325 952
325 971
325 976
326 331
326 378
326 389
326 408
326 434
326 497
326 666
326 681
326 683
326 693
326 830
326 843
326 847
326 889
326 939
327 328
327 413
327 516
327 539
327 549
327 577
327 732
327 779
327 810
327 815
327 816
327 842
327 938
327 940
327 985
327 986
328 347
328 416
328 430
328 539
328 570
328 586
328 685
328 732
328 735
328 815
328 816
328 919
328 940
328 985
328 986
328 992
328 995
329 337
329 359
329 556
329 671
329 688
329 805
329 809
329 821
330 410
330 528
330 540
330 561
330 615
330 672
330 679
330 828
330 851
330 857
330 914
330 935
331 343
331 408
331 473
331 486
331 503
331 513
331 548
331 571
331 587
331 725
331 769
331 803
331 821
331 981
331 987
331 996
332 335
332 356
332 372
332 461
332 473
332 620
332 635
332 643
332 714
332 721
332 783
332 801
332 846
332 911
332 962
332 978
333 484
333 510
333 600
333 633
333 644
333 659
333 667
333 697
333 809
333 824
333 907
333 970
333 988
334 373
334 408
334 478
334 505
334 575
334 583
334 628
334 655
334 674
334 771
334 881
334 907
335 356
335 461
335 534
335 721
335 755
335 761
335 805
335 846
335 904
335 917
336 340
336 360
336 404
336 418
336 437
336 449
336 482
336 521
336 574
336 595
336 678
336 686
336 695
336 713
336 812
336 827
336 834
336 836
336 848
337 372
337 398
337 443
337 602
337 671
337 682
337 729
337 802
337 809
337 834
337 884
338 376
338 432
338 471
338 486
338 652
338 658
338 779
338 784
338 959
339 394
339 480
339 527
339 542
339 595
339 614
339 637
339 734
339 745
339 791
339 852
339 976
339 979
340 354
340 360
340 385
340 427
340 515
340 529
340 538
340 559
340 584
340 611
340 612
340 772
340 775
340 787
340 810
340 825
340 831
340 845
340 861
341 342
341 416
341 424
341 435
341 497
341 534
341 540
341 650
341 676
341 707
341 708
341 835
341 887
341 926
341 958
341 969
341 976
342 560
342 574
342 609
342 736
342 753
342 780
342 792
342 798
342 887
342 963
343 364
343 468
343 473
343 486
343 503
343 548
343 561
343 587
343 717
343 769
343 781
343 801
343 987
343 996
344 487
344 552
344 628
344 799
344 936
344 949
344 951
344 989
345 372
345 382
345 419
345 424
345 467
345 490
345 540
345 555
345 613
345 681
345 938
345 975
346 358
346 470
346 631
346 791
346 870
346 941
347 436
347 470
347 499
347 539
347 558
347 586
347 725
347 765
347 779
347 789
347 810
347 815
347 816
347 842
347 859
347 875
347 906
347 938
347 940
347 950
347 985
347 995
348 434
348 435
348 463
348 491
348 636
348 688
348 746
348 833
348 868
349 405
349 505
349 593
349 608
349 636
349 664
349 691
349 713
349 832
349 833
349 921
349 940
350 371
350 405
350 413
350 440
350 470
350 550
350 562
350 612
350 645
350 655
350 690
350 718
350 778
350 789
350 866
350 894
350 898
350 943
350 947
351 392
351 448
351 517
351 524
351 573
351 661
351 677
351 721
351 766
351 820
352 395
352 509
352 625
352 737
352 747
352 901
353 445
353 494
353 501
353 577
353 589
353 590
353 619
353 681
353 687
353 705
353 735
353 766
353 823
353 844
353 852
353 853
353 872
353 903
353 924
353 970
353 986
354 360
354 385
354 473
354 474
354 529
354 538
354 559
354 576
354 584
354 614
354 622
354 643
354 679
354 720
354 772
354 787
354 791
354 817
354 831
354 885
354 895
354 896
354 933
354 943
354 964
354 973
354 982
355 363
355 554
355 639
355 662
355 676
355 755
355 783
355 794
355 862
355 892
355 908
355 917
355 950
356 461
356 699
356 714
356 801
356 811
356 846
356 898
356 904
356 911
356 946
357 399
357 470
357 498
357 500
357 526
357 528
357 541
357 624
357 646
357 672
357 768
357 781
357 883
358 423
358 438
358 460
358 628
358 633
358 642
358 699
358 702
358 728
358 739
358 803
358 820
358 980
358 998
358 999
359 432
359 443
359 671
359 682
359 805
359 809
360 385
360 433
360 474
360 515
360 527
360 528
360 529
360 538
360 599
360 611
360 612
360 622
360 670
360 741
360 750
360 757
360 772
360 775
360 787
360 791
360 797
360 810
360 831
360 845
360 850
360 851
360 861
360 901
360 927
360 933
360 943
360 964
360 973
360 982
361 504
361 519
361 550
361 567
361 794
361 833
361 847
361 965
362 395
362 421
362 435
362 501
362 509
362 573
362 593
362 623
362 764
362 901
363 396
363 489
363 500
363 528
363 541
363 549
363 582
363 624
363 672
363 752
363 761
363 768
363 781
363 949
363 951
364 596
364 600
364 607
364 621
364 634
364 637
364 661
364 667
364 691
364 743
364 748
364 763
364 777
364 779
364 804
364 940
364 953
364 984
365 368
365 380
365 411
365 436
365 533
365 595
365 674
365 726
365 736
365 767
365 867
366 416
366 424
366 430
366 435
366 452
366 464
366 465
366 523
366 534
366 540
366 594
366 597
366 621
366 638
366 708
366 733
366 759
366 769
366 856
366 926
366 942
366 958
366 966
366 969
367 370
367 374
367 378
367 382
367 490
367 538
367 563
367 645
367 666
367 684
367 693
367 751
367 830
367 864
367 939
367 940
368 436
368 499
368 608
368 663
368 726
368 727
368 831
368 897
369 373
369 408
369 476
369 492
369 562
369 575
369 771
369 799
369 814
369 843
369 881
369 902
369 1000
370 400
370 420
370 660
370 807
370 828
370 909
370 953
371 390
371 397
371 403
371 440
371 476
371 558
371 562
371 563
371 564
371 628
371 638
371 645
371 655
371 657
371 673
371 690
371 691
371 705
371 785
371 789
371 811
371 822
371 869
371 888
371 894
371 898
371 907
371 947
371 981
372 377
372 380
372 383
372 404
372 408
372 409
372 455
372 459
372 463
372 479
372 493
372 515
372 568
372 574
372 620
372 650
372 667
372 678
372 686
372 812
372 821
372 827
372 834
372 836
372 848
372 882
372 921
372 954
373 408
373 414
373 478
373 492
373 505
373 575
373 583
373 613
373 771
373 794
373 814
373 863
374 384
374 390
374 454
374 495
374 669
374 670
374 702
374 758
374 773
374 794
374 841
374 896
374 939
374 961
374 978
374 1000
375 656
375 677
375 709
375 724
375 774
375 854
375 874
376 392
376 396
376 412
376 524
376 557
376 618
376 626
376 677
376 766
376 806
376 869
376 985
377 497
377 576
377 683
377 740
377 830
377 847
377 922
378 385
378 497
378 548
378 611
378 666
378 683
378 684
378 693
378 720
378 806
378 830
378 847
378 885
378 938
379 422
379 425
379 428
379 432
379 465
379 490
379 514
379 566
379 571
379 589
379 606
379 668
379 676
379 685
379 720
379 730
379 744
379 756
379 797
379 812
379 832
379 841
379 880
379 934
379 960
380 383
380 404
380 406
380 414
380 437
380 451
380 521
380 540
380 563
380 568
380 574
380 588
380 608
380 620
380 650
380 685
380 686
380 695
380 714
380 823
380 827
380 834
380 836
380 882
380 891
380 901
380 915
380 937
381 411
381 464
381 627
381 793
381 994
382 624
382 706
382 738
382 772
382 876
382 899
382 967
383 404
383 408
383 418
383 437
383 449
383 459
383 463
383 479
383 493
383 521
383 568
383 574
383 588
383 595
383 620
383 650
383 678
383 694
383 720
383 812
383 827
383 834
383 836
383 853
383 886
383 917
383 918
383 921
383 954
384 412
384 454
384 481
384 495
384 597
384 773
384 777
384 841
384 961
384 978
384 1000
385 522
385 529
385 538
385 539
385 584
385 606
385 612
385 639
385 772
385 775
385 787
385 817
385 831
385 861
385 885
385 943
385 973
385 982
386 398
386 425
386 477
386 480
386 546
386 649
386 661
386 703
386 730
386 743
386 770
386 790
386 818
386 829
386 873
386 926
386 967
387 450
387 506
387 527
387 559
387 571
387 738
387 840
387 855
387 876
387 879
387 978
387 998
388 510
388 528
388 549
388 582
388 624
388 672
388 692
388 735
388 761
388 768
388 801
388 818
388 839
388 861
389 475
389 500
389 527
389 542
389 614
389 627
389 641
389 646
389 649
389 705
389 734
389 745
389 852
389 858
389 931
389 976
389 979
390 397
390 440
390 476
390 541
390 562
390 564
390 572
390 583
390 631
390 645
390 655
390 657
390 672
390 673
390 690
390 822
390 894
390 898
390 947
390 981
390 991
391 414
391 478
391 492
391 575
391 771
391 808
391 835
392 396
392 448
392 517
392 524
392 557
392 573
392 618
392 663
392 677
392 744
392 766
392 832
392 848
392 896
392 904
392 953
393 531
393 610
393 636
393 655
393 674
393 675
393 695
393 712
393 778
393 861
393 888
393 902
393 910
393 930
393 945
393 979
393 992
394 430
394 475
394 487
394 527
394 542
394 578
394 646
394 734
394 745
394 852
394 858
394 863
394 951
394 976
394 979
395 509
395 612
395 737
395 858
395 893
395 901
395 916
395 926
396 422
396 448
396 517
396 534
396 573
396 605
396 618
396 677
396 735
396 753
396 766
396 806
396 834
396 947
397 403
397 476
397 525
397 562
397 563
397 564
397 655
397 673
397 690
397 789
397 811
397 822
397 866
397 881
397 888
397 947
397 960
397 981
398 443
398 546
398 649
398 661
398 662
398 703
398 730
398 743
398 790
398 818
398 829
398 873
398 896
398 900
398 967
399 429
399 431
399 441
399 466
399 593
399 608
399 635
399 656
399 680
399 691
399 700
399 820
399 832
399 833
399 893
399 910
399 921
399 929
399 977
400 420
400 462
400 610
400 623
400 660
400 673
400 700
400 728
400 807
400 893
400 909
400 955
401 485
401 565
401 596
401 600
401 634
401 748
401 763
401 777
401 828
401 843
401 871
401 906
401 953
401 984
402 522
402 530
402 545
402 549
402 630
402 638
402 647
402 665
402 670
402 793
402 796
402 877
402 978
403 440
403 476
403 536
403 562
403 645
403 655
403 673
403 690
403 704
403 789
403 822
403 888
403 894
403 947
404 411
404 418
404 437
404 449
404 451
404 463
404 467
404 493
404 568
404 573
404 574
404 588
404 595
404 627
404 650
404 678
404 686
404 695
404 746
404 794
404 827
404 834
404 836
404 848
404 850
404 864
404 886
404 915
404 917
404 937
404 944
405 429
405 441
405 466
405 506
405 593
405 608
405 631
405 656
405 680
405 691
405 811
405 816
405 830
405 832
405 833
405 882
405 893
405 910
405 921
405 929
405 943
405 960
406 456
406 511
406 543
406 580
406 591
406 615
406 651
406 710
406 714
406 753
406 815
406 940
406 952
407 422
407 632
407 719
407 725
407 731
407 877
407 896
407 987
408 478
408 505
408 575
408 583
408 771
408 808
408 814
408 881
408 907
408 988
409 438
409 470
409 654
409 656
409 700
409 727
409 804
410 435
410 456
410 603
410 679
410 716
410 799
410 828
410 851
410 857
410 914
410 931
410 935
411 412
411 438
411 538
411 710
411 804
411 805
411 904
411 922
411 948
412 438
412 453
412 583
412 670
412 678
412 700
412 710
412 789
412 804
412 817
412 922
412 948
413 431
413 593
413 608
413 612
413 656
413 680
413 691
413 750
413 832
413 833
413 893
413 910
414 430
414 492
414 505
414 612
414 685
414 723
414 771
414 806
414 808
414 814
414 837
414 881
414 919
415 483
415 516
415 711
415 753
415 789
415 912
416 424
416 452
416 523
416 594
416 621
416 664
416 676
416 708
416 759
416 835
416 926
416 952
416 956
416 958
416 963
416 966
417 475
417 520
417 561
417 571
417 602
417 795
417 974
418 466
418 521
418 686
418 812
418 834
418 836
419 510
419 555
419 603
419 613
419 747
419 776
419 823
419 827
419 961
419 975
419 983
420 538
420 610
420 660
420 664
420 701
420 777
420 807
420 909
421 430
421 528
421 536
421 566
421 567
421 605
421 713
421 732
421 749
421 829
421 913
421 920
421 968
422 425
422 428
422 465
422 490
422 512
422 537
422 559
422 589
422 606
422 608
422 653
422 685
422 698
422 720
422 744
422 785
422 788
422 892
422 934
422 945
423 460
423 469
423 518
423 525
423 535
423 569
423 585
423 590
423 628
423 642
423 699
423 702
423 704
423 739
423 747
423 800
423 803
423 820
423 821
423 852
423 854
423 917
423 940
423 954
423 961
423 967
423 993
423 997
424 435
424 445
424 452
424 516
424 523
424 619
424 621
424 676
424 677
424 708
424 854
424 958
425 490
425 537
425 667
425 736
425 785
425 788
425 802
425 962
426 466
426 548
426 603
426 613
426 679
426 698
426 775
426 799
426 828
426 854
426 857
426 912
426 914
426 931
427 505
427 552
427 624
427 703
427 818
427 936
427 951
427 983
427 989
428 447
428 472
428 490
428 512
428 514
428 523
428 537
428 589
428 606
428 607
428 645
428 668
428 685
428 720
428 744
428 785
428 788
428 837
428 924
428 934
428 960
429 431
429 593
429 608
429 680
429 691
429 769
429 832
429 833
429 888
429 910
429 914
430 567
430 606
430 680
430 713
430 745
430 749
430 875
430 913
430 920
430 968
431 441
431 457
431 593
431 608
431 656
431 680
431 691
431 706
431 832
431 833
431 863
431 904
431 973
432 451
432 457
432 566
432 639
432 652
432 659
432 697
432 716
432 784
432 895
432 955
433 461
433 474
433 538
433 559
433 643
433 648
433 697
433 750
433 757
433 772
433 775
433 787
433 791
433 797
433 817
433 831
433 845
433 850
433 851
433 861
433 885
433 896
433 926
433 933
433 937
433 943
433 966
433 973
433 982
434 490
434 538
434 746
434 771
434 900
435 444
435 446
435 452
435 467
435 594
435 619
435 639
435 676
435 708
435 759
435 800
435 835
435 911
435 926
435 942
435 958
435 966
436 533
436 558
436 594
436 726
436 727
436 846
436 963
437 451
437 459
437 476
437 479
437 493
437 521
437 545
437 568
437 574
437 588
437 593
437 595
437 650
437 678
437 686
437 803
437 812
437 813
437 814
437 827
437 834
437 891
437 915
437 917
437 918
437 938
437 944
437 957
437 959
437 967
438 445
438 566
438 591
438 654
438 670
438 700
438 773
438 804
438 889
438 913
438 922
438 948
439 446
439 471
439 477
439 496
439 544
439 626
439 722
439 800
439 867
440 562
440 564
440 572
440 575
440 620
440 645
440 655
440 664
440 690
440 711
440 744
440 760
440 789
440 811
440 822
440 888
440 894
440 946
440 947
440 953
441 466
441 507
441 608
441 642
441 656
441 758
441 832
441 893
441 910
442 460
442 534
442 553
442 581
442 599
442 825
442 884
442 919
443 468
443 671
443 682
443 771
443 802
443 805
443 809
443 917
444 494
444 501
444 577
444 617
444 685
444 735
444 823
444 903
445 494
445 501
445 577
445 590
445 619
445 634
445 681
445 705
445 727
445 735
445 812
445 823
445 844
445 847
445 903
445 970
446 496
446 544
446 578
446 626
446 697
446 722
446 867
447 465
447 490
447 512
447 537
447 589
447 606
447 668
447 685
447 686
447 720
447 744
447 756
447 774
447 775
447 785
447 788
447 869
447 913
447 934
447 951
447 960
447 975
448 498
448 517
448 524
448 573
448 618
448 677
448 733
448 766
448 795
448 806
448 854
448 869
449 463
449 518
449 521
449 568
449 574
449 595
449 650
449 678
449 686
449 788
449 812
449 833
449 834
449 836
449 937
449 944
450 506
450 646
450 706
450 738
450 840
450 855
450 879
450 899
450 998
451 502
451 588
451 650
451 678
451 686
451 707
451 731
451 741
451 834
451 836
451 886
451 891
451 917
451 918
451 944
451 949
451 992
452 454
452 517
452 523
452 534
452 540
452 594
452 596
452 621
452 704
452 708
452 759
452 833
452 835
452 856
452 926
452 942
452 958
452 966
452 969
452 984
453 482
453 507
453 648
453 661
453 714
453 723
453 737
453 768
453 807
453 893
453 906
453 932
453 970
453 990
454 489
454 495
454 513
454 568
454 612
454 665
454 773
454 784
454 792
454 841
454 1000
455 585
455 641
455 702
455 709
455 728
455 739
455 776
455 800
455 854
456 475
456 486
456 511
456 534
456 543
456 591
456 616
456 641
456 687
456 696
456 698
456 715
456 753
456 776
456 843
456 878
456 971
456 978
457 471
457 605
457 652
457 658
457 697
457 714
457 895
457 916
457 955
457 959
458 462
458 797
458 826
458 838
458 865
458 918
458 925
459 574
459 588
459 827
459 834
459 836
459 876
460 503
460 512
460 518
460 525
460 576
460 585
460 628
460 642
460 699
460 702
460 704
460 728
460 739
460 800
460 803
460 820
460 843
460 958
460 979
460 980
460 999
461 477
461 632
461 714
461 721
461 746
461 768
461 799
461 846
461 867
461 904
461 911
462 482
462 515
462 613
462 660
462 664
462 866
462 909
462 944
462 967
462 968
463 568
463 574
463 588
463 593
463 595
463 662
463 678
463 812
463 827
463 834
463 836
463 873
463 882
463 891
463 944
463 972
464 529
464 689
464 878
464 880
464 994
465 472
465 490
465 514
465 569
465 685
465 744
465 756
465 768
465 784
465 785
465 934
466 656
466 680
466 701
466 832
466 833
466 893
467 555
467 647
467 653
467 728
467 975
468 473
468 486
468 503
468 507
468 513
468 548
468 571
468 587
468 691
468 768
468 797
468 821
468 849
468 929
468 987
468 996
469 585
469 608
469 642
469 690
469 704
469 728
469 753
469 776
469 798
469 803
469 820
469 986
470 498
470 502
470 526
470 541
470 569
470 582
470 624
470 660
470 683
470 692
470 752
470 761
470 768
470 781
470 819
470 883
470 890
470 985
471 566
471 580
471 652
471 658
471 662
471 697
471 763
471 784
471 809
471 834
471 900
471 925
471 955
471 959
472 490
472 512
472 514
472 606
472 673
472 685
472 788
472 934
472 962
473 486
473 503
473 548
473 556
473 587
473 591
473 621
473 717
473 734
473 762
473 769
473 770
473 778
473 801
473 821
473 861
473 918
473 987
473 993
474 480
474 529
474 558
474 611
474 831
474 943
475 489
475 527
475 534
475 542
475 574
475 614
475 852
475 863
475 976
475 979
476 496
476 562
476 563
476 564
476 580
476 617
476 631
476 638
476 655
476 657
476 673
476 690
476 718
476 789
476 811
476 853
476 859
476 866
476 886
476 909
476 921
476 928
476 947
476 958
476 975
477 496
477 544
477 626
477 712
477 722
477 751
477 923
478 505
478 535
478 786
478 833
478 881
478 940
479 522
479 555
479 568
479 574
479 588
479 615
479 678
479 686
479 812
479 827
479 834
479 836
479 917
480 546
480 661
480 829
480 873
481 764
481 789
481 901
481 936
481 952
481 962
482 518
482 554
482 648
482 723
482 789
482 906
482 932
483 516
483 526
483 711
483 745
483 754
483 902
483 912
483 924
484 537
484 659
484 782
484 860
484 898
484 907
485 596
485 667
485 755
485 939
485 957
485 984
486 488
486 503
486 513
486 548
486 556
486 571
486 580
486 587
486 661
486 683
486 686
486 687
486 717
486 769
486 771
486 801
486 821
486 849
486 886
486 895
486 969
486 996
487 552
487 665
487 685
487 795
487 843
487 936
487 949
487 989
488 503
488 548
488 571
488 587
488 611
488 769
488 821
488 849
488 987
488 996
489 500
489 526
489 528
489 549
489 582
489 672
489 761
489 768
489 866
489 890
490 512
490 514
490 537
490 589
490 606
490 634
490 668
490 685
490 708
490 720
490 756
490 785
490 788
490 805
490 877
490 934
490 945
490 955
490 960
490 962
491 532
491 641
491 650
491 688
491 746
492 505
492 542
492 597
492 771
492 881
492 953
493 521
493 568
493 595
493 620
493 650
493 686
493 812
493 827
493 834
493 836
493 937
493 944
493 987
494 512
494 527
494 590
494 613
494 705
494 712
494 735
494 823
494 853
494 861
494 903
494 913
494 970
495 557
495 632
495 642
495 669
495 758
495 771
495 773
495 794
495 809
495 961
495 978
495 1000
496 544
496 626
496 702
496 722
496 745
496 867
496 923
497 626
497 666
497 683
497 684
497 693
497 740
497 808
497 830
497 847
497 854
498 500
498 528
498 532
498 549
498 582
498 638
498 672
498 692
498 768
498 781
498 819
498 909
498 912
498 944
498 956
498 980
498 983
499 508
499 539
499 565
499 752
499 779
499 810
499 859
499 919
499 938
499 985
500 502
500 526
500 528
500 541
500 565
500 582
500 590
500 624
500 629
500 652
500 672
500 733
500 752
500 761
500 768
500 781
500 804
500 819
500 883
500 959
501 586
501 590
501 696
501 705
501 708
501 735
501 844
501 970
502 526
502 528
502 541
502 565
502 672
502 761
502 768
502 883
502 903
503 513
503 533
503 548
503 556
503 571
503 587
503 599
503 666
503 717
503 769
503 801
503 821
503 849
503 906
503 974
503 987
503 996
504 519
504 550
504 733
504 870
504 965
505 667
505 771
505 808
505 814
505 881
506 511
506 738
506 899
506 982
506 998
507 556
507 576
507 648
507 906
507 940
507 944
508 519
508 528
508 586
508 776
508 815
508 859
508 906
508 919
508 937
508 938
508 940
508 985
508 986
508 998
509 737
509 761
509 764
509 901
510 526
510 530
510 549
510 565
510 582
510 613
510 624
510 692
510 729
510 733
510 761
510 768
510 781
510 860
511 543
511 591
511 604
511 615
511 641
511 682
511 687
511 696
511 698
511 715
511 741
511 753
511 760
511 786
511 834
511 843
511 844
511 878
511 915
511 952
511 971
511 972
511 996
511 999
512 537
512 666
512 668
512 685
512 720
512 744
512 785
512 882
512 945
513 548
513 556
513 587
513 609
513 762
513 769
513 801
513 849
513 938
513 987
514 615
514 633
514 668
514 685
514 788
514 892
514 934
514 938
514 960
514 962
514 994
515 522
515 529
515 575
515 611
515 612
515 622
515 817
515 845
515 861
515 885
515 896
515 901
515 943
515 982
516 525
516 604
516 711
516 728
516 754
516 875
516 912
516 924
517 524
517 541
517 543
517 557
517 619
517 652
517 677
517 718
517 766
517 869
518 532
518 535
518 585
518 628
518 643
518 652
518 699
518 704
518 707
518 728
518 739
518 747
518 776
518 820
518 878
518 970
518 999
519 550
519 569
519 639
519 892
519 973
520 602
520 650
520 716
520 944
520 974
520 981
521 568
521 588
521 595
521 678
521 686
521 695
521 812
521 827
521 834
521 836
521 882
521 944
522 598
522 630
522 647
522 793
522 796
523 540
523 625
523 670
523 676
523 759
523 789
523 835
523 841
523 958
523 966
523 992
524 568
524 573
524 677
524 766
524 806
524 850
525 535
525 558
525 583
525 702
525 704
525 728
525 739
525 800
525 803
525 827
525 836
525 903
525 963
525 979
525 999
526 528
526 541
526 549
526 560
526 582
526 617
526 624
526 672
526 692
526 733
526 752
526 760
526 761
526 768
526 776
526 781
526 819
526 883
526 890
527 542
527 646
527 651
527 734
527 745
527 852
527 863
527 933
527 976
527 979
528 541
528 549
528 565
528 624
528 670
528 672
528 733
528 752
528 761
528 768
528 781
528 883
528 890
528 908
528 931
529 549
529 584
529 611
529 612
529 622
529 643
529 741
529 750
529 772
529 775
529 817
529 831
529 850
529 851
529 875
529 885
529 896
529 927
529 933
529 943
529 964
529 982
530 545
530 597
530 630
530 665
530 793
530 877
530 916
531 551
531 625
531 636
531 674
531 675
531 676
531 712
531 778
531 830
531 831
531 839
531 871
531 897
531 902
531 905
531 930
532 535
532 569
532 585
532 628
532 658
532 702
532 704
532 728
532 739
532 747
532 776
532 800
532 820
532 854
532 900
532 952
532 980
532 993
532 997
532 999
533 558
533 707
533 727
533 771
533 861
533 963
534 540
534 579
534 589
534 594
534 597
534 658
534 676
534 708
534 748
534 759
534 827
534 835
534 856
534 922
534 926
534 942
534 958
534 969
534 981
535 569
535 625
535 642
535 704
535 715
535 728
535 747
535 803
535 820
535 854
535 864
535 892
535 900
535 980
535 993
535 997
535 999
536 567
536 713
536 913
537 589
537 597
537 647
537 668
537 685
537 720
537 744
537 756
537 788
537 820
537 934
537 938
537 960
537 968
538 545
538 559
538 584
538 611
538 622
538 750
538 769
538 775
538 782
538 787
538 791
538 817
538 831
538 845
538 850
538 851
538 861
538 896
538 927
538 943
538 964
538 973
538 982
539 732
539 765
539 779
539 810
539 815
539 816
539 842
539 875
539 919
539 938
539 985
539 986
539 995
540 594
540 597
540 621
540 676
540 708
540 759
540 879
540 920
540 942
540 969
541 549
541 565
541 582
541 624
541 637
541 692
541 752
541 756
541 761
541 768
541 772
541 781
541 819
541 843
541 878
541 883
541 890
541 919
542 543
542 614
542 646
542 734
542 745
542 830
542 852
542 858
542 863
542 921
542 964
542 976
542 979
543 615
543 616
543 644
543 651
543 696
543 698
543 715
543 785
543 786
543 836
543 843
543 847
543 878
543 952
543 972
544 552
544 626
544 722
544 923
544 952
545 611
545 647
545 665
545 669
545 788
545 796
546 569
546 587
546 607
546 649
546 661
546 699
546 701
546 703
546 710
546 730
546 743
546 818
546 829
546 873
546 967
546 995
547 569
547 652
547 658
547 697
547 714
547 716
547 784
547 916
547 945
547 958
547 970
548 556
548 571
548 717
548 742
548 762
548 769
548 821
548 849
548 878
548 919
548 952
548 955
548 971
548 987
548 989
548 996
549 565
549 582
549 655
549 672
549 692
549 733
549 736
549 752
549 761
549 768
549 781
549 822
549 859
549 883
549 890
549 924
549 985
550 943
550 958
550 965
550 995
551 562
551 578
551 636
551 674
551 712
551 800
551 839
551 880
551 897
551 968
552 607
552 936
552 949
552 989
553 581
553 593
553 598
553 599
553 687
553 688
553 718
553 825
553 982
554 617
554 662
554 755
554 760
554 783
554 862
554 908
554 950
554 976
554 982
555 569
555 653
555 678
555 975
556 571
556 587
556 598
556 631
556 739
556 769
556 778
556 801
556 821
556 882
556 981
556 987
556 996
557 573
557 618
557 677
557 756
557 766
557 806
557 991
558 576
558 669
558 707
558 727
558 909
558 963
559 584
559 595
559 611
559 612
559 623
559 704
559 716
559 772
559 787
559 788
559 851
559 861
559 864
559 933
559 973
559 982
560 593
560 663
560 715
560 736
560 773
560 798
560 887
561 591
561 716
561 718
561 795
561 974
562 563
562 564
562 572
562 591
562 631
562 638
562 645
562 647
562 655
562 673
562 690
562 718
562 789
562 802
562 811
562 822
562 845
562 850
562 866
562 884
562 888
562 894
562 898
562 928
562 947
562 981
563 572
563 656
563 673
563 690
563 789
563 804
563 811
563 822
563 866
563 888
563 894
563 898
563 947
564 572
564 631
564 638
564 673
564 686
564 690
564 776
564 789
564 806
564 811
564 822
564 846
564 855
564 881
564 888
564 894
564 898
564 947
564 981
565 624
565 672
565 761
565 768
565 778
565 781
565 813
565 883
566 658
566 712
566 745
566 784
566 803
566 955
567 574
567 595
567 605
567 619
567 713
567 913
567 920
567 931
567 945
568 574
568 588
568 595
568 650
568 678
568 686
568 695
568 708
568 720
568 794
568 812
568 827
568 834
568 836
568 848
568 849
568 868
568 882
568 891
568 915
568 937
568 944
568 954
569 585
569 620
569 692
569 699
569 702
569 704
569 712
569 728
569 739
569 767
569 776
569 800
569 810
569 820
569 854
569 879
569 935
569 999
570 663
570 669
570 693
570 766
570 768
570 792
570 798
570 854
570 887
571 587
571 622
571 717
571 742
571 762
571 769
571 801
571 821
571 839
571 849
571 987
571 996
572 655
572 673
572 690
572 713
572 789
572 822
572 898
572 947
573 598
573 677
573 766
573 791
573 806
573 869
574 588
574 595
574 620
574 640
574 650
574 678
574 686
574 695
574 816
574 834
574 836
574 849
574 882
574 886
574 891
575 583
575 601
575 771
575 814
575 837
575 843
575 881
576 585
576 648
576 681
576 691
576 723
576 728
576 906
576 932
576 990
577 590
577 619
577 686
577 705
577 735
577 769
577 774
577 844
577 853
578 674
578 675
578 712
578 897
578 902
578 930
579 581
579 598
579 743
579 825
579 857
579 884
579 949
580 652
580 697
580 711
580 784
580 916
580 955
580 971
581 598
581 631
581 779
581 825
581 884
581 919
581 951
582 624
582 672
582 692
582 733
582 761
582 847
583 771
583 817
583 991
584 611
584 683
584 729
584 775
584 780
584 787
584 831
584 845
584 850
584 851
584 896
584 943
585 615
585 628
585 639
585 642
585 699
585 704
585 712
585 728
585 739
585 774
585 800
585 803
585 854
585 934
585 953
585 997
586 669
586 765
586 779
586 810
586 815
586 816
586 842
586 875
586 882
586 919
586 938
586 940
586 958
586 985
586 986
586 992
587 673
587 710
587 717
587 742
587 760
587 762
587 769
587 774
587 801
587 821
587 849
587 905
587 914
587 941
587 982
587 987
587 991
588 589
588 620
588 650
588 678
588 686
588 802
588 827
588 834
588 845
588 863
588 915
588 937
588 954
589 595
589 598
589 728
589 756
589 844
589 945
589 960
590 619
590 681
590 688
590 705
590 735
590 782
590 823
590 844
590 853
590 903
590 970
591 604
591 615
591 616
591 687
591 698
591 715
591 741
591 753
591 843
591 846
591 878
591 897
591 912
591 924
591 952
591 971
591 972
592 598
592 625
592 640
592 705
592 717
592 826
592 834
592 838
592 872
592 925
592 955
592 956
593 608
593 637
593 656
593 680
593 691
593 734
593 798
593 832
593 833
593 910
593 937
594 597
594 621
594 654
594 676
594 708
594 759
594 926
594 958
594 969
594 976
594 981
595 686
595 769
595 784
595 827
595 834
595 836
595 848
595 882
595 891
595 915
595 917
595 937
595 944
595 954
596 597
596 600
596 634
596 637
596 704
596 763
596 777
596 850
596 871
596 953
596 980
596 984
597 609
597 676
597 708
597 886
597 899
597 934
597 969
598 599
598 884
599 678
599 825
599 884
600 634
600 739
600 748
600 777
600 905
600 983
600 984
601 647
601 696
601 751
601 870
601 978
602 716
602 795
602 797
603 679
603 799
603 873
603 914
604 651
604 698
604 715
604 753
604 878
604 971
605 713
605 813
605 913
605 920
605 968
606 685
606 720
606 744
606 756
606 868
606 934
606 958
606 960
607 748
607 777
607 860
607 871
607 906
607 957
607 984
608 656
608 680
608 691
608 713
608 810
608 832
608 833
608 867
608 893
608 921
608 929
608 977
609 663
609 770
609 780
609 808
609 887
610 660
610 664
610 676
610 800
610 807
610 909
611 690
611 757
611 759
611 765
611 772
611 787
611 791
611 797
611 801
611 817
611 831
611 927
611 933
611 943
611 964
611 973
611 982
612 622
612 704
612 767
612 772
612 775
612 787
612 827
612 831
612 851
612 861
612 903
612 943
612 982
613 638
613 653
613 849
613 902
613 975
613 983
614 814
614 858
614 863
614 888
614 979
615 616
615 651
615 675
615 687
615 696
615 698
615 753
615 786
615 790
615 843
615 878
615 890
615 906
615 952
615 971
615 972
616 651
616 687
616 691
616 696
616 753
616 769
616 856
616 878
616 952
616 971
616 985
617 634
617 639
617 662
617 690
617 755
617 760
617 864
617 892
617 908
618 677
618 801
618 806
619 681
619 735
619 903
619 970
619 990
620 636
620 678
620 686
620 827
620 834
620 836
620 840
620 848
620 918
620 937
620 992
621 676
621 708
621 759
621 767
621 835
621 856
621 958
621 966
621 969
621 999
622 802
622 831
622 845
622 896
622 927
622 933
622 943
622 973
622 986
623 690
623 737
623 764
623 962
623 989
624 672
624 692
624 708
624 752
624 761
624 768
624 781
624 845
624 883
624 890
624 921
625 694
625 717
625 749
625 826
625 838
625 859
625 872
626 722
626 860
627 636
627 689
627 710
627 790
627 816
627 827
627 880
627 994
628 642
628 699
628 702
628 728
628 739
628 776
628 791
628 800
628 965
628 993
629 644
629 659
629 690
629 749
629 782
629 824
629 855
629 860
629 988
630 633
630 665
630 793
630 796
630 877
631 638
631 645
631 655
631 673
631 690
631 718
631 789
631 811
631 822
631 850
631 888
631 894
631 898
632 719
632 725
632 729
632 731
632 832
632 859
633 644
633 659
633 824
633 835
633 860
634 676
634 871
634 952
634 955
634 957
634 984
635 645
635 721
635 766
635 786
635 846
635 880
636 674
636 675
636 767
636 771
636 902
636 905
637 659
637 777
637 871
637 984
637 987
638 690
638 776
638 814
638 822
638 866
638 888
638 894
638 898
638 947
639 652
639 662
639 748
639 755
639 862
639 881
639 892
639 908
639 987
640 694
640 702
640 838
640 950
640 986
641 663
641 687
641 715
641 741
641 753
641 843
641 878
641 934
641 943
642 672
642 699
642 704
642 728
642 747
642 800
642 820
642 854
642 868
642 900
642 956
642 986
642 999
643 772
643 775
643 827
643 831
643 851
643 885
643 896
643 943
644 826
644 860
644 985
645 673
645 690
645 701
645 718
645 789
645 822
645 840
645 888
645 894
645 928
645 947
645 981
646 734
646 745
646 753
646 801
646 858
646 863
646 976
646 979
647 665
647 749
647 796
647 877
647 962
647 984
648 723
648 801
648 898
648 932
648 944
648 990
649 661
649 715
649 743
649 818
649 822
649 829
649 902
649 987
650 678
650 692
650 786
650 812
650 827
650 834
650 886
650 998
651 687
651 696
651 699
651 715
651 753
651 786
651 843
651 905
651 952
651 971
652 658
652 697
652 749
652 784
652 916
652 955
653 790
653 975
653 983
654 670
654 700
654 804
654 922
654 948
655 657
655 673
655 690
655 751
655 761
655 789
655 822
655 837
655 866
655 888
655 894
655 898
655 928
655 947
655 981
655 986
656 680
656 832
656 833
656 869
656 910
656 926
657 690
657 789
657 811
657 822
657 888
657 894
657 947
657 951
657 981
658 758
658 784
658 816
658 823
658 826
658 828
658 891
658 895
658 955
658 982
659 756
659 759
659 782
659 824
659 835
659 860
659 907
659 988
659 991
660 909
660 947
661 703
661 717
661 735
661 743
661 790
661 818
661 828
661 829
661 852
661 873
661 967
662 724
662 755
662 862
662 892
662 929
662 965
663 736
663 739
663 753
663 770
663 792
663 798
663 979
664 746
664 802
664 805
664 807
664 909
664 924
665 796
665 877
666 684
666 693
666 737
666 740
666 830
666 847
666 864
666 937
666 939
666 947
666 966
667 748
667 763
667 847
667 984
668 685
668 696
668 741
668 785
668 788
668 933
668 934
668 960
668 962
669 758
669 773
669 856
669 961
669 978
670 732
670 734
670 804
670 889
670 948
671 682
671 729
671 739
671 749
671 802
671 809
671 822
672 687
672 692
672 725
672 752
672 761
672 770
672 773
672 781
672 850
672 890
672 913
673 690
673 716
673 789
673 811
673 822
673 888
673 894
673 898
673 906
673 928
673 947
673 976
673 981
674 712
674 757
674 810
674 839
674 883
674 897
674 902
674 905
674 982
675 690
675 767
675 778
675 839
675 897
675 902
675 905
675 930
675 951
675 963
676 708
676 759
676 827
676 835
676 856
676 926
676 942
676 958
676 966
676 969
677 766
677 806
677 809
677 869
678 695
678 718
678 749
678 788
678 812
678 827
678 834
678 857
678 910
678 917
678 918
678 937
678 944
678 950
678 954
679 799
679 828
679 857
679 874
679 914
679 931
679 935
680 691
680 832
680 833
680 864
680 875
680 910
680 929
681 735
681 740
681 745
681 844
681 853
681 866
681 903
681 970
682 713
682 729
682 802
682 805
682 809
682 987
683 684
683 740
683 830
683 849
683 864
683 939
683 1000
684 693
684 711
684 740
684 894
684 939
685 744
685 756
685 785
685 788
685 820
685 861
685 900
685 934
685 945
685 960
685 962
686 695
686 775
686 787
686 812
686 813
686 827
686 834
686 836
686 848
686 872
686 882
686 886
686 891
686 915
686 917
686 937
686 954
687 698
687 715
687 740
687 753
687 761
687 768
687 843
687 854
687 952
687 971
687 973
688 746
688 761
688 812
688 966
689 880
689 938
689 994
690 698
690 718
690 767
690 787
690 789
690 797
690 811
690 822
690 866
690 888
690 894
690 898
690 928
690 947
691 782
691 832
691 833
691 910
691 921
691 929
692 733
692 741
692 761
692 768
692 779
692 781
692 849
692 883
692 970
693 740
693 840
693 847
693 919
693 939
694 726
694 826
694 838
694 865
694 872
694 956
695 707
695 770
695 909
695 917
695 932
696 698
696 715
696 753
696 786
696 843
696 952
696 971
697 895
697 916
697 959
698 715
698 724
698 753
698 843
698 934
698 952
698 958
698 972
699 702
699 704
699 709
699 728
699 739
699 741
699 747
699 769
699 772
699 776
699 800
699 803
699 810
699 820
699 854
699 899
699 951
699 980
699 984
699 993
699 997
699 999
700 710
700 738
700 804
700 889
700 922
700 950
701 746
702 704
702 709
702 728
702 739
702 790
702 798
702 800
702 803
702 820
702 999
703 743
703 829
703 873
704 709
704 728
704 739
704 747
704 776
704 800
704 803
704 816
704 820
704 854
704 900
704 981
704 993
704 999
705 735
705 823
705 853
705 873
705 903
705 910
705 970
706 732
706 738
706 772
706 773
706 813
706 818
706 855
706 876
706 879
706 899
706 998
707 726
707 727
707 854
707 911
707 945
707 963
708 759
708 800
708 844
708 856
708 926
708 958
708 966
708 969
709 728
709 735
709 739
709 769
709 800
709 803
709 820
709 854
709 907
710 875
710 889
710 922
711 754
711 855
711 924
712 767
712 833
712 839
712 897
712 902
712 905
712 930
712 947
713 739
713 801
713 813
713 913
713 920
713 968
714 721
714 846
714 904
714 946
715 741
715 753
715 756
715 786
715 831
715 843
715 875
715 878
715 952
715 971
715 972
716 795
716 803
717 742
717 769
717 788
717 801
717 821
717 987
718 788
718 789
718 822
718 866
718 894
718 931
718 947
718 981
719 725
719 728
719 731
719 740
719 852
719 987
720 756
720 846
720 934
721 787
721 789
721 846
721 904
721 911
721 979
722 775
722 867
722 923
722 984
723 812
723 906
723 932
723 990
724 743
724 774
724 874
725 738
725 748
725 944
726 727
726 963
727 963
728 739
728 776
728 803
728 820
728 839
728 852
728 854
728 900
728 914
728 980
728 997
728 999
729 748
729 802
729 805
729 988
730 743
730 790
730 920
731 763
731 766
731 826
731 950
731 975
732 752
732 765
732 779
732 810
732 815
732 875
732 904
732 919
732 938
732 985
732 986
733 761
733 768
733 883
733 907
734 762
734 766
734 852
734 863
734 878
734 976
734 979
735 781
735 823
735 831
735 844
735 903
735 949
735 970
736 759
736 780
736 782
736 792
736 884
736 973
737 764
737 889
737 901
737 952
738 757
738 840
738 869
738 876
738 899
738 998
739 747
739 748
739 776
739 777
739 800
739 803
739 820
739 831
739 854
739 900
739 980
739 997
739 999
740 830
740 847
740 914
740 939
740 958
741 786
741 854
741 878
741 952
741 985
742 769
742 790
742 821
742 987
743 790
743 818
743 829
743 954
744 759
744 788
744 960
744 962
745 829
745 852
745 976
747 785
747 803
747 820
747 854
747 961
747 985
747 993
747 999
748 763
748 777
748 780
748 871
748 953
748 957
748 984
748 998
749 913
749 920
749 968
750 772
750 787
750 831
750 973
751 819
751 941
752 761
752 768
752 781
752 791
752 798
752 819
752 883
752 890
752 898
752 999
753 786
753 843
753 878
753 952
753 971
753 972
754 912
754 924
755 757
755 783
755 908
755 950
756 788
756 801
756 875
756 887
756 934
756 938
756 945
756 950
756 960
756 962
757 772
757 900
757 943
757 960
757 961
757 973
757 982
758 773
758 794
758 841
758 961
758 978
758 1000
759 812
759 958
759 973
759 980
760 779
760 892
760 950
761 768
761 781
761 819
761 883
761 890
762 987
763 837
763 843
763 984
764 821
764 953
765 779
765 810
765 910
765 919
765 938
765 942
765 985
765 986
766 806
766 838
766 869
767 778
767 839
767 902
767 905
767 925
767 930
768 781
768 789
768 819
768 881
768 883
768 890
768 905
768 920
769 801
769 821
769 849
769 855
769 987
769 996
770 792
770 822
770 833
770 839
770 986
771 808
771 814
771 837
771 881
771 960
772 775
772 787
772 791
772 797
772 840
772 845
772 851
772 861
772 896
772 927
772 933
772 943
772 959
772 964
772 973
772 982
773 794
773 832
773 841
773 961
773 978
773 1000
775 791
775 831
775 845
775 850
775 851
775 861
775 868
775 885
775 906
775 973
776 800
776 820
776 854
776 894
776 999
777 817
777 854
777 914
777 953
777 957
777 984
778 839
778 897
778 902
779 810
779 815
779 816
779 842
779 859
779 875
779 919
779 926
779 938
779 940
779 985
779 986
779 992
779 995
780 792
780 798
780 800
780 814
780 822
780 985
781 820
781 986
781 992
782 860
782 949
782 988
782 1000
783 862
783 892
783 905
783 908
784 895
784 955
785 788
785 945
785 960
785 962
786 843
786 878
786 952
786 971
787 791
787 797
787 845
787 850
787 851
787 861
787 913
787 927
787 933
787 964
787 969
787 973
787 982
788 808
788 934
788 945
788 960
788 962
789 811
789 822
789 831
789 842
789 866
789 888
789 894
789 898
789 923
789 928
789 981
789 984
790 818
790 829
790 873
791 817
791 861
791 885
791 896
791 927
791 942
791 973
791 996
792 798
792 851
792 887
793 877
794 826
794 961
794 978
794 980
794 987
794 1000
795 974
796 877
796 911
797 847
797 861
797 896
797 943
797 958
797 982
798 887
798 925
799 828
799 927
799 935
800 803
800 847
800 997
801 821
801 879
801 987
801 996
802 805
802 809
802 974
803 820
803 854
803 894
803 900
803 997
804 889
804 902
804 922
804 948
805 923
805 956
805 995
806 869
807 909
808 810
808 881
808 957
809 829
810 816
810 842
810 859
810 875
810 885
810 919
810 940
810 985
810 986
810 995
811 822
811 845
811 894
811 898
811 947
812 827
812 834
812 836
812 848
812 882
812 915
812 931
812 944
813 913
813 968
814 977
815 816
815 826
815 859
815 861
815 882
815 938
815 940
815 985
815 991
815 995
816 875
816 894
816 919
816 938
816 940
816 943
816 985
816 992
816 995
817 831
817 851
817 861
817 867
817 896
817 943
817 964
817 982
818 829
818 967
818 981
819 890
819 948
820 882
820 900
820 945
820 980
820 993
821 876
821 987
821 996
822 826
822 866
822 894
822 898
822 928
822 942
822 947
822 981
823 853
823 888
823 970
824 835
824 860
825 884
825 916
825 990
826 838
826 865
826 872
826 925
826 938
826 956
826 970
826 976
827 836
827 841
827 882
827 915
827 918
827 952
827 954
828 842
828 857
828 914
829 834
829 873
829 967
830 898
830 939
830 977
831 845
831 885
831 888
831 896
831 898
831 927
831 933
831 943
831 952
831 982
831 994
831 997
832 833
832 836
832 893
832 910
832 921
832 925
832 929
832 962
832 977
832 978
833 893
833 910
833 921
833 929
833 933
834 836
834 848
834 873
834 882
834 886
834 891
834 915
834 917
834 918
834 937
834 944
834 957
834 971
834 985
835 958
835 969
836 882
836 891
836 916
836 918
836 937
836 944
836 954
836 956
836 977
836 989
838 865
838 872
838 925
838 928
838 956
839 897
839 902
839 905
839 930
840 879
840 899
840 926
840 998
841 929
841 961
842 868
842 916
842 919
842 938
842 986
843 952
843 971
843 972
843 974
844 853
844 903
844 982
845 850
845 851
845 939
845 964
845 973
846 904
846 911
846 946
847 864
847 888
847 939
848 891
848 937
848 944
849 893
849 987
849 996
850 861
850 885
850 896
850 912
850 927
850 965
850 973
851 885
851 896
852 863
852 941
852 976
852 979
853 885
853 970
853 982
854 997
854 999
855 882
856 926
856 958
856 966
857 914
857 931
858 976
858 979
859 919
859 938
859 940
859 953
859 985
859 986
859 995
860 988
860 991
861 885
861 927
861 933
861 980
861 982
862 886
862 892
862 950
863 986
865 872
865 920
865 956
866 888
866 894
866 898
866 928
866 947
866 963
866 983
866 986
867 923
868 895
869 968
870 923
870 941
870 980
872 898
872 925
872 956
873 967
873 988
874 875
875 919
875 985
875 986
875 995
876 879
876 899
876 998
878 925
878 942
878 952
878 966
878 971
878 991
879 899
879 931
879 998
881 996
883 890
883 958
883 988
884 912
884 933
885 887
885 901
885 927
885 943
885 964
885 982
886 918
886 944
887 971
888 894
888 898
888 928
888 947
889 920
889 922
889 948
891 918
891 937
891 944
892 908
893 910
893 921
893 977
894 898
894 908
894 916
894 947
894 964
896 908
896 975
896 982
897 902
897 905
897 930
898 928
898 981
899 995
899 998
900 995
900 999
901 996
902 905
903 970
904 911
904 919
906 926
906 990
907 988
907 991
908 950
910 994
913 920
913 968
913 970
914 921
914 931
914 935
914 936
915 944
916 955
916 959
917 993
919 938
919 940
919 985
919 986
919 992
919 995
920 983
921 947
921 986
922 976
924 994
925 999
926 936
926 942
926 958
927 943
927 964
927 982
928 937
928 947
929 960
929 972
929 990
930 982
930 986
931 935
932 991
933 943
933 973
933 981
934 945
934 960
936 951
936 989
938 940
938 985
938 986
938 992
938 993
938 995
940 985
940 986
940 999
943 973
944 956
944 960
947 981
949 989
951 989
952 971
952 972
953 975
953 984
955 959
957 973
958 969
958 984
959 986
960 962
961 978
961 1000
964 973
964 982
971 972
971 988
973 982
975 983
976 979
978 1000
985 986
985 992
986 992
986 995
987 996
988 991
992 995
997 999
