# LFR benchmark graph: regime=S mu=0.3 realization=0
# undirected, unweighted; 1-based node ids; each edge listed once.
1 4
1 59
1 178
1 236
1 307
1 348
1 362
1 375
1 459
1 469
1 472
1 480
1 513
1 538
1 569
1 593
1 595
1 596
1 722
1 763
1 867
1 872
1 991
2 6
2 26
2 56
2 68
2 87
2 149
2 166
2 192
2 210
2 234
2 306
2 449
2 548
2 558
2 559
2 607
2 691
2 693
2 721
2 731
2 770
2 800
2 899
2 920
2 922
3 73
3 128
3 141
3 193
3 231
3 233
3 240
3 243
3 295
3 324
3 393
3 491
3 498
3 547
3 826
3 859
3 888
3 912
3 965
3 971
3 972
4 38
4 59
4 99
4 347
4 348
4 356
4 359
4 375
4 431
4 440
4 459
4 468
4 469
4 472
4 480
4 513
4 541
4 557
4 569
4 584
4 596
4 599
4 606
4 627
4 628
4 640
4 646
4 647
4 656
4 666
4 733
4 763
4 822
4 867
4 880
4 893
4 896
4 901
4 934
4 962
4 998
5 129
5 249
5 295
5 321
5 323
5 326
5 342
5 380
5 454
5 532
5 609
5 765
5 767
5 776
5 792
5 829
5 945
5 966
6 87
6 188
6 277
6 299
6 354
6 377
6 378
6 523
6 604
6 639
6 645
6 659
6 683
6 701
6 735
6 844
7 32
7 40
7 55
7 85
7 91
7 111
7 190
7 205
7 208
7 245
7 271
7 280
7 309
7 325
7 441
7 447
7 500
7 526
7 530
7 533
7 543
7 544
7 563
7 615
7 721
7 740
7 741
7 778
7 788
7 793
7 795
7 805
7 817
7 827
7 838
7 850
7 900
7 904
7 920
7 939
7 963
7 964
7 972
8 11
8 66
8 73
8 105
8 137
8 194
8 231
8 238
8 240
8 255
8 324
8 334
8 380
8 422
8 439
8 456
8 519
8 583
8 661
8 663
8 741
8 905
8 944
9 16
9 31
9 66
9 119
9 130
9 147
9 149
9 199
9 241
9 244
9 265
9 279
9 310
9 317
9 330
9 446
9 466
9 495
9 517
9 534
9 575
9 612
9 624
9 635
9 648
9 715
9 748
9 749
9 789
9 803
9 861
9 871
9 875
9 912
9 917
9 927
9 972
10 55
10 84
10 96
10 112
10 201
10 233
10 288
10 332
10 359
10 546
10 654
10 674
10 801
10 811
10 923
10 929
10 942
11 73
11 128
11 141
11 159
11 166
11 189
11 194
11 215
11 231
11 233
11 238
11 246
11 255
11 267
11 274
11 324
11 334
11 375
11 415
11 422
11 423
11 439
11 441
11 452
11 458
11 486
11 491
11 519
11 547
11 555
11 578
11 579
11 591
11 617
11 668
11 686
11 770
11 787
11 791
11 800
11 905
11 933
11 943
11 948
11 959
12 21
12 57
12 90
12 249
12 314
12 337
12 429
12 463
12 494
12 538
12 571
12 643
12 719
12 751
12 761
12 780
12 816
12 819
12 835
13 45
13 50
13 123
13 161
13 206
13 209
13 229
13 234
13 304
13 307
13 339
13 343
13 355
13 367
13 420
13 435
13 515
13 524
13 568
13 582
13 593
13 672
13 676
13 682
13 714
13 728
13 776
13 790
13 884
13 904
13 909
14 107
14 109
14 144
14 281
14 316
14 367
14 437
14 489
14 496
14 506
14 571
14 575
14 613
14 622
14 789
14 795
14 809
14 863
14 893
14 896
14 992
15 23
15 35
15 74
15 105
15 203
15 302
15 304
15 401
15 453
15 508
15 931
15 933
15 939
15 978
16 54
16 130
16 199
16 241
16 244
16 265
16 279
16 289
16 296
16 310
16 317
16 322
16 391
16 436
16 495
16 534
16 575
16 586
16 599
16 611
16 614
16 624
16 629
16 635
16 638
16 648
16 842
16 879
16 886
16 912
16 917
17 26
17 33
17 40
17 99
17 116
17 166
17 260
17 261
17 265
17 321
17 355
17 375
17 390
17 391
17 447
17 462
17 541
17 617
17 651
17 761
17 779
17 892
17 929
18 94
18 162
18 209
18 283
18 289
18 395
18 493
18 505
18 514
18 517
18 532
18 559
18 591
18 626
18 672
18 716
18 731
18 843
18 848
18 917
18 938
18 953
19 53
19 92
19 94
19 139
19 156
19 217
19 218
19 228
19 298
19 304
19 358
19 361
19 383
19 489
19 497
19 824
19 870
20 73
20 115
20 141
20 156
20 308
20 312
20 347
20 372
20 406
20 417
20 450
20 472
20 482
20 495
20 527
20 550
20 572
20 680
20 760
20 777
20 800
20 835
20 905
20 908
20 914
20 941
20 949
20 968
20 974
20 975
21 90
21 223
21 250
21 276
21 337
21 494
21 505
21 529
21 537
21 630
21 663
21 737
21 741
21 751
21 816
22 96
22 114
22 159
22 235
22 241
22 281
22 316
22 367
22 422
22 506
22 516
22 574
22 618
22 627
22 651
22 652
22 654
22 690
22 721
22 731
22 756
22 772
22 809
22 896
22 925
22 992
22 994
23 30
23 35
23 37
23 308
23 431
23 432
23 505
23 522
23 715
23 770
23 913
23 988
24 29
24 93
24 140
24 358
24 394
24 408
24 424
24 678
24 725
24 856
24 867
24 937
25 58
25 71
25 121
25 136
25 142
25 182
25 193
25 308
25 338
25 364
25 464
25 600
25 726
25 829
25 969
25 973
26 31
26 55
26 69
26 75
26 210
26 220
26 261
26 314
26 355
26 385
26 390
26 399
26 417
26 440
26 474
26 496
26 516
26 541
26 547
26 609
26 617
26 637
26 651
26 693
26 706
26 737
26 792
26 808
26 818
26 892
26 923
26 945
26 988
26 993
26 997
27 29
27 36
27 44
27 76
27 104
27 132
27 161
27 180
27 203
27 234
27 286
27 327
27 380
27 557
27 580
27 763
27 792
27 795
27 799
27 930
27 960
28 154
28 199
28 243
28 332
28 357
28 385
28 403
28 416
28 430
28 535
28 667
28 675
28 951
29 36
29 86
29 104
29 162
29 174
29 180
29 192
29 295
29 373
29 412
29 416
29 532
29 580
29 799
29 930
29 979
29 997
30 105
30 201
30 212
30 227
30 285
30 288
30 318
30 361
30 386
30 413
30 419
30 427
30 620
30 626
30 760
30 846
30 977
31 43
31 61
31 64
31 67
31 147
31 165
31 167
31 184
31 188
31 317
31 319
31 379
31 443
31 453
31 458
31 484
31 489
31 518
31 520
31 524
31 545
31 548
31 553
31 679
31 681
31 688
31 692
31 752
31 757
31 773
31 777
31 812
31 884
31 897
31 910
31 922
31 935
31 975
32 42
32 173
32 185
32 190
32 244
32 286
32 325
32 333
32 771
32 793
32 795
32 817
32 920
32 981
33 44
33 78
33 100
33 106
33 132
33 136
33 261
33 264
33 268
33 303
33 353
33 355
33 385
33 390
33 399
33 417
33 440
33 474
33 512
33 516
33 519
33 541
33 577
33 617
33 637
33 645
33 651
33 663
33 677
33 716
33 747
33 808
33 843
33 881
33 892
33 901
33 923
34 163
34 169
34 194
34 339
34 343
34 348
34 477
34 505
34 595
34 799
34 864
34 905
35 61
35 127
35 219
35 277
35 294
35 328
35 431
35 432
35 456
35 551
35 586
35 641
35 695
35 714
35 741
35 770
35 784
35 804
35 853
35 896
35 913
35 926
35 933
35 939
35 962
35 983
36 76
36 180
36 255
36 286
36 295
36 307
36 502
36 543
36 557
36 583
36 611
36 661
36 725
36 761
36 792
36 863
36 917
36 930
36 960
36 969
37 48
37 159
37 431
37 482
37 519
37 613
37 627
37 795
37 824
37 857
37 883
37 905
37 961
38 39
38 70
38 107
38 109
38 196
38 231
38 239
38 254
38 281
38 310
38 316
38 363
38 367
38 394
38 489
38 506
38 571
38 642
38 690
38 716
38 772
38 789
38 809
38 834
38 896
38 925
39 142
39 184
39 403
39 418
39 435
39 449
39 565
39 612
39 667
39 672
39 689
39 748
39 819
40 51
40 80
40 84
40 85
40 111
40 154
40 164
40 190
40 259
40 271
40 280
40 314
40 438
40 447
40 459
40 517
40 526
40 543
40 544
40 567
40 615
40 636
40 646
40 740
40 741
40 771
40 778
40 795
40 805
40 817
40 875
40 892
40 910
40 911
40 972
40 976
41 43
41 80
41 167
41 184
41 233
41 275
41 349
41 378
41 418
41 484
41 518
41 553
41 634
41 679
41 688
41 757
41 773
41 777
41 910
41 922
41 935
42 75
42 233
42 266
42 311
42 566
42 585
42 722
42 819
42 841
42 864
42 908
43 60
43 92
43 165
43 167
43 172
43 178
43 184
43 194
43 246
43 251
43 275
43 293
43 294
43 307
43 459
43 477
43 480
43 518
43 520
43 523
43 524
43 539
43 545
43 553
43 597
43 632
43 679
43 681
43 688
43 745
43 750
43 752
43 773
43 777
43 910
43 918
43 920
43 921
43 922
43 935
43 975
43 982
43 996
44 58
44 108
44 119
44 159
44 163
44 192
44 225
44 236
44 249
44 266
44 277
44 292
44 314
44 368
44 385
44 395
44 417
44 420
44 436
44 481
44 492
44 501
44 506
44 531
44 535
44 551
44 556
44 564
44 630
44 652
44 696
44 743
44 749
44 782
44 786
44 820
44 836
44 946
44 949
44 969
44 980
45 57
45 123
45 192
45 198
45 229
45 234
45 304
45 307
45 353
45 420
45 470
45 568
45 572
45 582
45 594
45 635
45 647
45 671
45 682
45 790
45 802
45 812
45 815
45 833
45 845
45 873
45 884
45 917
45 920
45 926
45 938
46 51
46 108
46 136
46 139
46 146
46 234
46 235
46 297
46 315
46 349
46 376
46 390
46 396
46 421
46 436
46 481
46 492
46 531
46 535
46 551
46 556
46 564
46 630
46 662
46 706
46 723
46 737
46 782
46 786
46 906
46 946
46 955
46 969
46 980
47 79
47 87
47 154
47 160
47 291
47 329
47 397
47 435
47 473
47 512
47 590
47 648
47 667
47 741
47 858
47 863
47 896
48 115
48 515
48 633
48 648
48 685
48 714
48 753
48 803
48 829
48 883
48 899
48 957
49 115
49 139
49 159
49 320
49 388
49 397
49 436
49 447
49 476
49 570
49 626
49 634
49 795
49 807
49 860
49 914
49 973
50 135
50 173
50 239
50 293
50 312
50 369
50 451
50 493
50 514
50 561
50 571
50 609
50 621
50 736
50 800
50 810
50 875
50 906
51 122
51 158
51 177
51 239
51 249
51 266
51 274
51 277
51 297
51 319
51 327
51 396
51 421
51 434
51 436
51 462
51 486
51 490
51 492
51 531
51 535
51 538
51 541
51 551
51 564
51 565
51 611
51 652
51 660
51 726
51 749
51 758
51 769
51 782
51 786
51 788
51 820
51 836
51 927
51 946
51 969
51 980
51 981
52 124
52 155
52 171
52 172
52 250
52 277
52 285
52 377
52 378
52 683
52 831
53 185
53 202
53 233
53 402
53 409
53 410
53 442
53 470
53 475
53 482
53 520
53 548
53 627
53 676
53 691
53 707
53 831
53 832
53 862
53 957
54 56
54 68
54 87
54 149
54 210
54 237
54 239
54 266
54 306
54 309
54 449
54 451
54 457
54 465
54 607
54 617
54 691
54 693
54 706
54 721
54 733
54 744
54 832
54 842
54 848
54 874
54 929
54 957
55 84
55 91
55 112
55 144
55 215
55 332
55 386
55 387
55 546
55 564
55 616
55 675
55 811
55 840
55 924
55 979
55 981
56 68
56 70
56 87
56 134
56 209
56 210
56 237
56 306
56 324
56 379
56 424
56 449
56 457
56 518
56 592
56 607
56 615
56 673
56 688
56 691
56 721
56 748
56 756
56 848
56 878
56 929
56 957
56 994
57 219
57 234
57 353
57 420
57 582
57 644
57 671
57 682
57 802
57 872
57 884
58 138
58 148
58 157
58 207
58 211
58 257
58 287
58 289
58 372
58 375
58 450
58 487
58 536
58 540
58 558
58 582
58 646
58 651
58 667
58 782
58 829
58 855
58 918
58 973
58 981
58 986
58 994
59 99
59 108
59 160
59 174
59 178
59 192
59 255
59 279
59 356
59 375
59 433
59 459
59 460
59 469
59 472
59 480
59 513
59 543
59 569
59 596
59 599
59 606
59 622
59 636
59 656
59 762
59 763
59 771
59 854
59 867
59 888
59 957
59 991
60 184
60 275
60 319
60 518
60 523
60 524
60 539
60 548
60 595
60 632
60 679
60 688
60 692
60 757
60 777
60 910
60 935
60 944
61 71
61 170
61 186
61 260
61 341
61 392
61 499
61 545
61 576
61 708
61 710
61 792
61 849
61 881
61 917
61 974
62 176
62 202
62 366
62 393
62 460
62 588
62 597
62 632
62 706
62 731
62 826
62 849
62 869
62 951
63 295
63 337
63 352
63 459
63 472
63 564
63 726
63 733
63 776
63 806
63 896
63 928
63 986
64 74
64 79
64 110
64 162
64 172
64 283
64 398
64 399
64 450
64 500
64 512
64 535
64 605
64 624
64 686
64 731
64 848
64 912
64 952
64 992
65 107
65 272
65 324
65 331
65 395
65 530
65 595
65 603
65 697
65 719
65 849
66 67
66 98
66 139
66 155
66 177
66 197
66 351
66 444
66 478
66 509
66 529
66 585
66 587
66 598
66 617
66 635
66 670
66 706
66 738
66 830
66 842
66 931
66 939
66 972
67 69
67 95
67 98
67 127
67 139
67 179
67 204
67 327
67 337
67 351
67 360
67 398
67 443
67 458
67 489
67 529
67 560
67 584
67 604
67 609
67 642
67 670
67 706
67 714
67 717
67 718
67 818
67 830
67 846
67 931
67 956
67 988
67 991
68 87
68 149
68 237
68 277
68 306
68 420
68 425
68 457
68 514
68 520
68 537
68 607
68 648
68 688
68 691
68 693
68 820
68 929
68 964
68 982
69 78
69 136
69 154
69 261
69 268
69 355
69 385
69 406
69 541
69 548
69 651
69 808
69 836
69 842
69 848
69 915
69 923
70 109
70 119
70 144
70 277
70 309
70 316
70 363
70 487
70 571
70 712
70 732
70 789
70 809
70 822
70 896
70 910
70 920
70 925
70 992
71 92
71 186
71 260
71 269
71 445
71 708
71 714
71 715
71 730
71 755
71 756
71 913
71 974
72 136
72 171
72 179
72 216
72 296
72 301
72 346
72 382
72 383
72 400
72 413
72 469
72 564
72 611
72 801
72 834
72 871
72 897
72 931
72 940
73 105
73 113
73 128
73 159
73 164
73 166
73 190
73 191
73 194
73 195
73 211
73 215
73 231
73 240
73 267
73 274
73 334
73 336
73 385
73 422
73 423
73 438
73 439
73 441
73 452
73 456
73 477
73 491
73 509
73 514
73 519
73 523
73 547
73 650
73 668
73 681
73 767
73 787
73 861
73 873
73 884
73 900
73 905
73 907
73 919
73 944
73 970
73 984
74 122
74 298
74 458
74 522
74 601
74 623
74 691
74 781
74 853
74 926
74 991
75 105
75 119
75 148
75 157
75 179
75 195
75 201
75 210
75 289
75 315
75 332
75 338
75 469
75 483
75 558
75 589
75 600
75 646
75 695
75 848
75 859
75 973
76 119
76 143
76 180
76 215
76 286
76 302
76 330
76 416
76 506
76 554
76 557
76 670
76 799
76 893
76 944
76 960
77 88
77 263
77 324
77 388
77 437
77 441
77 447
77 476
77 502
77 570
77 647
77 650
77 651
77 670
77 762
77 807
77 840
77 904
77 905
77 914
78 91
78 136
78 246
78 261
78 268
78 292
78 303
78 353
78 355
78 377
78 385
78 390
78 413
78 417
78 419
78 516
78 541
78 554
78 574
78 577
78 617
78 637
78 651
78 663
78 706
78 737
78 808
78 818
78 825
78 891
78 892
78 938
79 97
79 142
79 171
79 253
79 283
79 317
79 376
79 386
79 458
79 495
79 505
79 580
79 612
79 630
79 652
79 672
79 679
79 709
79 711
79 798
79 899
79 982
80 110
80 171
80 326
80 348
80 376
80 468
80 528
80 612
80 632
80 657
80 672
80 690
80 711
80 731
80 848
81 83
81 192
81 224
81 248
81 278
81 467
81 504
81 595
81 638
81 647
81 718
81 728
81 755
81 779
81 826
81 849
81 861
81 903
81 919
81 967
81 993
82 118
82 124
82 132
82 134
82 166
82 220
82 299
82 313
82 321
82 359
82 428
82 440
82 445
82 481
82 518
82 521
82 563
82 593
82 641
82 680
82 712
82 732
82 832
82 846
82 907
82 936
82 948
82 972
82 979
83 316
83 317
83 420
83 498
83 499
83 638
83 694
83 718
83 779
83 826
83 837
83 849
83 903
83 917
83 919
83 935
83 959
83 967
83 969
83 988
84 275
84 288
84 310
84 332
84 546
84 804
84 811
84 961
85 91
85 166
85 209
85 325
85 355
85 455
85 475
85 526
85 533
85 564
85 615
85 685
85 740
85 741
85 771
85 793
85 869
85 920
86 101
86 120
86 140
86 222
86 230
86 302
86 316
86 608
86 742
86 744
86 775
86 776
86 868
86 882
86 916
86 935
87 103
87 149
87 198
87 210
87 237
87 241
87 244
87 269
87 306
87 449
87 457
87 483
87 607
87 646
87 693
87 721
87 756
87 855
87 861
87 929
88 168
88 194
88 222
88 227
88 230
88 284
88 477
88 514
88 558
88 608
88 610
88 657
88 717
88 744
88 748
88 776
88 837
88 868
88 882
88 887
88 907
88 982
89 102
89 121
89 193
89 290
89 294
89 365
89 434
89 521
89 625
89 740
89 746
89 805
89 865
89 945
89 959
90 108
90 229
90 250
90 286
90 337
90 429
90 476
90 494
90 537
90 751
90 922
91 92
91 106
91 116
91 155
91 156
91 158
91 175
91 212
91 216
91 217
91 228
91 243
91 298
91 317
91 331
91 358
91 361
91 384
91 445
91 497
91 556
91 623
91 679
91 714
91 726
91 761
91 798
91 824
91 852
91 866
91 911
92 94
92 106
92 152
92 156
92 165
92 175
92 193
92 217
92 218
92 222
92 228
92 252
92 268
92 273
92 298
92 309
92 331
92 349
92 358
92 361
92 384
92 497
92 601
92 623
92 692
92 740
92 798
92 802
92 824
92 852
92 866
92 893
92 925
92 943
93 112
93 140
93 157
93 302
93 332
93 333
93 371
93 408
93 421
93 424
93 438
93 439
93 467
93 489
93 566
93 617
93 856
94 156
94 218
94 243
94 298
94 370
94 383
94 413
94 692
94 798
94 812
94 824
94 861
94 918
95 212
95 249
95 499
95 541
95 604
95 625
95 680
95 695
95 795
95 843
95 877
95 934
95 943
95 945
95 966
95 1000
96 116
96 190
96 235
96 271
96 505
96 509
96 558
96 669
96 785
96 815
96 863
96 870
96 885
96 924
96 976
96 985
97 162
97 171
97 227
97 263
97 371
97 381
97 463
97 468
97 483
97 505
97 512
97 672
97 700
97 731
97 843
97 848
97 945
98 101
98 122
98 182
98 197
98 204
98 327
98 351
98 356
98 360
98 361
98 401
98 402
98 433
98 458
98 478
98 562
98 585
98 598
98 608
98 616
98 618
98 670
98 675
98 738
98 757
98 830
98 846
98 904
98 931
98 973
99 347
99 469
99 480
99 513
99 564
99 569
99 596
99 607
99 711
99 715
99 733
99 755
99 854
99 867
99 895
99 901
99 929
100 106
100 123
100 183
100 200
100 333
100 438
100 445
100 559
100 588
100 680
100 698
100 712
100 724
100 727
100 841
100 844
100 870
100 878
100 948
101 117
101 177
101 227
101 230
101 343
101 422
101 543
101 579
101 639
101 645
101 765
101 768
101 776
101 803
101 910
101 973
102 157
102 168
102 271
102 296
102 309
102 324
102 444
102 513
102 560
102 567
102 587
102 604
102 625
102 707
102 741
102 746
102 768
102 805
102 943
102 998
103 113
103 126
103 151
103 153
103 199
103 209
103 251
103 270
103 316
103 349
103 351
103 404
103 425
103 433
103 447
103 466
103 467
103 475
103 542
103 601
103 604
103 610
103 627
103 634
103 639
103 643
103 659
103 662
103 663
103 664
103 715
103 745
103 833
103 843
103 876
103 880
103 887
103 899
103 903
103 983
103 987
103 997
104 174
104 180
104 200
104 228
104 247
104 286
104 295
104 302
104 419
104 436
104 450
104 535
104 557
104 580
104 601
104 711
104 799
104 904
104 930
104 960
104 981
105 106
105 128
105 141
105 159
105 166
105 194
105 215
105 231
105 233
105 238
105 240
105 246
105 255
105 274
105 285
105 336
105 415
105 422
105 423
105 434
105 439
105 441
105 442
105 478
105 491
105 547
105 568
105 587
105 635
105 668
105 684
105 745
105 785
105 787
105 836
105 846
105 850
105 865
105 944
105 954
105 960
106 141
106 154
106 156
106 158
106 175
106 217
106 228
106 243
106 273
106 298
106 316
106 331
106 353
106 361
106 631
106 678
106 705
106 824
106 992
107 127
107 141
107 316
107 363
107 480
107 489
107 571
107 690
107 759
107 789
107 831
107 834
107 925
107 992
108 122
108 192
108 236
108 237
108 249
108 266
108 368
108 377
108 401
108 421
108 436
108 481
108 492
108 531
108 535
108 551
108 564
108 646
108 652
108 653
108 726
108 786
108 788
108 820
108 860
108 906
108 946
108 955
108 974
108 980
108 984
108 993
109 144
109 180
109 227
109 264
109 412
109 426
109 489
109 506
109 571
109 896
109 992
110 162
110 171
110 191
110 263
110 283
110 323
110 370
110 371
110 422
110 453
110 468
110 483
110 509
110 514
110 551
110 587
110 605
110 612
110 638
110 655
110 665
110 696
110 731
110 843
110 848
110 906
110 936
110 958
111 168
111 190
111 195
111 229
111 259
111 287
111 292
111 309
111 372
111 455
111 500
111 517
111 530
111 533
111 544
111 550
111 566
111 592
111 610
111 615
111 680
111 710
111 741
111 764
111 771
111 775
111 793
111 795
111 842
111 847
111 900
111 902
111 920
111 972
112 209
112 310
112 330
112 400
112 715
112 747
112 762
112 817
112 909
112 960
113 209
113 230
113 231
113 301
113 433
113 466
113 477
113 538
113 583
113 610
113 627
113 643
113 667
113 672
113 762
113 813
113 827
113 861
113 866
113 876
113 899
113 916
113 978
113 983
114 192
114 197
114 231
114 316
114 322
114 394
114 480
114 571
114 618
114 689
114 690
114 763
114 807
114 902
114 903
114 978
114 985
114 987
115 311
115 342
115 388
115 555
115 652
115 734
115 803
115 883
116 255
116 282
116 344
116 350
116 351
116 403
116 419
116 447
116 478
116 509
116 515
116 785
116 815
116 886
116 924
116 936
116 966
117 176
117 270
117 523
117 577
117 644
117 658
117 730
117 732
117 814
117 821
117 988
117 996
118 299
118 359
118 388
118 428
118 435
118 445
118 471
118 563
118 588
118 641
118 712
118 795
118 832
118 907
119 127
119 130
119 147
119 152
119 174
119 199
119 238
119 241
119 265
119 279
119 317
119 433
119 495
119 509
119 512
119 534
119 575
119 591
119 614
119 624
119 635
119 648
119 682
119 684
119 696
119 871
119 886
119 912
119 917
119 927
119 978
119 998
120 252
120 299
120 304
120 338
120 374
120 388
120 428
120 445
120 521
120 559
120 588
120 641
120 701
120 712
120 804
120 832
120 837
120 856
120 939
120 947
120 948
120 962
120 979
120 991
121 148
121 157
121 176
121 179
121 207
121 257
121 289
121 314
121 338
121 372
121 447
121 464
121 519
121 596
121 600
121 750
121 828
121 895
121 978
121 986
122 148
122 225
122 236
122 266
122 297
122 327
122 361
122 368
122 395
122 396
122 421
122 457
122 462
122 492
122 531
122 535
122 547
122 564
122 566
122 603
122 606
122 652
122 678
122 686
122 726
122 749
122 758
122 766
122 782
122 786
122 788
122 820
122 836
122 845
122 906
122 919
122 946
122 969
122 980
123 230
123 234
123 304
123 353
123 414
123 420
123 443
123 445
123 461
123 568
123 582
123 593
123 611
123 671
123 703
123 873
123 884
123 904
123 911
123 963
124 167
124 208
124 360
124 555
124 704
124 735
124 746
124 831
124 917
124 970
125 254
125 300
125 306
125 352
125 647
125 774
125 806
125 859
125 928
125 980
126 217
126 354
126 433
126 445
126 533
126 604
126 610
126 643
126 675
126 707
126 762
126 846
126 880
126 916
126 972
126 986
127 142
127 207
127 289
127 312
127 381
127 401
127 514
127 522
127 531
127 655
127 770
127 777
127 808
127 884
127 933
127 966
127 969
128 141
128 149
128 159
128 166
128 185
128 194
128 215
128 231
128 233
128 238
128 240
128 245
128 246
128 255
128 267
128 273
128 277
128 285
128 324
128 334
128 410
128 422
128 439
128 452
128 456
128 461
128 472
128 486
128 491
128 519
128 547
128 548
128 578
128 607
128 668
128 672
128 678
128 709
128 768
128 787
128 848
128 874
128 876
128 901
128 905
128 922
128 933
128 944
128 970
129 160
129 174
129 188
129 215
129 251
129 321
129 323
129 326
129 340
129 369
129 380
129 484
129 532
129 609
129 611
129 664
129 672
129 712
129 759
129 765
129 797
129 844
130 147
130 149
130 169
130 199
130 226
130 232
130 241
130 265
130 279
130 300
130 310
130 317
130 357
130 358
130 465
130 495
130 534
130 607
130 614
130 624
130 635
130 648
130 721
130 757
130 790
130 832
130 912
130 917
130 927
130 998
131 134
131 181
131 187
131 238
131 288
131 377
131 458
131 581
131 669
131 750
131 755
131 768
131 774
131 828
131 844
131 857
131 905
132 137
132 202
132 297
132 328
132 409
132 410
132 414
132 487
132 518
132 556
132 588
132 737
132 813
132 878
132 893
132 957
133 142
133 143
133 170
133 256
133 258
133 305
133 382
133 411
133 421
133 571
133 589
133 605
133 613
133 679
133 700
133 702
133 747
133 765
133 781
133 836
134 169
134 187
134 296
134 298
134 440
134 471
134 490
134 631
134 649
134 739
134 768
134 774
134 804
134 809
134 828
135 173
135 178
135 203
135 239
135 416
135 468
135 478
135 493
135 533
135 559
135 561
135 736
135 750
135 788
135 810
135 819
135 875
135 890
135 917
135 996
136 160
136 296
136 328
136 371
136 385
136 390
136 399
136 440
136 441
136 516
136 541
136 575
136 617
136 629
136 663
136 714
136 737
136 821
136 923
136 925
136 938
136 973
137 264
137 296
137 301
137 342
137 382
137 388
137 400
137 401
137 426
137 480
137 645
137 672
137 840
137 862
137 897
137 940
138 185
138 195
138 198
138 349
138 378
138 391
138 414
138 579
138 591
138 809
138 984
139 147
139 197
139 327
139 351
139 362
139 398
139 436
139 458
139 483
139 510
139 529
139 594
139 599
139 616
139 640
139 644
139 706
139 753
139 830
139 842
139 846
139 854
139 925
140 178
140 250
140 266
140 333
140 408
140 442
140 467
140 514
140 678
140 725
140 777
140 805
140 828
140 834
140 856
140 925
141 159
141 162
141 166
141 194
141 215
141 231
141 233
141 234
141 240
141 245
141 246
141 255
141 265
141 267
141 285
141 301
141 321
141 324
141 334
141 375
141 415
141 439
141 441
141 442
141 452
141 456
141 491
141 517
141 519
141 547
141 561
141 627
141 668
141 673
141 690
141 707
141 746
141 787
141 881
141 896
141 905
141 944
141 970
142 143
142 307
142 389
142 500
142 589
142 689
142 740
142 925
143 160
143 170
143 178
143 258
143 367
143 373
143 380
143 425
143 781
143 819
143 898
143 952
144 166
144 281
144 316
144 363
144 392
144 394
144 467
144 483
144 525
144 571
144 618
144 643
144 739
144 772
144 809
144 824
144 834
144 896
144 922
144 925
144 959
144 978
145 335
145 425
145 461
145 531
145 539
145 590
145 698
145 729
145 761
145 766
145 989
146 155
146 181
146 187
146 193
146 200
146 446
146 465
146 471
146 517
146 631
146 705
146 742
146 794
146 796
146 820
146 823
146 828
146 857
146 895
146 937
147 199
147 232
147 241
147 244
147 265
147 285
147 299
147 310
147 317
147 322
147 357
147 389
147 403
147 484
147 501
147 521
147 524
147 534
147 580
147 614
147 624
147 635
147 648
147 671
147 673
147 701
147 786
147 871
147 879
147 912
147 917
147 920
147 998
148 157
148 179
148 194
148 207
148 251
148 266
148 287
148 289
148 294
148 338
148 545
148 558
148 569
148 600
148 604
148 622
148 646
148 880
148 973
148 979
148 986
148 990
148 992
149 210
149 237
149 306
149 360
149 449
149 457
149 474
149 565
149 607
149 665
149 691
149 693
149 699
149 721
149 758
149 856
149 889
149 920
149 929
149 994
150 196
150 205
150 246
150 269
150 308
150 312
150 328
150 364
150 406
150 450
150 470
150 482
150 536
150 550
150 560
150 660
150 689
150 724
150 761
150 800
150 835
150 889
150 894
150 903
150 908
150 912
150 941
150 942
150 949
150 971
151 327
151 354
151 433
151 477
151 538
151 610
151 643
151 675
151 711
151 713
151 762
151 795
151 809
151 861
151 863
151 876
151 894
151 898
151 907
151 983
151 987
151 997
152 154
152 160
152 179
152 403
152 430
152 435
152 473
152 554
152 585
152 667
152 689
152 819
152 840
152 863
152 889
153 159
153 188
153 270
153 542
153 544
153 580
153 649
153 697
153 725
153 744
153 751
153 775
153 827
153 861
153 943
153 990
153 996
154 160
154 177
154 291
154 329
154 387
154 395
154 403
154 430
154 435
154 451
154 548
154 618
154 667
154 709
154 725
154 819
154 863
154 898
154 943
154 976
155 187
155 432
155 498
155 588
155 631
155 646
155 649
155 669
155 774
155 823
155 828
155 884
155 951
155 953
156 175
156 186
156 217
156 228
156 252
156 273
156 298
156 483
156 497
156 559
156 623
156 692
156 699
156 741
156 769
156 824
156 841
156 866
156 870
156 947
157 179
157 207
157 257
157 289
157 298
157 315
157 372
157 388
157 422
157 558
157 559
157 584
157 600
157 617
157 646
157 792
157 794
157 799
157 829
157 855
157 950
157 981
157 986
158 194
158 217
158 218
158 250
158 252
158 273
158 384
158 519
158 612
158 618
158 623
158 692
158 769
158 824
158 978
158 986
158 989
158 997
159 215
159 233
159 238
159 240
159 246
159 251
159 257
159 274
159 285
159 324
159 334
159 423
159 434
159 439
159 441
159 486
159 491
159 516
159 519
159 547
159 618
159 628
159 691
159 736
159 787
159 801
159 838
159 847
159 905
159 944
159 970
159 973
160 221
160 283
160 291
160 317
160 403
160 430
160 435
160 473
160 689
160 734
160 898
160 970
161 184
161 186
161 275
161 319
161 492
161 517
161 518
161 523
161 524
161 539
161 548
161 625
161 632
161 634
161 679
161 686
161 688
161 689
161 777
161 922
161 935
161 980
162 220
162 230
162 242
162 253
162 290
162 354
162 371
162 376
162 418
162 453
162 468
162 473
162 487
162 505
162 514
162 632
162 665
162 672
162 700
162 709
162 731
162 749
162 765
162 832
162 839
162 840
162 843
162 848
162 914
162 915
162 966
162 978
162 995
163 205
163 211
163 274
163 419
163 471
163 566
163 761
163 804
163 809
163 837
163 841
163 864
163 931
163 953
163 969
164 259
164 399
164 402
164 408
164 526
164 533
164 567
164 660
164 741
164 771
164 788
164 793
164 847
164 964
164 968
164 972
164 976
165 184
165 275
165 292
165 319
165 378
165 503
165 506
165 518
165 520
165 523
165 526
165 539
165 627
165 632
165 772
165 777
165 823
165 843
165 844
166 194
166 215
166 231
166 233
166 257
166 263
166 267
166 285
166 324
166 346
166 371
166 415
166 422
166 439
166 441
166 491
166 519
166 547
166 787
166 902
166 940
166 944
166 976
167 382
167 405
167 427
167 518
167 523
167 539
167 546
167 679
167 686
167 688
167 696
167 757
167 777
167 910
167 935
167 958
168 235
168 311
168 320
168 328
168 444
168 456
168 587
168 625
168 677
168 695
168 707
168 746
168 763
168 805
168 818
168 821
168 855
168 887
168 914
168 934
168 943
168 945
169 230
169 311
169 318
169 431
169 444
169 532
169 566
169 577
169 590
169 841
169 843
170 237
170 317
170 508
170 526
170 589
170 612
170 702
170 748
170 977
171 191
171 220
171 234
171 283
171 324
171 330
171 347
171 348
171 374
171 376
171 416
171 463
171 468
171 505
171 512
171 513
171 514
171 523
171 687
171 761
171 839
171 848
171 914
171 923
171 966
171 997
172 233
172 248
172 420
172 532
172 563
172 608
172 728
172 736
172 742
172 775
172 776
172 847
172 868
172 882
172 902
172 925
172 942
173 202
173 239
173 293
173 345
173 374
173 375
173 451
173 464
173 493
173 561
173 697
173 734
173 786
173 860
173 875
174 286
174 419
174 453
174 477
174 512
174 557
174 583
174 799
174 826
174 852
174 878
174 888
175 243
175 266
175 361
175 383
175 416
175 493
175 623
175 692
175 769
175 798
175 824
175 861
175 895
175 955
175 956
176 263
176 366
176 393
176 448
176 460
176 468
176 475
176 558
176 573
176 581
176 597
176 619
176 869
176 881
176 951
177 291
177 419
177 430
177 473
177 610
177 667
177 669
177 689
177 867
177 960
177 969
178 267
178 461
178 589
178 619
178 650
178 680
178 781
178 905
179 182
179 193
179 207
179 233
179 276
179 289
179 297
179 315
179 338
179 340
179 341
179 344
179 372
179 390
179 459
179 558
179 575
179 600
179 620
179 634
179 729
179 829
179 860
179 973
179 986
180 200
180 295
180 305
180 355
180 417
180 557
180 580
180 583
180 643
180 661
180 700
180 709
180 717
180 736
180 792
180 799
180 805
180 824
180 870
180 965
181 186
181 187
181 334
181 386
181 387
181 471
181 563
181 581
181 631
181 641
181 669
181 677
181 697
181 761
181 768
181 823
181 828
181 857
181 859
181 890
181 895
181 940
181 942
181 985
181 986
182 207
182 229
182 276
182 287
182 292
182 372
182 531
182 583
182 588
182 600
182 700
182 726
182 770
182 811
182 829
182 863
182 973
182 986
183 200
183 202
183 206
183 230
183 269
183 407
183 484
183 608
183 636
183 744
183 775
183 776
183 854
183 942
184 256
184 262
184 274
184 275
184 277
184 294
184 319
184 367
184 397
184 443
184 484
184 518
184 520
184 523
184 539
184 548
184 553
184 640
184 679
184 688
184 715
184 750
184 752
184 757
184 773
184 811
184 873
184 880
184 910
184 921
184 922
184 935
184 938
184 962
184 975
184 976
184 996
185 202
185 208
185 251
185 349
185 365
185 402
185 409
185 469
185 507
185 510
185 517
185 527
185 586
185 676
185 757
185 800
185 813
185 835
185 893
185 916
185 965
186 260
186 288
186 319
186 341
186 548
186 550
186 576
186 600
186 708
186 710
186 755
186 793
186 808
186 881
187 196
187 288
187 318
187 333
187 458
187 465
187 471
187 495
187 498
187 499
187 514
187 516
187 559
187 581
187 631
187 643
187 653
187 658
187 669
187 761
187 768
187 828
187 844
187 859
187 866
187 870
187 890
187 895
187 896
187 963
187 969
187 984
188 194
188 225
188 366
188 515
188 518
188 523
188 548
188 567
188 688
188 750
188 834
188 850
188 857
188 905
188 918
188 935
188 948
189 215
189 229
189 255
189 330
189 332
189 374
189 505
189 554
189 632
189 762
189 861
189 909
190 271
190 280
190 309
190 325
190 351
190 423
190 447
190 499
190 504
190 526
190 530
190 533
190 538
190 543
190 544
190 555
190 567
190 602
190 665
190 694
190 735
190 740
190 741
190 748
190 771
190 789
190 791
190 795
190 800
190 814
190 822
190 907
190 920
190 972
190 986
191 201
191 259
191 283
191 339
191 439
191 468
191 514
191 567
191 619
191 731
191 757
191 843
191 848
191 876
191 903
192 292
192 372
192 436
192 437
192 463
192 481
192 501
192 531
192 564
192 612
192 652
192 660
192 686
192 713
192 726
192 731
192 754
192 757
192 758
192 767
192 770
192 777
192 782
192 902
192 916
192 969
192 976
193 270
193 289
193 315
193 372
193 464
193 488
193 558
193 570
193 586
193 600
193 646
193 680
193 790
193 862
193 986
194 231
194 233
194 255
194 285
194 286
194 301
194 322
194 324
194 334
194 347
194 415
194 423
194 435
194 439
194 441
194 456
194 486
194 491
194 519
194 547
194 582
194 621
194 646
194 668
194 676
194 856
194 869
195 269
195 303
195 352
195 363
195 391
195 510
195 514
195 540
195 574
195 591
195 594
195 712
195 758
195 860
195 984
196 285
196 290
196 308
196 312
196 316
196 406
196 482
196 484
196 493
196 536
196 560
196 580
196 661
196 705
196 720
196 799
196 835
196 908
196 910
196 941
196 949
196 952
196 971
197 281
197 301
197 327
197 351
197 363
197 398
197 458
197 471
197 506
197 585
197 625
197 670
197 687
197 842
197 846
197 854
197 888
197 931
198 269
198 349
198 387
198 391
198 510
198 540
198 574
198 579
198 591
198 604
198 641
198 911
198 913
199 244
199 265
199 310
199 317
199 322
199 357
199 429
199 432
199 446
199 495
199 534
199 565
199 567
199 575
199 584
199 614
199 624
199 631
199 648
199 730
199 871
199 877
199 879
199 884
199 910
199 912
199 921
200 280
200 286
200 295
200 358
200 416
200 557
200 583
200 641
200 642
200 761
200 792
200 868
200 930
200 960
200 965
200 978
201 263
201 289
201 379
201 428
201 434
201 445
201 480
201 559
201 563
201 641
201 680
201 712
201 740
201 870
201 907
201 948
201 962
202 212
202 231
202 381
202 383
202 409
202 410
202 414
202 429
202 445
202 507
202 527
202 673
202 676
202 689
202 692
202 712
202 813
202 821
202 850
202 862
202 983
203 207
203 229
203 286
203 408
203 416
203 792
203 799
203 843
203 930
203 965
204 218
204 324
204 327
204 351
204 360
204 478
204 563
204 585
204 663
204 670
204 682
204 830
204 846
204 848
204 854
204 931
204 950
205 227
205 271
205 308
205 326
205 339
205 406
205 450
205 461
205 520
205 526
205 536
205 550
205 582
205 661
205 663
205 791
205 874
205 908
205 949
205 971
206 229
206 234
206 307
206 353
206 375
206 420
206 508
206 572
206 582
206 594
206 671
206 731
206 790
206 873
206 884
206 904
206 946
206 949
207 237
207 257
207 283
207 287
207 289
207 315
207 321
207 328
207 329
207 345
207 364
207 446
207 464
207 558
207 600
207 606
207 635
207 759
207 801
207 843
207 855
207 973
208 392
208 558
208 560
208 588
208 666
208 690
208 795
208 847
208 916
209 213
209 219
209 251
209 278
209 312
209 370
209 375
209 405
209 425
209 433
209 460
209 466
209 477
209 508
209 538
209 542
209 548
209 599
209 601
209 610
209 625
209 627
209 634
209 643
209 659
209 674
209 675
209 727
209 746
209 762
209 827
209 833
209 861
209 863
209 864
209 887
209 899
209 916
209 954
209 978
209 983
209 987
209 995
209 997
209 998
210 237
210 323
210 444
210 449
210 503
210 504
210 573
210 607
210 662
210 691
210 693
210 717
210 741
210 756
210 786
210 868
211 237
211 357
211 425
211 712
211 722
211 756
211 841
211 881
211 888
212 256
212 283
212 371
212 468
212 470
212 483
212 505
212 519
212 535
212 612
212 635
212 642
212 657
212 700
212 744
212 843
213 227
213 278
213 315
213 354
213 376
213 466
213 472
213 538
213 542
213 574
213 599
213 604
213 610
213 625
213 628
213 634
213 639
213 643
213 659
213 675
213 692
213 727
213 771
213 791
213 803
213 807
213 833
213 836
213 861
213 887
213 911
213 916
213 956
213 987
214 240
214 390
214 406
214 498
214 549
214 564
214 624
214 659
214 728
214 846
214 902
214 930
215 231
215 238
215 255
215 267
215 285
215 334
215 336
215 364
215 422
215 423
215 441
215 456
215 459
215 491
215 498
215 519
215 547
215 574
215 655
215 658
215 693
215 741
215 787
215 814
215 815
215 905
215 912
215 918
215 933
215 944
215 954
216 235
216 279
216 282
216 401
216 487
216 493
216 500
216 515
216 519
216 785
216 815
216 839
216 877
216 885
216 985
217 228
217 233
217 243
217 273
217 298
217 330
217 331
217 348
217 358
217 361
217 366
217 383
217 384
217 401
217 407
217 518
217 576
217 592
217 598
217 604
217 617
217 623
217 692
217 768
217 805
217 824
217 852
217 866
217 878
218 228
218 243
218 273
218 298
218 331
218 333
218 361
218 385
218 403
218 426
218 590
218 623
218 660
218 662
218 822
218 824
218 832
218 913
219 353
219 401
219 415
219 431
219 494
219 835
219 853
219 926
219 977
220 226
220 401
220 666
220 687
220 746
220 788
220 796
220 818
220 971
221 311
221 322
221 336
221 388
221 431
221 437
221 476
221 570
221 613
221 618
221 650
221 818
221 840
221 914
222 230
222 317
222 505
222 568
222 593
222 646
222 748
222 750
222 755
222 775
222 776
222 818
222 868
222 882
222 942
222 982
223 337
223 355
223 429
223 548
223 564
223 751
223 756
223 780
223 802
223 816
224 290
224 328
224 568
224 587
224 634
224 638
224 644
224 707
224 718
224 777
224 793
224 818
224 899
224 925
225 249
225 292
225 297
225 368
225 462
225 495
225 531
225 535
225 652
225 670
225 684
225 687
225 783
225 786
225 797
225 824
225 836
225 914
225 946
226 466
226 564
226 600
226 635
226 666
226 712
226 773
226 776
226 796
226 955
226 961
227 230
227 334
227 394
227 608
227 636
227 704
227 729
227 742
227 743
227 744
227 748
227 763
227 775
227 776
227 868
227 882
227 934
227 942
228 243
228 273
228 298
228 339
228 358
228 361
228 362
228 497
228 527
228 579
228 623
228 769
228 796
228 824
228 827
228 866
228 913
228 995
228 999
229 234
229 249
229 307
229 339
229 353
229 381
229 420
229 470
229 568
229 572
229 576
229 582
229 594
229 612
229 652
229 671
229 674
229 682
229 723
229 782
229 790
229 840
229 873
229 900
229 904
230 290
230 322
230 326
230 407
230 561
230 636
230 684
230 742
230 744
230 750
230 776
230 792
230 868
230 882
230 942
230 995
231 233
231 240
231 246
231 255
231 267
231 274
231 285
231 324
231 334
231 339
231 391
231 394
231 422
231 423
231 430
231 439
231 486
231 491
231 501
231 519
231 547
231 621
231 643
231 668
231 700
231 787
231 812
231 889
231 905
231 924
231 925
231 932
231 944
231 972
231 983
231 988
232 244
232 266
232 319
232 343
232 394
232 454
232 501
232 534
232 575
232 635
232 648
232 708
232 740
232 759
232 912
233 238
233 255
233 267
233 336
233 344
233 356
233 363
233 390
233 406
233 415
233 439
233 446
233 486
233 491
233 499
233 519
233 537
233 547
233 563
233 668
233 689
233 787
233 862
233 905
233 946
233 955
233 970
234 251
234 339
234 386
234 390
234 391
234 420
234 453
234 459
234 480
234 572
234 582
234 593
234 659
234 671
234 682
234 710
234 723
234 726
234 790
234 873
234 930
234 935
234 955
235 250
235 375
235 401
235 471
235 487
235 509
235 515
235 518
235 562
235 713
235 748
235 785
235 813
235 815
235 885
235 924
235 936
235 960
236 274
236 297
236 299
236 324
236 421
236 436
236 480
236 481
236 531
236 535
236 551
236 644
236 652
236 782
236 836
236 946
236 969
236 972
236 993
237 306
237 342
237 457
237 501
237 521
237 531
237 572
237 600
237 607
237 664
237 676
237 693
237 721
237 739
237 825
237 827
237 880
237 929
237 994
238 240
238 324
238 334
238 384
238 389
238 455
238 519
238 625
238 630
238 649
238 767
238 991
239 293
239 374
239 493
239 520
239 593
239 621
239 625
239 697
239 736
239 780
239 810
239 875
239 934
239 961
240 246
240 269
240 274
240 294
240 334
240 336
240 439
240 491
240 546
240 547
240 597
240 607
240 640
240 683
240 754
240 762
240 787
240 896
240 905
240 940
240 944
241 244
241 265
241 310
241 317
241 361
241 499
241 507
241 531
241 534
241 563
241 575
241 576
241 624
241 631
241 635
241 648
241 674
241 677
241 710
241 755
241 766
241 827
241 871
241 879
241 912
241 916
241 917
241 922
241 927
241 998
242 378
242 468
242 505
242 591
242 602
242 612
242 657
242 709
242 731
242 778
242 785
242 817
243 252
243 262
243 264
243 273
243 281
243 298
243 320
243 331
243 358
243 361
243 383
243 384
243 387
243 487
243 497
243 517
243 588
243 631
243 670
243 692
243 713
243 798
243 824
243 827
243 866
243 969
243 978
244 265
244 279
244 310
244 317
244 322
244 357
244 361
244 375
244 377
244 396
244 424
244 434
244 446
244 452
244 474
244 493
244 495
244 534
244 575
244 614
244 624
244 635
244 648
244 655
244 684
244 709
244 722
244 740
244 746
244 830
244 841
244 868
244 871
244 886
244 912
244 917
244 927
244 998
245 289
245 455
245 498
245 533
245 562
245 567
245 580
245 615
245 741
245 771
245 795
245 920
246 255
246 324
246 375
246 519
246 547
246 757
246 905
246 928
246 929
246 944
247 301
247 402
247 409
247 410
247 414
247 527
247 545
247 594
247 607
247 643
247 676
247 739
247 813
247 831
247 883
247 893
247 957
248 264
248 301
248 329
248 426
248 478
248 549
248 645
248 664
248 812
248 897
248 940
248 951
249 256
249 292
249 297
249 304
249 305
249 396
249 411
249 462
249 492
249 501
249 531
249 535
249 552
249 556
249 564
249 648
249 652
249 660
249 686
249 688
249 723
249 725
249 726
249 754
249 757
249 758
249 766
249 782
249 788
249 946
249 955
249 980
249 993
250 296
250 337
250 387
250 429
250 537
250 676
250 689
250 751
250 780
250 895
251 349
251 405
251 424
251 433
251 434
251 466
251 475
251 477
251 508
251 515
251 537
251 538
251 540
251 542
251 559
251 601
251 604
251 639
251 640
251 643
251 659
251 675
251 689
251 715
251 757
251 762
251 826
251 827
251 840
251 861
251 880
251 899
251 910
251 995
251 997
252 278
252 298
252 300
252 331
252 358
252 383
252 384
252 430
252 614
252 627
252 740
252 798
252 801
252 824
252 833
252 844
252 983
253 309
253 338
253 361
253 605
253 612
253 672
253 731
253 739
253 922
254 350
254 352
254 428
254 455
254 510
254 590
254 725
254 767
254 864
254 896
254 928
255 279
255 285
255 324
255 352
255 391
255 422
255 423
255 439
255 456
255 510
255 519
255 547
255 580
255 668
255 669
255 685
255 775
255 877
255 899
255 905
255 944
255 956
255 970
256 258
256 291
256 357
256 360
256 539
256 626
256 703
256 739
256 756
256 840
256 842
256 858
256 946
256 978
257 269
257 276
257 287
257 315
257 338
257 364
257 464
257 558
257 600
257 646
257 722
257 823
257 855
257 871
257 877
257 885
257 973
257 991
257 996
258 305
258 325
258 411
258 431
258 534
258 589
258 702
258 746
258 781
258 952
258 972
259 263
259 325
259 433
259 455
259 466
259 477
259 526
259 533
259 539
259 586
259 615
259 617
259 718
259 741
259 787
259 793
259 795
259 817
259 847
259 894
259 916
259 920
259 945
259 972
259 976
260 341
260 361
260 375
260 576
260 708
260 710
260 735
260 755
260 793
260 832
260 881
260 927
260 974
260 991
260 997
261 269
261 303
261 355
261 378
261 390
261 417
261 474
261 505
261 507
261 519
261 528
261 536
261 541
261 569
261 617
261 637
261 651
261 737
261 739
261 808
261 860
261 891
261 892
261 923
261 956
262 313
262 428
262 434
262 445
262 531
262 559
262 588
262 592
262 641
262 648
262 651
262 667
262 680
262 694
262 712
262 824
262 826
262 870
262 948
262 983
263 366
263 393
263 448
263 460
263 538
263 573
263 619
263 724
263 869
263 951
264 296
264 301
264 372
264 382
264 465
264 525
264 645
264 652
264 679
264 709
264 812
264 892
264 897
264 910
265 310
265 317
265 382
265 384
265 411
265 446
265 448
265 451
265 495
265 528
265 534
265 541
265 575
265 592
265 614
265 624
265 635
265 648
265 871
265 879
265 912
265 927
265 998
266 290
266 292
266 298
266 346
266 371
266 393
266 395
266 396
266 421
266 449
266 490
266 501
266 531
266 535
266 551
266 652
266 726
266 749
266 754
266 786
266 788
266 796
266 836
266 956
266 966
266 969
266 980
266 993
267 285
267 287
267 291
267 312
267 324
267 325
267 415
267 422
267 423
267 439
267 441
267 452
267 489
267 491
267 519
267 547
267 568
267 668
267 702
267 892
267 893
267 944
267 970
268 303
268 317
268 355
268 390
268 440
268 483
268 521
268 528
268 541
268 577
268 617
268 651
268 679
268 762
268 864
268 885
268 896
269 349
269 373
269 391
269 457
269 514
269 540
269 579
269 591
269 782
269 988
270 398
270 502
270 531
270 658
270 673
270 732
270 747
270 762
270 764
270 814
270 922
270 932
270 988
270 990
270 996
271 325
271 331
271 448
271 471
271 567
271 592
271 594
271 643
271 741
271 771
271 778
271 793
271 795
271 817
271 842
271 867
271 920
271 972
271 976
272 345
272 379
272 394
272 603
272 627
272 719
272 825
272 873
272 954
272 991
273 318
273 352
273 358
273 361
273 384
273 398
273 420
273 443
273 495
273 497
273 623
273 692
273 769
273 807
273 822
273 824
273 953
273 978
274 428
274 464
274 514
274 519
274 547
274 609
274 717
274 744
274 905
274 944
275 294
275 319
275 422
275 442
275 458
275 472
275 483
275 496
275 512
275 518
275 520
275 523
275 524
275 539
275 545
275 548
275 679
275 681
275 691
275 696
275 773
275 777
275 794
275 889
275 910
275 918
275 921
275 922
275 932
275 935
275 966
275 975
276 338
276 375
276 462
276 464
276 600
276 647
276 677
276 834
276 918
276 920
276 934
276 973
276 986
277 378
277 683
277 793
277 895
277 916
277 924
278 354
278 372
278 405
278 433
278 538
278 575
278 604
278 675
278 681
278 718
278 763
278 809
278 845
278 861
278 876
278 918
278 973
278 983
278 997
279 317
279 322
279 372
279 448
279 534
279 575
279 624
279 635
279 648
279 687
279 699
279 759
279 786
279 808
279 815
279 819
279 879
279 886
279 912
279 980
280 288
280 289
280 411
280 420
280 433
280 438
280 455
280 466
280 500
280 517
280 533
280 543
280 544
280 567
280 586
280 592
280 637
280 691
280 741
280 743
280 771
280 791
280 793
280 795
280 817
280 822
280 827
280 847
280 874
280 900
280 920
280 964
280 972
280 976
281 367
281 394
281 472
281 489
281 506
281 541
281 560
281 571
281 624
281 663
281 695
281 702
281 785
281 834
281 925
282 344
282 350
282 473
282 477
282 487
282 509
282 515
282 655
282 702
282 704
282 785
282 839
282 885
282 894
282 938
282 985
283 376
283 412
283 453
283 468
283 505
283 512
283 514
283 549
283 561
283 602
283 612
283 613
283 616
283 630
283 634
283 672
283 709
283 715
283 716
283 731
283 756
283 783
283 839
283 915
283 966
284 365
284 414
284 419
284 427
284 620
284 626
284 658
284 760
284 762
284 869
284 913
284 962
285 334
285 373
285 422
285 439
285 489
285 491
285 519
285 547
285 668
285 707
285 729
285 763
285 787
285 893
285 905
286 295
286 416
286 557
286 579
286 580
286 583
286 599
286 743
286 792
286 856
286 965
287 289
287 372
287 424
287 464
287 558
287 617
287 632
287 641
287 651
287 861
287 973
287 979
287 986
288 299
288 307
288 332
288 363
288 387
288 468
288 546
288 574
288 631
288 654
288 674
288 778
288 811
288 836
288 909
288 1000
289 294
289 315
289 316
289 317
289 338
289 364
289 372
289 385
289 399
289 428
289 464
289 558
289 600
289 646
289 697
289 806
289 888
289 895
289 960
289 963
289 973
289 981
289 986
290 419
290 450
290 456
290 471
290 695
290 707
290 795
290 805
290 945
290 964
291 329
291 346
291 370
291 430
291 435
291 456
291 473
291 526
291 667
291 689
291 759
291 819
291 858
291 863
291 888
291 898
291 947
292 293
292 297
292 312
292 421
292 454
292 462
292 468
292 481
292 490
292 531
292 535
292 551
292 564
292 640
292 652
292 660
292 712
292 723
292 726
292 757
292 820
292 906
292 931
292 946
292 969
292 980
293 295
293 347
293 374
293 445
293 451
293 457
293 493
293 561
293 608
293 621
293 697
293 710
293 736
293 762
293 782
293 790
293 810
293 844
293 905
293 985
294 319
294 484
294 523
294 539
294 548
294 645
294 696
294 743
294 750
294 757
294 766
294 777
294 918
294 922
294 935
294 997
295 309
295 341
295 393
295 416
295 437
295 557
295 580
295 659
295 703
295 792
295 799
295 810
295 960
296 301
296 331
296 397
296 400
296 414
296 426
296 526
296 660
296 752
296 896
296 897
296 940
296 993
297 311
297 352
297 380
297 395
297 421
297 481
297 515
297 527
297 564
297 646
297 652
297 686
297 726
297 758
297 782
297 788
297 833
297 836
297 906
297 946
297 969
297 991
298 316
298 348
298 358
298 384
298 428
298 564
298 578
298 631
298 641
298 712
298 769
298 798
298 818
298 824
298 837
298 852
298 857
298 866
298 888
298 907
298 931
299 328
299 359
299 369
299 428
299 434
299 445
299 465
299 539
299 559
299 563
299 565
299 614
299 641
299 680
299 701
299 712
299 713
299 721
299 732
299 750
299 822
299 844
299 907
299 948
299 979
300 311
300 357
300 537
300 567
300 577
300 806
300 815
300 882
300 967
301 382
301 426
301 480
301 513
301 525
301 528
301 532
301 645
301 647
301 697
301 708
301 801
301 812
301 836
301 897
302 354
302 361
302 522
302 646
302 770
302 820
302 885
302 962
303 315
303 327
303 355
303 385
303 516
303 547
303 562
303 617
303 808
303 815
303 843
303 923
304 353
304 367
304 382
304 420
304 506
304 523
304 568
304 572
304 582
304 594
304 671
304 898
305 398
305 411
305 439
305 509
305 549
305 634
305 702
305 767
305 775
305 916
305 952
305 983
305 985
306 348
306 449
306 457
306 516
306 522
306 545
306 600
306 607
306 634
306 638
306 691
306 721
306 929
306 996
307 339
307 359
307 360
307 420
307 442
307 572
307 587
307 593
307 605
307 649
307 778
307 790
307 830
307 884
307 942
308 312
308 314
308 332
308 406
308 413
308 450
308 477
308 482
308 485
308 534
308 536
308 560
308 582
308 661
308 724
308 800
308 801
308 835
308 864
308 894
308 908
308 941
308 949
308 968
308 971
309 329
309 331
309 447
309 455
309 456
309 487
309 517
309 526
309 530
309 543
309 592
309 631
309 680
309 715
309 741
309 793
309 795
309 818
309 847
309 920
309 972
309 976
310 317
310 441
310 446
310 478
310 524
310 534
310 635
310 648
310 746
310 836
310 912
310 917
311 343
311 345
311 503
311 620
311 626
311 657
311 722
311 740
311 762
311 795
311 864
311 913
311 952
312 484
312 485
312 499
312 536
312 550
312 560
312 576
312 608
312 617
312 639
312 654
312 661
312 724
312 885
312 894
312 908
312 935
312 941
312 949
312 968
312 971
313 359
313 428
313 491
313 521
313 559
313 561
313 563
313 641
313 668
313 680
313 712
313 813
313 907
313 979
314 325
314 357
314 380
314 517
314 526
314 533
314 544
314 567
314 640
314 675
314 741
314 771
314 793
314 920
314 972
315 338
315 364
315 372
315 403
315 409
315 438
315 464
315 534
315 561
315 598
315 600
315 624
315 654
315 684
315 698
315 855
315 893
315 973
315 981
316 323
316 367
316 394
316 421
316 489
316 496
316 506
316 554
316 571
316 618
316 622
316 642
316 677
316 690
316 725
316 754
316 772
316 789
316 809
316 834
316 884
316 896
316 897
316 925
316 991
316 992
317 322
317 331
317 357
317 365
317 372
317 446
317 481
317 495
317 510
317 534
317 575
317 624
317 635
317 644
317 648
317 684
317 879
317 886
317 904
317 917
317 927
317 951
317 967
317 998
318 427
318 570
318 620
318 626
318 631
318 652
318 733
318 890
318 979
318 1000
319 340
319 484
319 501
319 511
319 518
319 520
319 524
319 539
319 545
319 548
319 553
319 577
319 582
319 646
319 679
319 688
319 696
319 712
319 732
319 747
319 757
319 777
319 837
319 864
319 910
319 921
319 922
319 935
319 988
320 334
320 388
320 437
320 476
320 502
320 592
320 650
320 750
320 840
320 867
320 878
320 925
321 326
321 333
321 342
321 369
321 380
321 445
321 454
321 532
321 568
321 636
321 639
321 653
321 706
321 797
321 897
321 907
321 980
322 446
322 454
322 462
322 534
322 538
322 575
322 612
322 624
322 643
322 684
322 850
322 871
322 927
322 951
323 326
323 342
323 369
323 380
323 415
323 454
323 494
323 512
323 530
323 566
323 609
323 611
323 617
323 649
323 672
323 731
323 759
323 828
323 955
324 336
324 357
324 415
324 435
324 439
324 447
324 456
324 491
324 535
324 547
324 571
324 642
324 668
324 710
324 833
324 944
324 970
325 328
325 365
325 394
325 413
325 471
325 513
325 526
325 533
325 594
325 719
325 741
325 771
325 778
325 791
325 793
325 865
325 920
325 938
325 963
325 972
326 342
326 454
326 463
326 544
326 575
326 611
326 708
326 759
326 776
326 795
326 797
326 834
326 864
326 878
326 981
326 984
327 360
327 392
327 398
327 436
327 478
327 568
327 584
327 598
327 616
327 670
327 676
327 706
327 736
327 738
327 741
327 743
327 829
327 830
327 838
327 842
327 846
327 854
327 878
327 895
327 903
327 931
327 959
327 960
327 987
327 994
328 335
328 372
328 468
328 469
328 587
328 653
328 677
328 702
328 746
328 770
328 805
328 818
328 872
328 921
328 943
328 945
329 403
329 434
329 473
329 548
329 614
329 635
329 667
329 784
329 819
329 888
330 332
330 480
330 562
330 827
331 361
331 497
331 692
331 762
331 769
331 777
331 798
331 804
331 822
331 824
331 839
331 859
331 866
332 347
332 387
332 546
332 786
332 811
332 828
332 909
332 965
332 1000
333 408
333 424
333 442
333 445
333 467
333 547
333 581
333 725
333 774
333 856
333 905
333 949
333 978
334 422
334 439
334 453
334 469
334 519
334 547
334 594
334 668
334 777
334 887
334 899
334 905
334 944
335 348
335 461
335 554
335 562
335 590
335 634
335 650
335 698
335 889
335 963
335 989
336 358
336 428
336 439
336 456
336 519
336 535
336 619
336 852
336 877
336 990
336 1000
337 429
337 465
337 537
337 749
337 780
337 803
337 813
337 816
337 941
338 345
338 364
338 372
338 401
338 420
338 464
338 558
338 625
338 669
338 833
338 848
338 855
338 870
338 973
338 981
338 986
339 353
339 572
339 582
339 593
339 720
339 790
339 794
339 798
339 821
339 839
339 884
339 885
340 380
340 454
340 609
340 622
340 667
340 759
340 793
340 876
340 911
340 989
341 576
341 659
341 708
341 710
341 743
341 755
341 881
341 884
341 974
342 532
342 609
342 639
342 664
342 847
342 924
343 366
343 561
343 566
343 722
343 841
343 864
343 953
344 463
344 467
344 487
344 513
344 515
344 624
344 700
344 785
344 815
344 879
344 885
344 924
344 936
344 985
344 1000
345 526
345 612
345 713
345 742
345 849
345 922
345 980
345 983
345 984
346 432
346 435
346 473
346 534
346 582
346 667
346 675
346 693
346 763
346 772
347 348
347 356
347 362
347 375
347 417
347 449
347 469
347 485
347 489
347 498
347 513
347 516
347 529
347 569
347 574
347 586
347 595
347 596
347 598
347 606
347 628
347 640
347 647
347 672
347 733
347 763
347 833
347 867
347 899
347 901
347 907
347 991
348 376
348 469
348 480
348 504
348 513
348 569
348 593
348 596
348 627
348 656
348 733
348 757
348 763
348 765
348 824
348 847
348 901
348 991
349 391
349 464
349 502
349 582
349 621
349 861
349 874
350 487
350 503
350 675
350 785
350 813
350 815
350 885
350 924
350 936
350 996
351 360
351 458
351 559
351 585
351 595
351 598
351 614
351 616
351 670
351 717
351 738
351 788
351 830
351 842
351 846
351 857
351 862
351 876
351 878
351 931
351 947
351 958
352 421
352 499
352 548
352 767
352 793
352 872
352 874
352 928
352 973
352 986
352 997
353 381
353 396
353 420
353 470
353 490
353 513
353 532
353 555
353 557
353 572
353 582
353 593
353 594
353 802
353 814
353 856
353 884
353 953
354 401
354 402
354 425
354 433
354 435
354 438
354 466
354 477
354 523
354 538
354 542
354 599
354 601
354 604
354 615
354 627
354 634
354 643
354 659
354 670
354 675
354 715
354 727
354 751
354 758
354 762
354 810
354 827
354 861
354 871
354 876
354 880
354 888
354 899
354 911
354 916
354 923
354 978
354 983
354 995
355 386
355 388
355 390
355 417
355 425
355 440
355 458
355 486
355 516
355 533
355 541
355 577
355 617
355 636
355 637
355 651
355 663
355 681
355 697
355 725
355 737
355 746
355 808
355 891
355 892
355 938
355 967
355 983
356 396
356 399
356 430
356 435
356 459
356 479
356 480
356 513
356 569
356 596
356 628
356 656
356 733
356 749
356 888
356 898
356 949
357 369
357 534
357 575
357 581
357 621
357 624
357 648
357 684
357 705
357 912
358 361
358 414
358 481
358 546
358 669
358 769
358 788
358 809
358 824
358 852
358 904
358 910
358 918
358 946
358 969
359 360
359 434
359 445
359 499
359 557
359 559
359 563
359 565
359 604
359 630
359 641
359 676
359 680
359 689
359 701
359 712
359 732
359 799
359 815
359 844
359 873
359 926
359 948
359 979
360 398
360 409
360 436
360 458
360 484
360 584
360 670
360 716
360 738
360 838
360 842
360 846
360 854
360 878
360 928
360 931
360 954
361 436
361 497
361 596
361 623
361 687
361 689
361 750
361 763
361 798
361 824
361 866
362 415
362 513
362 595
362 596
362 652
362 656
362 671
362 763
362 867
362 876
362 888
362 922
362 955
362 979
362 991
363 367
363 383
363 388
363 394
363 409
363 455
363 496
363 506
363 507
363 571
363 642
363 690
363 715
363 717
363 772
363 809
363 834
363 896
363 909
363 925
363 929
363 938
363 986
364 585
364 600
364 694
364 698
364 784
364 986
365 419
365 427
365 466
365 526
365 626
365 760
365 778
365 839
365 934
366 393
366 460
366 573
366 597
366 601
366 619
366 869
366 925
366 951
366 991
367 394
367 448
367 489
367 650
367 714
367 792
367 809
367 814
367 834
367 875
367 876
367 885
367 889
367 896
367 925
367 946
367 992
368 436
368 462
368 531
368 538
368 615
368 634
368 638
368 643
368 648
368 652
368 665
368 686
368 749
368 786
368 788
368 820
368 848
368 894
368 906
368 935
368 955
368 969
368 970
369 380
369 427
369 454
369 504
369 541
369 609
369 611
369 739
369 795
369 797
369 963
370 421
370 439
370 442
370 463
370 605
370 612
370 848
370 857
370 916
370 923
371 387
371 429
371 468
371 486
371 518
371 566
371 568
371 605
371 607
371 672
371 731
371 765
371 792
371 848
371 857
371 916
372 373
372 464
372 558
372 560
372 597
372 600
372 646
372 768
372 789
372 828
372 833
372 855
372 884
372 973
372 986
373 458
373 462
373 569
373 581
373 631
373 649
373 768
373 783
373 828
373 907
374 451
374 561
374 590
374 631
374 684
374 697
374 736
374 810
374 875
374 965
375 442
375 450
375 469
375 480
375 497
375 513
375 520
375 547
375 569
375 572
375 595
375 596
375 602
375 647
375 656
375 658
375 763
375 785
375 848
375 867
375 879
375 901
375 964
376 426
376 453
376 468
376 583
376 605
376 655
376 657
376 700
376 765
376 848
376 935
377 406
377 463
377 503
377 683
377 831
378 542
378 575
378 635
378 675
378 679
378 696
378 735
379 539
379 694
379 719
379 720
379 825
379 835
380 403
380 431
380 433
380 454
380 609
380 611
380 660
380 759
380 774
380 887
380 944
381 420
381 519
381 572
381 582
381 671
381 679
381 759
381 788
381 802
381 834
381 884
381 977
382 400
382 426
382 455
382 525
382 746
382 780
382 801
382 897
382 908
383 463
383 729
383 824
383 874
383 884
383 956
383 999
384 469
384 497
384 692
384 769
384 787
384 794
384 824
384 852
385 390
385 399
385 416
385 417
385 440
385 474
385 516
385 541
385 577
385 617
385 651
385 663
385 691
385 756
385 799
385 808
385 810
385 892
385 923
385 938
385 946
386 413
386 427
386 519
386 536
386 620
386 626
386 629
386 692
386 735
386 760
386 782
386 977
387 398
387 446
387 472
387 535
387 546
387 610
387 909
387 946
388 406
388 437
388 570
388 625
388 642
388 667
388 679
388 706
388 803
388 807
388 827
388 840
388 914
388 983
389 390
389 415
389 482
389 517
389 557
389 558
389 624
389 694
389 769
389 826
389 833
389 899
389 917
390 399
390 417
390 430
390 440
390 516
390 528
390 556
390 577
390 582
390 617
390 651
390 663
390 711
390 737
390 750
390 808
390 850
390 862
390 891
390 892
390 923
390 928
390 938
391 510
391 540
391 581
391 582
391 680
391 704
391 971
392 406
392 666
392 675
392 792
392 961
393 394
393 421
393 448
393 460
393 473
393 487
393 527
393 544
393 573
393 582
393 597
393 598
393 713
393 869
393 951
394 412
394 523
394 534
394 553
394 571
394 618
394 642
394 690
394 789
394 834
394 896
394 907
394 925
394 937
395 449
395 481
395 487
395 531
395 556
395 564
395 596
395 638
395 782
395 788
395 796
395 826
395 946
395 969
396 423
396 436
396 513
396 531
396 652
396 660
396 820
396 836
396 890
396 955
397 477
397 548
397 574
397 654
397 682
397 768
397 861
397 888
397 902
398 458
398 478
398 584
398 598
398 600
398 616
398 706
398 788
398 830
398 842
398 931
398 956
399 460
399 467
399 493
399 516
399 577
399 578
399 617
399 651
399 737
400 420
400 426
400 440
400 482
400 525
400 533
400 641
400 665
400 742
400 801
400 812
400 813
400 855
400 940
401 403
401 412
401 432
401 522
401 565
401 706
401 756
401 782
401 804
401 867
401 892
401 926
401 931
401 962
402 414
402 454
402 507
402 524
402 673
402 813
402 814
402 830
402 883
402 893
402 899
402 957
402 988
403 429
403 430
403 435
403 667
403 672
403 688
403 689
403 804
403 819
403 848
403 858
403 863
403 898
404 412
404 549
404 581
404 641
404 770
404 804
404 807
404 843
404 913
405 433
405 466
405 477
405 515
405 517
405 538
405 710
405 762
405 765
405 832
405 887
405 898
405 899
405 997
406 450
406 468
406 560
406 610
406 661
406 676
406 730
406 773
406 800
406 894
406 908
406 912
406 941
406 947
406 949
406 956
406 971
407 508
407 557
407 724
407 744
407 748
407 775
407 830
407 882
407 942
407 982
408 424
408 439
408 442
408 467
408 613
408 678
408 709
408 725
408 755
408 817
408 828
408 856
408 935
409 410
409 527
409 566
409 676
409 731
409 762
409 882
409 893
409 937
410 414
410 417
410 453
410 507
410 673
410 676
410 771
410 788
410 813
410 862
410 893
410 937
410 957
410 964
410 966
410 968
410 990
411 464
411 589
411 650
411 702
411 717
411 781
411 844
411 942
412 522
412 557
412 596
412 624
412 770
412 908
412 926
412 962
413 419
413 427
413 598
413 626
413 720
413 760
413 768
413 903
413 946
414 507
414 516
414 527
414 578
414 582
414 641
414 673
414 676
414 824
414 862
414 925
414 937
414 951
414 957
415 439
415 488
415 519
415 609
415 660
415 787
415 812
415 905
415 976
416 463
416 580
416 583
416 664
416 792
416 799
416 930
417 440
417 521
417 523
417 542
417 617
417 771
417 808
417 892
417 938
418 468
418 505
418 512
418 523
418 605
418 657
418 672
418 686
418 783
418 843
418 848
419 427
419 481
419 575
419 620
419 626
419 664
419 716
419 721
419 750
419 919
419 977
420 441
420 470
420 498
420 534
420 568
420 572
420 577
420 580
420 582
420 593
420 671
420 682
420 694
420 696
420 698
420 708
420 802
420 853
420 873
420 904
420 999
421 436
421 492
421 531
421 564
421 603
421 652
421 660
421 788
421 980
421 990
422 439
422 519
422 533
422 550
422 724
422 771
422 845
422 905
422 906
422 944
423 439
423 451
423 480
423 506
423 547
423 905
423 944
423 955
424 442
424 452
424 467
424 478
424 615
424 641
424 725
424 777
424 856
424 868
424 957
425 433
425 527
425 604
425 610
425 627
425 634
425 743
425 854
425 899
425 904
425 916
425 997
426 449
426 453
426 645
426 769
426 801
426 812
426 869
426 894
427 463
427 481
427 620
427 626
427 628
427 632
427 738
427 772
427 853
427 923
428 434
428 438
428 445
428 483
428 524
428 534
428 559
428 563
428 588
428 605
428 641
428 680
428 701
428 712
428 738
428 743
428 750
428 820
428 832
428 844
428 851
428 870
428 907
428 979
429 513
429 525
429 537
429 652
429 655
429 703
429 751
429 799
429 816
429 900
430 450
430 495
430 530
430 536
430 575
430 604
430 689
430 721
430 831
430 863
430 898
431 432
431 666
431 668
431 770
431 804
431 853
431 926
431 962
431 988
432 522
432 523
432 778
432 913
432 940
433 466
433 489
433 508
433 538
433 542
433 547
433 601
433 627
433 634
433 636
433 639
433 643
433 652
433 656
433 672
433 675
433 695
433 768
433 827
433 831
433 849
433 861
433 876
433 881
433 887
433 899
433 911
433 983
433 995
433 997
434 445
434 477
434 521
434 547
434 559
434 563
434 577
434 588
434 641
434 662
434 680
434 712
434 713
434 780
434 795
434 827
434 832
434 836
434 844
434 853
434 893
434 907
434 943
434 944
434 946
434 948
434 979
435 473
435 516
435 533
435 633
435 667
435 689
435 716
435 805
435 819
435 848
435 863
435 893
435 898
436 481
436 492
436 501
436 539
436 551
436 556
436 564
436 652
436 653
436 660
436 684
436 723
436 726
436 744
436 772
436 784
436 786
436 788
436 820
436 875
436 887
436 906
436 946
436 969
436 988
437 477
437 502
437 650
437 735
437 833
437 840
437 847
437 914
437 944
437 948
438 488
438 703
438 895
438 958
438 993
439 486
439 491
439 547
439 577
439 591
439 668
439 683
439 701
439 758
439 760
439 787
439 814
439 863
439 887
439 924
439 944
439 965
439 970
440 531
440 541
440 581
440 597
440 617
440 663
440 680
440 716
440 737
440 854
440 892
440 938
441 547
441 820
441 870
441 905
441 939
441 944
441 964
441 966
442 678
442 725
442 856
442 976
442 994
443 472
443 518
443 520
443 523
443 548
443 666
443 743
443 750
443 757
443 777
443 809
443 815
443 910
443 918
443 935
443 947
443 949
443 956
444 587
444 652
444 677
444 692
444 718
444 733
444 736
444 746
444 849
444 913
444 979
444 993
445 559
445 563
445 565
445 580
445 588
445 613
445 641
445 680
445 687
445 701
445 712
445 713
445 743
445 824
445 828
445 832
445 843
445 844
445 851
445 864
445 870
445 907
445 948
445 979
445 995
446 456
446 466
446 495
446 575
446 596
446 624
446 635
446 637
446 648
446 776
446 871
446 879
446 886
446 912
446 959
447 526
447 530
447 531
447 544
447 564
447 624
447 672
447 700
447 737
447 754
447 771
447 793
447 795
447 798
447 834
447 847
447 908
447 920
447 930
447 972
447 976
448 460
448 573
448 597
448 619
448 756
448 784
448 951
449 472
449 483
449 525
449 691
449 721
449 771
449 916
449 929
449 949
449 994
450 482
450 536
450 581
450 621
450 657
450 661
450 793
450 800
450 908
450 941
450 949
450 971
451 493
451 561
451 592
451 621
451 653
451 697
451 736
451 810
451 875
451 965
451 978
452 519
452 534
452 611
452 643
452 678
452 697
452 705
452 756
452 844
452 905
453 463
453 468
453 473
453 476
453 483
453 505
453 507
453 512
453 544
453 612
453 620
453 626
453 630
453 654
453 655
453 665
453 672
453 679
453 700
453 709
453 711
453 731
453 739
453 781
453 785
453 813
453 839
453 843
453 848
453 955
453 966
454 464
454 513
454 611
454 639
454 664
454 705
454 797
454 800
454 810
455 463
455 537
455 544
455 600
455 741
455 768
455 779
455 793
455 795
455 879
455 920
455 972
456 497
456 547
456 597
456 688
456 810
456 812
456 912
456 924
456 944
457 559
457 607
457 633
457 721
457 756
457 929
457 954
457 960
458 487
458 494
458 495
458 516
458 529
458 533
458 560
458 584
458 598
458 670
458 678
458 682
458 689
458 706
458 717
458 830
458 838
458 842
458 846
458 854
458 878
458 900
458 979
459 480
459 498
459 595
459 596
459 640
459 725
459 763
459 782
459 867
459 887
459 888
459 901
459 991
460 573
460 597
460 619
460 638
460 669
460 715
460 746
460 775
460 869
461 474
461 538
461 554
461 590
461 672
461 674
461 729
461 766
461 889
461 910
461 989
462 481
462 485
462 501
462 531
462 556
462 564
462 584
462 640
462 731
462 751
462 758
462 788
462 836
462 906
462 908
462 933
462 955
462 969
462 993
463 468
463 483
463 505
463 514
463 596
463 603
463 612
463 672
463 673
463 694
463 700
463 722
463 731
463 753
463 765
463 833
463 843
463 860
463 902
463 904
463 906
463 915
463 944
464 511
464 558
464 600
464 632
464 648
464 705
464 718
464 749
464 756
464 824
464 829
464 832
464 953
464 980
464 986
465 471
465 581
465 631
465 643
465 712
465 761
465 774
465 828
465 834
465 857
466 475
466 477
466 505
466 508
466 538
466 542
466 580
466 604
466 605
466 627
466 633
466 634
466 639
466 643
466 669
466 675
466 715
466 740
466 750
466 820
466 827
466 865
466 875
466 878
466 880
466 899
466 916
466 950
466 978
466 997
467 656
467 678
467 719
467 725
468 483
468 514
468 545
468 565
468 602
468 605
468 612
468 651
468 655
468 672
468 762
468 765
468 781
468 783
468 806
468 843
468 848
468 860
468 915
468 920
468 933
469 472
469 479
469 480
469 513
469 569
469 595
469 596
469 600
469 640
469 656
469 733
469 737
469 763
469 820
469 830
469 867
469 888
469 942
469 955
469 991
470 473
470 572
470 582
470 594
470 671
470 790
470 833
470 861
470 874
470 884
470 904
470 907
470 923
471 524
471 581
471 649
471 728
471 761
471 768
471 828
471 857
471 895
472 480
472 569
472 672
472 707
472 867
472 888
472 927
473 515
473 534
473 598
473 605
473 612
473 665
473 671
473 689
473 758
473 764
473 819
473 858
473 863
473 878
473 898
473 911
473 925
474 541
474 617
474 636
474 651
474 656
474 923
475 535
475 627
475 656
475 675
475 833
475 861
475 880
475 899
475 909
476 502
476 566
476 570
476 650
476 805
476 840
476 876
476 883
476 914
476 937
476 949
477 485
477 490
477 493
477 498
477 538
477 541
477 542
477 578
477 599
477 601
477 604
477 610
477 615
477 627
477 643
477 648
477 659
477 675
477 683
477 701
477 715
477 762
477 802
477 876
477 880
477 899
477 916
477 936
477 978
477 983
477 995
477 997
478 522
478 529
478 670
478 686
478 769
478 830
478 842
478 846
478 878
478 905
479 480
479 513
479 569
479 572
479 595
479 596
479 606
479 608
479 628
479 640
479 641
479 748
479 786
479 865
479 905
480 513
480 526
480 553
480 569
480 595
480 596
480 628
480 640
480 647
480 656
480 686
480 700
480 763
480 773
480 867
480 888
480 889
480 901
480 991
481 531
481 535
481 601
481 644
481 652
481 660
481 754
481 758
481 782
481 786
481 815
481 833
481 836
481 841
481 901
481 946
481 969
481 980
481 992
481 993
482 503
482 536
482 568
482 632
482 661
482 700
482 793
482 835
482 941
482 949
483 505
483 512
483 537
483 569
483 630
483 657
483 662
483 672
483 731
483 747
483 843
483 845
483 890
483 895
483 904
484 518
484 520
484 523
484 539
484 548
484 688
484 728
484 910
484 922
484 935
485 488
485 499
485 724
485 800
485 802
485 908
485 945
485 949
485 971
486 519
486 523
486 529
486 547
486 551
486 659
486 737
486 763
486 771
486 777
486 787
486 797
486 905
486 909
486 913
486 922
486 935
486 944
486 986
487 508
487 509
487 515
487 588
487 616
487 634
487 785
487 885
487 913
487 936
488 552
488 578
488 580
488 684
488 696
488 947
488 958
488 994
489 496
489 563
489 571
489 622
489 664
489 705
489 731
489 769
489 772
489 820
489 834
489 853
489 880
489 882
489 896
489 925
490 531
490 533
490 564
490 655
490 660
490 807
490 946
490 955
491 499
491 518
491 547
491 579
491 711
491 737
491 738
491 793
491 847
492 535
492 539
492 564
492 608
492 620
492 660
492 686
492 730
492 782
492 786
492 946
492 955
492 969
492 980
493 561
493 596
493 621
493 697
493 741
493 751
493 810
493 900
493 914
494 514
494 537
494 741
494 751
494 780
494 816
494 879
494 880
494 945
495 534
495 565
495 575
495 614
495 624
495 635
495 648
495 672
495 678
495 684
495 701
495 716
495 792
495 871
495 912
495 917
495 927
495 960
495 974
495 984
496 506
496 512
496 559
496 560
496 642
496 690
496 772
496 789
496 809
496 822
496 834
496 858
496 896
496 898
496 925
496 939
496 992
497 536
497 588
497 623
497 665
497 762
497 769
497 790
497 824
497 931
497 936
498 518
498 581
498 631
498 653
498 667
498 684
498 750
498 761
498 774
498 807
498 823
498 828
498 895
499 581
499 588
499 631
499 649
499 656
499 657
499 669
499 670
499 711
499 782
499 786
499 799
499 813
499 847
499 869
500 517
500 526
500 543
500 741
500 750
500 771
500 793
500 795
500 815
500 847
500 920
500 972
501 539
501 564
501 652
501 660
501 836
501 946
501 955
501 969
501 980
501 993
501 1000
502 570
502 641
502 650
502 689
502 777
502 807
502 840
502 892
502 900
502 914
503 722
503 730
503 841
503 844
503 912
503 955
504 525
504 652
504 718
504 728
504 741
504 782
504 837
504 849
504 919
504 959
505 512
505 514
505 595
505 655
505 665
505 700
505 731
505 836
505 843
505 848
505 871
505 891
505 893
505 966
505 975
505 995
506 534
506 571
506 690
506 695
506 720
506 772
506 789
506 820
506 834
506 925
506 992
507 527
507 583
507 644
507 673
507 685
507 813
507 893
507 937
507 942
507 957
508 542
508 567
508 572
508 578
508 586
508 610
508 621
508 627
508 651
508 721
508 735
508 833
508 845
508 861
508 881
508 899
508 916
508 922
508 946
508 974
509 515
509 537
509 569
509 650
509 654
509 784
509 785
509 815
509 877
509 885
509 916
509 924
509 936
509 959
509 985
510 519
510 559
510 745
510 828
510 992
510 997
511 547
511 567
511 591
511 616
511 635
511 661
511 704
511 911
512 532
512 602
512 623
512 630
512 647
512 659
512 672
512 711
512 716
512 839
512 843
512 931
513 539
513 569
513 595
513 596
513 606
513 628
513 647
513 650
513 656
513 670
513 733
513 735
513 888
513 908
513 953
513 979
513 991
514 516
514 599
514 602
514 612
514 621
514 655
514 657
514 684
514 700
514 703
514 709
514 711
514 731
514 739
514 765
514 783
514 848
514 873
514 898
514 915
514 921
514 966
515 687
515 785
515 815
515 822
515 844
515 877
515 885
515 936
515 985
516 541
516 552
516 617
516 737
516 808
516 842
516 844
516 896
516 937
516 938
517 526
517 530
517 531
517 567
517 586
517 615
517 627
517 628
517 740
517 741
517 744
517 771
517 847
517 920
517 934
517 963
517 972
518 520
518 523
518 524
518 529
518 535
518 539
518 545
518 553
518 584
518 632
518 643
518 679
518 688
518 745
518 750
518 752
518 757
518 773
518 777
518 874
518 894
518 905
518 910
518 918
518 921
518 922
518 968
518 999
519 527
519 547
519 636
519 660
519 668
519 715
519 787
519 800
519 905
519 913
519 944
519 951
519 955
520 523
520 524
520 530
520 539
520 545
520 548
520 579
520 605
520 632
520 679
520 688
520 738
520 745
520 757
520 777
520 922
520 935
520 956
520 964
520 972
520 975
521 553
521 559
521 565
521 588
521 641
521 680
521 753
521 785
521 844
521 851
521 870
522 563
522 576
522 612
522 672
522 686
522 784
522 804
522 851
522 881
522 913
522 925
522 926
522 939
522 941
522 962
522 993
523 529
523 539
523 545
523 548
523 553
523 632
523 656
523 671
523 679
523 681
523 688
523 696
523 745
523 750
523 752
523 757
523 763
523 773
523 777
523 779
523 815
523 849
523 910
523 917
523 918
523 920
523 921
523 922
523 933
523 935
523 999
524 545
524 553
524 555
524 632
524 679
524 681
524 688
524 701
524 733
524 745
524 752
524 756
524 771
524 773
524 813
524 910
524 918
524 935
524 975
525 596
525 688
525 718
525 721
525 801
525 854
525 897
525 929
525 940
526 533
526 540
526 543
526 567
526 592
526 595
526 615
526 619
526 635
526 675
526 679
526 740
526 778
526 793
526 817
526 827
526 836
526 891
526 920
526 963
526 976
527 538
527 644
527 813
527 834
527 862
527 875
527 893
528 551
528 573
528 575
528 651
528 734
528 737
528 788
528 808
528 938
528 986
529 584
529 585
529 621
529 648
529 664
529 670
529 717
529 838
529 842
529 846
529 878
529 888
529 913
529 931
529 956
530 567
530 603
530 615
530 731
530 771
530 795
530 900
530 901
530 920
530 973
531 535
531 551
531 552
531 561
531 564
531 587
531 618
531 652
531 686
531 723
531 726
531 749
531 758
531 766
531 767
531 777
531 810
531 836
531 893
531 905
531 906
531 946
531 955
531 969
531 980
531 992
531 993
532 609
532 611
532 664
532 688
532 715
532 755
532 759
532 797
532 841
532 882
532 888
532 940
532 954
533 586
533 750
533 771
533 791
533 793
533 795
533 817
533 847
533 900
533 957
533 963
533 972
533 976
534 575
534 599
534 614
534 635
534 645
534 648
534 665
534 675
534 684
534 815
534 871
534 879
534 886
534 913
534 917
534 927
534 983
534 987
534 998
535 550
535 551
535 552
535 556
535 564
535 596
535 660
535 686
535 711
535 723
535 726
535 749
535 758
535 782
535 785
535 786
535 788
535 820
535 836
535 838
535 863
535 906
535 946
535 955
535 980
536 550
536 560
536 604
536 768
536 774
536 797
536 800
536 846
536 908
536 941
536 949
536 967
537 540
537 600
537 643
537 675
537 780
537 811
537 908
537 939
538 551
538 562
538 604
538 610
538 622
538 634
538 639
538 671
538 675
538 676
538 715
538 788
538 820
538 833
538 861
538 876
538 880
538 887
538 899
538 916
538 953
538 964
538 978
538 987
538 997
539 541
539 548
539 553
539 555
539 587
539 632
539 679
539 696
539 752
539 773
539 777
539 806
539 910
539 918
539 920
539 921
539 922
539 935
539 957
539 975
540 574
540 685
540 854
540 885
541 579
541 617
541 624
541 637
541 651
541 663
541 737
541 846
541 906
541 923
541 938
541 958
542 562
542 570
542 581
542 627
542 634
542 639
542 643
542 644
542 649
542 762
542 799
542 827
542 828
542 833
542 851
542 861
542 871
542 876
542 880
542 887
542 892
542 899
542 911
542 916
542 983
543 567
543 589
543 615
543 741
543 771
543 795
543 831
543 845
543 912
543 920
543 948
543 972
543 976
544 615
544 630
544 723
544 740
544 741
544 793
544 888
544 906
544 920
544 948
544 960
544 963
544 972
545 548
545 589
545 624
545 696
545 747
545 748
545 757
545 773
545 777
545 780
545 910
545 922
545 932
545 935
545 975
545 990
546 595
546 674
546 747
546 810
546 880
546 927
546 1000
547 560
547 688
547 752
547 905
547 944
547 955
548 553
548 574
548 586
548 625
548 632
548 657
548 679
548 681
548 688
548 745
548 757
548 773
548 789
548 910
548 921
548 922
548 924
548 935
548 975
548 989
549 578
549 699
549 728
549 808
549 902
549 947
550 560
550 690
550 701
550 800
550 882
550 908
550 922
550 941
550 946
550 949
550 951
550 968
551 565
551 580
551 749
551 782
551 786
551 796
551 832
551 852
551 860
551 945
551 969
552 633
552 699
552 897
552 947
552 954
553 679
553 757
553 777
553 807
553 910
553 918
553 944
553 953
554 590
554 612
554 618
554 729
554 889
554 982
554 989
555 622
555 633
555 685
555 714
555 731
555 734
555 753
555 803
555 876
555 883
555 901
555 950
556 627
556 634
556 652
556 660
556 716
556 723
556 836
556 984
556 993
557 580
557 583
557 601
557 649
557 696
557 769
557 792
557 853
557 930
557 960
557 965
558 653
558 855
558 973
559 565
559 588
559 641
559 680
559 701
559 713
559 728
559 743
559 750
559 766
559 771
559 800
559 832
559 844
559 851
559 858
559 864
559 870
559 907
559 946
559 948
559 979
560 609
560 633
560 661
560 701
560 704
560 724
560 835
560 908
560 941
560 949
561 565
561 621
561 644
561 697
561 717
561 736
561 837
561 867
561 875
561 944
562 604
562 610
562 617
562 639
562 675
562 712
562 762
562 827
562 861
562 876
562 899
562 902
562 916
563 641
563 680
563 712
563 743
563 837
563 962
564 660
564 686
564 723
564 736
564 782
564 788
564 835
564 836
564 854
564 891
564 946
564 955
564 969
564 980
564 993
565 588
565 640
565 641
565 712
565 716
565 770
565 833
565 844
565 870
565 948
565 979
566 660
566 722
566 817
566 841
566 953
566 975
567 586
567 615
567 741
567 778
567 817
567 847
567 900
567 920
567 963
567 976
567 991
568 572
568 582
568 678
568 790
568 796
568 860
568 884
568 904
569 577
569 584
569 595
569 596
569 606
569 613
569 620
569 628
569 640
569 647
569 656
569 733
569 748
569 763
569 771
569 822
569 867
569 888
569 901
569 932
569 961
569 978
569 991
570 742
570 747
570 807
570 914
570 947
571 574
571 606
571 618
571 643
571 690
571 758
571 776
571 830
571 833
571 834
571 866
571 925
571 972
571 992
572 582
572 593
572 594
572 641
572 671
572 717
572 731
572 768
572 820
572 875
572 883
572 884
572 943
572 946
572 955
573 597
573 661
573 869
573 949
573 951
574 605
574 827
574 835
574 924
574 973
574 984
575 586
575 624
575 635
575 648
575 652
575 684
575 761
575 806
575 860
575 871
575 912
575 917
575 927
575 975
575 994
576 669
576 708
576 710
576 727
576 787
576 881
576 955
576 974
577 601
577 621
577 651
577 663
577 671
577 737
577 938
578 586
578 699
578 902
578 935
578 958
579 591
579 687
579 693
579 751
579 757
579 873
579 984
580 718
580 720
580 761
580 792
580 798
580 799
580 849
580 924
580 960
581 602
581 631
581 632
581 649
581 653
581 669
581 761
581 762
581 768
581 828
581 857
581 883
581 890
581 895
581 932
581 989
582 594
582 669
582 671
582 682
582 790
582 802
582 816
582 873
582 884
582 897
582 904
582 921
582 997
583 713
583 783
583 799
583 869
583 930
584 591
584 612
584 616
584 670
584 706
584 717
584 809
584 825
584 828
584 830
584 838
584 842
584 845
584 846
584 956
585 598
585 617
585 670
585 706
585 766
585 830
585 844
585 846
585 854
585 931
585 956
586 615
586 692
586 741
586 771
586 793
586 795
586 847
586 969
586 972
586 996
587 610
587 625
587 639
587 677
587 707
587 772
587 805
587 929
587 943
587 945
588 604
588 641
588 676
588 680
588 712
588 713
588 744
588 815
588 832
588 844
588 870
588 907
588 948
588 972
588 979
589 680
589 702
589 722
589 781
589 947
589 952
590 646
590 698
590 729
590 827
590 986
590 989
591 612
591 670
592 740
592 762
592 771
592 778
592 791
592 847
592 963
592 964
592 972
593 594
593 671
593 683
593 756
593 904
593 908
593 914
593 922
594 635
594 664
594 682
594 815
594 871
594 873
594 884
594 904
594 934
595 596
595 628
595 640
595 656
595 693
595 763
595 905
595 986
596 606
596 621
596 628
596 638
596 644
596 647
596 656
596 667
596 733
596 763
596 841
596 888
596 892
596 901
596 938
596 948
596 991
597 619
597 817
598 616
598 670
598 700
598 706
598 748
598 838
598 841
598 846
598 878
598 931
599 639
599 643
599 675
599 827
599 861
599 899
599 916
599 948
599 955
599 968
599 983
599 997
600 753
600 805
600 829
600 852
600 855
600 872
600 904
600 979
600 986
601 648
601 715
601 833
601 887
601 899
601 989
602 612
602 719
602 731
602 772
602 844
602 965
603 679
603 719
603 765
603 791
603 795
604 627
604 634
604 640
604 643
604 659
604 675
604 686
604 755
604 833
604 876
604 880
604 887
604 911
604 916
604 939
604 948
604 985
604 995
604 997
605 612
605 672
605 681
605 716
605 731
605 742
605 818
605 825
605 843
605 845
605 846
605 848
605 864
605 881
605 915
606 630
606 656
606 737
606 828
606 925
606 991
607 704
607 721
607 756
607 770
607 842
607 929
607 994
608 723
608 775
608 868
608 882
608 919
609 611
609 759
609 777
609 797
609 837
609 876
610 627
610 659
610 675
610 676
610 762
610 833
610 861
610 899
610 916
610 932
610 978
610 983
611 670
611 711
611 797
611 903
611 920
611 957
611 979
612 630
612 655
612 657
612 665
612 704
612 709
612 711
612 716
612 731
612 765
612 789
612 839
612 843
612 848
612 902
612 915
613 687
613 849
614 624
614 635
614 648
614 754
614 848
614 910
614 912
614 917
614 944
614 972
615 733
615 791
615 795
615 822
615 881
615 886
615 920
615 945
615 951
615 995
616 724
616 830
616 935
616 956
616 962
616 991
617 651
617 663
617 673
617 737
617 808
617 829
617 891
617 938
618 678
618 743
618 789
618 809
618 834
618 854
618 878
618 896
618 925
618 971
619 744
620 935
620 977
621 676
621 736
621 810
621 875
621 898
621 971
621 978
622 641
622 676
622 772
622 775
622 809
622 833
622 834
622 920
622 925
623 707
623 798
623 808
624 635
624 640
624 648
624 675
624 684
624 734
624 737
624 766
624 871
624 878
624 879
624 886
624 912
624 917
624 920
624 927
624 998
625 677
625 689
625 703
625 707
625 746
625 760
625 781
625 818
625 934
625 943
625 959
626 760
626 808
626 876
626 939
626 977
627 634
627 659
627 675
627 715
627 741
627 742
627 762
627 789
627 876
627 880
627 899
627 911
627 913
627 916
627 978
627 983
627 987
627 995
627 997
628 661
628 733
628 813
628 819
628 888
628 925
628 936
628 945
628 991
629 662
629 673
629 821
629 909
629 969
629 990
629 996
630 700
630 731
630 786
630 843
630 848
630 858
630 915
630 975
630 996
631 649
631 653
631 668
631 669
631 674
631 682
631 688
631 705
631 761
631 768
631 774
631 794
631 828
631 895
631 962
631 966
631 980
632 679
632 688
632 696
632 752
632 757
632 777
632 814
632 821
632 827
632 910
632 919
632 922
632 935
632 997
632 999
633 685
633 702
633 714
633 753
633 803
633 811
633 864
633 883
633 951
633 989
634 639
634 715
634 762
634 763
634 773
634 833
634 861
634 876
634 896
634 899
634 911
634 916
634 969
634 978
634 988
634 995
634 997
635 684
635 699
635 730
635 743
635 814
635 825
635 871
635 879
635 886
635 912
635 917
635 927
636 641
636 710
636 748
636 838
636 868
636 882
636 971
636 982
637 737
637 768
637 817
637 918
637 923
638 656
638 718
638 728
638 741
638 776
638 779
638 793
638 826
638 837
638 849
638 881
638 903
638 959
638 967
639 714
639 715
639 722
639 727
639 762
639 833
639 837
639 861
639 880
639 911
639 962
639 978
639 983
639 988
640 656
640 697
640 763
640 888
640 901
640 941
640 975
640 991
641 669
641 680
641 712
641 743
641 755
641 817
641 844
641 851
641 870
641 907
641 948
641 979
642 690
642 772
642 789
642 809
642 834
642 872
642 896
642 925
643 644
643 659
643 675
643 715
643 727
643 762
643 794
643 804
643 833
643 861
643 870
643 876
643 889
643 907
643 916
643 978
643 987
643 997
644 676
644 893
644 937
644 974
644 990
645 646
645 718
645 782
645 793
645 801
645 812
645 876
645 897
645 940
645 974
646 649
646 766
646 829
646 974
646 986
646 989
647 687
647 763
647 876
647 951
647 991
647 998
648 675
648 684
648 756
648 799
648 815
648 822
648 871
648 879
648 886
648 912
648 917
648 927
648 966
648 978
648 997
648 998
649 653
649 665
649 703
649 705
649 761
649 768
649 774
649 820
649 823
649 828
649 846
649 857
649 859
649 890
649 1000
650 807
650 840
651 706
651 737
651 834
651 891
651 914
651 923
651 925
651 958
651 959
652 660
652 688
652 702
652 715
652 726
652 754
652 758
652 763
652 782
652 786
652 788
652 820
652 836
652 842
652 906
652 946
652 969
652 993
653 669
653 761
653 768
653 798
653 857
653 895
653 946
653 961
654 663
654 765
654 777
654 803
654 909
654 943
655 696
655 783
655 980
656 682
656 766
656 860
656 867
656 888
656 901
656 951
656 991
657 705
657 716
657 731
657 739
657 843
657 964
658 662
658 708
658 732
658 764
658 809
658 821
658 905
658 988
658 990
659 675
659 688
659 735
659 762
659 789
659 849
659 861
659 868
659 876
659 911
659 916
659 982
659 986
659 997
660 686
660 745
660 750
660 786
660 788
660 827
660 836
660 946
660 969
660 980
661 673
661 724
661 800
661 823
661 894
661 897
661 908
661 923
661 949
661 968
661 971
661 978
662 821
662 931
662 941
662 990
662 996
663 809
663 892
664 675
664 797
665 672
665 833
666 687
666 713
666 796
666 939
666 961
667 682
667 689
667 814
667 836
667 840
667 898
668 688
668 742
668 757
668 786
668 876
668 905
669 705
669 768
669 828
669 890
669 944
669 954
670 694
670 717
670 721
670 758
670 761
670 771
670 788
670 800
670 827
670 838
670 842
670 846
670 912
670 956
671 699
671 705
671 784
671 802
671 904
672 675
672 698
672 700
672 704
672 716
672 731
672 739
672 765
672 783
672 793
672 843
672 845
672 860
672 904
672 915
672 966
672 976
672 982
673 676
673 714
673 741
673 813
673 862
673 893
673 937
673 957
674 743
674 811
674 851
674 946
674 955
675 715
675 722
675 727
675 762
675 771
675 871
675 876
675 880
675 887
675 896
675 899
675 916
675 979
675 983
675 987
675 995
676 723
676 862
676 893
676 937
676 954
676 957
677 703
677 707
677 831
677 865
677 934
677 943
677 944
677 945
677 998
678 696
678 725
678 842
678 856
678 973
679 681
679 688
679 696
679 724
679 745
679 750
679 752
679 757
679 774
679 837
679 848
679 908
679 910
679 918
679 921
679 922
679 935
679 975
679 999
680 701
680 712
680 720
680 735
680 738
680 743
680 776
680 832
680 844
680 870
680 948
680 970
680 979
681 688
681 773
681 777
681 853
681 910
681 918
682 697
682 802
682 872
682 873
682 881
682 884
682 904
682 928
682 951
683 704
683 753
683 831
683 859
683 901
683 950
684 741
684 920
684 927
684 969
685 714
685 718
685 734
685 753
685 788
685 803
685 883
685 950
685 977
685 1000
686 717
686 723
686 726
686 735
686 749
686 786
686 788
686 820
686 836
686 879
686 918
686 938
686 946
686 955
687 907
687 928
688 698
688 752
688 773
688 777
688 910
688 918
688 922
688 956
688 982
688 999
689 761
689 819
689 858
689 863
689 893
689 898
689 918
689 986
690 765
690 772
690 785
690 809
690 834
690 836
690 848
690 896
690 925
690 939
690 979
690 992
691 693
691 721
691 756
691 770
691 802
691 828
691 869
691 994
692 732
692 793
692 794
692 798
692 824
692 852
693 714
693 721
693 756
693 757
693 761
693 837
693 850
693 929
693 994
694 719
694 720
694 743
694 825
695 707
695 805
695 809
695 818
695 870
695 893
695 899
696 737
696 757
696 863
696 935
696 982
697 736
697 875
698 729
698 766
698 827
698 889
698 989
698 998
699 758
699 764
699 778
699 902
700 716
700 739
700 747
700 758
700 765
700 835
700 845
700 913
700 966
701 712
701 757
701 870
701 885
701 907
701 979
702 781
702 842
702 895
702 978
702 988
703 707
703 833
703 847
703 876
703 934
703 943
703 945
703 954
704 735
704 831
704 882
704 884
704 913
704 984
705 768
705 774
705 828
705 859
706 738
706 757
706 765
706 770
706 830
706 846
706 854
706 857
706 927
706 931
706 944
707 746
707 805
707 808
707 818
707 865
707 945
707 955
708 710
708 726
708 755
708 881
708 974
709 731
709 738
709 783
709 839
709 843
709 848
710 725
710 755
710 777
710 881
710 949
710 969
710 974
711 765
711 779
711 851
711 983
712 713
712 766
712 791
712 804
712 809
712 844
712 851
712 870
712 906
712 948
712 966
712 979
712 991
713 738
713 743
713 753
713 757
713 844
713 870
713 910
713 948
713 979
713 994
714 734
714 753
714 803
714 852
714 880
714 883
714 938
714 950
715 757
715 762
715 827
715 833
715 851
715 861
715 876
715 978
715 983
715 987
715 997
716 733
716 837
716 842
716 931
716 938
716 940
716 955
717 846
717 854
717 875
717 931
718 728
718 779
718 826
718 837
718 863
718 887
718 888
718 903
718 908
718 918
718 919
718 967
719 720
719 757
719 985
720 871
720 905
721 762
721 929
721 941
721 994
722 793
722 841
722 864
722 865
722 953
723 782
723 786
723 788
723 836
723 969
723 976
723 980
724 800
724 891
724 899
724 910
724 949
724 953
724 968
724 973
725 856
725 903
725 906
725 934
725 967
726 730
726 786
726 788
726 933
726 957
726 969
726 978
726 980
727 750
727 827
727 833
727 861
727 880
727 899
727 916
727 946
727 966
727 997
728 730
728 779
728 826
728 837
728 849
728 903
728 919
728 959
728 967
729 766
729 889
729 989
730 764
730 821
730 988
730 990
731 739
731 765
731 783
731 848
731 859
731 913
731 915
731 962
731 966
731 975
732 753
732 764
732 814
732 821
732 878
732 932
732 990
733 763
733 991
734 774
734 789
734 800
734 803
734 844
734 883
734 950
734 985
735 796
735 831
736 810
736 842
736 875
736 936
736 940
737 892
737 923
737 986
738 956
739 845
739 892
739 915
739 942
740 771
740 793
740 795
740 812
740 920
740 924
740 972
741 764
741 771
741 778
741 791
741 793
741 795
741 817
741 820
741 822
741 847
741 900
741 936
741 958
741 964
741 972
741 974
741 994
742 868
742 923
743 835
743 844
743 851
743 907
743 979
744 748
744 775
744 868
744 942
744 943
744 982
745 757
745 773
745 777
745 795
745 910
745 918
746 761
746 805
746 818
746 829
746 861
746 945
747 791
747 794
747 811
747 910
748 781
748 834
748 868
748 882
748 927
748 954
748 982
749 786
749 836
749 955
749 979
750 758
750 769
750 773
750 777
750 810
750 910
750 918
750 921
750 922
750 935
750 937
750 948
750 949
750 975
751 780
751 816
751 830
751 974
752 757
752 777
752 819
752 910
752 918
752 922
752 966
752 983
753 803
753 896
753 950
753 972
754 788
754 837
754 896
754 945
754 955
754 969
754 980
755 946
755 974
755 987
756 790
756 795
757 758
757 773
757 777
757 788
757 849
757 918
757 919
757 921
757 922
757 935
757 972
757 975
757 999
758 786
758 870
758 946
758 969
759 797
759 811
760 787
761 768
761 794
761 828
761 847
761 856
761 859
761 860
761 890
761 895
761 900
762 816
762 827
762 861
762 876
762 899
762 911
762 943
762 987
762 995
762 997
763 826
763 867
763 888
763 941
763 944
763 991
764 841
764 922
764 932
764 988
764 990
764 996
765 768
765 783
765 839
765 843
765 848
765 915
765 918
766 817
766 846
766 889
766 928
767 779
767 806
767 872
767 888
767 928
768 774
768 777
768 823
768 859
768 890
768 895
768 909
768 916
768 920
769 824
769 852
769 950
770 926
770 955
771 791
771 793
771 795
771 809
771 817
771 830
771 849
771 933
771 940
771 952
771 963
771 964
771 972
771 976
771 997
772 789
772 806
772 809
772 822
772 834
772 896
772 913
772 925
773 777
773 918
773 922
773 935
773 985
774 828
774 895
774 904
774 945
775 868
775 924
775 942
775 988
776 868
776 882
776 905
776 945
776 982
777 829
777 881
777 910
777 918
777 921
777 922
777 935
777 999
778 784
778 795
778 796
778 817
778 838
778 841
778 842
778 920
778 963
778 972
779 826
779 837
779 843
779 849
779 903
779 919
779 959
779 967
780 866
780 919
780 950
781 804
781 952
782 788
782 836
782 861
782 918
782 944
782 946
782 969
782 980
782 993
783 843
783 848
783 915
783 969
784 804
784 853
784 913
784 981
785 815
785 885
785 915
785 924
785 985
786 788
786 809
786 820
786 833
786 836
786 850
786 906
786 946
786 955
786 969
786 980
786 988
787 838
787 888
787 897
787 905
787 912
787 944
787 946
787 970
787 976
788 814
788 820
788 821
788 836
788 850
788 856
788 863
788 880
788 906
788 922
788 946
788 949
788 955
788 969
789 823
789 894
789 896
790 802
790 873
790 884
790 892
790 918
790 944
790 970
791 831
791 847
791 920
791 985
792 799
792 894
792 930
792 965
793 795
793 818
793 822
793 847
793 857
793 917
793 920
793 943
793 964
793 972
793 976
794 828
794 920
794 992
795 819
795 822
795 847
795 920
795 972
795 976
795 986
795 997
796 961
797 867
797 899
797 954
797 985
798 824
798 848
798 876
798 896
798 982
799 821
799 927
799 930
799 965
799 967
800 846
800 894
800 908
800 933
800 949
800 968
800 971
801 897
801 940
801 989
802 884
802 969
803 845
803 871
803 883
803 950
804 853
804 860
804 913
804 943
805 865
805 934
805 943
805 945
806 874
806 883
806 912
806 932
807 914
808 883
808 891
808 991
808 997
809 834
809 876
809 896
809 925
809 989
809 992
810 839
811 816
811 909
811 927
811 1000
812 836
812 897
812 940
812 944
812 978
813 850
813 873
813 893
813 937
813 963
813 980
814 821
814 990
814 996
815 838
815 877
815 885
815 924
815 936
815 951
816 871
816 892
817 818
817 822
817 920
817 964
817 972
818 877
818 945
819 858
819 863
819 898
820 836
820 955
820 969
821 932
821 990
821 996
822 839
822 847
822 879
822 920
822 967
822 972
823 828
823 895
823 927
824 825
824 846
824 879
824 888
824 899
825 826
825 852
825 945
825 980
826 849
826 866
826 903
826 959
826 967
827 833
827 861
827 867
827 876
827 880
827 899
827 916
827 933
827 937
827 987
827 997
828 857
828 859
828 895
828 897
828 915
828 945
829 968
829 973
829 986
830 838
830 846
830 849
830 854
830 878
832 844
832 870
832 912
832 924
832 948
833 861
833 873
833 876
833 880
833 887
833 899
833 916
833 959
833 960
833 983
833 987
833 997
834 896
834 925
834 937
834 992
835 894
835 908
835 949
835 983
836 866
836 882
836 895
836 946
836 955
836 978
836 980
836 993
837 849
837 903
837 919
837 959
837 967
838 842
838 846
838 954
838 956
839 845
839 848
839 915
840 869
840 914
841 953
842 846
842 876
842 931
842 932
842 954
842 956
843 845
843 846
843 848
843 966
843 1000
844 851
844 870
844 876
844 943
844 979
845 916
845 981
846 854
846 878
846 889
846 930
846 931
846 956
846 996
847 920
847 948
847 972
847 998
848 860
848 915
848 966
848 986
848 996
849 903
849 919
849 932
849 959
850 893
850 937
851 948
851 979
852 910
852 914
852 946
852 992
853 913
853 917
853 939
853 962
854 931
854 993
855 897
855 973
855 986
856 892
857 879
857 881
857 890
857 895
858 958
858 967
859 870
859 935
860 980
861 862
861 876
861 880
861 887
861 899
861 911
861 913
861 916
861 978
861 983
861 987
861 995
861 997
862 892
862 936
863 941
865 877
865 943
865 961
866 972
867 888
867 991
868 886
868 910
868 933
868 982
869 942
869 951
870 879
870 896
870 948
870 967
870 979
871 912
871 917
871 927
871 971
871 982
872 943
872 966
873 884
873 904
873 910
873 972
874 899
875 944
875 969
875 979
876 892
876 899
876 901
876 910
876 948
876 983
876 987
876 997
877 885
877 924
877 936
877 964
877 985
878 915
879 944
880 882
880 892
880 916
880 943
880 949
880 963
880 972
880 978
880 983
880 997
881 974
882 942
882 982
884 888
884 986
885 910
885 924
885 936
885 961
885 984
885 985
886 912
886 969
887 899
887 916
887 983
888 901
888 920
888 991
888 1000
890 895
891 892
892 923
893 930
893 937
893 957
894 908
894 949
895 905
895 915
895 996
896 920
896 925
896 952
896 992
897 909
897 940
897 987
898 956
898 985
899 916
899 928
899 983
899 986
899 987
899 995
899 997
900 920
900 976
901 983
902 947
903 919
903 959
903 961
905 944
905 962
905 970
906 946
906 980
906 997
908 935
908 941
908 949
908 962
908 971
909 933
910 918
910 921
910 922
910 975
910 999
911 916
911 978
911 979
911 993
912 927
912 950
912 952
912 971
912 976
912 998
913 926
913 962
913 999
915 941
916 971
916 982
916 983
916 995
916 997
918 922
918 935
918 999
919 979
920 963
920 964
920 972
920 974
920 976
920 980
920 981
921 922
921 935
922 935
922 948
922 975
922 992
922 999
923 946
923 972
924 936
924 980
924 985
926 933
926 938
926 964
926 979
929 994
930 965
930 977
930 997
931 956
931 975
932 990
933 993
934 945
934 947
934 990
935 942
935 975
936 958
936 973
936 985
939 963
940 951
941 949
942 982
943 945
943 997
944 970
945 957
946 969
946 974
946 980
946 993
948 979
948 989
949 968
949 971
952 959
953 996
954 979
955 965
955 969
955 980
959 967
960 965
963 964
964 972
965 975
968 969
968 992
969 993
973 981
973 986
978 983
978 987
982 988
983 995
983 997
987 997
988 990
988 996
990 996
