# LFR benchmark graph: regime=S mu=0.3 realization=1
# undirected, unweighted; 1-based node ids; each edge listed once.
1 11
1 83
1 141
1 142
1 159
1 167
1 188
1 221
1 232
1 239
1 259
1 260
1 281
1 298
1 299
1 310
1 352
1 357
1 393
1 421
1 514
1 589
1 697
1 791
1 798
1 802
1 897
1 905
2 37
2 46
2 64
2 76
2 134
2 220
2 241
2 288
2 373
2 380
2 407
2 412
2 423
2 428
2 462
2 501
2 587
2 640
2 665
2 672
2 680
2 691
2 699
2 719
2 730
2 751
2 756
2 758
2 816
2 837
2 842
2 958
3 34
3 71
3 126
3 165
3 207
3 249
3 275
3 314
3 318
3 321
3 333
3 344
3 377
3 397
3 467
3 484
3 507
3 512
3 527
3 619
3 634
3 763
3 849
3 850
3 934
3 987
4 49
4 83
4 150
4 151
4 159
4 167
4 222
4 232
4 259
4 265
4 281
4 289
4 298
4 308
4 355
4 357
4 362
4 368
4 374
4 382
4 393
4 510
4 539
4 618
4 648
4 667
4 698
4 706
4 720
4 736
4 802
4 815
4 825
4 854
4 871
4 896
4 897
4 905
4 965
4 992
5 142
5 215
5 221
5 229
5 265
5 370
5 411
5 436
5 452
5 469
5 484
5 497
5 555
5 574
5 586
5 704
5 707
5 766
5 899
5 908
6 7
6 40
6 46
6 48
6 64
6 122
6 126
6 165
6 173
6 220
6 241
6 264
6 281
6 288
6 302
6 334
6 380
6 395
6 406
6 407
6 421
6 423
6 442
6 444
6 446
6 448
6 462
6 482
6 501
6 522
6 532
6 573
6 580
6 587
6 622
6 640
6 669
6 680
6 699
6 717
6 730
6 751
6 756
6 795
6 802
6 816
6 837
6 838
6 839
6 859
6 885
6 926
6 946
6 957
6 958
6 991
7 46
7 48
7 132
7 152
7 168
7 248
7 287
7 288
7 324
7 338
7 395
7 407
7 423
7 434
7 444
7 446
7 448
7 462
7 472
7 476
7 482
7 483
7 525
7 573
7 600
7 619
7 640
7 680
7 705
7 734
7 737
7 756
7 770
7 808
7 816
7 822
7 837
7 842
7 859
7 908
7 926
7 957
8 16
8 61
8 196
8 310
8 380
8 449
8 558
8 774
8 795
8 806
8 841
8 902
8 933
9 27
9 30
9 44
9 75
9 135
9 136
9 155
9 192
9 322
9 323
9 400
9 401
9 451
9 455
9 501
9 513
9 544
9 554
9 561
9 632
9 665
9 670
9 694
9 727
9 769
9 866
9 870
9 898
9 929
9 933
9 951
9 963
9 969
10 174
10 267
10 269
10 414
10 470
10 473
10 510
10 558
10 674
10 807
10 834
10 879
10 941
10 949
11 13
11 18
11 29
11 73
11 95
11 96
11 108
11 119
11 125
11 128
11 156
11 160
11 161
11 173
11 212
11 224
11 247
11 260
11 280
11 291
11 304
11 324
11 351
11 408
11 416
11 434
11 468
11 469
11 488
11 499
11 532
11 538
11 553
11 632
11 727
11 728
11 807
11 870
11 894
11 897
11 919
11 929
11 955
11 989
12 69
12 195
12 229
12 255
12 277
12 322
12 326
12 336
12 424
12 453
12 483
12 513
12 515
12 567
12 569
12 625
12 667
12 764
12 866
12 892
12 912
12 962
13 29
13 96
13 132
13 181
13 233
13 235
13 247
13 280
13 291
13 342
13 349
13 381
13 393
13 403
13 408
13 434
13 481
13 488
13 490
13 494
13 513
13 538
13 541
13 631
13 741
13 807
13 893
13 894
13 913
13 914
13 923
13 989
14 31
14 47
14 67
14 294
14 371
14 651
14 659
14 726
14 760
14 772
14 793
14 838
14 848
14 855
14 910
14 911
14 914
14 945
14 988
14 1000
15 56
15 66
15 173
15 199
15 235
15 243
15 248
15 254
15 255
15 272
15 351
15 427
15 431
15 478
15 505
15 546
15 598
15 620
15 758
15 807
15 848
15 891
15 899
15 929
15 986
15 988
16 69
16 136
16 229
16 241
16 255
16 271
16 277
16 328
16 336
16 339
16 357
16 394
16 424
16 453
16 465
16 515
16 618
16 667
16 698
16 790
16 793
16 892
16 912
16 933
16 987
16 997
17 23
17 43
17 155
17 163
17 208
17 235
17 267
17 278
17 343
17 369
17 410
17 477
17 542
17 595
17 675
17 747
17 757
17 825
17 839
17 846
17 856
17 890
17 902
17 922
17 960
17 992
18 78
18 79
18 118
18 165
18 257
18 496
18 569
18 664
18 692
18 707
18 731
18 764
18 813
18 825
18 864
18 865
18 879
18 944
18 954
19 89
19 141
19 250
19 259
19 264
19 330
19 337
19 387
19 449
19 470
19 497
19 517
19 538
19 607
19 634
19 658
19 662
19 675
19 711
19 727
19 787
19 801
19 878
19 901
19 973
20 31
20 60
20 90
20 91
20 296
20 318
20 350
20 411
20 490
20 528
20 650
20 653
20 710
20 738
20 798
20 820
20 856
20 948
20 965
20 993
21 214
21 226
21 236
21 396
21 574
21 577
21 646
21 683
21 686
21 722
21 759
21 796
21 812
21 834
21 927
21 947
22 34
22 66
22 74
22 97
22 107
22 173
22 198
22 254
22 272
22 273
22 383
22 391
22 409
22 427
22 435
22 438
22 478
22 532
22 565
22 599
22 620
22 658
22 713
22 758
22 874
22 986
23 41
23 43
23 52
23 117
23 163
23 212
23 232
23 235
23 257
23 278
23 291
23 377
23 384
23 401
23 542
23 546
23 677
23 839
23 914
23 945
23 960
23 990
24 76
24 89
24 100
24 122
24 148
24 165
24 180
24 184
24 201
24 210
24 214
24 285
24 286
24 290
24 321
24 328
24 369
24 375
24 411
24 421
24 423
24 455
24 458
24 478
24 480
24 505
24 525
24 552
24 555
24 570
24 663
24 682
24 688
24 706
24 714
24 738
24 785
24 805
24 810
24 829
24 832
24 835
24 867
24 875
24 928
24 931
24 952
24 960
24 984
24 1000
25 29
25 96
25 113
25 125
25 291
25 346
25 380
25 392
25 410
25 434
25 481
25 541
25 650
25 822
25 906
25 923
25 929
25 999
26 29
26 43
26 86
26 113
26 208
26 212
26 291
26 351
26 408
26 434
26 532
26 619
26 630
26 658
26 757
26 758
26 781
26 807
26 855
26 865
26 906
26 909
26 923
26 934
26 999
27 215
27 228
27 281
27 283
27 355
27 370
27 381
27 400
27 403
27 443
27 527
27 549
27 577
27 691
27 713
27 797
27 814
27 858
27 871
27 992
28 152
28 369
28 447
28 506
28 516
28 530
28 561
28 588
28 602
28 617
28 689
28 694
28 723
28 852
28 875
28 910
28 942
28 945
28 963
29 77
29 83
29 95
29 96
29 106
29 108
29 119
29 125
29 127
29 144
29 163
29 212
29 219
29 233
29 247
29 280
29 291
29 303
29 337
29 342
29 364
29 408
29 434
29 468
29 481
29 488
29 499
29 522
29 532
29 541
29 543
29 632
29 728
29 734
29 739
29 771
29 807
29 813
29 884
29 893
29 958
30 33
30 165
30 180
30 323
30 451
30 472
30 533
30 547
30 682
30 747
30 769
30 800
30 841
30 866
30 918
30 947
31 59
31 117
31 194
31 238
31 286
31 371
31 659
31 726
31 760
31 793
31 864
31 910
31 911
31 914
32 35
32 45
32 54
32 57
32 181
32 182
32 184
32 234
32 253
32 275
32 366
32 421
32 437
32 443
32 447
32 453
32 553
32 637
32 672
32 677
32 782
32 874
32 906
32 925
32 979
33 86
33 126
33 143
33 166
33 191
33 197
33 203
33 237
33 245
33 297
33 313
33 370
33 417
33 519
33 531
33 589
33 592
33 613
33 665
33 681
33 811
33 832
33 851
33 896
33 909
33 918
33 988
34 37
34 75
34 82
34 190
34 194
34 209
34 213
34 217
34 246
34 285
34 300
34 320
34 346
34 354
34 400
34 497
34 574
34 630
34 635
34 644
34 676
34 684
34 689
34 690
34 699
34 701
34 707
34 713
34 717
34 722
34 730
34 756
34 766
34 771
34 795
34 803
34 809
34 819
34 833
34 850
34 862
34 936
34 968
34 970
35 56
35 79
35 135
35 156
35 199
35 211
35 225
35 259
35 274
35 276
35 292
35 358
35 363
35 474
35 537
35 544
35 548
35 550
35 551
35 553
35 567
35 570
35 572
35 589
35 590
35 594
35 618
35 621
35 646
35 763
35 794
35 826
35 836
35 838
35 840
35 869
35 870
35 904
35 908
35 940
35 956
35 978
36 43
36 176
36 184
36 242
36 265
36 380
36 414
36 464
36 519
36 578
36 593
36 598
36 624
36 643
36 673
36 766
36 775
36 784
36 890
36 900
36 985
36 997
37 40
37 75
37 168
37 174
37 190
37 217
37 220
37 225
37 339
37 359
37 403
37 574
37 595
37 596
37 623
37 689
37 717
37 738
37 771
37 772
37 803
37 808
37 818
37 819
37 833
37 843
38 145
38 160
38 185
38 217
38 297
38 307
38 356
38 387
38 460
38 492
38 591
38 657
38 744
38 756
38 776
38 783
38 831
38 856
38 872
39 57
39 233
39 397
39 458
39 489
39 573
39 638
39 744
39 773
39 776
39 783
39 895
39 903
40 43
40 57
40 72
40 169
40 174
40 187
40 190
40 204
40 309
40 312
40 320
40 346
40 484
40 497
40 586
40 673
40 707
40 717
40 776
40 808
40 818
40 819
40 855
40 887
40 932
40 968
40 974
41 116
41 177
41 231
41 238
41 259
41 270
41 311
41 353
41 402
41 415
41 428
41 520
41 524
41 571
41 585
41 614
41 628
41 636
41 963
41 993
42 110
42 112
42 213
42 225
42 228
42 244
42 403
42 444
42 457
42 483
42 503
42 578
42 631
42 647
42 679
42 724
42 787
42 816
42 825
42 917
42 987
43 98
43 140
43 163
43 267
43 278
43 290
43 343
43 366
43 401
43 542
43 546
43 595
43 623
43 660
43 757
43 846
43 883
43 920
43 932
43 945
43 960
43 982
43 986
44 135
44 136
44 155
44 182
44 322
44 323
44 451
44 481
44 520
44 639
44 752
44 918
44 954
45 54
45 71
45 151
45 181
45 182
45 229
45 238
45 253
45 482
45 556
45 568
45 631
45 637
45 666
45 672
45 772
45 782
45 832
45 874
45 906
46 48
46 50
46 64
46 95
46 100
46 114
46 124
46 132
46 173
46 210
46 241
46 253
46 287
46 300
46 302
46 395
46 407
46 423
46 444
46 448
46 460
46 462
46 472
46 482
46 486
46 501
46 573
46 580
46 587
46 705
46 730
46 756
46 793
46 797
46 816
46 822
46 837
46 842
46 852
46 859
46 884
46 926
46 957
46 958
46 991
47 52
47 145
47 659
47 681
47 726
47 760
47 793
47 828
47 910
47 911
47 965
48 51
48 52
48 64
48 81
48 114
48 132
48 133
48 166
48 220
48 270
48 287
48 288
48 291
48 302
48 310
48 349
48 395
48 418
48 421
48 423
48 444
48 448
48 472
48 482
48 489
48 501
48 540
48 573
48 580
48 587
48 612
48 640
48 699
48 705
48 706
48 721
48 751
48 756
48 808
48 816
48 831
48 859
48 872
48 885
48 926
48 954
48 991
49 104
49 129
49 150
49 159
49 254
49 260
49 281
49 289
49 295
49 298
49 357
49 368
49 374
49 393
49 471
49 473
49 486
49 528
49 588
49 615
49 662
49 699
49 740
49 786
49 897
49 905
49 964
49 965
49 982
49 995
50 138
50 165
50 171
50 194
50 295
50 412
50 480
50 536
50 548
50 902
50 907
50 917
50 926
50 933
50 951
51 142
51 380
51 530
51 590
51 600
51 810
51 828
51 860
51 880
51 946
51 953
51 970
51 980
52 99
52 118
52 119
52 124
52 142
52 165
52 202
52 210
52 215
52 221
52 240
52 313
52 352
52 359
52 360
52 366
52 370
52 436
52 452
52 460
52 465
52 471
52 484
52 503
52 527
52 573
52 579
52 582
52 593
52 613
52 622
52 628
52 652
52 690
52 704
52 721
52 766
52 777
52 837
52 885
52 899
52 908
52 933
52 942
52 961
52 967
52 991
52 992
53 58
53 245
53 248
53 302
53 331
53 424
53 461
53 474
53 487
53 524
53 589
53 715
53 770
53 816
53 843
53 905
54 181
54 199
54 253
54 273
54 291
54 306
54 328
54 504
54 588
54 620
54 637
54 642
54 645
54 677
54 761
54 772
54 782
54 802
54 874
54 962
55 70
55 188
55 193
55 209
55 219
55 240
55 324
55 336
55 365
55 449
55 456
55 463
55 502
55 525
55 617
55 702
55 743
55 747
55 752
55 767
55 851
55 878
55 923
55 934
55 966
56 92
56 168
56 274
56 363
56 492
56 553
56 590
56 661
56 800
56 923
56 932
56 940
56 972
57 59
57 63
57 79
57 80
57 92
57 94
57 105
57 124
57 204
57 311
57 346
57 394
57 551
57 608
57 612
57 619
57 695
57 711
57 824
57 871
57 874
57 881
57 902
57 925
57 938
57 963
57 964
57 974
58 65
58 80
58 209
58 237
58 247
58 380
58 406
58 456
58 524
58 612
58 652
58 679
58 686
58 708
58 791
58 866
58 874
58 979
58 993
59 79
59 80
59 83
59 92
59 124
59 155
59 254
59 323
59 377
59 485
59 542
59 564
59 585
59 604
59 695
59 711
59 761
59 771
59 793
59 824
59 858
59 869
59 871
59 885
59 899
59 902
59 928
60 68
60 216
60 237
60 301
60 385
60 500
60 523
60 611
60 642
60 693
60 718
60 800
60 835
60 867
60 972
61 174
61 232
61 310
61 347
61 361
61 425
61 428
61 466
61 596
61 642
61 706
61 774
61 795
61 810
61 822
61 841
61 868
61 885
62 158
62 296
62 347
62 354
62 389
62 440
62 524
62 536
62 547
62 567
62 674
62 681
62 696
62 737
62 742
62 847
62 873
62 876
62 955
62 989
63 69
63 205
63 332
63 370
63 563
63 596
63 617
63 621
63 627
63 708
63 836
63 875
63 915
63 975
63 977
64 190
64 240
64 287
64 340
64 346
64 395
64 407
64 414
64 442
64 448
64 457
64 473
64 501
64 573
64 580
64 682
64 684
64 751
64 756
64 798
64 816
64 817
64 826
64 880
65 117
65 170
65 314
65 331
65 363
65 380
65 461
65 486
65 524
65 542
65 593
65 648
65 708
65 770
65 837
65 866
65 961
66 196
66 198
66 248
66 271
66 272
66 342
66 427
66 431
66 469
66 478
66 522
66 599
66 666
66 693
66 794
66 816
66 848
66 891
66 953
66 986
67 183
67 203
67 332
67 378
67 527
67 538
67 552
67 594
67 627
67 707
67 779
67 977
67 991
68 71
68 75
68 105
68 120
68 169
68 190
68 196
68 396
68 408
68 565
68 644
68 684
68 704
68 803
68 809
68 818
68 819
68 887
68 929
68 932
68 970
69 124
69 180
69 229
69 248
69 255
69 263
69 277
69 294
69 336
69 339
69 424
69 453
69 493
69 515
69 566
69 717
69 764
69 775
69 851
69 892
69 912
69 996
70 124
70 157
70 188
70 193
70 210
70 219
70 419
70 463
70 525
70 545
70 617
70 690
70 747
70 893
70 967
71 207
71 249
71 262
71 281
71 333
71 397
71 400
71 419
71 487
71 507
71 512
71 736
71 748
71 775
71 788
71 791
71 797
71 810
71 870
72 75
72 118
72 133
72 215
72 232
72 277
72 300
72 320
72 335
72 346
72 400
72 404
72 450
72 476
72 631
72 684
72 707
72 761
72 809
72 811
72 818
72 819
72 833
72 861
72 882
72 935
72 970
73 93
73 109
73 146
73 218
73 231
73 233
73 287
73 339
73 359
73 367
73 552
73 557
73 559
73 591
73 608
73 633
73 640
73 703
73 734
73 817
73 840
73 889
73 909
73 918
73 931
73 936
73 975
74 89
74 173
74 196
74 198
74 254
74 364
74 431
74 453
74 478
74 592
74 663
74 679
74 758
74 814
74 891
74 893
74 911
74 921
74 986
75 118
75 190
75 201
75 212
75 287
75 320
75 366
75 400
75 414
75 497
75 512
75 514
75 517
75 556
75 574
75 588
75 742
75 756
75 772
75 775
75 818
75 819
75 835
75 962
76 102
76 122
76 172
76 210
76 217
76 237
76 263
76 285
76 290
76 292
76 321
76 328
76 333
76 397
76 458
76 526
76 549
76 570
76 586
76 606
76 680
76 724
76 867
76 916
77 80
77 92
77 205
77 267
77 268
77 326
77 488
77 539
77 559
77 580
77 585
77 606
77 629
77 733
77 802
77 824
77 832
77 849
77 871
77 938
77 952
78 184
78 283
78 312
78 315
78 328
78 345
78 472
78 569
78 604
78 652
78 664
78 750
78 798
78 826
78 865
78 961
78 979
79 80
79 92
79 99
79 121
79 124
79 140
79 165
79 265
79 268
79 301
79 326
79 327
79 330
79 340
79 364
79 428
79 430
79 433
79 441
79 445
79 450
79 464
79 485
79 502
79 539
79 564
79 569
79 585
79 613
79 618
79 695
79 711
79 725
79 733
79 767
79 815
79 824
79 871
79 902
79 938
79 963
79 964
79 974
79 982
79 998
80 92
80 105
80 121
80 159
80 167
80 204
80 236
80 326
80 340
80 363
80 430
80 485
80 539
80 564
80 568
80 584
80 585
80 598
80 610
80 695
80 711
80 729
80 733
80 820
80 824
80 832
80 842
80 866
80 871
80 902
80 938
80 948
80 963
80 964
80 987
80 998
81 109
81 114
81 287
81 302
81 307
81 350
81 380
81 395
81 444
81 460
81 468
81 472
81 548
81 570
81 580
81 640
81 699
81 737
81 756
81 822
81 882
81 991
82 103
82 156
82 180
82 243
82 354
82 406
82 428
82 470
82 521
82 632
82 638
82 662
82 698
82 703
82 854
82 860
82 878
82 921
82 931
82 937
82 950
82 963
83 110
83 144
83 150
83 159
83 167
83 186
83 230
83 232
83 239
83 260
83 267
83 269
83 281
83 289
83 298
83 299
83 308
83 322
83 374
83 393
83 402
83 427
83 486
83 495
83 510
83 517
83 615
83 632
83 695
83 711
83 769
83 786
83 802
83 815
83 853
83 880
83 897
83 905
83 924
83 962
83 965
84 259
84 274
84 292
84 313
84 319
84 340
84 464
84 550
84 551
84 553
84 572
84 712
84 726
84 809
84 870
84 904
84 940
84 950
85 124
85 216
85 274
85 276
85 288
85 292
85 302
85 352
85 363
85 457
85 553
85 589
85 609
85 618
85 637
85 765
85 773
85 800
85 904
85 997
86 160
86 166
86 203
86 237
86 245
86 251
86 330
86 353
86 416
86 424
86 430
86 437
86 464
86 519
86 531
86 533
86 592
86 594
86 597
86 626
86 665
86 681
86 720
86 727
86 763
86 811
86 826
86 849
86 851
86 863
86 888
86 896
86 907
86 909
86 920
86 924
86 988
87 101
87 116
87 152
87 154
87 166
87 173
87 191
87 223
87 263
87 276
87 315
87 325
87 335
87 346
87 348
87 378
87 483
87 487
87 498
87 518
87 546
87 579
87 596
87 606
87 642
87 651
87 668
87 753
87 849
87 904
87 919
87 973
87 999
88 154
88 191
88 272
88 335
88 379
88 384
88 432
88 477
88 487
88 518
88 554
88 606
88 651
88 713
88 733
88 919
88 965
88 973
89 185
89 190
89 254
89 427
89 549
89 606
89 696
89 718
89 727
89 758
89 835
89 954
89 986
90 115
90 240
90 333
90 350
90 417
90 452
90 488
90 491
90 518
90 531
90 543
90 625
90 695
90 798
90 820
90 856
90 976
91 100
91 275
91 279
91 303
91 518
91 553
91 556
91 562
91 564
91 565
91 566
91 624
91 653
91 673
91 844
91 916
91 920
91 938
91 955
92 103
92 105
92 121
92 124
92 180
92 204
92 224
92 263
92 268
92 270
92 279
92 291
92 326
92 338
92 340
92 395
92 430
92 433
92 485
92 530
92 539
92 564
92 585
92 610
92 660
92 664
92 666
92 695
92 711
92 733
92 772
92 801
92 824
92 825
92 871
92 938
92 950
92 963
92 964
92 974
92 975
92 996
92 998
93 109
93 122
93 287
93 298
93 344
93 409
93 557
93 559
93 591
93 608
93 633
93 669
93 703
93 732
93 840
93 889
93 902
93 923
93 975
94 99
94 142
94 143
94 163
94 180
94 215
94 245
94 265
94 313
94 370
94 376
94 391
94 452
94 454
94 471
94 484
94 499
94 527
94 613
94 634
94 663
94 690
94 694
94 704
94 723
94 729
94 766
94 769
94 771
94 820
94 858
94 899
94 905
94 908
95 96
95 99
95 112
95 119
95 125
95 160
95 272
95 291
95 335
95 400
95 408
95 434
95 468
95 488
95 505
95 554
95 682
95 800
95 803
95 807
95 875
95 906
95 917
95 923
95 989
96 97
96 108
96 113
96 122
96 157
96 216
96 224
96 226
96 230
96 233
96 291
96 316
96 320
96 351
96 416
96 434
96 467
96 481
96 525
96 531
96 537
96 647
96 714
96 766
96 804
96 807
96 826
96 893
96 923
96 929
96 971
96 989
97 109
97 131
97 248
97 272
97 297
97 414
97 522
97 541
97 599
97 644
97 758
97 847
97 848
97 890
97 903
97 986
98 120
98 121
98 190
98 231
98 274
98 346
98 381
98 401
98 445
98 496
98 497
98 556
98 644
98 717
98 769
98 809
98 819
98 870
98 877
98 965
98 970
99 143
99 196
99 221
99 278
99 308
99 358
99 462
99 575
99 704
99 766
99 794
99 874
99 908
99 998
100 139
100 210
100 249
100 265
100 285
100 290
100 378
100 379
100 385
100 411
100 421
100 427
100 481
100 499
100 505
100 515
100 552
100 559
100 597
100 599
100 663
100 688
100 961
100 984
101 135
101 143
101 243
101 254
101 263
101 347
101 378
101 403
101 444
101 470
101 518
101 579
101 643
101 668
101 753
101 787
101 834
102 131
102 151
102 166
102 231
102 249
102 418
102 535
102 538
102 550
102 614
102 765
102 768
102 781
102 788
102 801
102 845
102 894
102 922
102 923
102 956
103 141
103 153
103 176
103 265
103 560
103 598
103 673
103 760
103 773
103 784
103 828
103 877
103 884
103 965
103 971
103 985
104 133
104 216
104 227
104 370
104 410
104 413
104 493
104 604
104 605
104 660
104 671
104 729
104 799
104 801
104 826
104 845
105 184
105 326
105 433
105 485
105 539
105 564
105 585
105 598
105 711
105 733
105 824
105 871
105 938
105 1000
106 126
106 162
106 182
106 218
106 295
106 353
106 378
106 424
106 541
106 597
106 632
106 649
106 668
106 679
106 710
106 812
106 831
106 934
106 935
107 254
107 272
107 427
107 431
107 565
107 662
107 753
107 758
107 835
107 926
107 978
108 113
108 125
108 158
108 160
108 210
108 212
108 233
108 247
108 249
108 381
108 416
108 434
108 456
108 517
108 528
108 630
108 718
108 728
108 736
108 807
108 863
108 880
108 889
108 923
108 929
108 960
108 989
109 146
109 164
109 367
109 465
109 557
109 559
109 591
109 652
109 662
109 703
109 717
109 732
109 811
109 829
109 840
109 867
109 889
109 906
109 918
109 956
110 372
110 403
110 457
110 510
110 578
110 631
110 633
110 665
110 719
110 724
110 787
110 813
111 127
111 443
111 477
111 517
111 531
111 590
111 757
111 820
111 877
111 956
112 137
112 271
112 403
112 457
112 465
112 503
112 564
112 578
112 582
112 594
112 676
112 696
112 714
112 729
112 787
112 797
112 813
112 879
112 906
112 962
113 143
113 156
113 285
113 464
113 481
113 601
113 826
113 923
113 989
114 302
114 315
114 364
114 444
114 462
114 501
114 573
114 640
114 698
114 756
114 816
114 960
115 129
115 152
115 206
115 375
115 436
115 481
115 798
115 883
115 983
115 993
116 141
116 191
116 219
116 263
116 292
116 330
116 353
116 511
116 567
116 579
116 586
116 606
116 651
116 668
116 753
116 919
116 921
116 935
116 971
117 163
117 267
117 278
117 299
117 333
117 411
117 449
117 539
117 713
117 775
117 846
117 878
117 910
117 960
117 964
118 128
118 169
118 190
118 217
118 296
118 300
118 394
118 497
118 556
118 574
118 600
118 635
118 644
118 684
118 702
118 713
118 717
118 738
118 762
118 794
118 809
118 813
118 819
118 831
118 850
118 860
118 878
118 932
118 961
119 125
119 133
119 306
119 481
119 488
119 701
119 717
119 885
119 923
119 989
120 296
120 347
120 348
120 373
120 464
120 567
120 590
120 674
120 748
120 750
120 768
120 791
120 808
120 847
120 942
120 947
120 950
120 992
121 204
121 232
121 268
121 326
121 340
121 437
121 466
121 539
121 564
121 585
121 639
121 643
121 649
121 695
121 733
121 752
121 782
121 802
121 871
121 872
121 876
121 963
121 987
122 157
122 185
122 209
122 210
122 237
122 285
122 306
122 318
122 321
122 325
122 328
122 362
122 411
122 421
122 422
122 458
122 471
122 505
122 509
122 526
122 547
122 549
122 552
122 567
122 601
122 663
122 688
122 706
122 714
122 761
122 805
122 810
122 829
122 835
122 867
122 871
122 875
122 984
123 168
123 187
123 205
123 223
123 234
123 278
123 405
123 520
123 544
123 575
123 605
123 685
123 733
124 204
124 253
124 257
124 326
124 338
124 357
124 378
124 456
124 485
124 511
124 539
124 564
124 585
124 610
124 695
124 733
124 807
124 824
124 871
124 938
124 958
124 964
125 149
125 160
125 230
125 233
125 257
125 291
125 300
125 416
125 488
125 522
125 532
125 538
125 541
125 603
125 647
125 728
125 807
125 828
125 856
125 871
125 873
125 884
125 893
125 896
125 923
125 929
125 946
125 949
125 989
126 153
126 162
126 249
126 361
126 397
126 416
126 418
126 419
126 676
126 791
126 797
126 934
126 978
127 274
127 404
127 410
127 558
127 560
127 618
127 646
127 669
127 775
127 878
127 928
127 931
128 190
128 200
128 217
128 346
128 430
128 478
128 497
128 574
128 713
128 717
128 809
128 818
128 962
128 968
129 153
129 270
129 311
129 334
129 395
129 399
129 406
129 492
129 504
129 554
129 639
129 660
129 662
129 815
129 860
129 885
129 895
129 927
130 143
130 147
130 194
130 211
130 227
130 293
130 314
130 317
130 327
130 347
130 373
130 389
130 398
130 525
130 596
130 610
130 696
130 733
130 748
130 847
130 873
130 877
130 901
130 968
131 151
131 160
131 200
131 262
131 444
131 493
131 535
131 603
131 655
131 666
131 765
131 778
131 781
131 788
131 804
131 827
131 845
131 862
131 872
131 881
131 883
131 886
132 136
132 155
132 157
132 287
132 288
132 292
132 334
132 380
132 395
132 413
132 423
132 444
132 455
132 478
132 501
132 590
132 680
132 699
132 718
132 837
132 875
133 139
133 153
133 216
133 227
133 274
133 275
133 284
133 334
133 349
133 371
133 392
133 410
133 439
133 477
133 487
133 493
133 529
133 605
133 636
133 671
133 729
133 739
133 752
133 755
133 779
133 882
133 990
134 214
134 262
134 340
134 374
134 386
134 423
134 463
134 607
134 666
134 674
134 781
134 845
134 989
135 136
135 140
135 155
135 161
135 164
135 190
135 271
135 322
135 323
135 345
135 434
135 442
135 451
135 455
135 513
135 533
135 547
135 548
135 554
135 561
135 577
135 604
135 608
135 670
135 682
135 721
135 769
135 793
135 797
135 817
135 898
135 901
135 904
135 918
135 923
135 947
135 969
136 155
136 212
136 271
136 285
136 323
136 354
136 435
136 451
136 476
136 520
136 527
136 547
136 549
136 561
136 597
136 640
136 670
136 682
136 769
136 817
136 898
136 969
137 142
137 148
137 213
137 383
137 387
137 390
137 442
137 443
137 476
137 575
137 588
137 629
137 687
137 709
137 719
137 823
137 835
137 857
137 994
138 157
138 171
138 194
138 300
138 371
138 517
138 536
138 731
138 874
138 907
138 933
138 939
139 142
139 195
139 216
139 227
139 249
139 284
139 349
139 410
139 439
139 477
139 493
139 605
139 671
139 729
139 739
139 752
139 874
139 876
139 942
139 976
140 470
140 561
140 598
140 638
140 643
140 711
140 730
140 748
140 824
140 898
140 974
141 176
141 200
141 265
141 320
141 355
141 361
141 414
141 439
141 565
141 593
141 598
141 606
141 624
141 643
141 659
141 673
141 767
141 784
141 877
141 900
141 958
141 971
141 985
142 202
142 215
142 221
142 303
142 313
142 355
142 370
142 377
142 399
142 436
142 444
142 452
142 484
142 496
142 527
142 589
142 777
142 780
142 910
142 950
142 979
143 202
143 215
143 240
143 248
143 333
143 365
143 370
143 417
143 436
143 440
143 452
143 459
143 465
143 471
143 490
143 527
143 576
143 577
143 613
143 696
143 699
143 766
143 777
143 794
143 855
143 858
143 863
143 876
143 908
143 919
143 942
143 983
143 992
144 150
144 167
144 168
144 171
144 173
144 186
144 200
144 232
144 259
144 260
144 278
144 281
144 298
144 299
144 308
144 312
144 341
144 342
144 362
144 368
144 374
144 386
144 393
144 486
144 495
144 510
144 514
144 581
144 588
144 606
144 615
144 636
144 651
144 668
144 698
144 740
144 786
144 793
144 802
144 815
144 816
144 880
144 897
144 905
144 917
144 965
145 187
145 244
145 297
145 342
145 356
145 412
145 501
145 514
145 612
145 702
145 711
145 731
145 744
145 783
145 803
145 831
145 834
145 924
145 953
146 148
146 336
146 367
146 448
146 481
146 545
146 559
146 591
146 617
146 636
146 830
146 898
146 907
146 936
146 975
147 228
147 293
147 296
147 297
147 314
147 347
147 373
147 398
147 402
147 436
147 527
147 542
147 567
147 596
147 674
147 696
147 701
147 721
147 737
147 755
147 816
147 833
147 847
147 851
147 853
147 873
147 880
147 887
148 285
148 308
148 341
148 365
148 387
148 390
148 405
148 410
148 443
148 476
148 524
148 588
148 629
148 709
148 719
148 741
148 755
148 762
148 827
148 857
148 938
148 971
148 972
148 994
149 484
149 583
149 585
149 689
149 726
149 744
149 766
149 773
149 776
149 798
149 806
149 829
149 903
149 926
150 159
150 167
150 175
150 232
150 259
150 260
150 281
150 304
150 314
150 318
150 393
150 424
150 486
150 500
150 514
150 527
150 538
150 610
150 615
150 698
150 755
150 756
150 781
150 786
150 810
150 815
150 853
150 880
150 905
150 939
150 973
151 153
151 172
151 179
151 272
151 361
151 386
151 397
151 535
151 537
151 551
151 615
151 663
151 765
151 778
151 781
151 788
151 804
151 881
151 886
151 894
151 903
151 956
152 237
152 420
152 466
152 467
152 506
152 564
152 603
152 618
152 655
152 656
152 681
152 689
152 694
152 852
152 905
153 159
153 168
153 207
153 215
153 318
153 319
153 322
153 324
153 333
153 361
153 397
153 400
153 496
153 497
153 507
153 512
153 580
153 587
153 634
153 645
153 700
153 783
153 791
153 797
153 844
153 934
154 191
154 214
154 226
154 252
154 263
154 315
154 319
154 326
154 335
154 384
154 432
154 487
154 518
154 579
154 595
154 604
154 606
154 614
154 616
154 642
154 651
154 668
154 707
154 721
154 738
154 783
154 785
154 792
154 824
154 868
154 919
154 927
154 960
154 976
154 979
154 999
155 164
155 176
155 271
155 322
155 323
155 326
155 328
155 419
155 456
155 502
155 513
155 520
155 533
155 544
155 547
155 554
155 555
155 561
155 580
155 583
155 670
155 682
155 722
155 769
155 788
155 817
155 871
155 893
155 911
155 918
155 945
156 168
156 185
156 211
156 225
156 274
156 276
156 292
156 363
156 474
156 550
156 551
156 553
156 589
156 609
156 618
156 634
156 698
156 753
156 800
156 827
156 844
156 855
156 856
156 870
156 904
156 940
156 970
156 978
157 161
157 165
157 210
157 214
157 272
157 285
157 286
157 306
157 321
157 326
157 328
157 358
157 369
157 375
157 386
157 411
157 426
157 449
157 451
157 458
157 490
157 505
157 549
157 552
157 555
157 570
157 605
157 663
157 706
157 714
157 805
157 810
157 821
157 829
157 830
157 832
157 835
157 850
157 875
157 881
157 898
157 984
158 296
158 314
158 347
158 374
158 379
158 398
158 500
158 567
158 596
158 615
158 643
158 674
158 696
158 737
158 748
158 755
158 782
158 826
158 873
158 968
158 971
158 984
159 186
159 194
159 222
159 232
159 257
159 260
159 281
159 289
159 298
159 352
159 361
159 368
159 374
159 410
159 414
159 486
159 493
159 495
159 512
159 514
159 532
159 592
159 615
159 643
159 658
159 698
159 730
159 740
159 762
159 786
159 800
159 802
159 815
159 853
159 858
159 880
159 897
159 905
159 923
159 987
160 181
160 223
160 225
160 247
160 266
160 314
160 319
160 351
160 416
160 434
160 468
160 481
160 499
160 532
160 538
160 579
160 639
160 653
160 668
160 738
160 807
160 867
160 878
160 893
160 899
160 923
160 970
160 989
161 162
161 165
161 204
161 210
161 290
161 369
161 375
161 411
161 413
161 458
161 477
161 509
161 526
161 529
161 555
161 570
161 649
161 663
161 688
161 706
161 805
161 819
161 867
161 875
161 884
161 972
162 180
162 301
162 385
162 523
162 611
162 613
162 718
162 786
162 864
162 956
162 973
163 199
163 267
163 271
163 278
163 401
163 542
163 546
163 623
163 757
163 779
163 819
163 857
163 893
163 958
163 960
163 962
164 188
164 317
164 322
164 328
164 376
164 520
164 533
164 600
164 699
164 769
164 782
164 820
165 201
165 230
165 285
165 286
165 290
165 375
165 395
165 411
165 458
165 505
165 521
165 552
165 555
165 570
165 594
165 610
165 620
165 703
165 706
165 812
165 819
165 829
165 835
165 861
165 867
165 873
165 911
165 950
165 958
165 998
166 203
166 245
166 251
166 272
166 329
166 330
166 336
166 417
166 500
166 519
166 531
166 578
166 648
166 665
166 699
166 720
166 727
166 792
166 811
166 851
166 888
166 896
166 909
166 920
166 926
166 988
167 184
167 186
167 202
167 210
167 216
167 232
167 259
167 308
167 339
167 426
167 481
167 514
167 594
167 707
167 724
167 740
167 786
167 802
167 880
167 889
167 897
167 905
167 965
168 198
168 241
168 274
168 276
168 292
168 309
168 318
168 319
168 363
168 387
168 440
168 443
168 544
168 551
168 553
168 581
168 589
168 590
168 594
168 596
168 597
168 618
168 704
168 712
168 733
168 763
168 811
168 826
168 869
168 870
168 958
168 972
168 995
169 240
169 257
169 346
169 399
169 461
169 489
169 491
169 640
169 676
169 713
169 762
169 818
169 819
169 841
169 850
169 859
169 932
169 962
169 968
169 970
170 177
170 178
170 214
170 215
170 261
170 270
170 288
170 320
170 331
170 465
170 498
170 524
170 526
170 630
170 648
170 708
170 866
170 902
170 929
171 189
171 194
171 274
171 408
171 412
171 465
171 480
171 505
171 536
171 662
171 665
171 907
171 926
171 933
171 939
171 991
172 226
172 257
172 260
172 306
172 312
172 345
172 513
172 523
172 568
172 638
172 664
172 668
172 692
172 731
172 807
172 822
172 825
172 835
172 930
172 961
173 188
173 223
173 272
173 427
173 435
173 498
173 620
173 682
173 755
173 758
173 891
173 995
174 246
174 308
174 320
174 409
174 497
174 538
174 574
174 601
174 638
174 649
174 676
174 684
174 771
174 808
174 819
174 833
174 860
174 866
174 968
175 200
175 327
175 399
175 441
175 492
175 504
175 639
175 660
175 800
175 885
175 927
176 202
176 242
176 259
176 265
176 351
176 354
176 361
176 372
176 376
176 414
176 593
176 598
176 607
176 624
176 643
176 645
176 673
176 784
176 826
176 828
176 833
176 893
176 900
176 971
176 985
177 231
177 270
177 327
177 402
177 415
177 428
177 534
177 571
177 585
177 628
177 629
177 636
177 748
178 307
178 335
178 452
178 454
178 465
178 510
178 527
178 573
178 626
178 704
178 763
178 766
178 794
178 919
178 957
179 208
179 441
179 462
179 517
179 524
179 605
179 733
179 796
179 823
179 884
179 915
180 222
180 250
180 333
180 385
180 500
180 523
180 611
180 718
180 864
180 956
181 182
181 239
181 253
181 273
181 440
181 513
181 637
181 655
181 677
181 735
181 742
181 772
181 778
181 782
181 808
181 874
181 906
182 184
182 194
182 253
182 256
182 264
182 270
182 273
182 353
182 644
182 694
182 719
182 874
182 936
183 225
183 323
183 477
183 480
183 511
183 642
183 736
183 763
183 819
183 836
184 215
184 260
184 273
184 363
184 437
184 637
184 658
184 749
184 772
184 779
184 871
184 874
184 960
185 305
185 348
185 513
185 579
185 629
185 646
185 748
185 765
185 830
185 849
185 934
186 259
186 281
186 323
186 371
186 374
186 393
186 453
186 495
186 542
186 698
186 786
186 802
186 880
187 291
187 418
187 583
187 612
187 744
187 783
187 816
187 910
187 924
187 930
187 953
188 193
188 219
188 415
188 463
188 513
188 525
188 545
188 572
188 589
188 610
188 617
188 679
188 747
188 929
189 209
189 219
189 282
189 283
189 285
189 294
189 309
189 354
189 379
189 382
189 454
189 459
189 490
189 548
189 619
189 734
189 825
189 856
189 876
189 943
189 944
189 966
189 992
190 217
190 246
190 283
190 300
190 317
190 320
190 346
190 368
190 387
190 457
190 488
190 556
190 560
190 563
190 574
190 586
190 601
190 606
190 630
190 637
190 644
190 676
190 684
190 704
190 707
190 713
190 717
190 762
190 796
190 801
190 802
190 803
190 808
190 818
190 819
190 829
190 843
190 862
190 880
190 887
190 897
190 932
190 968
190 970
190 972
191 195
191 252
191 263
191 274
191 281
191 312
191 315
191 320
191 384
191 463
191 479
191 495
191 518
191 550
191 579
191 606
191 618
191 642
191 651
191 668
191 878
191 900
191 919
191 979
191 984
191 999
192 199
192 200
192 276
192 293
192 328
192 363
192 364
192 522
192 548
192 552
192 590
192 618
192 660
192 669
192 713
192 721
192 763
192 800
192 826
192 854
192 870
192 904
192 940
193 219
193 227
193 285
193 295
193 301
193 317
193 493
193 502
193 525
193 527
193 545
193 617
193 702
193 743
193 747
193 832
194 341
194 352
194 381
194 409
194 412
194 480
194 534
194 687
194 819
194 864
194 907
194 933
195 355
195 376
195 378
195 395
195 504
195 506
195 814
195 819
195 821
195 877
195 879
195 889
195 935
195 949
195 959
195 971
196 227
196 248
196 272
196 332
196 446
196 456
196 522
196 549
197 252
197 264
197 274
197 292
197 363
197 444
197 447
197 551
197 590
197 763
197 770
197 826
197 895
197 940
198 254
198 272
198 397
198 435
198 478
198 565
198 738
198 759
198 834
198 848
198 891
198 929
198 940
198 986
199 226
199 274
199 276
199 363
199 415
199 485
199 551
199 553
199 572
199 594
199 618
199 730
199 763
199 800
199 820
199 929
199 954
200 274
200 284
200 292
200 317
200 319
200 363
200 395
200 431
200 447
200 474
200 551
200 553
200 564
200 572
200 590
200 594
200 609
200 618
200 682
200 712
200 741
200 763
200 800
200 826
200 854
200 869
200 870
200 904
200 940
200 975
201 285
201 290
201 306
201 375
201 458
201 505
201 526
201 552
201 570
201 666
201 737
201 749
201 867
201 875
201 908
201 958
202 219
202 221
202 452
202 471
202 494
202 561
202 668
202 766
202 781
202 858
202 899
202 928
202 985
203 237
203 245
203 251
203 330
203 361
203 367
203 373
203 442
203 516
203 531
203 592
203 593
203 597
203 629
203 665
203 681
203 720
203 727
203 767
203 833
203 849
203 851
203 888
203 896
203 909
203 988
204 226
204 245
204 268
204 338
204 346
204 411
204 430
204 431
204 433
204 439
204 485
204 564
204 585
204 617
204 620
204 720
204 733
204 754
204 769
204 816
204 824
204 871
204 883
204 902
204 938
204 944
204 948
204 963
204 998
205 370
205 433
205 444
205 452
205 572
205 635
205 644
205 662
205 685
205 698
205 873
205 917
205 931
206 260
206 329
206 360
206 382
206 455
206 479
206 562
206 673
206 750
206 950
206 997
207 209
207 249
207 333
207 377
207 397
207 468
207 507
207 559
207 608
207 753
207 866
207 934
208 267
208 278
208 343
208 542
208 595
208 776
208 839
208 865
208 871
208 960
209 282
209 294
209 309
209 314
209 379
209 452
209 454
209 459
209 494
209 619
209 692
209 720
209 734
209 756
209 877
209 943
209 944
209 966
210 285
210 286
210 290
210 306
210 321
210 328
210 369
210 411
210 419
210 421
210 426
210 458
210 472
210 505
210 509
210 526
210 537
210 552
210 555
210 570
210 572
210 642
210 669
210 688
210 706
210 714
210 745
210 773
210 776
210 805
210 810
210 822
210 832
210 867
210 895
210 919
210 984
210 997
211 274
211 292
211 363
211 550
211 557
211 594
211 763
211 826
211 904
212 230
212 388
212 434
212 481
212 635
212 646
212 647
212 807
212 811
212 856
212 896
212 914
212 923
212 929
212 954
212 977
212 989
213 309
213 341
213 383
213 390
213 443
213 449
213 471
213 476
213 518
213 520
213 588
213 629
213 719
213 739
213 857
214 285
214 286
214 292
214 328
214 370
214 375
214 411
214 421
214 443
214 526
214 549
214 570
214 663
214 665
214 701
214 706
214 721
214 810
214 846
214 867
214 875
214 984
214 985
215 221
215 234
215 246
215 282
215 313
215 343
215 376
215 395
215 423
215 451
215 452
215 484
215 577
215 582
215 597
215 622
215 704
215 719
215 723
215 739
215 855
215 858
215 889
215 916
215 950
215 967
215 970
215 988
215 992
215 995
215 999
216 221
216 227
216 254
216 284
216 321
216 334
216 349
216 365
216 410
216 439
216 477
216 493
216 513
216 529
216 533
216 543
216 605
216 713
216 729
216 739
216 752
216 801
216 818
216 845
216 877
216 882
216 971
216 990
216 991
217 246
217 260
217 270
217 320
217 346
217 440
217 556
217 574
217 586
217 618
217 632
217 644
217 670
217 684
217 716
217 762
217 771
217 819
217 825
217 833
217 843
217 850
217 862
217 905
217 947
217 962
217 970
217 971
217 973
217 989
218 221
218 274
218 295
218 333
218 378
218 397
218 439
218 489
218 490
218 581
218 605
218 678
218 679
218 710
218 750
218 810
218 821
218 869
218 925
218 961
218 964
218 985
219 289
219 365
219 423
219 431
219 456
219 463
219 501
219 518
219 545
219 617
219 690
219 743
219 747
219 832
219 894
220 358
220 395
220 501
220 573
220 687
220 704
220 763
220 789
220 800
220 816
220 822
220 926
220 948
221 240
221 334
221 344
221 360
221 432
221 465
221 471
221 482
221 484
221 527
221 532
221 540
221 550
221 552
221 577
221 622
221 690
221 710
221 718
221 790
221 794
221 855
221 863
221 908
221 946
221 967
221 983
222 307
222 314
222 329
222 348
222 365
222 420
222 477
222 479
222 490
222 506
222 545
222 929
223 242
223 263
223 325
223 487
223 518
223 606
223 642
223 651
223 663
223 668
223 733
223 919
223 974
223 979
224 276
224 356
224 363
224 369
224 393
224 434
224 481
224 488
224 553
224 569
224 859
224 923
224 929
224 952
224 989
225 251
225 274
225 276
225 363
225 551
225 553
225 572
225 589
225 593
225 618
225 777
225 793
225 827
225 870
225 871
225 904
225 940
225 952
226 277
226 364
226 418
226 474
226 482
226 568
226 591
226 623
226 731
226 961
227 267
227 284
227 334
227 349
227 392
227 406
227 410
227 438
227 439
227 477
227 493
227 529
227 531
227 543
227 547
227 577
227 593
227 605
227 671
227 729
227 739
227 743
227 752
227 863
227 895
227 990
228 235
228 248
228 264
228 314
228 366
228 398
228 562
228 567
228 630
228 674
228 748
228 926
228 962
229 237
229 253
229 260
229 277
229 292
229 336
229 339
229 394
229 424
229 453
229 475
229 479
229 515
229 579
229 582
229 584
229 667
229 670
229 717
229 725
229 764
229 775
229 790
229 855
229 892
229 912
229 919
229 976
229 983
229 986
229 996
229 997
230 232
230 247
230 257
230 342
230 351
230 408
230 434
230 481
230 666
230 807
230 893
230 897
230 923
230 927
230 975
230 983
231 363
231 402
231 428
231 459
231 571
231 574
231 636
231 744
231 810
231 821
231 886
231 928
232 239
232 259
232 260
232 281
232 298
232 299
232 304
232 308
232 352
232 357
232 362
232 364
232 368
232 374
232 393
232 452
232 495
232 511
232 514
232 515
232 601
232 606
232 615
232 697
232 698
232 720
232 740
232 786
232 802
232 827
232 851
232 853
232 862
232 878
232 880
232 897
232 904
232 905
233 247
233 434
233 440
233 471
233 807
233 875
233 923
233 929
233 989
234 374
234 405
234 575
234 635
234 664
234 685
234 763
234 792
234 804
234 806
234 840
234 846
234 885
234 915
234 917
234 946
234 973
235 255
235 261
235 267
235 278
235 372
235 501
235 533
235 542
235 552
235 685
235 709
235 849
235 851
235 945
235 960
236 259
236 380
236 451
236 527
236 576
236 592
236 634
236 661
236 686
236 715
236 722
236 759
236 834
237 245
237 272
237 330
237 377
237 459
237 519
237 597
237 626
237 633
237 642
237 681
237 720
237 727
237 773
237 811
237 819
237 849
237 851
237 856
237 869
237 870
237 876
237 888
237 896
237 920
238 290
238 317
238 429
238 445
238 540
238 551
238 654
238 661
238 683
238 736
238 800
238 904
238 1000
239 249
239 259
239 308
239 458
239 778
239 786
239 794
239 802
239 815
239 880
239 897
239 905
239 966
240 336
240 471
240 527
240 540
240 766
240 794
240 819
240 855
240 899
240 908
240 930
240 992
241 261
241 276
241 287
241 302
241 304
241 321
241 370
241 395
241 398
241 423
241 444
241 505
241 579
241 587
241 640
241 716
241 756
241 772
241 795
241 926
241 950
241 957
242 265
242 414
242 464
242 502
242 567
242 591
242 593
242 598
242 643
242 773
242 784
242 854
242 890
242 940
242 971
242 985
243 250
243 265
243 348
243 406
243 449
243 517
243 520
243 521
243 577
243 579
243 586
243 651
243 655
243 658
243 662
243 673
243 716
243 761
243 801
243 866
243 878
243 913
243 937
244 275
244 364
244 406
244 408
244 449
244 497
244 607
244 633
244 658
244 921
245 251
245 296
245 330
245 336
245 410
245 519
245 531
245 592
245 597
245 626
245 627
245 665
245 677
245 681
245 727
245 742
245 811
245 849
245 884
245 888
245 896
245 920
245 936
245 987
246 620
246 704
246 713
246 717
246 733
246 808
246 818
246 819
246 843
246 862
246 892
246 895
247 254
247 280
247 326
247 336
247 351
247 410
247 434
247 481
247 532
247 777
247 807
247 814
247 916
247 923
247 925
247 931
247 941
248 272
248 287
248 363
248 415
248 424
248 427
248 430
248 435
248 478
248 565
248 634
248 649
248 720
248 758
248 765
248 848
248 891
248 959
248 986
249 318
249 333
249 377
249 397
249 400
249 419
249 512
249 560
249 593
249 634
249 645
249 700
249 719
249 791
249 849
250 319
250 354
250 362
250 517
250 546
250 575
250 658
250 662
250 675
250 679
250 712
250 843
250 854
250 928
250 945
251 266
251 302
251 427
251 454
251 457
251 597
251 665
251 720
251 769
251 788
251 847
251 849
251 909
251 920
252 276
252 292
252 432
252 487
252 550
252 573
252 579
252 606
252 614
252 642
252 651
252 668
252 919
252 979
253 345
253 397
253 434
253 437
253 471
253 518
253 527
253 637
253 655
253 672
253 677
253 711
253 742
253 772
253 782
253 872
253 874
253 906
253 923
253 996
254 272
254 275
254 289
254 302
254 321
254 328
254 332
254 337
254 427
254 446
254 478
254 517
254 539
254 565
254 574
254 583
254 651
254 739
254 836
254 968
254 986
255 277
255 288
255 347
255 380
255 420
255 424
255 453
255 472
255 475
255 515
255 539
255 584
255 659
255 696
255 790
255 854
255 859
255 892
255 912
255 937
255 954
255 981
255 993
255 996
255 997
256 305
256 307
256 329
256 420
256 479
256 505
256 750
256 766
256 789
256 799
257 278
257 312
257 450
257 535
257 589
257 618
257 667
257 731
257 738
257 848
257 879
257 988
258 405
258 484
258 609
258 635
258 647
258 661
258 673
258 676
258 685
258 737
258 792
258 915
258 917
258 999
259 260
259 261
259 281
259 289
259 298
259 299
259 304
259 308
259 337
259 352
259 357
259 362
259 374
259 391
259 393
259 402
259 465
259 486
259 495
259 508
259 522
259 615
259 618
259 769
259 786
259 788
259 802
259 815
259 853
259 880
259 897
259 905
259 909
259 916
259 965
260 280
260 281
260 298
260 304
260 321
260 322
260 328
260 352
260 357
260 362
260 374
260 393
260 421
260 481
260 486
260 495
260 510
260 514
260 518
260 540
260 593
260 615
260 669
260 698
260 740
260 763
260 786
260 801
260 802
260 815
260 853
260 880
260 897
260 898
260 965
260 979
261 299
261 487
261 708
261 717
261 754
261 770
261 773
261 785
261 843
261 866
261 950
262 386
262 407
262 535
262 587
262 666
262 684
262 778
262 784
262 804
262 886
262 986
263 280
263 315
263 335
263 375
263 427
263 432
263 444
263 518
263 531
263 535
263 579
263 606
263 629
263 648
263 651
263 668
263 753
263 785
263 802
263 841
263 868
263 901
263 951
263 973
263 979
263 999
264 347
264 389
264 398
264 406
264 483
264 567
264 596
264 643
264 696
264 815
264 847
264 851
264 873
264 934
264 970
265 296
265 414
265 464
265 593
265 598
265 624
265 643
265 673
265 705
265 773
265 793
265 873
265 900
265 904
265 971
265 982
265 985
266 424
266 444
266 490
266 618
266 634
266 824
266 928
266 949
267 278
267 343
267 429
267 542
267 549
267 595
267 668
267 757
267 781
267 833
267 839
267 846
267 880
267 893
267 945
267 960
268 285
268 326
268 433
268 456
268 472
268 498
268 546
268 564
268 585
268 605
268 711
268 733
268 824
268 865
268 871
268 902
268 938
269 287
269 358
269 389
269 410
269 420
269 441
269 580
269 611
269 823
269 864
269 872
269 913
269 933
269 941
269 949
270 402
270 428
270 439
270 534
270 571
270 628
270 636
270 688
270 766
270 849
270 924
271 281
271 283
271 448
271 520
271 533
271 561
271 598
271 699
271 769
271 817
271 831
271 951
271 969
272 353
272 383
272 385
272 406
272 419
272 427
272 431
272 438
272 446
272 458
272 478
272 543
272 599
272 620
272 624
272 758
272 843
272 848
272 890
272 891
272 902
272 986
273 316
273 384
273 433
273 437
273 491
273 637
273 655
273 677
273 728
273 772
273 782
273 791
273 890
273 901
273 906
274 276
274 292
274 293
274 319
274 323
274 329
274 363
274 371
274 422
274 447
274 468
274 487
274 501
274 519
274 548
274 550
274 553
274 572
274 589
274 590
274 618
274 621
274 685
274 712
274 719
274 763
274 782
274 800
274 826
274 869
274 870
274 894
274 904
274 933
274 940
274 954
274 964
274 972
275 279
275 303
275 347
275 414
275 432
275 470
275 567
275 598
275 653
275 787
275 802
275 827
275 844
275 905
275 916
276 294
276 337
276 356
276 363
276 368
276 438
276 447
276 520
276 540
276 550
276 552
276 553
276 589
276 590
276 609
276 618
276 621
276 763
276 800
276 826
276 834
276 869
276 870
276 904
276 940
276 960
276 972
276 978
276 995
277 318
277 336
277 339
277 394
277 424
277 426
277 453
277 475
277 483
277 515
277 584
277 667
277 686
277 725
277 731
277 732
277 775
277 778
277 800
277 853
277 880
277 892
277 912
278 329
278 343
278 366
278 472
278 482
278 542
278 546
278 581
278 595
278 623
278 757
278 839
278 846
278 921
278 945
278 960
278 967
278 977
279 518
279 566
279 653
279 721
279 823
279 844
279 847
279 849
280 296
280 342
280 457
280 470
280 538
280 569
280 681
280 704
280 807
280 868
280 893
280 989
281 314
281 358
281 393
281 437
281 486
281 550
281 577
281 615
281 748
281 786
281 853
281 880
281 893
281 905
282 283
282 294
282 309
282 343
282 358
282 379
282 454
282 459
282 494
282 511
282 531
282 559
282 619
282 696
282 728
282 734
282 924
282 943
282 959
282 966
283 309
283 382
283 432
283 452
283 454
283 459
283 474
283 494
283 501
283 546
283 734
283 880
283 944
283 959
283 966
284 349
284 410
284 439
284 493
284 529
284 538
284 605
284 641
284 671
284 752
284 794
284 876
284 888
284 990
285 286
285 287
285 290
285 306
285 321
285 328
285 369
285 375
285 411
285 421
285 458
285 477
285 478
285 486
285 505
285 526
285 534
285 549
285 555
285 567
285 570
285 597
285 636
285 663
285 688
285 706
285 714
285 762
285 805
285 810
285 829
285 832
285 867
285 899
285 900
285 984
286 290
286 328
286 369
286 375
286 395
286 411
286 421
286 434
286 509
286 528
286 552
286 570
286 657
286 688
286 700
286 805
286 810
286 829
286 832
286 843
286 875
287 288
287 302
287 308
287 313
287 380
287 395
287 407
287 421
287 442
287 444
287 461
287 469
287 501
287 524
287 551
287 573
287 580
287 587
287 624
287 640
287 680
287 705
287 730
287 756
287 816
287 822
287 865
287 926
287 934
287 957
287 999
288 302
288 352
288 380
288 395
288 401
288 407
288 423
288 444
288 448
288 472
288 493
288 501
288 587
288 640
288 684
288 692
288 699
288 756
288 772
288 802
288 816
288 837
288 925
288 926
288 930
288 957
288 958
288 960
288 961
288 991
289 319
289 357
289 368
289 374
289 514
289 667
289 698
289 710
289 786
289 802
289 897
289 905
289 976
290 306
290 310
290 321
290 328
290 375
290 411
290 422
290 426
290 458
290 505
290 511
290 526
290 541
290 549
290 552
290 555
290 570
290 607
290 688
290 705
290 706
290 718
290 782
290 810
290 832
290 867
290 868
290 875
290 884
290 898
290 984
290 990
291 414
291 434
291 468
291 481
291 538
291 735
291 742
291 893
291 923
291 929
291 930
291 989
292 319
292 434
292 447
292 474
292 487
292 550
292 553
292 572
292 589
292 590
292 594
292 596
292 609
292 618
292 621
292 632
292 657
292 660
292 695
292 712
292 800
292 870
292 873
292 898
292 904
292 908
292 917
292 940
292 961
292 978
292 983
292 986
292 995
293 314
293 382
293 389
293 481
293 559
293 567
293 596
293 737
293 755
293 842
293 847
293 873
293 876
293 983
294 300
294 309
294 327
294 349
294 382
294 389
294 454
294 459
294 471
294 494
294 509
294 619
294 749
294 750
294 825
294 944
294 959
294 966
295 378
295 450
295 475
295 489
295 581
295 645
295 649
295 678
295 679
295 710
295 735
295 769
295 784
295 795
295 799
295 814
295 874
295 877
295 925
295 935
295 949
295 965
296 314
296 347
296 389
296 487
296 549
296 567
296 596
296 696
296 744
296 850
296 884
296 889
297 356
297 418
297 455
297 548
297 612
297 657
297 776
297 868
297 953
298 374
298 393
298 495
298 766
298 802
298 815
298 837
298 880
298 999
299 325
299 357
299 393
299 413
299 495
299 786
299 880
299 900
299 966
299 972
300 305
300 434
300 574
300 644
300 656
300 676
300 707
300 717
300 722
300 750
300 808
300 818
300 819
300 852
300 866
300 871
300 956
300 962
300 974
301 500
301 518
301 523
301 718
301 774
301 837
301 850
301 864
301 926
301 934
301 962
302 324
302 335
302 380
302 407
302 442
302 444
302 448
302 450
302 462
302 481
302 489
302 501
302 506
302 543
302 560
302 573
302 580
302 587
302 600
302 655
302 659
302 680
302 699
302 756
302 763
302 816
302 822
302 837
302 842
302 926
302 957
302 991
302 1000
303 333
303 371
303 375
303 525
303 553
303 562
303 578
303 626
303 631
303 653
303 726
303 916
303 955
303 972
304 357
304 381
304 514
304 694
304 800
304 815
304 855
304 856
304 860
304 905
305 307
305 332
305 348
305 457
305 477
305 479
305 485
305 539
305 596
305 685
305 750
305 799
305 989
305 997
306 328
306 336
306 375
306 381
306 411
306 421
306 505
306 514
306 526
306 542
306 552
306 570
306 805
306 810
306 818
306 875
306 902
307 329
307 348
307 420
307 472
307 479
307 493
307 507
307 750
307 789
307 851
307 873
308 321
308 337
308 354
308 357
308 363
308 393
308 418
308 733
308 786
308 802
308 815
308 955
308 965
308 992
309 368
309 382
309 444
309 459
309 495
309 601
309 619
309 734
309 794
309 944
310 313
310 458
310 466
310 640
310 770
310 774
310 795
310 806
310 841
311 327
311 399
311 428
311 433
311 445
311 492
311 509
311 545
311 552
311 569
311 579
311 660
311 885
311 895
311 962
311 978
312 345
312 384
312 395
312 585
312 620
312 670
312 825
312 879
312 889
312 927
312 954
312 982
313 330
313 336
313 452
313 527
313 577
313 738
313 766
313 786
314 317
314 373
314 472
314 507
314 541
314 567
314 585
314 596
314 693
314 737
314 748
314 873
315 323
315 411
315 432
315 518
315 524
315 642
315 919
315 940
315 979
315 999
316 332
316 377
316 445
316 481
316 542
316 627
316 672
316 699
316 827
316 836
316 915
317 322
317 347
317 389
317 429
317 470
317 567
317 607
317 627
317 696
317 934
318 344
318 376
318 377
318 397
318 400
318 404
318 432
318 503
318 512
318 597
318 611
318 634
318 700
318 739
318 791
318 904
319 339
319 363
319 458
319 525
319 548
319 553
319 589
319 590
319 605
319 609
319 618
319 661
319 763
319 869
319 871
319 904
319 983
320 328
320 455
320 468
320 497
320 563
320 574
320 630
320 676
320 717
320 762
320 818
320 819
320 832
320 861
320 962
320 968
321 337
321 369
321 375
321 376
321 411
321 421
321 426
321 537
321 549
321 588
321 589
321 679
321 688
321 805
321 810
321 854
321 875
321 974
322 323
322 326
322 451
322 468
322 533
322 561
322 752
322 753
322 769
322 817
322 831
323 324
323 434
323 440
323 520
323 533
323 547
323 554
323 561
323 628
323 640
323 644
323 670
323 679
323 702
323 721
323 769
323 817
323 898
323 969
324 397
324 552
324 634
324 757
324 791
324 805
324 974
325 335
325 410
325 432
325 498
325 510
325 512
325 518
325 606
325 614
325 627
325 646
325 651
325 668
325 726
325 785
325 868
325 919
325 999
326 338
326 340
326 359
326 372
326 403
326 430
326 433
326 449
326 485
326 498
326 512
326 539
326 564
326 585
326 591
326 610
326 695
326 711
326 722
326 733
326 771
326 774
326 824
326 871
326 938
326 953
326 960
326 964
327 350
327 399
327 463
327 484
327 512
327 639
327 824
327 885
327 891
327 895
327 927
328 333
328 335
328 369
328 375
328 411
328 431
328 526
328 549
328 552
328 555
328 570
328 574
328 637
328 663
328 688
328 706
328 714
328 731
328 772
328 781
328 794
328 810
328 829
328 832
328 867
328 875
328 884
328 947
328 969
328 974
328 984
329 348
329 420
329 426
329 743
329 799
330 350
330 592
330 597
330 681
330 727
330 849
330 851
330 888
330 909
330 920
330 936
331 461
331 594
331 617
331 650
331 665
331 699
331 708
331 815
331 857
331 904
332 344
332 497
332 563
332 653
332 779
332 819
332 977
333 377
333 390
333 397
333 450
333 512
333 534
333 658
333 667
333 700
333 796
333 797
333 802
333 823
333 934
333 987
334 349
334 410
334 430
334 439
334 477
334 493
334 605
334 729
334 739
334 752
334 764
334 801
334 939
334 984
334 993
335 354
335 357
335 364
335 384
335 432
335 487
335 498
335 503
335 518
335 546
335 579
335 603
335 640
335 651
335 668
335 677
335 682
335 785
335 788
335 919
335 948
335 973
336 339
336 453
336 469
336 515
336 552
336 667
336 670
336 790
336 892
337 369
337 374
337 406
337 470
337 491
337 521
337 638
337 658
337 883
337 928
338 430
338 533
338 539
338 564
338 585
338 604
338 695
338 733
338 759
338 824
338 841
338 871
338 902
338 960
338 968
338 987
339 341
339 372
339 394
339 418
339 424
339 453
339 467
339 473
339 475
339 515
339 538
339 544
339 672
339 725
339 764
339 775
339 790
339 892
339 912
339 981
340 347
340 433
340 485
340 539
340 564
340 585
340 695
340 711
340 733
340 824
340 839
340 871
340 938
340 967
340 992
341 387
341 390
341 409
341 425
341 443
341 541
341 546
341 719
341 741
341 804
341 974
341 993
342 434
342 528
342 530
342 649
342 747
342 929
342 940
342 955
342 989
343 401
343 542
343 595
343 596
343 636
343 725
343 749
343 757
343 809
343 960
343 966
344 397
344 468
344 518
344 641
344 700
344 709
344 934
345 364
345 396
345 496
345 497
345 502
345 569
345 610
345 664
345 684
345 692
345 821
345 825
345 832
345 865
345 943
345 954
345 961
345 988
346 423
346 444
346 497
346 556
346 574
346 585
346 601
346 652
346 676
346 707
346 717
346 747
346 767
346 800
346 808
346 833
346 850
346 861
346 862
346 870
346 887
346 962
346 968
346 988
347 373
347 596
347 655
347 763
347 828
347 831
347 840
347 847
347 873
347 876
347 922
348 370
348 400
348 500
348 794
348 985
349 392
349 410
349 439
349 452
349 477
349 493
349 534
349 605
349 668
349 715
349 724
349 739
349 752
349 777
349 801
349 815
349 906
350 366
350 405
350 528
350 543
350 607
350 650
350 691
350 713
350 716
350 720
350 738
350 748
350 756
350 790
350 869
350 976
351 408
351 434
351 481
351 753
351 807
351 840
351 923
352 393
352 395
352 426
352 447
352 505
352 624
352 698
352 727
352 786
352 815
352 880
352 897
352 905
352 935
352 965
353 393
353 414
353 496
353 543
353 609
353 650
353 691
353 738
353 819
353 820
353 847
353 856
353 875
353 993
354 388
354 406
354 414
354 470
354 502
354 518
354 575
354 607
354 629
354 632
354 638
354 658
354 662
354 716
354 717
354 761
354 789
354 797
354 829
354 854
354 896
354 901
354 921
354 928
355 361
355 414
355 464
355 489
355 593
355 598
355 643
355 784
355 824
355 890
355 900
355 931
355 932
355 971
355 975
355 985
356 418
356 449
356 640
356 744
356 783
356 831
356 886
356 985
357 374
357 393
357 478
357 486
357 495
357 514
357 596
357 615
357 671
357 672
357 698
357 701
357 786
357 802
357 815
357 880
357 888
357 899
357 905
357 906
357 912
357 915
357 982
358 422
358 548
358 668
358 872
358 994
358 996
359 436
359 452
359 471
359 527
359 577
359 766
359 783
359 786
359 858
359 922
360 415
360 465
360 471
360 483
360 520
360 547
360 577
360 697
360 704
360 766
360 794
360 858
361 414
361 464
361 598
361 624
361 643
361 724
361 746
361 773
361 784
361 828
361 867
361 971
362 393
362 758
362 782
362 786
362 802
362 880
362 905
363 474
363 485
363 548
363 550
363 551
363 572
363 590
363 594
363 618
363 621
363 625
363 626
363 689
363 696
363 704
363 712
363 763
363 778
363 781
363 805
363 826
363 862
363 870
363 889
363 904
363 940
363 953
363 995
363 1000
364 407
364 434
364 447
364 568
364 598
364 685
364 692
364 731
364 792
364 825
364 846
364 897
364 954
364 986
365 456
365 463
365 487
365 502
365 516
365 545
365 558
365 563
365 610
365 712
365 743
365 747
365 877
365 962
366 382
366 432
366 441
366 542
366 546
366 567
366 595
366 623
366 717
366 814
366 960
367 399
367 478
367 557
367 618
367 694
367 703
367 725
367 732
367 840
367 846
367 910
367 920
367 929
367 936
367 981
368 374
368 698
368 786
368 802
368 815
368 898
368 904
368 905
369 375
369 411
369 426
369 570
369 663
369 810
369 832
369 867
369 984
370 381
370 399
370 436
370 452
370 471
370 474
370 484
370 527
370 559
370 690
370 721
370 788
370 794
370 801
370 826
370 858
370 908
371 487
371 579
371 588
371 659
371 760
371 786
371 793
371 911
371 914
372 373
372 403
372 457
372 503
372 550
372 569
372 578
372 582
372 631
372 724
372 763
372 787
372 813
372 943
373 389
373 395
373 398
373 419
373 567
373 591
373 596
373 626
373 642
373 696
373 741
373 818
373 873
373 876
373 893
373 894
373 924
374 380
374 382
374 393
374 399
374 496
374 501
374 510
374 514
374 538
374 549
374 576
374 623
374 652
374 801
374 802
374 815
374 816
374 824
374 853
374 880
374 905
374 928
374 965
375 383
375 411
375 426
375 458
375 472
375 509
375 526
375 549
375 552
375 570
375 688
375 697
375 710
375 714
375 737
375 787
375 791
375 801
375 805
375 809
375 810
375 829
375 832
375 867
375 887
375 953
375 978
375 984
376 436
376 458
376 471
376 527
376 613
376 622
376 690
376 711
376 723
376 756
376 766
376 777
376 817
376 858
376 899
376 908
376 936
376 950
376 967
377 397
377 400
377 470
377 507
377 560
377 634
377 700
377 850
377 934
377 950
377 992
378 450
378 489
378 558
378 581
378 647
378 649
378 678
378 679
378 704
378 710
378 735
378 747
378 769
378 814
378 877
378 919
378 935
378 969
379 389
379 459
379 494
379 594
379 712
379 832
379 928
379 943
379 944
380 433
380 452
380 462
380 472
380 564
380 570
380 573
380 668
380 710
380 756
380 786
380 816
380 828
380 837
380 842
380 852
380 878
380 936
380 957
381 436
381 452
381 471
381 484
381 490
381 496
381 532
381 590
381 689
381 704
381 721
381 723
381 738
381 839
381 858
381 920
381 952
381 983
381 992
382 414
382 454
382 494
382 619
382 716
382 858
382 871
382 898
382 944
382 959
382 966
382 983
383 409
383 443
383 476
383 495
383 588
383 629
383 768
383 790
383 807
383 929
384 432
384 487
384 518
384 574
384 579
384 581
384 589
384 616
384 651
384 668
384 719
384 729
384 805
384 846
384 868
384 906
384 919
384 926
384 965
384 973
384 976
384 979
385 440
385 457
385 472
385 478
385 580
385 611
385 642
385 687
385 693
385 718
385 800
385 857
385 864
385 871
385 914
385 934
385 956
386 458
386 483
386 491
386 535
386 537
386 561
386 637
386 666
386 674
386 676
386 765
386 781
386 788
386 804
386 845
386 881
386 886
386 913
386 922
387 395
387 443
387 476
387 573
387 588
387 629
387 709
387 711
387 741
387 776
387 857
388 391
388 501
388 530
388 586
388 608
388 609
388 697
388 711
388 743
388 768
388 784
388 886
388 927
388 948
388 980
389 398
389 476
389 567
389 628
389 638
389 734
389 828
390 443
390 448
390 476
390 604
390 610
390 629
390 741
390 857
391 413
391 429
391 452
391 485
391 530
391 535
391 626
391 697
391 720
391 768
391 786
391 851
391 910
391 948
391 980
392 410
392 439
392 477
392 493
392 527
392 529
392 538
392 605
392 729
392 752
392 801
392 814
392 990
393 410
393 441
393 495
393 510
393 557
393 588
393 615
393 628
393 641
393 698
393 726
393 783
393 786
393 802
393 815
393 905
393 965
393 967
393 983
394 424
394 434
394 453
394 551
394 584
394 725
394 802
394 892
394 905
394 912
394 947
394 977
394 997
395 407
395 423
395 428
395 448
395 462
395 466
395 471
395 472
395 501
395 539
395 573
395 587
395 600
395 640
395 699
395 705
395 707
395 751
395 799
395 816
395 822
395 837
395 838
395 859
395 875
395 896
395 926
395 957
395 958
395 991
396 484
396 576
396 686
396 722
396 759
396 786
396 796
396 812
396 834
396 932
396 941
396 947
397 400
397 413
397 419
397 445
397 468
397 484
397 507
397 560
397 604
397 634
397 645
397 699
397 756
397 791
397 797
397 870
397 910
397 917
397 934
397 989
398 500
398 501
398 567
398 596
398 674
398 701
398 743
398 755
398 873
398 911
398 973
398 989
399 432
399 492
399 517
399 639
399 655
399 660
399 711
399 826
399 885
399 893
399 895
399 927
400 451
400 553
400 572
400 607
400 634
400 704
400 791
400 929
401 542
401 645
401 667
401 757
401 812
401 839
401 960
401 986
402 413
402 428
402 534
402 571
402 593
402 628
402 899
402 918
402 919
402 949
403 419
403 457
403 503
403 578
403 631
403 667
403 724
403 766
403 787
403 802
403 813
403 848
404 418
404 473
404 490
404 508
404 553
404 641
404 646
404 676
404 715
404 794
405 460
405 476
405 501
405 520
405 575
405 635
405 685
405 780
405 786
405 792
405 819
405 917
405 998
406 449
406 470
406 517
406 521
406 553
406 595
406 596
406 632
406 658
406 662
406 671
406 675
406 716
406 761
406 796
406 854
406 878
406 890
406 901
406 921
406 928
406 937
406 943
406 949
407 423
407 429
407 458
407 500
407 501
407 518
407 580
407 640
407 699
407 705
407 751
407 756
407 786
407 813
407 816
407 840
407 850
407 886
407 958
408 425
408 434
408 444
408 476
408 481
408 522
408 557
408 737
408 775
408 923
408 929
408 940
408 989
409 443
409 573
409 588
409 629
409 709
409 737
409 741
409 802
409 857
409 904
409 940
410 439
410 477
410 493
410 523
410 605
410 652
410 729
410 735
410 739
410 752
410 780
410 801
410 882
410 946
410 990
411 421
411 426
411 437
411 484
411 509
411 526
411 545
411 549
411 552
411 555
411 570
411 622
411 635
411 636
411 652
411 663
411 688
411 714
411 805
411 810
411 829
411 832
411 835
411 875
411 884
411 940
411 987
412 907
412 933
412 939
412 994
413 427
413 530
413 651
413 662
413 768
413 844
413 860
413 889
413 948
413 980
413 986
414 464
414 482
414 504
414 506
414 593
414 598
414 624
414 673
414 746
414 784
414 828
414 831
414 890
414 900
414 923
414 960
414 971
414 982
414 985
414 996
415 428
415 512
415 530
415 534
415 562
415 571
415 599
415 628
415 636
415 650
415 891
416 434
416 542
416 603
416 656
416 771
416 807
416 923
416 969
416 989
417 490
417 542
417 592
417 665
417 727
417 728
417 849
417 851
417 885
417 888
417 896
417 920
417 988
418 500
418 557
418 583
418 610
418 647
418 657
418 708
418 744
418 767
418 776
418 783
418 784
418 791
418 794
418 803
418 831
418 869
418 903
418 930
418 962
419 431
419 489
419 507
419 521
419 637
419 791
419 879
420 479
420 695
420 711
420 744
420 820
420 863
420 891
421 463
421 505
421 552
421 570
421 688
421 800
421 810
421 832
421 867
421 874
421 875
422 521
422 574
422 641
422 748
422 767
422 801
422 823
422 906
422 913
422 978
423 442
423 472
423 501
423 573
423 580
423 600
423 625
423 658
423 677
423 688
423 698
423 699
423 730
423 738
423 758
423 816
423 822
423 837
423 876
423 958
423 959
423 990
424 483
424 515
424 557
424 584
424 591
424 667
424 718
424 725
424 764
424 775
424 790
424 804
424 892
424 904
424 912
424 981
424 996
424 997
425 466
425 604
425 606
425 618
425 671
425 687
425 759
425 774
425 795
425 806
426 453
426 458
426 552
426 570
426 688
426 781
426 805
426 819
426 832
426 875
427 431
427 435
427 438
427 446
427 479
427 522
427 544
427 565
427 620
427 725
427 736
427 848
427 873
427 891
427 892
427 904
428 534
428 571
428 580
428 628
428 677
428 688
428 695
428 822
428 847
428 895
428 906
428 962
429 495
429 546
429 654
429 661
429 684
429 766
429 896
430 452
430 485
430 539
430 547
430 564
430 585
430 642
430 674
430 695
430 711
430 724
430 733
430 763
430 783
430 824
430 871
430 926
430 938
430 974
430 985
430 998
431 435
431 438
431 471
431 478
431 522
431 535
431 560
431 565
431 571
431 582
431 620
431 731
431 753
431 787
431 848
431 891
431 940
431 986
432 449
432 485
432 487
432 498
432 518
432 526
432 545
432 579
432 642
432 651
432 668
432 751
432 796
432 868
432 979
432 999
433 485
433 543
433 564
433 610
433 711
433 733
433 791
433 885
433 892
433 998
434 471
434 472
434 481
434 495
434 499
434 532
434 538
434 728
434 807
434 819
434 843
434 875
434 893
434 923
434 929
434 946
434 987
434 989
435 446
435 522
435 565
435 579
435 615
435 660
435 707
435 722
435 737
435 848
435 891
436 452
436 467
436 471
436 483
436 523
436 527
436 582
436 613
436 652
436 684
436 704
436 723
436 743
436 766
436 777
436 794
436 796
436 842
436 863
436 905
436 913
436 941
436 983
436 992
437 566
437 672
437 772
437 839
438 523
438 564
438 566
438 573
438 733
438 758
438 891
438 986
439 477
439 493
439 570
439 605
439 664
439 671
439 673
439 739
439 752
439 870
439 932
439 942
440 467
440 500
440 591
440 631
440 718
440 720
440 843
440 864
440 890
440 938
440 956
440 988
441 607
441 638
441 656
441 662
441 744
441 823
441 941
441 949
441 951
441 973
442 444
442 487
442 501
442 573
442 588
442 640
442 681
442 756
442 802
442 816
442 859
442 897
442 926
442 991
443 476
443 585
443 588
443 629
443 719
443 741
443 791
443 852
443 905
443 919
443 1000
444 448
444 460
444 462
444 497
444 501
444 573
444 580
444 585
444 600
444 730
444 733
444 747
444 751
444 816
444 822
444 837
444 838
444 905
444 957
444 958
444 971
444 991
444 994
445 454
445 570
445 654
445 682
445 683
445 700
445 736
445 749
445 755
445 766
445 794
445 865
445 984
445 997
445 1000
446 522
446 533
446 645
446 668
446 681
446 760
446 767
446 848
446 891
446 986
447 456
447 474
447 497
447 551
447 553
447 558
447 566
447 571
447 589
447 590
447 594
447 608
447 621
447 712
447 763
447 800
447 826
447 869
447 870
447 892
447 904
447 940
447 978
448 500
448 501
448 599
448 690
448 699
448 755
448 773
448 816
448 842
448 844
448 881
448 898
448 954
448 991
449 470
449 509
449 517
449 527
449 537
449 553
449 559
449 604
449 607
449 619
449 632
449 658
449 761
449 779
449 878
449 883
449 901
449 921
449 992
450 472
450 668
450 679
450 710
450 756
450 795
450 851
450 874
450 926
451 455
451 513
451 531
451 533
451 537
451 544
451 554
451 561
451 611
451 667
451 670
451 769
451 786
451 897
451 900
452 462
452 465
452 471
452 490
452 494
452 501
452 515
452 518
452 527
452 577
452 622
452 660
452 704
452 721
452 723
452 766
452 776
452 780
452 811
452 818
452 858
452 863
452 886
452 908
452 932
452 950
452 967
452 992
453 472
453 475
453 487
453 515
453 560
453 584
453 598
453 667
453 725
453 764
453 775
453 794
453 807
453 858
453 892
453 912
453 981
453 993
454 459
454 734
454 896
454 901
454 943
454 944
454 970
455 513
455 533
455 544
455 561
455 673
455 698
455 723
455 769
455 898
455 911
455 918
456 493
456 502
456 525
456 545
456 549
456 617
456 664
456 682
456 709
456 743
456 747
457 503
457 533
457 578
457 587
457 602
457 614
457 631
457 724
457 787
457 813
457 902
458 481
458 505
458 549
458 570
458 598
458 688
458 725
458 810
458 832
458 835
458 867
458 875
458 944
458 981
458 984
459 470
459 494
459 615
459 619
459 635
459 723
459 734
459 866
459 890
459 923
459 944
459 959
459 961
459 966
460 471
460 484
460 498
460 504
460 527
460 574
460 801
460 899
460 971
461 524
461 543
461 583
461 608
461 648
461 652
461 684
461 759
461 790
461 824
461 858
461 864
461 866
461 970
462 472
462 511
462 556
462 573
462 650
462 658
462 756
462 789
462 797
462 816
462 822
462 915
462 991
463 502
463 522
463 525
463 545
463 554
463 617
463 702
463 743
463 747
463 846
464 598
464 618
464 643
464 698
464 773
464 784
464 851
464 982
465 471
465 484
465 527
465 532
465 595
465 611
465 690
465 704
465 707
465 765
465 771
465 778
465 783
465 863
465 896
465 942
465 983
465 992
466 501
466 574
466 774
466 784
466 785
466 795
466 806
466 841
466 880
466 949
466 999
467 469
467 506
467 516
467 595
467 602
467 603
467 656
467 689
467 694
467 709
467 725
467 822
468 753
468 785
468 966
468 968
468 989
469 506
469 516
469 556
469 602
469 626
469 656
469 666
469 694
469 720
469 740
469 852
470 517
470 521
470 588
470 607
470 632
470 644
470 658
470 662
470 675
470 716
470 761
470 822
470 843
470 854
470 878
470 901
470 914
470 921
470 928
470 937
471 484
471 489
471 495
471 505
471 527
471 577
471 582
471 613
471 622
471 635
471 705
471 723
471 740
471 766
471 780
471 794
471 835
471 858
471 863
471 871
471 896
471 899
471 908
471 950
471 962
471 967
471 968
471 992
472 482
472 501
472 514
472 590
472 600
472 640
472 699
472 816
472 819
472 838
472 909
472 925
472 926
472 991
473 485
473 508
473 558
473 568
473 574
473 669
473 691
473 737
473 745
473 931
473 965
474 501
474 548
474 551
474 589
474 590
474 594
474 618
474 636
474 712
474 738
474 763
474 769
474 798
474 832
474 870
474 888
474 940
474 972
475 484
475 497
475 515
475 571
475 667
475 818
475 909
475 912
476 588
476 629
476 647
476 692
476 719
476 741
476 812
476 891
477 493
477 508
477 550
477 605
477 671
477 717
477 729
477 739
477 752
477 786
477 794
477 801
477 902
477 980
477 990
478 522
478 534
478 565
478 617
478 693
478 758
478 768
478 787
478 791
478 848
478 867
478 891
478 935
479 480
479 568
479 750
479 784
479 789
479 799
479 841
480 536
480 558
480 701
480 745
480 756
480 781
480 782
480 907
480 933
481 499
481 501
481 532
481 534
481 538
481 541
481 561
481 578
481 658
481 807
481 812
481 893
481 929
481 962
481 979
481 986
481 989
482 501
482 573
482 640
482 699
482 890
482 891
482 926
482 957
483 515
483 584
483 724
483 763
483 843
483 858
483 912
484 490
484 519
484 577
484 590
484 607
484 618
484 622
484 630
484 704
484 744
484 780
484 794
484 832
484 858
484 867
484 899
484 981
484 992
485 537
485 539
485 553
485 564
485 585
485 695
485 696
485 711
485 715
485 717
485 733
485 815
485 824
485 871
485 928
485 938
485 963
485 964
485 991
485 998
486 502
486 767
486 786
486 794
486 799
486 901
486 925
487 498
487 518
487 521
487 528
487 557
487 573
487 579
487 606
487 616
487 642
487 651
487 668
487 671
487 675
487 753
487 794
487 818
487 919
487 938
487 973
487 979
487 999
488 512
488 532
488 563
488 624
488 627
488 693
488 807
488 827
488 872
488 923
488 946
488 961
488 986
488 989
489 578
489 681
489 710
489 735
489 749
489 779
489 804
489 814
489 843
489 877
490 500
490 527
490 618
490 690
490 704
490 766
490 794
490 817
490 846
490 858
490 919
490 950
491 534
491 691
491 765
491 807
491 891
491 973
492 504
492 548
492 639
492 660
492 867
492 895
492 899
492 927
492 979
492 997
493 529
493 605
493 641
493 662
493 739
493 752
493 756
493 789
493 801
493 843
493 852
493 882
493 940
493 957
493 990
494 534
494 560
494 600
494 618
494 619
494 768
494 818
494 943
494 944
494 959
494 966
495 510
495 610
495 613
495 621
495 775
495 786
495 802
495 809
495 831
495 844
495 885
495 887
495 897
495 905
496 587
496 664
496 825
496 836
497 498
497 502
497 544
497 556
497 574
497 586
497 601
497 621
497 624
497 644
497 676
497 684
497 707
497 713
497 717
497 771
497 772
497 790
497 808
497 809
497 818
497 819
497 833
497 850
497 860
497 861
497 862
497 869
497 887
497 893
497 962
497 968
497 970
498 537
498 642
498 651
498 656
498 756
498 770
498 905
498 907
498 919
498 945
498 999
498 1000
499 501
499 535
499 889
499 893
499 923
499 985
499 989
500 557
500 611
500 693
500 720
500 729
500 864
500 897
500 960
501 552
501 580
501 587
501 600
501 638
501 640
501 680
501 699
501 756
501 760
501 816
501 832
501 837
501 842
501 859
501 911
501 926
501 957
501 979
501 991
502 525
502 545
502 617
502 643
502 693
502 702
502 715
502 747
502 889
503 577
503 578
503 631
503 668
503 707
503 724
503 747
503 787
503 813
503 863
503 868
503 899
504 592
504 625
504 660
504 683
504 732
504 746
504 885
504 927
505 543
505 549
505 605
505 727
505 808
505 810
505 818
505 831
505 832
505 852
505 867
505 884
505 892
505 984
506 516
506 522
506 593
506 602
506 603
506 656
506 689
506 852
507 512
507 560
507 568
507 645
507 700
507 712
507 751
507 791
507 883
507 934
508 519
508 558
508 584
508 598
508 641
508 669
508 690
508 745
508 878
508 931
509 526
509 549
509 570
509 698
509 716
509 760
509 810
509 870
509 888
510 698
510 784
510 786
510 815
510 823
510 880
510 905
511 627
511 685
511 716
511 892
511 908
511 928
511 989
512 634
512 651
512 788
512 791
512 804
512 887
512 934
512 951
513 520
513 533
513 544
513 554
513 561
513 594
513 670
513 681
513 769
513 817
513 847
513 898
513 918
513 951
513 969
514 642
514 696
514 698
514 802
514 807
515 530
515 725
515 775
515 798
515 872
515 912
515 925
515 981
516 602
516 603
516 607
516 656
516 660
516 689
516 694
516 775
516 852
516 961
517 521
517 563
517 607
517 628
517 658
517 662
517 716
517 756
517 761
517 802
517 854
517 901
517 921
517 928
517 937
518 567
518 579
518 606
518 614
518 616
518 651
518 668
518 727
518 753
518 794
518 826
518 850
518 858
518 868
518 891
518 919
518 922
518 979
518 991
518 999
519 531
519 597
519 665
519 681
519 811
519 821
519 826
519 851
519 854
519 888
519 896
519 909
519 920
519 941
520 533
520 554
520 561
520 660
520 682
520 760
520 773
520 869
520 896
520 920
520 951
521 607
521 638
521 656
521 658
521 662
521 716
521 829
521 904
522 713
522 758
522 773
522 786
522 848
522 891
522 932
522 986
523 601
523 611
523 687
523 695
523 864
523 956
523 960
524 648
524 652
524 687
524 708
524 715
524 770
524 779
524 866
525 545
525 584
525 617
525 629
525 702
525 743
525 747
525 777
526 549
526 552
526 570
526 688
526 805
526 810
526 830
526 832
526 867
526 868
526 875
526 905
526 952
526 984
526 989
527 543
527 582
527 590
527 613
527 622
527 636
527 640
527 690
527 704
527 721
527 723
527 766
527 771
527 780
527 794
527 800
527 855
527 858
527 863
527 921
527 992
528 543
528 554
528 558
528 575
528 667
528 691
528 757
528 820
528 993
529 605
529 644
529 671
529 752
529 792
529 801
529 870
529 882
529 976
530 603
530 650
530 663
530 697
530 784
530 948
531 553
531 592
531 597
531 606
531 639
531 659
531 665
531 681
531 695
531 709
531 717
531 719
531 727
531 811
531 849
531 851
531 920
531 988
532 604
532 715
532 761
532 923
532 929
532 989
533 544
533 554
533 561
533 682
533 769
533 817
533 893
533 898
533 918
533 928
533 951
534 570
534 571
534 628
534 636
534 842
534 880
534 884
534 899
535 537
535 575
535 744
535 755
535 765
535 778
535 781
535 804
535 813
535 845
535 849
535 886
535 894
535 898
535 922
535 984
536 565
536 779
536 809
536 907
536 933
537 595
537 765
537 778
537 781
537 788
537 820
537 894
538 541
538 705
538 917
538 923
538 938
538 945
538 989
539 564
539 585
539 589
539 629
539 695
539 711
539 717
539 733
539 778
539 827
539 871
539 902
539 938
539 963
539 974
540 570
540 584
540 609
540 640
540 654
540 661
540 673
540 683
540 736
540 743
540 749
540 785
541 688
541 807
541 923
541 929
541 958
541 962
541 989
542 546
542 581
542 595
542 662
542 757
542 760
542 775
542 839
542 849
542 897
542 945
542 960
543 691
543 702
543 756
543 798
543 991
543 993
544 625
544 682
544 700
544 769
544 803
545 565
545 702
545 743
545 747
545 864
546 595
546 623
546 757
546 860
546 960
547 561
547 740
547 804
547 816
547 898
548 551
548 589
548 590
548 763
548 800
548 870
548 892
548 904
548 930
548 940
549 552
549 570
549 663
549 682
549 688
549 773
549 805
549 810
549 832
549 867
549 954
549 991
550 553
550 572
550 589
550 590
550 618
550 631
550 667
550 699
550 763
550 800
550 826
550 869
550 870
550 904
550 940
550 944
550 972
551 553
551 568
551 589
551 590
551 611
551 618
551 712
551 800
551 854
551 870
551 872
551 891
551 904
551 940
551 991
552 583
552 663
552 688
552 706
552 712
552 714
552 747
552 789
552 810
552 815
552 826
552 832
552 835
552 867
552 884
552 984
553 566
553 572
553 589
553 590
553 594
553 609
553 618
553 701
553 708
553 712
553 741
553 763
553 765
553 800
553 826
553 869
553 870
553 904
553 972
553 995
554 561
554 769
554 880
554 918
555 570
555 577
555 716
555 746
555 829
555 832
555 835
555 875
555 933
555 979
555 984
556 569
556 574
556 684
556 707
556 732
556 808
556 818
556 819
556 828
556 833
556 862
556 897
556 904
556 911
556 932
556 982
557 559
557 573
557 591
557 608
557 689
557 703
557 732
557 840
557 887
557 927
557 936
557 959
557 975
558 777
558 829
558 843
558 920
558 931
559 582
559 591
559 602
559 608
559 654
559 702
559 703
559 840
559 926
559 936
559 986
560 634
560 886
560 934
560 988
561 567
561 575
561 595
561 670
561 682
561 706
561 748
561 769
561 898
561 918
561 921
561 951
561 969
561 973
561 984
561 986
562 566
562 653
562 673
562 739
562 803
562 844
562 916
562 955
563 664
563 911
563 977
564 585
564 587
564 610
564 662
564 678
564 695
564 711
564 716
564 733
564 842
564 871
564 902
564 938
564 963
564 964
564 974
564 998
565 599
565 612
565 620
565 732
565 758
565 826
565 848
565 876
565 891
565 986
565 994
566 581
566 653
566 737
566 741
566 766
566 844
566 916
566 952
566 955
566 984
567 586
567 596
567 599
567 674
567 696
567 701
567 706
567 737
567 748
567 847
567 873
567 876
567 901
567 909
568 743
568 810
568 825
568 864
568 954
569 574
569 655
569 825
569 879
569 919
569 935
570 576
570 663
570 668
570 688
570 706
570 713
570 756
570 780
570 805
570 810
570 875
570 884
570 964
570 965
570 987
571 628
571 703
571 750
571 855
571 870
571 908
572 582
572 587
572 589
572 590
572 594
572 605
572 618
572 663
572 683
572 712
572 738
572 800
572 843
572 870
572 904
572 940
572 972
572 978
573 574
573 580
573 587
573 600
573 636
573 640
573 680
573 699
573 705
573 730
573 751
573 754
573 756
573 816
573 817
573 819
573 822
573 838
573 842
573 926
573 945
573 983
573 991
574 586
574 620
574 630
574 671
574 676
574 684
574 707
574 713
574 717
574 757
574 769
574 771
574 784
574 808
574 809
574 816
574 818
574 819
574 843
574 849
574 850
574 862
574 952
574 962
574 970
575 685
575 786
575 831
575 902
575 915
575 917
575 946
576 641
576 722
576 741
576 759
576 812
576 880
576 919
576 949
576 951
577 664
577 704
577 721
577 794
577 898
577 905
577 924
577 950
577 992
578 724
578 787
578 790
578 813
578 818
578 994
579 597
579 602
579 606
579 616
579 642
579 651
579 668
579 711
579 740
579 868
579 919
579 979
580 816
580 885
580 926
581 622
581 649
581 678
581 695
581 814
581 877
581 935
582 704
582 858
582 875
582 876
582 899
582 938
582 991
582 992
583 657
583 725
583 744
583 783
583 831
583 869
583 989
584 634
584 659
584 667
584 775
584 780
584 790
584 867
584 892
584 981
585 615
585 646
585 695
585 711
585 733
585 830
585 839
585 864
585 871
585 902
585 909
585 938
585 940
585 963
585 964
585 974
585 998
586 611
586 676
586 684
586 707
586 715
586 776
586 818
586 819
586 854
586 947
586 968
586 970
587 741
587 756
587 838
587 842
587 928
588 647
588 709
588 719
588 739
588 741
588 748
588 815
588 857
588 907
588 922
588 999
589 594
589 618
589 621
589 640
589 654
589 810
589 823
589 826
589 846
589 871
589 904
589 972
589 989
589 995
590 606
590 609
590 618
590 621
590 667
590 677
590 692
590 710
590 712
590 743
590 756
590 800
590 826
590 870
590 880
590 904
590 937
590 940
590 966
590 972
590 978
590 995
590 998
591 603
591 608
591 633
591 703
591 732
591 767
591 832
591 840
591 889
591 931
591 936
591 975
592 598
592 681
592 704
592 720
592 896
592 904
592 909
592 920
593 598
593 643
593 673
593 723
593 746
593 765
593 779
593 784
593 805
593 828
593 876
593 900
593 939
593 979
593 982
593 985
593 987
594 599
594 615
594 667
594 763
594 793
594 826
594 887
594 940
594 972
594 978
594 988
594 1000
595 952
595 960
595 962
596 696
596 699
596 701
596 748
596 763
596 784
596 788
596 855
596 873
597 626
597 645
597 665
597 675
597 692
597 720
597 779
597 811
597 816
597 849
597 888
597 896
597 909
597 920
597 970
597 988
598 624
598 643
598 697
598 746
598 773
598 777
598 784
598 804
598 811
598 819
598 828
598 890
598 900
598 939
598 944
598 971
598 982
598 985
599 848
599 986
600 640
600 695
600 698
600 816
600 822
600 840
600 926
600 939
601 612
601 671
601 803
601 818
601 819
601 833
601 870
601 880
601 962
601 968
601 985
602 603
602 630
602 656
602 689
602 694
602 729
602 733
602 789
602 852
602 873
602 977
602 996
603 656
603 689
603 694
603 703
603 802
603 815
603 852
604 638
604 657
604 774
604 795
604 806
604 841
604 931
605 616
605 623
605 665
605 671
605 716
605 729
605 739
605 752
605 775
605 801
605 882
605 990
606 616
606 642
606 651
606 659
606 660
606 668
606 732
606 753
606 785
606 790
606 863
606 868
606 919
606 973
606 979
606 981
606 999
607 632
607 658
607 662
607 852
607 854
607 928
607 964
607 976
608 658
608 667
608 732
608 852
608 859
608 889
609 615
609 618
609 621
609 791
609 800
609 855
609 870
609 904
609 940
609 972
609 975
609 984
609 995
610 695
610 711
610 733
610 849
610 871
610 962
611 612
611 676
611 687
611 864
611 956
612 657
612 732
612 776
612 889
612 903
612 924
613 704
613 766
613 790
613 855
613 858
613 867
613 907
613 987
614 618
614 651
614 668
614 807
614 926
614 999
615 634
615 739
615 796
615 802
615 836
615 880
615 905
615 965
616 619
616 642
616 668
616 720
616 919
616 965
616 999
617 655
617 702
617 743
617 747
617 903
618 621
618 685
618 712
618 727
618 763
618 800
618 807
618 815
618 869
618 870
618 872
618 904
618 940
618 972
618 978
619 694
619 775
619 781
619 909
619 943
619 959
619 990
620 739
620 758
620 776
620 867
620 891
620 975
621 766
621 794
621 800
621 842
621 869
621 870
621 904
621 940
621 971
622 794
622 858
622 899
622 967
623 678
623 721
623 839
623 846
623 903
623 940
623 960
624 673
624 867
624 985
625 650
625 738
625 828
625 856
625 875
625 893
625 913
626 720
626 811
626 849
626 920
627 668
627 680
627 692
627 753
627 779
627 836
628 636
628 676
628 824
628 841
628 902
628 996
629 705
629 719
629 726
629 734
629 880
629 961
629 989
630 676
630 728
630 818
631 724
631 787
631 813
631 833
631 837
631 896
631 919
631 989
632 647
632 658
632 914
633 650
633 703
633 717
633 732
633 758
633 769
633 845
633 847
633 936
633 972
633 975
634 645
634 700
634 736
634 791
634 818
634 892
634 924
634 934
635 649
635 733
635 752
635 781
635 917
636 789
636 925
636 937
637 652
637 655
637 672
637 742
637 772
637 782
637 802
637 807
637 867
637 871
637 906
638 658
638 684
638 738
638 761
638 854
638 878
638 923
638 937
639 660
639 709
639 734
639 781
639 834
639 885
639 895
639 927
639 970
640 680
640 704
640 705
640 730
640 738
640 751
640 756
640 764
640 773
640 776
640 789
640 791
640 816
640 822
640 837
640 842
640 859
640 880
640 926
640 937
640 991
641 646
641 745
641 825
642 647
642 651
642 668
642 785
642 868
642 919
642 948
642 973
642 979
642 999
643 649
643 673
643 746
643 773
643 784
643 828
643 869
643 900
643 933
643 934
643 959
643 971
643 982
643 985
644 651
644 676
644 713
644 762
644 803
644 818
644 819
644 843
644 862
644 968
644 999
644 1000
645 657
645 666
645 700
645 838
645 848
645 877
645 892
646 669
646 745
646 848
646 931
647 688
647 744
647 776
647 783
647 831
647 986
648 652
648 669
648 683
648 693
648 708
648 790
648 844
648 901
648 935
649 708
649 710
649 757
649 774
649 814
649 816
649 848
650 691
650 740
650 820
650 856
650 871
650 891
650 924
650 993
651 668
651 675
651 726
651 745
651 791
651 837
651 853
651 930
651 956
651 979
651 994
652 708
652 740
652 811
652 987
653 708
653 844
653 873
653 876
653 916
653 955
654 661
654 683
654 692
654 718
654 736
654 749
654 754
654 830
654 928
654 971
654 989
654 1000
655 700
655 742
655 772
655 782
655 846
655 874
655 880
655 906
656 689
656 694
656 700
656 852
656 901
656 926
656 989
657 744
657 776
657 783
657 831
657 906
657 924
657 932
658 662
658 700
658 716
658 734
658 761
658 830
658 854
658 858
658 878
658 901
658 903
658 921
658 928
659 663
659 726
659 793
659 910
659 911
659 914
660 727
660 895
661 677
661 683
661 736
661 749
661 754
661 830
661 884
662 716
662 878
662 891
662 937
663 664
663 688
663 767
663 810
663 822
663 826
663 829
663 832
663 835
663 875
663 992
664 821
664 842
664 879
664 961
664 972
665 680
665 750
665 843
665 849
665 851
665 888
665 896
665 909
665 920
665 965
666 778
666 788
666 804
666 845
666 881
666 886
667 689
667 725
667 743
667 764
667 775
667 779
667 786
667 790
667 823
667 850
667 892
667 912
667 981
667 996
668 689
668 719
668 733
668 785
668 868
668 870
668 919
668 958
668 973
668 979
668 999
669 679
669 833
669 931
670 711
670 736
670 769
670 825
671 701
671 729
671 754
671 801
671 858
671 882
671 990
672 732
672 742
672 772
672 782
672 807
672 874
672 906
672 918
672 942
673 746
673 773
673 784
673 890
673 897
673 900
673 959
673 971
673 982
673 985
674 701
674 733
674 735
674 747
674 755
674 763
674 871
674 873
674 876
675 688
675 761
675 777
675 799
675 838
675 928
676 707
676 713
676 739
676 762
676 807
676 809
676 819
676 833
676 849
676 850
676 862
676 920
676 962
676 995
677 722
677 772
677 818
677 854
677 874
677 906
677 932
677 996
678 679
678 735
678 770
678 814
678 877
678 925
678 935
678 949
679 692
679 735
679 809
679 836
679 877
680 699
680 816
680 822
680 866
680 926
680 938
680 959
681 721
681 727
681 776
681 849
681 851
681 888
681 896
681 909
681 920
681 931
681 934
681 954
681 988
682 733
682 848
682 858
682 932
682 941
682 988
683 736
683 790
683 828
683 945
684 707
684 713
684 717
684 730
684 771
684 809
684 832
684 843
684 847
684 850
684 862
684 921
684 928
684 962
684 968
684 970
685 825
685 850
685 898
685 951
685 994
686 719
686 722
686 759
686 796
686 834
686 890
686 920
686 947
687 718
687 789
687 864
687 956
688 706
688 782
688 786
688 829
688 867
688 875
688 913
688 930
688 984
689 694
689 959
690 704
690 794
690 823
690 855
690 861
691 738
691 883
691 976
692 731
692 857
692 879
692 888
692 896
693 705
693 718
693 864
693 871
693 961
693 977
694 725
695 711
695 733
695 758
695 793
695 871
695 902
695 938
695 964
695 998
696 704
696 737
696 755
696 808
696 843
696 875
696 980
697 803
697 804
697 860
697 888
697 948
698 752
698 802
698 815
698 853
698 858
698 893
698 897
698 929
698 948
699 730
699 756
699 816
699 842
699 858
699 859
699 868
699 873
699 897
699 929
699 984
700 784
700 791
700 877
700 934
701 737
701 748
701 755
701 847
701 871
701 873
702 743
702 823
703 717
703 732
703 734
703 889
703 936
703 955
703 967
703 975
704 762
704 777
704 794
704 809
704 858
704 872
704 941
704 967
704 992
705 756
705 816
705 822
705 919
705 926
705 938
705 952
706 775
706 810
706 832
706 876
706 917
707 713
707 816
707 818
707 850
707 862
707 887
707 919
707 968
707 970
708 716
708 785
708 987
709 719
709 741
709 857
709 925
709 986
710 755
710 820
710 821
710 877
710 925
710 962
711 712
711 733
711 766
711 783
711 824
711 833
711 871
711 897
711 902
711 916
711 938
711 947
711 954
711 963
711 964
711 974
711 998
712 714
712 763
712 793
712 800
712 841
712 869
712 870
712 902
712 904
712 936
712 962
712 972
712 980
713 717
713 728
713 747
713 803
713 808
713 818
713 819
713 848
713 932
713 991
714 810
714 829
714 832
714 875
714 957
714 960
715 717
715 770
715 866
715 923
716 965
717 726
717 740
717 762
717 771
717 781
717 809
717 818
717 819
717 833
717 843
717 850
717 861
717 887
717 932
717 962
718 896
718 942
719 807
719 980
719 981
720 727
720 849
720 851
720 888
720 896
720 909
720 920
720 988
720 989
721 777
721 794
721 899
721 977
721 992
722 759
722 796
722 812
722 834
722 919
722 947
723 766
723 771
723 794
723 899
723 908
723 992
724 787
725 729
725 735
725 756
725 790
725 981
726 760
726 911
726 914
726 928
726 962
727 776
727 811
727 851
727 888
727 909
727 920
727 950
727 988
728 819
728 923
728 929
728 939
728 989
729 744
729 752
729 758
729 773
729 801
729 833
729 848
729 880
729 882
730 756
730 816
730 848
730 958
730 991
731 811
731 876
731 879
731 954
731 984
731 985
732 799
732 806
732 816
732 840
732 924
732 936
733 824
733 871
733 902
733 934
733 938
733 963
733 964
733 974
733 998
734 827
734 944
735 814
735 925
735 935
735 963
736 749
736 754
736 821
736 835
736 887
736 895
736 1000
737 781
737 873
737 951
738 861
738 883
738 938
739 752
739 760
739 801
739 866
739 896
739 944
739 960
739 979
740 786
740 802
740 811
740 876
740 897
740 965
740 979
741 896
742 745
742 837
742 906
742 964
743 747
743 913
744 776
744 783
744 903
744 919
744 920
744 924
744 930
744 953
744 955
745 787
745 940
746 779
746 784
746 828
746 900
746 971
747 808
747 851
747 919
747 994
748 873
748 883
748 923
748 961
748 964
748 968
749 754
749 999
749 1000
750 813
750 834
751 756
751 842
751 875
751 926
751 958
752 801
752 825
752 875
752 882
752 974
752 990
753 776
753 815
753 870
753 874
753 919
753 973
753 999
754 896
754 911
754 942
754 1000
755 847
755 873
756 816
756 822
756 842
756 847
756 880
756 891
756 896
756 926
756 957
756 958
756 969
756 991
757 839
757 846
757 869
757 945
757 960
758 835
758 848
758 898
758 976
758 984
758 986
759 796
759 802
759 812
759 834
759 947
759 984
760 793
760 830
760 910
760 911
760 928
761 803
761 878
761 886
761 896
761 928
761 947
761 963
762 809
762 818
762 819
762 920
762 962
763 783
763 800
763 810
763 831
763 870
763 877
763 878
763 904
763 911
763 940
763 972
763 974
764 776
764 912
764 913
764 997
765 778
765 835
765 881
765 886
765 889
765 894
765 915
765 922
766 777
766 794
766 828
766 832
766 899
766 942
767 811
767 823
767 913
767 994
768 850
768 948
768 954
768 980
768 982
769 817
769 831
769 912
769 969
770 834
770 866
770 982
771 818
771 833
771 841
771 843
771 856
771 905
771 940
772 782
772 816
772 831
772 874
772 906
772 936
772 966
773 784
773 828
773 892
773 900
773 971
773 985
774 806
774 841
774 861
774 976
775 778
775 780
775 790
775 809
775 892
776 783
776 831
776 903
776 910
776 928
776 930
776 953
777 780
777 791
777 858
777 950
777 953
777 963
777 968
777 989
777 992
778 808
778 888
778 922
779 784
779 827
779 836
780 803
780 827
780 949
780 956
780 962
781 788
781 814
781 859
781 880
781 886
781 894
781 922
782 906
782 923
782 957
783 818
783 881
783 891
783 903
783 919
783 924
784 828
784 863
784 890
784 900
784 971
784 982
784 985
784 997
785 812
785 862
785 961
785 990
785 999
786 802
786 832
786 838
786 853
786 880
786 905
786 965
786 984
787 793
787 813
787 851
788 826
788 829
788 847
788 916
788 922
790 892
790 997
791 858
791 934
791 955
791 970
792 827
792 833
792 915
792 917
793 910
793 911
793 914
793 923
794 863
794 923
794 942
794 950
795 806
795 841
795 940
795 988
796 812
796 834
796 947
797 832
797 848
797 934
799 842
800 804
800 849
800 870
800 904
800 940
800 954
800 972
800 978
800 995
801 889
801 990
802 815
802 880
802 905
802 961
802 965
802 984
802 992
803 809
803 818
803 819
803 861
803 932
803 962
803 980
804 845
805 810
805 832
805 852
805 867
805 962
805 984
806 841
806 899
806 900
806 902
807 853
807 871
807 893
807 907
807 912
807 919
807 923
807 929
807 982
807 989
808 818
808 819
808 850
808 968
809 818
809 833
809 850
809 880
809 887
809 955
809 962
809 970
810 816
810 829
810 832
810 835
810 875
810 883
810 893
810 914
810 966
810 971
810 984
810 991
811 851
811 888
811 896
811 909
811 920
812 821
812 834
812 947
813 930
814 821
814 862
814 877
814 910
814 925
814 935
814 956
815 853
815 858
815 863
815 880
815 891
815 897
815 899
815 903
815 939
815 948
815 965
816 822
816 837
816 838
816 842
816 864
816 914
816 926
816 937
816 958
816 990
816 991
817 818
818 819
818 833
818 834
818 842
818 843
818 861
818 862
818 927
818 944
818 960
818 962
818 970
818 990
819 833
819 843
819 848
819 850
819 861
819 962
819 968
819 970
819 981
820 856
820 857
820 939
820 976
820 990
820 999
821 877
821 888
821 908
821 984
822 839
822 859
822 912
822 926
823 872
823 913
823 934
823 941
823 949
823 994
824 842
824 862
824 871
824 902
824 905
824 937
824 944
824 963
824 964
825 879
825 954
826 868
826 870
826 904
826 940
826 972
826 995
827 836
827 957
827 992
828 893
828 900
828 927
828 971
828 982
828 985
829 832
829 881
829 892
829 930
830 939
830 1000
831 903
831 924
831 942
831 953
832 846
832 871
832 875
832 884
832 984
832 989
833 843
833 850
833 856
833 862
833 962
833 998
834 897
834 947
835 837
835 935
835 981
836 865
836 945
836 952
836 977
837 880
837 888
837 926
837 968
838 846
838 883
838 958
838 991
839 860
839 865
839 886
839 898
839 945
839 951
839 956
839 960
840 923
841 935
842 858
842 884
842 926
842 951
842 961
842 991
843 850
843 872
843 894
843 962
843 968
844 916
844 955
845 880
845 926
846 867
846 945
846 960
847 896
848 875
848 891
848 962
848 986
849 851
849 888
849 896
849 909
849 947
850 862
850 880
850 962
850 968
851 896
851 920
851 929
851 961
851 988
852 862
852 896
852 962
853 905
853 995
855 893
855 902
855 908
855 992
855 1000
856 874
856 993
858 870
858 899
858 967
858 983
859 863
859 957
860 875
860 935
860 980
861 862
861 962
862 895
862 900
862 925
862 962
863 867
863 887
863 942
863 967
864 938
864 956
865 879
865 961
865 973
866 987
867 889
868 919
868 920
868 973
869 870
869 938
869 940
870 873
870 876
870 883
870 887
870 904
870 972
871 902
871 938
871 963
871 974
871 998
872 994
873 876
873 881
873 908
875 910
875 936
875 957
875 971
875 984
877 935
877 962
877 986
877 989
878 928
878 932
879 958
879 961
880 897
880 905
880 965
881 886
881 930
881 963
882 934
882 990
883 993
885 946
885 989
886 922
887 962
887 967
888 896
888 897
888 913
888 920
888 944
888 988
889 936
889 975
890 900
890 923
890 984
891 986
892 912
893 923
893 940
893 943
893 970
893 974
893 976
893 989
893 995
894 896
894 984
895 927
895 956
895 979
896 909
896 920
896 926
896 954
896 988
897 905
897 965
897 987
898 941
898 991
899 944
899 950
899 992
900 936
900 971
900 985
901 929
901 940
902 942
902 963
902 974
903 953
904 938
904 940
904 941
904 944
904 972
904 995
905 965
905 969
905 979
906 968
907 909
907 939
907 978
907 995
908 911
908 946
908 983
909 920
909 961
909 965
909 988
910 911
910 914
911 914
911 921
912 925
912 994
912 996
912 997
913 949
915 917
915 946
915 958
916 955
916 959
917 946
917 965
919 942
919 979
919 982
919 999
920 963
920 982
920 988
920 989
921 997
923 929
923 934
923 976
924 952
924 995
925 935
926 928
926 938
926 957
926 991
927 997
928 937
928 970
929 933
929 989
930 953
932 962
933 939
933 992
934 936
934 972
936 975
937 999
938 983
938 998
940 976
940 995
941 949
943 944
944 959
945 951
946 961
947 992
948 992
949 994
952 992
954 961
955 994
957 974
958 992
959 966
960 983
963 964
964 998
968 970
971 985
973 999
975 993
979 999
983 985
983 986
984 986
991 1000
992 998
