# LFR benchmark graph: regime=S mu=0.3 realization=4
# undirected, unweighted; 1-based node ids; each edge listed once.
1 8
1 100
1 138
1 139
1 185
1 188
1 202
1 247
1 258
1 331
1 386
1 396
1 577
1 617
1 689
1 856
1 887
1 900
1 912
2 91
2 153
2 160
2 175
2 232
2 352
2 372
2 379
2 394
2 413
2 477
2 479
2 508
2 526
2 532
2 582
2 602
2 636
2 645
2 735
2 743
2 775
2 799
2 801
2 807
2 811
2 906
2 920
2 968
3 33
3 55
3 101
3 155
3 224
3 249
3 426
3 465
3 477
3 508
3 574
3 603
3 614
3 616
3 633
3 656
3 725
3 820
3 858
3 939
3 941
3 959
3 964
3 972
3 980
3 988
4 24
4 53
4 108
4 115
4 161
4 305
4 399
4 438
4 483
4 489
4 511
4 532
4 537
4 636
4 638
4 662
4 692
4 694
4 915
5 61
5 64
5 74
5 104
5 130
5 156
5 181
5 209
5 210
5 234
5 235
5 253
5 302
5 308
5 323
5 333
5 341
5 358
5 379
5 462
5 484
5 532
5 590
5 645
5 678
5 710
5 711
5 750
5 752
5 779
5 795
5 797
5 827
5 909
5 947
5 950
5 973
5 976
5 999
6 106
6 126
6 153
6 231
6 354
6 388
6 393
6 486
6 496
6 539
6 615
6 644
6 665
6 668
6 710
6 773
6 792
6 900
6 904
6 911
6 944
6 971
7 62
7 72
7 92
7 138
7 181
7 197
7 223
7 262
7 361
7 410
7 476
7 503
7 516
7 522
7 611
7 620
7 625
7 896
7 909
7 910
7 958
7 981
8 139
8 169
8 188
8 258
8 268
8 317
8 398
8 421
8 617
8 792
8 912
9 74
9 99
9 100
9 246
9 286
9 319
9 343
9 376
9 451
9 523
9 583
9 638
9 681
9 770
9 793
9 808
9 811
9 851
9 916
10 14
10 30
10 234
10 278
10 280
10 342
10 390
10 413
10 419
10 436
10 453
10 494
10 501
10 506
10 613
10 649
10 655
10 685
10 698
10 785
10 787
10 863
10 900
10 903
10 904
10 955
10 998
11 59
11 79
11 272
11 288
11 362
11 400
11 407
11 408
11 634
11 658
11 828
11 976
12 19
12 77
12 166
12 202
12 271
12 335
12 340
12 345
12 439
12 451
12 502
12 507
12 509
12 521
12 533
12 541
12 570
12 734
12 758
12 806
12 827
12 847
12 907
13 20
13 165
13 276
13 365
13 588
13 659
13 712
13 794
13 867
13 922
13 936
13 997
14 71
14 132
14 191
14 193
14 197
14 264
14 310
14 329
14 385
14 408
14 446
14 511
14 532
14 605
14 815
14 910
14 933
14 992
15 92
15 136
15 137
15 168
15 386
15 435
15 446
15 547
15 580
15 728
15 954
15 977
16 144
16 149
16 213
16 282
16 307
16 400
16 469
16 567
16 607
16 609
16 623
16 645
16 662
16 679
16 732
16 747
16 786
17 36
17 69
17 94
17 136
17 158
17 331
17 399
17 416
17 446
17 454
17 490
17 494
17 580
17 652
17 746
17 822
17 902
17 992
18 22
18 23
18 115
18 123
18 127
18 137
18 170
18 171
18 218
18 222
18 224
18 225
18 239
18 247
18 411
18 414
18 442
18 471
18 474
18 518
18 614
18 669
18 686
18 693
18 737
18 745
18 768
18 778
18 782
18 799
18 834
18 838
18 861
18 862
18 869
18 928
18 949
19 79
19 202
19 261
19 275
19 292
19 299
19 502
19 507
19 520
19 533
19 540
19 570
19 578
19 584
19 585
19 648
19 717
19 758
19 777
19 844
19 876
19 897
19 903
19 992
20 26
20 66
20 90
20 121
20 134
20 210
20 212
20 314
20 367
20 377
20 444
20 454
20 535
20 641
20 762
20 797
21 49
21 142
21 196
21 267
21 303
21 346
21 351
21 433
21 441
21 481
21 483
21 521
21 531
21 549
21 552
21 563
21 576
21 637
21 644
21 702
21 846
21 901
21 908
21 909
21 931
21 942
21 962
21 968
21 976
22 95
22 175
22 189
22 232
22 278
22 376
22 453
22 455
22 532
22 562
22 673
22 735
22 768
22 874
22 903
22 956
22 968
22 984
23 64
23 74
23 123
23 127
23 137
23 144
23 152
23 163
23 171
23 222
23 239
23 247
23 254
23 377
23 402
23 411
23 414
23 442
23 518
23 571
23 651
23 669
23 693
23 745
23 799
23 861
23 869
23 878
23 910
23 928
23 935
23 961
23 976
24 108
24 111
24 161
24 196
24 264
24 284
24 285
24 399
24 489
24 524
24 532
24 537
24 556
24 636
24 656
24 680
24 709
24 710
24 728
24 747
24 753
24 757
24 774
24 798
24 799
24 884
24 1000
25 71
25 149
25 272
25 478
25 600
25 683
25 755
25 782
25 791
25 803
25 810
25 850
26 90
26 121
26 187
26 204
26 210
26 212
26 244
26 245
26 249
26 295
26 345
26 360
26 361
26 377
26 379
26 444
26 490
26 621
26 641
26 743
26 749
26 756
26 759
26 844
26 867
26 907
26 943
26 961
26 969
27 57
27 100
27 148
27 159
27 203
27 237
27 402
27 507
27 578
27 583
27 673
27 679
27 689
27 734
27 761
27 795
27 854
27 858
27 867
27 868
27 869
27 885
27 904
27 998
28 40
28 85
28 136
28 200
28 207
28 216
28 429
28 455
28 470
28 548
28 556
28 571
28 597
28 623
28 627
28 662
28 690
28 790
28 805
28 857
28 870
29 99
29 101
29 110
29 111
29 183
29 219
29 242
29 243
29 251
29 257
29 271
29 281
29 380
29 529
29 584
29 610
29 771
29 812
29 868
29 951
29 988
30 50
30 96
30 125
30 181
30 195
30 271
30 280
30 283
30 286
30 388
30 419
30 436
30 451
30 454
30 489
30 494
30 501
30 550
30 594
30 620
30 626
30 649
30 655
30 745
30 779
30 780
30 786
30 787
30 792
30 840
30 900
30 955
30 957
30 986
31 43
31 120
31 129
31 151
31 165
31 167
31 186
31 194
31 199
31 368
31 378
31 382
31 389
31 391
31 418
31 421
31 526
31 540
31 567
31 598
31 648
31 651
31 654
31 657
31 667
31 677
31 719
31 754
31 773
31 776
31 817
31 879
31 890
31 926
31 927
31 975
32 34
32 50
32 105
32 118
32 208
32 287
32 298
32 372
32 396
32 432
32 483
32 515
32 533
32 552
32 728
32 779
32 943
33 42
33 46
33 52
33 76
33 82
33 145
33 172
33 200
33 218
33 231
33 256
33 258
33 357
33 395
33 445
33 449
33 482
33 532
33 554
33 557
33 690
33 698
33 701
33 703
33 769
33 782
33 847
33 850
33 858
33 870
33 893
33 952
33 978
34 45
34 143
34 197
34 269
34 287
34 485
34 515
34 601
34 670
34 780
34 784
34 943
34 951
34 970
35 82
35 145
35 199
35 231
35 324
35 332
35 371
35 387
35 403
35 424
35 445
35 449
35 456
35 470
35 472
35 482
35 564
35 573
35 698
35 703
35 705
35 707
35 838
35 841
35 893
36 60
36 101
36 104
36 118
36 146
36 164
36 203
36 225
36 229
36 240
36 249
36 272
36 314
36 351
36 376
36 389
36 399
36 401
36 422
36 425
36 430
36 454
36 458
36 465
36 478
36 492
36 536
36 555
36 558
36 567
36 597
36 602
36 604
36 612
36 620
36 627
36 631
36 635
36 640
36 655
36 660
36 686
36 748
36 809
36 840
36 853
36 856
36 863
36 870
36 871
36 938
36 940
36 982
36 991
37 48
37 92
37 118
37 120
37 176
37 238
37 252
37 280
37 306
37 309
37 318
37 347
37 350
37 364
37 394
37 417
37 460
37 493
37 534
37 543
37 689
37 692
37 766
37 854
37 874
37 875
38 40
38 113
38 319
38 369
38 540
38 544
38 634
38 690
38 784
38 916
39 108
39 129
39 151
39 167
39 194
39 368
39 380
39 407
39 432
39 456
39 550
39 557
39 603
39 626
39 648
39 677
39 727
39 745
39 801
39 812
39 876
39 975
39 994
40 83
40 120
40 214
40 216
40 450
40 544
40 548
40 556
40 589
40 613
40 623
40 676
40 680
40 687
40 690
40 805
40 816
40 845
40 935
40 967
40 971
41 170
41 208
41 233
41 248
41 277
41 369
41 370
41 423
41 447
41 461
41 485
41 509
41 584
41 593
41 689
41 715
41 775
41 857
41 882
41 885
41 888
41 913
41 948
41 957
41 963
41 966
42 96
42 122
42 194
42 251
42 271
42 340
42 359
42 380
42 381
42 443
42 520
42 529
42 664
42 690
42 761
42 763
42 771
42 790
42 812
42 859
42 865
42 868
42 951
43 123
43 167
43 199
43 280
43 310
43 378
43 392
43 417
43 431
43 432
43 480
43 491
43 546
43 547
43 570
43 577
43 619
43 677
43 708
43 726
43 731
43 737
43 739
43 790
43 801
43 926
43 940
43 968
43 975
43 998
44 68
44 140
44 258
44 271
44 321
44 366
44 429
44 532
44 560
44 562
44 572
44 597
44 616
44 624
44 682
44 687
44 716
44 723
44 731
44 754
44 765
44 795
44 845
44 857
44 917
44 975
44 989
45 87
45 126
45 154
45 172
45 174
45 177
45 211
45 227
45 263
45 282
45 393
45 409
45 486
45 491
45 529
45 539
45 546
45 550
45 595
45 610
45 668
45 675
45 728
45 758
45 833
45 904
45 911
45 915
45 944
45 950
46 233
46 234
46 243
46 318
46 324
46 354
46 357
46 358
46 395
46 403
46 407
46 412
46 478
46 482
46 509
46 561
46 564
46 571
46 634
46 701
46 705
46 746
46 772
46 802
46 810
46 829
46 998
47 88
47 109
47 146
47 270
47 323
47 325
47 405
47 440
47 525
47 680
47 769
47 856
47 862
47 908
47 959
47 987
48 74
48 93
48 118
48 162
48 194
48 238
48 252
48 286
48 306
48 307
48 309
48 318
48 324
48 364
48 394
48 404
48 417
48 460
48 512
48 534
48 553
48 563
48 564
48 573
48 586
48 655
48 679
48 682
48 689
48 692
48 742
48 766
48 767
48 819
48 865
48 874
48 895
48 915
48 921
48 923
48 954
48 961
48 962
49 61
49 84
49 138
49 154
49 337
49 545
49 549
49 563
49 571
49 830
49 846
49 898
49 901
49 908
49 976
50 122
50 166
50 173
50 257
50 269
50 287
50 298
50 345
50 431
50 461
50 515
50 577
50 601
50 670
50 714
50 762
50 825
50 837
50 884
50 943
50 962
51 57
51 73
51 83
51 135
51 234
51 236
51 240
51 282
51 290
51 312
51 453
51 575
51 617
51 697
51 852
51 880
52 172
52 176
52 218
52 320
52 350
52 354
52 395
52 431
52 449
52 470
52 482
52 564
52 703
52 719
52 784
52 792
52 796
52 858
52 869
52 974
53 100
53 108
53 118
53 161
53 167
53 249
53 280
53 284
53 285
53 334
53 432
53 478
53 489
53 524
53 588
53 591
53 615
53 662
53 710
53 712
53 753
53 774
53 798
53 805
53 883
53 939
54 69
54 173
54 351
54 416
54 441
54 549
54 552
54 569
54 592
54 614
54 641
54 649
54 705
54 773
54 846
54 901
54 908
54 947
54 957
55 158
55 180
55 181
55 291
55 324
55 400
55 401
55 603
55 625
55 633
55 694
55 719
55 908
55 951
55 954
55 970
55 972
56 73
56 131
56 166
56 244
56 266
56 294
56 327
56 338
56 438
56 449
56 579
56 599
56 666
56 817
56 859
56 927
57 63
57 152
57 159
57 203
57 270
57 283
57 305
57 353
57 425
57 467
57 473
57 475
57 483
57 534
57 571
57 643
57 677
57 721
57 751
57 757
57 764
57 836
57 854
57 919
57 923
57 929
57 990
57 998
58 117
58 217
58 232
58 299
58 365
58 427
58 455
58 468
58 529
58 646
58 652
58 837
58 873
58 937
59 88
59 117
59 124
59 197
59 213
59 228
59 245
59 256
59 299
59 344
59 356
59 365
59 371
59 425
59 464
59 468
59 478
59 523
59 554
59 573
59 589
59 630
59 640
59 676
59 678
59 714
59 717
59 734
59 741
59 756
59 771
59 803
59 806
59 814
59 818
59 822
59 831
59 845
59 861
59 873
59 879
59 949
59 950
59 954
60 111
60 113
60 120
60 146
60 164
60 174
60 215
60 240
60 249
60 262
60 301
60 382
60 389
60 399
60 421
60 425
60 443
60 454
60 458
60 463
60 465
60 478
60 495
60 497
60 555
60 604
60 631
60 633
60 672
60 686
60 689
60 695
60 721
60 724
60 831
60 834
60 835
60 836
60 840
60 853
60 871
60 877
60 878
60 897
60 938
60 940
61 85
61 102
61 130
61 150
61 181
61 209
61 218
61 235
61 323
61 358
61 436
61 462
61 500
61 594
61 646
61 678
61 707
61 710
61 711
61 746
61 757
61 827
61 828
61 852
61 873
61 918
61 950
61 991
62 92
62 138
62 143
62 152
62 197
62 217
62 223
62 248
62 261
62 262
62 279
62 295
62 346
62 361
62 381
62 397
62 448
62 450
62 463
62 483
62 503
62 516
62 610
62 611
62 720
62 728
62 730
62 786
62 810
62 870
62 889
62 909
62 910
62 958
62 981
62 986
63 108
63 159
63 203
63 214
63 231
63 326
63 400
63 437
63 467
63 495
63 590
63 617
63 643
63 673
63 751
63 761
63 820
63 845
63 867
63 879
63 923
63 939
63 977
64 79
64 145
64 234
64 289
64 395
64 445
64 482
64 648
64 657
64 701
64 705
64 719
64 802
64 813
64 829
64 931
64 982
65 81
65 91
65 153
65 160
65 167
65 330
65 352
65 379
65 459
65 508
65 518
65 546
65 582
65 592
65 602
65 619
65 622
65 636
65 721
65 792
65 807
65 868
65 869
65 885
65 887
65 891
65 906
65 920
65 924
65 965
65 968
65 970
65 990
66 69
66 90
66 121
66 212
66 374
66 437
66 444
66 482
66 535
66 563
66 621
66 662
66 743
66 749
66 784
66 844
66 959
66 961
67 120
67 145
67 210
67 218
67 231
67 234
67 268
67 288
67 322
67 392
67 403
67 445
67 545
67 564
67 593
67 659
67 683
67 698
67 701
67 703
67 705
67 714
67 779
67 888
67 918
67 997
68 98
68 203
68 263
68 430
68 473
68 571
68 721
68 808
68 867
68 923
68 929
68 998
69 96
69 136
69 352
69 446
69 580
69 652
69 746
69 842
69 857
69 872
69 902
69 970
70 80
70 104
70 140
70 195
70 276
70 408
70 421
70 428
70 439
70 687
70 731
70 754
70 765
70 795
70 909
70 989
71 80
71 118
71 162
71 174
71 193
71 240
71 241
71 264
71 385
71 473
71 586
71 600
71 724
71 800
71 815
71 832
71 850
71 868
72 131
72 176
72 178
72 264
72 274
72 299
72 323
72 818
72 855
72 878
72 893
72 952
72 953
73 166
73 266
73 273
73 294
73 302
73 313
73 336
73 342
73 438
73 454
73 477
73 516
73 522
73 579
73 581
73 598
73 599
73 666
73 693
73 713
73 747
73 796
73 817
73 871
73 936
73 962
74 102
74 181
74 211
74 235
74 293
74 323
74 338
74 341
74 358
74 391
74 462
74 484
74 558
74 687
74 689
74 710
74 827
74 884
74 950
75 164
75 257
75 320
75 513
75 518
75 560
75 617
75 654
75 664
75 677
75 769
75 793
75 849
75 983
76 86
76 107
76 145
76 231
76 316
76 324
76 370
76 395
76 403
76 449
76 545
76 590
76 691
76 703
76 705
76 744
76 746
76 784
76 824
76 829
76 839
76 920
76 948
76 997
77 98
77 117
77 170
77 183
77 226
77 265
77 328
77 363
77 400
77 457
77 472
77 590
77 591
77 608
77 704
77 713
77 729
77 762
77 771
77 776
77 800
77 832
77 872
77 911
78 89
78 131
78 158
78 184
78 221
78 274
78 393
78 524
78 570
78 596
78 690
78 987
79 133
79 142
79 148
79 215
79 320
79 513
79 536
79 643
79 654
79 656
79 664
79 830
79 849
79 896
79 911
80 103
80 136
80 140
80 145
80 190
80 226
80 277
80 292
80 347
80 365
80 366
80 386
80 419
80 439
80 471
80 560
80 572
80 577
80 587
80 624
80 664
80 669
80 706
80 716
80 728
80 731
80 754
80 760
80 789
80 795
80 813
80 845
80 857
80 878
80 899
80 907
81 139
81 153
81 160
81 232
81 319
81 327
81 330
81 352
81 397
81 411
81 479
81 539
81 546
81 654
81 694
81 714
81 769
81 807
81 852
81 906
81 920
82 139
82 144
82 182
82 218
82 231
82 234
82 309
82 322
82 324
82 340
82 346
82 354
82 358
82 395
82 403
82 445
82 449
82 471
82 484
82 547
82 564
82 610
82 614
82 662
82 701
82 703
82 705
82 719
82 730
82 778
82 829
82 858
82 870
82 882
82 943
82 978
83 182
83 199
83 249
83 252
83 315
83 323
83 420
83 456
83 541
83 652
83 659
83 668
83 852
83 898
83 982
84 86
84 87
84 95
84 97
84 107
84 110
84 170
84 184
84 232
84 286
84 301
84 342
84 349
84 369
84 378
84 388
84 420
84 461
84 500
84 510
84 517
84 538
84 555
84 559
84 565
84 583
84 613
84 615
84 617
84 673
84 687
84 705
84 725
84 747
84 764
84 784
84 797
84 873
84 876
84 880
84 886
84 910
84 918
84 973
84 999
85 200
85 216
85 248
85 295
85 354
85 484
85 710
85 742
85 779
85 795
85 829
85 971
86 89
86 140
86 184
86 205
86 248
86 369
86 428
86 557
86 736
86 747
86 797
86 880
86 916
86 958
87 136
87 188
87 417
87 431
87 516
87 617
87 718
87 719
87 777
87 794
87 834
87 860
87 896
87 898
87 906
87 914
87 967
88 291
88 304
88 424
88 434
88 462
88 505
88 566
88 661
88 700
88 733
88 742
89 131
89 147
89 158
89 176
89 178
89 179
89 236
89 274
89 282
89 476
89 494
89 577
89 616
89 621
89 730
89 818
89 945
89 950
89 954
90 117
90 121
90 145
90 210
90 212
90 225
90 245
90 260
90 273
90 289
90 297
90 345
90 355
90 360
90 367
90 420
90 444
90 470
90 532
90 535
90 560
90 581
90 641
90 728
90 743
90 749
90 759
90 826
90 844
90 961
90 965
90 969
91 153
91 160
91 194
91 259
91 397
91 479
91 505
91 508
91 576
91 636
91 682
91 807
91 826
91 851
91 886
91 920
91 968
92 106
92 235
92 261
92 262
92 291
92 315
92 793
92 909
92 910
93 99
93 103
93 158
93 170
93 177
93 222
93 304
93 310
93 403
93 447
93 557
93 593
93 616
93 618
93 656
93 707
93 775
93 819
93 879
93 885
93 965
93 966
94 95
94 205
94 369
94 399
94 425
94 450
94 461
94 502
94 705
94 747
94 764
94 781
94 797
94 839
94 916
94 957
94 999
95 107
95 184
95 220
95 222
95 232
95 257
95 288
95 333
95 349
95 408
95 420
95 443
95 461
95 510
95 517
95 523
95 530
95 576
95 583
95 615
95 617
95 624
95 657
95 717
95 720
95 747
95 764
95 784
95 792
95 797
95 839
95 855
95 876
95 880
95 916
95 918
95 934
95 995
95 999
96 245
96 280
96 291
96 342
96 355
96 374
96 388
96 390
96 419
96 436
96 457
96 501
96 506
96 550
96 558
96 594
96 633
96 647
96 649
96 650
96 652
96 655
96 685
96 747
96 756
96 779
96 780
96 785
96 787
96 804
96 808
96 857
96 903
96 920
96 962
96 997
97 148
97 205
97 369
97 408
97 517
97 531
97 538
97 617
97 688
97 742
97 764
97 783
97 839
97 879
97 880
97 886
97 916
97 918
97 999
98 102
98 139
98 226
98 232
98 252
98 267
98 285
98 328
98 408
98 457
98 622
98 733
98 762
98 792
98 832
98 936
98 963
99 134
99 432
99 481
99 642
99 660
99 663
99 690
99 763
99 789
99 996
100 139
100 185
100 188
100 363
100 399
100 565
100 659
100 713
100 747
100 766
101 155
101 211
101 378
101 426
101 527
101 691
101 730
101 766
101 855
101 953
101 964
101 972
101 980
102 130
102 181
102 209
102 286
102 299
102 323
102 365
102 460
102 462
102 484
102 487
102 539
102 548
102 590
102 647
102 682
102 710
102 809
102 827
102 964
102 979
103 195
103 396
103 450
103 471
103 651
103 682
103 728
103 754
103 795
103 834
103 917
103 933
104 146
104 169
104 187
104 425
104 454
104 558
104 597
104 604
104 662
104 686
104 877
104 889
104 918
104 947
104 950
104 982
105 161
105 316
105 365
105 440
105 459
105 472
105 575
105 697
105 711
105 841
105 843
105 990
106 138
106 140
106 195
106 290
106 439
106 560
106 590
106 620
106 687
106 728
106 731
106 754
106 765
106 788
106 795
106 845
106 886
106 905
106 989
106 992
107 111
107 205
107 224
107 232
107 240
107 284
107 318
107 350
107 369
107 531
107 764
107 784
107 797
107 916
107 918
108 161
108 215
108 221
108 242
108 284
108 285
108 340
108 461
108 489
108 496
108 511
108 524
108 532
108 537
108 587
108 588
108 600
108 656
108 753
108 754
108 774
108 784
108 861
108 884
108 958
108 1000
109 154
109 174
109 225
109 269
109 282
109 393
109 513
109 514
109 554
109 615
109 668
109 675
109 904
109 910
109 944
110 124
110 271
110 281
110 359
110 380
110 449
110 471
110 486
110 520
110 529
110 613
110 643
110 734
110 738
110 868
110 994
110 998
111 141
111 155
111 176
111 191
111 281
111 318
111 415
111 443
111 467
111 529
111 544
111 595
111 615
111 655
111 763
111 771
111 790
111 795
111 821
111 868
111 951
111 954
111 957
111 967
111 992
111 1000
112 282
112 301
112 305
112 392
112 395
112 513
112 521
112 547
112 549
112 552
112 559
112 593
112 692
112 748
112 846
112 908
112 916
113 146
113 166
113 169
113 195
113 240
113 260
113 308
113 389
113 422
113 430
113 449
113 454
113 463
113 465
113 478
113 492
113 511
113 535
113 542
113 555
113 558
113 604
113 605
113 612
113 631
113 653
113 668
113 724
113 737
113 748
113 873
113 895
113 947
113 959
113 967
113 991
113 996
114 149
114 204
114 333
114 348
114 388
114 394
114 400
114 519
114 609
114 684
114 719
114 732
114 786
114 899
114 924
114 986
115 123
115 127
115 222
115 379
115 411
115 414
115 417
115 501
115 518
115 522
115 534
115 623
115 714
115 745
115 768
115 778
115 880
115 904
115 992
116 140
116 225
116 407
116 546
116 687
116 728
116 734
116 754
116 765
116 795
116 803
116 874
116 876
116 917
117 150
117 152
117 193
117 202
117 215
117 255
117 264
117 299
117 305
117 340
117 371
117 372
117 396
117 427
117 429
117 551
117 568
117 589
117 597
117 605
117 619
117 646
117 707
117 709
117 713
117 714
117 738
117 752
117 756
117 788
117 814
117 822
117 831
117 837
117 849
117 861
117 879
117 931
117 949
117 952
118 162
118 184
118 185
118 306
118 392
118 394
118 406
118 417
118 460
118 534
118 679
118 689
118 766
118 874
118 913
118 916
118 962
119 149
119 279
119 283
119 345
119 512
119 543
119 548
119 592
119 645
119 648
119 662
119 725
119 776
119 786
119 834
119 884
119 974
119 986
120 129
120 194
120 199
120 326
120 345
120 368
120 378
120 404
120 432
120 465
120 547
120 567
120 607
120 648
120 677
120 827
121 229
121 345
121 360
121 427
121 444
121 535
121 621
121 641
121 702
121 749
121 859
121 901
122 157
122 173
122 177
122 232
122 269
122 601
122 641
122 670
122 746
122 766
122 800
122 803
122 824
122 825
122 943
123 124
123 129
123 137
123 144
123 152
123 201
123 222
123 247
123 254
123 302
123 322
123 341
123 357
123 395
123 403
123 414
123 435
123 436
123 442
123 444
123 518
123 693
123 745
123 778
123 780
123 797
123 799
123 822
123 876
123 890
123 897
123 928
124 171
124 238
124 276
124 280
124 299
124 402
124 429
124 553
124 554
124 646
124 707
124 709
124 714
124 734
124 756
124 776
124 806
124 819
124 873
124 879
124 947
124 949
125 231
125 270
125 280
125 388
125 390
125 419
125 436
125 501
125 506
125 562
125 605
125 649
125 710
125 776
125 779
125 780
125 785
125 900
125 901
125 903
125 989
126 154
126 177
126 233
126 263
126 282
126 306
126 387
126 486
126 539
126 546
126 615
126 644
126 668
126 717
126 725
126 763
126 788
126 938
126 944
126 974
126 991
127 137
127 144
127 152
127 222
127 363
127 414
127 518
127 651
127 693
127 745
127 762
127 778
127 799
127 916
127 928
128 246
128 265
128 368
128 402
128 405
128 406
128 475
128 629
128 641
128 646
128 680
128 712
128 741
128 853
128 862
128 873
128 908
128 959
129 151
129 165
129 167
129 261
129 271
129 302
129 380
129 407
129 418
129 432
129 545
129 547
129 648
129 662
129 674
129 708
129 722
129 726
129 801
129 890
129 936
129 948
129 957
129 974
129 975
129 986
129 994
130 209
130 296
130 318
130 323
130 341
130 379
130 436
130 483
130 500
130 534
130 559
130 614
130 634
130 654
130 678
130 697
130 750
130 827
130 950
130 965
131 176
131 179
131 252
131 300
131 428
131 450
131 577
131 616
131 712
131 790
131 813
131 818
131 851
131 855
131 874
131 987
132 260
132 264
132 307
132 384
132 385
132 435
132 443
132 643
132 661
132 781
132 815
132 839
132 934
132 949
133 148
133 162
133 183
133 198
133 237
133 257
133 320
133 397
133 458
133 480
133 485
133 525
133 654
133 664
133 706
133 738
133 765
133 800
133 804
133 806
133 849
133 888
133 896
133 921
133 975
133 995
134 561
134 660
134 742
134 902
134 976
134 977
134 996
135 182
135 260
135 290
135 297
135 327
135 416
135 437
135 444
135 541
135 567
135 587
135 630
135 802
135 852
136 154
136 167
136 176
136 226
136 446
136 490
136 580
136 646
136 902
136 951
136 989
137 144
137 181
137 222
137 225
137 234
137 239
137 247
137 283
137 344
137 411
137 414
137 597
137 745
137 768
137 778
137 799
137 834
137 879
137 924
137 928
137 954
138 150
138 194
138 197
138 223
138 262
138 268
138 295
138 315
138 323
138 361
138 381
138 468
138 503
138 516
138 554
138 611
138 625
138 642
138 731
138 833
138 909
138 910
138 958
138 981
139 170
139 185
139 188
139 194
139 258
139 267
139 331
139 334
139 357
139 386
139 390
139 464
139 607
139 768
139 819
140 190
140 230
140 237
140 247
140 277
140 324
140 329
140 333
140 347
140 366
140 396
140 399
140 428
140 439
140 450
140 479
140 552
140 560
140 562
140 624
140 632
140 646
140 716
140 723
140 728
140 754
140 765
140 795
140 816
140 845
140 850
140 857
140 899
140 917
140 927
140 935
140 948
140 953
140 977
140 985
140 992
141 296
141 360
141 412
141 527
141 576
141 595
141 596
141 668
141 757
141 838
141 854
141 859
141 920
141 958
141 983
141 986
142 148
142 189
142 198
142 277
142 339
142 397
142 467
142 513
142 528
142 530
142 536
142 540
142 605
142 654
142 664
142 754
142 849
142 887
142 896
142 921
142 969
143 161
143 352
143 355
143 403
143 466
143 569
143 585
143 672
143 728
143 824
143 848
143 934
143 959
144 146
144 152
144 163
144 165
144 171
144 222
144 225
144 239
144 247
144 359
144 403
144 411
144 414
144 442
144 472
144 508
144 518
144 546
144 568
144 588
144 648
144 669
144 693
144 768
144 778
144 784
144 799
144 834
144 843
144 844
144 879
144 928
145 152
145 324
145 375
145 403
145 412
145 445
145 449
145 539
145 564
145 698
145 703
145 719
145 778
145 820
145 886
145 921
145 935
145 978
145 986
145 997
146 164
146 169
146 172
146 240
146 301
146 308
146 354
146 361
146 367
146 377
146 389
146 399
146 454
146 478
146 492
146 495
146 549
146 559
146 562
146 589
146 604
146 644
146 686
146 724
146 728
146 754
146 809
146 856
146 928
146 940
146 975
146 995
147 158
147 178
147 274
147 287
147 319
147 368
147 450
147 501
147 533
147 536
147 548
147 617
147 753
147 945
147 976
148 183
148 198
148 205
148 212
148 236
148 257
148 346
148 415
148 513
148 525
148 528
148 654
148 664
148 693
148 706
148 800
148 804
148 807
148 849
148 888
148 896
148 921
149 150
149 156
149 159
149 206
149 213
149 227
149 279
149 348
149 378
149 400
149 401
149 420
149 421
149 464
149 469
149 476
149 542
149 595
149 607
149 609
149 623
149 624
149 645
149 650
149 662
149 674
149 681
149 685
149 732
149 744
149 786
149 847
149 855
149 986
150 204
150 280
150 337
150 348
150 392
150 400
150 401
150 403
150 469
150 515
150 519
150 543
150 550
150 581
150 662
150 776
150 930
150 975
150 986
151 165
151 186
151 194
151 276
151 278
151 299
151 363
151 368
151 378
151 418
151 431
151 432
151 524
151 557
151 567
151 581
151 622
151 648
151 667
151 677
151 708
151 801
151 926
151 938
151 975
151 994
152 163
152 171
152 222
152 225
152 239
152 247
152 254
152 263
152 348
152 386
152 411
152 414
152 442
152 486
152 490
152 518
152 537
152 604
152 651
152 680
152 682
152 693
152 712
152 715
152 720
152 745
152 768
152 778
152 799
152 834
152 878
152 928
152 980
153 160
153 267
153 330
153 352
153 366
153 379
153 385
153 428
153 481
153 486
153 508
153 534
153 550
153 592
153 602
153 636
153 652
153 669
153 694
153 754
153 785
153 807
153 857
153 906
153 920
153 932
153 946
153 968
153 980
153 991
153 997
154 174
154 177
154 222
154 227
154 255
154 261
154 263
154 282
154 296
154 337
154 358
154 369
154 387
154 393
154 409
154 459
154 486
154 491
154 499
154 514
154 539
154 546
154 549
154 576
154 597
154 615
154 620
154 625
154 644
154 665
154 668
154 675
154 712
154 750
154 764
154 793
154 865
154 886
154 904
154 911
154 919
154 944
154 974
155 211
155 258
155 260
155 404
155 426
155 493
155 561
155 603
155 710
155 833
155 864
155 866
155 939
155 964
155 970
155 972
156 204
156 279
156 283
156 585
156 645
156 655
156 660
156 662
156 669
156 691
156 693
156 720
156 732
156 784
156 947
157 269
157 287
157 298
157 515
157 601
157 608
157 675
157 868
157 885
157 887
157 929
157 964
158 176
158 178
158 179
158 490
158 616
158 648
158 737
158 862
158 945
158 967
158 987
159 181
159 185
159 284
159 328
159 353
159 383
159 452
159 474
159 475
159 483
159 571
159 614
159 636
159 643
159 673
159 721
159 761
159 764
159 775
159 794
159 867
159 923
159 998
160 203
160 316
160 379
160 415
160 420
160 425
160 479
160 494
160 508
160 529
160 649
160 679
160 906
160 920
160 942
160 960
160 968
161 221
161 235
161 285
161 440
161 468
161 489
161 511
161 524
161 532
161 558
161 621
161 634
161 656
161 672
161 774
161 788
161 798
161 815
161 857
161 883
161 884
161 894
161 929
162 200
162 237
162 244
162 250
162 252
162 274
162 277
162 286
162 306
162 309
162 316
162 318
162 333
162 372
162 417
162 460
162 512
162 534
162 553
162 578
162 586
162 622
162 679
162 689
162 692
162 723
162 755
162 868
162 875
162 895
162 915
162 937
163 222
163 246
163 422
163 439
163 469
163 503
163 610
163 675
163 768
163 778
163 786
163 899
163 928
163 995
164 168
164 169
164 240
164 308
164 319
164 346
164 388
164 389
164 397
164 399
164 400
164 420
164 421
164 425
164 430
164 432
164 442
164 454
164 458
164 465
164 474
164 478
164 486
164 495
164 555
164 584
164 612
164 631
164 689
164 724
164 840
164 877
164 940
164 990
164 991
165 167
165 186
165 194
165 199
165 373
165 391
165 409
165 418
165 422
165 431
165 545
165 547
165 554
165 555
165 557
165 581
165 602
165 648
165 674
165 821
165 882
165 884
165 890
165 924
165 926
165 929
165 975
166 184
166 196
166 268
166 294
166 327
166 414
166 477
166 559
166 666
166 796
166 817
167 186
167 194
167 199
167 271
167 321
167 341
167 378
167 407
167 431
167 432
167 480
167 557
167 581
167 619
167 648
167 649
167 667
167 674
167 708
167 727
167 739
167 881
167 885
167 929
167 960
167 969
167 975
167 981
167 994
168 256
168 446
168 580
168 583
168 746
168 842
168 868
168 938
169 203
169 269
169 301
169 311
169 314
169 325
169 329
169 378
169 386
169 389
169 410
169 419
169 421
169 425
169 430
169 454
169 460
169 465
169 478
169 495
169 497
169 500
169 501
169 555
169 559
169 620
169 640
169 660
169 662
169 686
169 741
169 748
169 784
169 809
169 830
169 840
169 853
169 856
169 860
169 871
169 874
169 877
169 991
170 173
170 192
170 228
170 234
170 248
170 304
170 310
170 375
170 447
170 485
170 584
170 593
170 598
170 654
170 679
170 715
170 729
170 817
170 885
170 913
170 957
170 963
170 972
170 998
171 222
171 235
171 245
171 264
171 464
171 527
171 651
171 745
171 778
171 799
172 234
172 257
172 324
172 403
172 449
172 456
172 582
172 602
172 691
172 698
172 705
172 772
172 797
172 802
172 903
173 251
173 257
173 269
173 287
173 293
173 298
173 394
173 465
173 515
173 601
173 670
173 731
173 732
173 745
173 807
173 825
173 857
173 940
174 255
174 261
174 282
174 387
174 393
174 409
174 450
174 485
174 486
174 496
174 539
174 546
174 620
174 675
174 834
174 878
174 904
174 919
174 944
175 200
175 243
175 278
175 384
175 455
175 466
175 590
175 663
175 671
175 673
175 735
175 766
175 964
175 984
176 178
176 179
176 245
176 274
176 450
176 454
176 594
176 654
176 695
176 741
176 762
176 785
176 818
176 855
176 945
176 987
177 227
177 232
177 246
177 263
177 282
177 299
177 409
177 486
177 491
177 496
177 609
177 615
177 675
177 702
177 738
177 919
177 944
177 964
178 179
178 277
178 299
178 312
178 396
178 414
178 450
178 507
178 577
178 595
178 616
178 757
178 761
178 855
178 943
178 950
178 968
178 987
179 282
179 450
179 554
179 744
179 772
179 799
179 818
179 855
179 917
179 950
180 211
180 219
180 271
180 358
180 404
180 426
180 561
180 573
180 633
180 677
180 691
180 694
180 705
180 734
180 866
180 922
180 923
180 928
180 939
180 941
180 942
180 953
180 959
180 964
180 970
180 972
180 980
181 187
181 209
181 210
181 235
181 323
181 338
181 343
181 358
181 462
181 484
181 500
181 506
181 558
181 573
181 590
181 678
181 710
181 711
181 787
181 827
181 888
181 916
181 928
181 970
181 981
181 993
182 293
182 297
182 437
182 541
182 604
182 686
182 728
182 792
182 852
182 976
183 202
183 257
183 320
183 326
183 438
183 447
183 492
183 513
183 525
183 540
183 637
183 654
183 691
183 806
183 906
184 218
184 232
184 243
184 253
184 342
184 369
184 510
184 517
184 531
184 558
184 583
184 646
184 704
184 735
184 764
184 784
184 797
184 839
184 880
184 918
184 919
184 999
185 188
185 258
185 441
185 446
185 458
185 777
185 808
185 872
185 991
186 194
186 199
186 330
186 337
186 347
186 368
186 378
186 418
186 545
186 547
186 557
186 581
186 648
186 674
186 703
186 704
186 739
186 801
186 828
186 905
187 204
187 313
187 323
187 341
187 354
187 410
187 445
187 462
187 480
187 534
187 677
187 678
187 710
187 711
187 737
187 827
188 210
188 243
188 317
188 331
188 334
188 349
188 386
188 423
188 449
188 522
188 912
189 257
189 320
189 348
189 462
189 513
189 525
189 530
189 545
189 551
189 654
189 664
189 706
189 721
189 989
190 277
190 301
190 333
190 337
190 366
190 432
190 454
190 632
190 682
190 709
190 728
190 731
190 741
190 754
190 795
190 813
190 857
190 913
190 971
191 196
191 225
191 233
191 265
191 309
191 556
191 580
191 728
191 763
191 775
191 926
192 304
192 389
192 417
192 497
192 560
192 592
192 737
192 747
192 816
192 851
192 879
192 929
192 998
193 212
193 260
193 264
193 283
193 287
193 384
193 385
193 491
193 661
193 815
193 834
193 835
193 853
193 934
193 972
194 199
194 268
194 274
194 291
194 300
194 368
194 378
194 382
194 385
194 391
194 405
194 407
194 431
194 432
194 438
194 478
194 538
194 545
194 547
194 557
194 581
194 619
194 667
194 708
194 727
194 801
194 818
194 861
194 890
194 894
194 926
194 933
194 972
195 237
195 277
195 329
195 338
195 346
195 347
195 409
195 416
195 439
195 471
195 500
195 542
195 551
195 560
195 579
195 601
195 626
195 632
195 645
195 687
195 723
195 728
195 795
195 845
195 857
195 899
195 917
195 977
196 203
196 315
196 351
196 521
196 549
196 552
196 623
196 686
196 773
196 788
196 846
196 879
197 217
197 223
197 241
197 261
197 262
197 275
197 289
197 295
197 310
197 315
197 336
197 381
197 394
197 503
197 516
197 625
197 656
197 710
197 720
197 730
197 826
197 846
197 891
197 909
197 958
198 257
198 320
198 324
198 513
198 525
198 555
198 649
198 664
198 797
198 800
198 849
198 921
199 200
199 337
199 368
199 382
199 386
199 388
199 391
199 418
199 431
199 432
199 454
199 456
199 545
199 547
199 559
199 567
199 581
199 595
199 615
199 619
199 667
199 677
199 726
199 727
199 762
199 763
199 766
199 801
199 827
199 842
199 846
199 908
199 930
199 956
199 957
199 975
200 214
200 216
200 220
200 365
200 451
200 605
200 627
200 805
200 896
200 971
201 273
201 289
201 295
201 304
201 337
201 422
201 473
201 686
201 777
201 778
201 836
201 898
201 972
202 219
202 283
202 290
202 335
202 430
202 502
202 509
202 540
202 570
202 578
202 585
202 602
202 630
202 703
202 758
202 843
202 847
202 897
202 907
202 974
203 208
203 209
203 230
203 331
203 367
203 474
203 555
203 636
203 654
203 684
203 721
203 759
203 810
203 900
203 979
203 998
204 206
204 213
204 229
204 236
204 270
204 279
204 283
204 294
204 348
204 390
204 400
204 449
204 476
204 519
204 526
204 542
204 543
204 556
204 573
204 607
204 623
204 658
204 662
204 710
204 732
204 776
204 786
204 892
204 940
204 984
204 986
204 992
205 231
205 232
205 243
205 304
205 342
205 374
205 408
205 420
205 531
205 538
205 542
205 579
205 617
205 644
205 645
205 657
205 711
205 725
205 736
205 784
205 797
205 839
205 876
205 880
205 884
205 916
205 918
205 949
205 973
205 995
205 999
206 213
206 283
206 400
206 464
206 519
206 609
206 627
206 659
206 701
206 717
206 786
206 819
206 943
206 978
207 216
207 486
207 544
207 548
207 556
207 578
207 621
207 673
207 691
207 693
207 916
207 944
207 971
208 304
208 310
208 372
208 388
208 432
208 447
208 508
208 598
208 859
208 932
208 957
208 959
208 963
208 972
209 214
209 235
209 308
209 323
209 338
209 418
209 449
209 460
209 462
209 484
209 529
209 569
209 590
209 643
209 657
209 710
209 711
209 827
209 873
209 888
209 905
209 945
209 950
210 212
210 255
210 367
210 430
210 438
210 444
210 510
210 535
210 550
210 621
210 662
210 699
210 749
210 759
210 799
210 849
210 938
210 961
210 983
210 993
211 352
211 738
211 825
211 939
211 942
211 964
211 972
212 242
212 274
212 345
212 355
212 360
212 364
212 377
212 444
212 462
212 464
212 598
212 621
212 641
212 686
212 750
212 759
212 800
212 844
212 868
212 927
212 961
212 986
213 258
213 259
213 279
213 328
213 348
213 400
213 419
213 464
213 476
213 547
213 586
213 645
213 707
213 732
213 781
213 786
213 877
213 986
214 240
214 306
214 320
214 351
214 390
214 544
214 545
214 548
214 879
214 909
214 963
215 234
215 255
215 316
215 348
215 365
215 468
215 582
215 599
215 610
215 644
215 646
215 714
215 814
215 846
215 874
215 879
216 251
216 279
216 326
216 341
216 471
216 544
216 548
216 556
216 605
216 613
216 688
216 699
216 709
216 714
216 840
216 879
217 261
217 262
217 268
217 276
217 295
217 315
217 361
217 381
217 420
217 429
217 438
217 490
217 563
217 611
217 711
217 718
217 730
217 744
217 826
217 909
217 910
217 918
217 940
217 958
217 981
218 231
218 272
218 307
218 324
218 357
218 395
218 403
218 449
218 634
218 772
218 802
218 811
218 813
218 824
218 846
218 870
218 924
218 994
218 997
219 227
219 368
219 404
219 463
219 468
219 510
219 534
219 566
219 570
219 614
219 694
219 843
219 886
219 890
219 942
219 964
219 972
220 234
220 327
220 358
220 369
220 617
220 721
220 743
220 764
220 780
220 784
220 792
220 797
220 825
220 880
220 921
220 942
220 966
220 997
220 999
221 385
221 403
221 418
221 448
221 518
221 524
221 532
221 571
221 607
221 753
221 774
221 798
221 884
222 225
222 239
222 254
222 378
222 411
222 414
222 442
222 445
222 460
222 485
222 491
222 518
222 635
222 651
222 693
222 744
222 745
222 768
222 778
222 782
222 799
222 828
222 834
222 853
222 878
222 974
223 261
223 262
223 268
223 381
223 386
223 425
223 487
223 509
223 611
223 627
223 693
223 717
223 791
223 836
223 889
223 909
223 910
223 940
224 508
224 552
224 660
224 663
224 752
224 843
224 996
225 244
225 247
225 321
225 392
225 414
225 419
225 442
225 445
225 518
225 525
225 593
225 608
225 623
225 669
225 745
225 778
225 786
225 799
225 810
225 818
225 834
225 861
225 910
225 928
226 251
226 265
226 267
226 328
226 342
226 387
226 426
226 446
226 463
226 555
226 591
226 608
226 704
226 729
226 733
226 762
226 799
226 800
226 814
226 993
227 282
227 387
227 428
227 444
227 486
227 542
227 546
227 615
227 644
227 675
227 762
227 766
227 823
227 840
227 857
227 904
227 944
228 239
228 294
228 299
228 305
228 323
228 351
228 365
228 373
228 441
228 468
228 568
228 573
228 651
228 707
228 714
228 751
228 756
228 765
228 780
228 787
228 814
228 822
228 833
228 837
228 937
228 969
228 979
229 283
229 289
229 303
229 390
229 448
229 459
229 473
229 556
229 573
229 663
229 675
229 687
229 718
229 777
229 881
229 898
229 967
229 993
230 241
230 282
230 292
230 330
230 350
230 429
230 436
230 465
230 521
230 584
230 633
230 692
230 707
230 714
230 719
230 756
230 806
230 814
230 822
230 841
230 873
230 879
230 937
230 974
231 243
231 246
231 292
231 305
231 324
231 395
231 403
231 445
231 449
231 463
231 482
231 564
231 565
231 570
231 612
231 634
231 635
231 643
231 690
231 698
231 701
231 703
231 705
231 785
231 802
231 824
231 893
231 901
231 991
231 997
232 349
232 425
232 461
232 524
232 538
232 543
232 561
232 637
232 648
232 657
232 757
232 759
232 797
232 814
232 837
232 866
232 880
232 888
232 897
232 916
232 917
232 928
232 999
233 267
233 279
233 290
233 310
233 311
233 369
233 396
233 447
233 584
233 593
233 692
233 859
233 868
233 885
233 913
233 963
233 966
233 977
234 324
234 354
234 357
234 390
234 403
234 411
234 415
234 417
234 445
234 446
234 484
234 559
234 564
234 719
234 823
234 824
234 895
234 940
234 997
235 296
235 303
235 323
235 462
235 484
235 485
235 534
235 590
235 592
235 597
235 729
235 795
235 972
235 999
236 246
236 279
236 283
236 367
236 400
236 428
236 464
236 508
236 517
236 543
236 564
236 600
236 606
236 662
236 732
236 776
236 786
236 853
236 986
236 992
236 994
237 263
237 266
237 329
237 366
237 396
237 410
237 416
237 560
237 572
237 687
237 754
237 773
237 795
237 857
237 923
237 984
237 989
237 992
238 252
238 272
238 326
238 417
238 441
238 460
238 512
238 534
238 539
238 667
238 708
238 755
238 761
238 766
238 915
238 940
238 954
239 411
239 518
239 669
239 778
239 845
239 890
239 923
239 928
240 242
240 283
240 308
240 384
240 389
240 399
240 410
240 421
240 422
240 425
240 450
240 465
240 478
240 491
240 497
240 527
240 547
240 555
240 558
240 604
240 612
240 631
240 633
240 640
240 669
240 686
240 724
240 809
240 822
240 835
240 840
240 845
240 853
240 863
240 938
240 940
240 947
240 978
240 982
240 991
241 264
241 605
241 661
241 781
241 823
241 908
241 909
241 923
241 934
242 370
242 387
242 425
242 442
242 489
242 511
242 532
242 568
242 884
242 918
242 1000
243 278
243 455
243 560
243 671
243 715
243 735
243 761
243 796
243 956
243 984
244 307
244 318
244 394
244 417
244 460
244 511
244 515
244 534
244 586
244 608
244 614
244 630
244 766
244 795
244 819
244 837
244 844
244 915
244 997
245 345
245 355
245 369
245 444
245 506
245 535
245 618
245 621
245 691
245 881
245 939
245 953
245 961
246 270
246 325
246 402
246 433
246 468
246 518
246 680
246 684
246 732
246 738
246 769
246 862
246 873
246 897
246 959
246 960
247 378
247 414
247 442
247 481
247 518
247 768
247 778
247 928
248 304
248 316
248 447
248 476
248 554
248 562
248 593
248 598
248 618
248 765
248 800
248 807
248 855
248 859
248 882
248 885
248 913
249 346
249 366
249 388
249 399
249 421
249 422
249 425
249 478
249 519
249 604
249 655
249 682
249 686
249 697
249 748
249 823
249 856
249 871
249 877
249 991
250 259
250 306
250 318
250 410
250 417
250 460
250 463
250 534
250 649
250 689
250 692
250 954
251 271
251 380
251 392
251 520
251 549
251 558
251 660
251 716
251 771
251 776
251 790
251 899
251 951
252 318
252 320
252 346
252 359
252 364
252 417
252 452
252 456
252 460
252 505
252 534
252 579
252 586
252 624
252 679
252 689
252 692
252 731
252 845
252 915
253 297
253 403
253 408
253 420
253 510
253 528
253 583
253 764
253 784
253 795
253 800
253 868
253 880
253 886
253 984
253 999
254 256
254 411
254 436
254 442
254 629
254 651
254 693
254 727
254 745
254 778
254 928
255 282
255 365
255 539
255 577
255 578
255 644
255 675
255 835
255 861
255 877
255 940
255 942
255 944
256 284
256 320
256 413
256 520
256 813
256 842
256 844
256 895
257 296
257 320
257 397
257 503
257 513
257 525
257 528
257 530
257 596
257 604
257 654
257 664
257 669
257 683
257 706
257 779
257 816
257 845
257 851
257 868
257 888
257 921
257 955
257 970
258 302
258 317
258 366
258 493
258 527
258 662
258 703
258 760
258 930
259 266
259 273
259 282
259 286
259 326
259 383
259 417
259 467
259 475
259 491
259 521
259 721
259 723
259 751
259 761
259 867
259 869
259 923
259 929
259 930
259 951
259 982
259 998
260 264
260 372
260 384
260 403
260 435
260 532
260 661
260 702
260 815
260 914
260 933
261 262
261 269
261 295
261 315
261 350
261 427
261 516
261 562
261 625
261 671
261 730
261 764
261 779
261 826
261 843
261 856
261 909
261 958
261 981
261 992
262 268
262 315
262 361
262 381
262 503
262 516
262 560
262 611
262 647
262 658
262 720
262 730
262 784
262 793
262 824
262 826
262 834
262 892
262 909
263 282
263 386
263 393
263 403
263 414
263 499
263 514
263 539
263 546
263 576
263 588
263 615
263 644
263 665
263 668
263 675
263 729
263 784
263 904
263 911
263 916
263 944
263 967
263 970
264 328
264 384
264 385
264 400
264 435
264 488
264 617
264 721
264 759
264 781
264 815
264 848
264 933
264 967
265 267
265 328
265 445
265 457
265 539
265 591
265 704
265 713
265 733
265 762
265 768
265 832
265 872
265 933
265 993
266 273
266 327
266 336
266 391
266 438
266 477
266 511
266 539
266 579
266 668
266 702
266 736
266 745
266 796
266 817
266 891
266 908
266 942
267 269
267 271
267 309
267 310
267 328
267 353
267 445
267 457
267 479
267 532
267 591
267 608
267 645
267 704
267 713
267 756
267 762
267 832
267 872
267 993
268 482
268 516
268 542
268 625
268 720
268 730
268 803
268 811
268 853
268 887
268 892
268 909
268 910
268 978
268 999
269 298
269 349
269 411
269 515
269 525
269 546
269 589
269 645
269 670
269 812
269 825
269 943
269 964
270 433
270 449
270 506
270 667
270 680
270 769
270 799
270 888
270 928
270 935
270 959
270 988
271 281
271 312
271 359
271 380
271 395
271 415
271 428
271 443
271 474
271 520
271 529
271 547
271 599
271 737
271 738
271 763
271 771
271 789
271 790
271 812
271 827
271 868
271 951
271 988
272 295
272 350
272 600
272 755
272 782
272 791
272 803
272 810
272 850
272 865
272 899
272 985
273 294
273 355
273 442
273 648
273 732
273 774
273 796
273 857
273 945
274 286
274 362
274 499
274 570
274 577
274 616
274 621
274 712
274 763
274 855
274 945
274 987
275 335
275 343
275 373
275 462
275 465
275 502
275 509
275 533
275 540
275 570
275 585
275 630
275 676
275 855
275 882
275 897
275 907
275 908
275 949
276 362
276 416
276 491
276 618
276 872
276 936
277 305
277 329
277 390
277 396
277 502
277 562
277 567
277 577
277 626
277 630
277 632
277 682
277 687
277 723
277 728
277 731
277 741
277 754
277 760
277 765
277 795
277 804
277 818
277 899
277 917
277 954
277 992
278 455
278 466
278 526
278 671
278 735
278 829
278 925
278 984
278 986
278 989
279 347
279 400
279 464
279 488
279 519
279 526
279 543
279 662
279 700
279 732
279 786
279 918
279 978
279 981
279 986
280 291
280 334
280 374
280 388
280 390
280 392
280 413
280 419
280 427
280 436
280 501
280 506
280 514
280 550
280 553
280 649
280 650
280 653
280 655
280 685
280 779
280 780
280 785
280 792
280 837
280 850
280 870
280 888
280 900
280 955
281 355
281 365
281 415
281 420
281 443
281 496
281 531
281 532
281 646
281 737
281 738
281 771
281 783
281 790
281 804
281 868
281 951
282 301
282 387
282 409
282 421
282 486
282 499
282 514
282 546
282 598
282 615
282 644
282 665
282 668
282 675
282 750
282 809
282 883
282 944
282 953
282 974
282 997
283 377
283 400
283 401
283 423
283 436
283 464
283 606
283 609
283 633
283 661
283 662
283 713
283 749
283 776
283 786
283 927
283 986
284 325
284 329
284 489
284 511
284 524
284 532
284 537
284 656
284 659
284 684
284 694
284 734
284 753
284 883
284 884
284 918
284 1000
285 394
285 397
285 400
285 409
285 489
285 512
285 537
285 538
285 656
285 731
285 769
285 771
285 774
285 798
285 880
285 884
285 894
286 343
286 344
286 347
286 375
286 445
286 487
286 493
286 504
286 523
286 568
286 681
286 719
286 740
286 793
286 808
286 811
286 821
286 831
286 851
286 886
286 927
286 944
286 957
286 979
287 298
287 515
287 592
287 606
287 670
287 872
287 877
287 908
287 943
287 969
288 362
288 405
288 415
288 605
288 702
288 799
288 828
288 874
289 328
289 363
289 382
289 450
289 453
289 494
289 546
289 547
289 777
289 786
289 830
289 850
289 905
289 914
289 928
289 967
290 297
290 377
290 378
290 437
290 563
290 659
290 825
290 852
290 935
290 957
290 997
291 320
291 390
291 392
291 413
291 501
291 724
291 779
291 780
291 785
291 787
291 894
291 903
291 919
291 955
291 992
292 350
292 373
292 512
292 551
292 554
292 573
292 597
292 694
292 707
292 756
292 823
292 874
292 905
292 937
293 323
293 486
293 520
293 569
293 629
293 672
293 848
293 935
293 982
293 987
293 991
294 302
294 327
294 421
294 438
294 477
294 506
294 552
294 596
294 666
294 686
294 780
294 796
294 808
294 822
294 855
294 918
295 363
295 411
295 516
295 534
295 581
295 728
295 763
295 873
295 881
295 909
295 910
295 931
295 981
295 986
296 526
296 596
296 757
296 798
296 888
296 947
296 948
296 953
296 983
297 388
297 421
297 437
297 659
297 664
297 830
297 852
297 856
297 991
298 393
298 425
298 472
298 515
298 556
298 601
298 670
298 760
298 788
298 825
298 844
298 884
298 974
299 327
299 340
299 372
299 373
299 380
299 418
299 433
299 451
299 543
299 568
299 597
299 610
299 646
299 650
299 658
299 676
299 695
299 707
299 744
299 814
299 822
299 831
299 838
299 873
299 934
299 944
300 330
300 404
300 478
300 603
300 628
300 633
300 640
300 681
300 691
300 694
300 819
300 820
300 939
300 953
300 964
300 972
300 990
301 389
301 399
301 421
301 425
301 430
301 478
301 538
301 555
301 604
301 631
301 686
301 697
301 840
301 845
301 853
301 856
301 858
301 871
301 940
301 992
302 324
302 336
302 504
302 796
302 876
302 914
302 971
302 982
303 351
303 549
303 563
303 637
303 676
303 702
303 746
303 748
303 770
303 771
303 846
303 908
303 924
303 976
304 310
304 318
304 370
304 396
304 447
304 485
304 501
304 534
304 566
304 584
304 598
304 618
304 775
304 777
304 805
304 851
304 879
304 885
304 913
304 957
304 963
304 995
305 340
305 401
305 418
305 429
305 448
305 451
305 630
305 646
305 676
305 707
305 714
305 733
305 734
305 744
305 806
305 831
305 861
305 873
305 931
305 949
306 460
306 471
306 512
306 534
306 622
306 629
306 692
306 725
306 766
306 778
306 819
306 850
306 859
306 874
306 920
306 996
307 318
307 396
307 417
307 460
307 534
307 571
307 645
307 649
307 655
307 689
307 692
307 766
307 915
308 386
308 389
308 421
308 425
308 430
308 478
308 604
308 625
308 677
308 810
308 840
308 871
308 936
308 938
308 991
309 318
309 356
309 388
309 389
309 417
309 440
309 447
309 460
309 534
309 547
309 593
309 608
309 692
309 766
309 767
309 823
309 989
310 370
310 447
310 496
310 598
310 618
310 639
310 715
310 718
310 775
310 824
310 885
310 963
310 971
311 452
311 569
311 598
311 629
311 718
311 797
311 914
311 924
311 935
311 946
311 952
311 954
311 959
312 610
312 667
312 683
312 748
312 818
312 855
313 438
313 555
313 579
313 644
313 796
313 903
313 915
314 334
314 356
314 389
314 421
314 425
314 452
314 454
314 465
314 550
314 555
314 686
314 764
314 877
314 940
314 947
314 991
315 361
315 499
315 503
315 631
315 701
315 739
315 784
315 890
315 902
315 909
315 910
316 361
316 440
316 475
316 515
316 667
316 767
316 769
316 843
316 879
316 905
316 990
317 331
317 356
317 453
317 634
317 786
317 911
317 912
317 939
317 963
318 337
318 364
318 394
318 404
318 417
318 460
318 512
318 534
318 553
318 586
318 587
318 622
318 636
318 689
318 692
318 709
318 737
318 766
318 773
318 783
318 792
318 865
318 874
318 895
318 911
318 915
318 954
318 985
319 323
319 406
319 544
319 548
319 690
319 706
319 935
319 971
319 999
320 339
320 397
320 440
320 525
320 530
320 531
320 536
320 538
320 650
320 654
320 655
320 664
320 705
320 733
320 800
320 849
320 888
320 928
321 378
321 391
321 396
321 412
321 418
321 431
321 461
321 545
321 648
321 690
321 727
321 799
321 877
321 890
321 906
321 975
322 395
322 403
322 445
322 482
322 492
322 561
322 564
322 583
322 698
322 703
322 756
322 986
323 337
323 338
323 341
323 358
323 404
323 425
323 462
323 484
323 500
323 590
323 659
323 678
323 695
323 710
323 711
323 724
323 750
323 827
323 900
323 903
323 950
324 332
324 345
324 357
324 379
324 395
324 401
324 403
324 445
324 449
324 564
324 565
324 584
324 590
324 598
324 615
324 621
324 623
324 635
324 641
324 696
324 698
324 703
324 705
324 799
324 824
324 829
324 842
324 858
324 870
324 893
324 906
324 978
324 997
325 336
325 402
325 405
325 433
325 524
325 543
325 669
325 673
325 680
325 720
325 844
325 862
325 898
325 939
325 944
325 951
325 959
326 353
326 528
326 649
326 686
326 707
326 721
326 761
326 783
326 854
326 923
326 998
327 438
327 477
327 539
327 600
327 666
327 682
327 775
327 796
327 876
328 336
328 457
328 502
328 530
328 591
328 626
328 658
328 729
328 733
328 762
328 767
328 785
328 872
328 972
328 993
329 416
329 543
329 562
329 677
329 687
329 703
329 723
329 731
329 754
329 760
329 765
329 769
329 800
329 813
329 816
329 845
329 846
329 862
329 917
329 944
329 968
329 989
330 479
330 503
330 527
330 582
330 601
330 602
330 636
330 644
330 729
330 906
330 914
330 920
330 929
330 993
331 386
331 522
331 546
331 554
331 606
331 785
331 795
331 801
331 912
331 976
332 354
332 395
332 449
332 454
332 466
332 482
332 511
332 565
332 690
332 761
332 824
332 829
332 856
332 868
333 366
333 417
333 439
333 560
333 562
333 574
333 687
333 701
333 731
333 765
333 810
333 829
333 940
333 955
333 992
334 386
334 398
334 518
334 522
334 528
334 686
334 715
334 741
334 768
334 966
334 988
335 391
335 404
335 487
335 502
335 507
335 509
335 529
335 533
335 540
335 565
335 570
335 578
335 722
335 758
335 833
335 847
335 873
335 897
335 907
335 946
335 961
335 967
335 976
336 365
336 579
336 666
336 692
336 796
336 991
337 376
337 388
337 410
337 414
337 442
337 473
337 494
337 649
337 677
337 699
337 718
337 732
337 773
337 777
337 830
337 841
337 858
337 860
337 898
337 903
337 958
337 995
338 432
338 484
338 525
338 548
338 561
338 678
338 710
338 757
338 827
338 918
338 937
339 378
339 513
339 525
339 528
339 654
339 664
339 706
339 728
339 849
339 921
339 1000
340 356
340 364
340 365
340 373
340 429
340 436
340 454
340 468
340 480
340 528
340 554
340 567
340 568
340 646
340 653
340 658
340 695
340 706
340 714
340 717
340 744
340 756
340 806
340 814
340 819
340 837
340 848
340 854
340 861
340 862
340 868
340 873
340 879
340 915
340 999
341 396
341 462
341 469
341 505
341 583
341 710
341 712
341 827
342 366
342 531
342 747
342 764
342 784
342 789
342 880
342 916
342 918
342 944
342 999
343 358
343 487
343 498
343 504
343 589
343 638
343 681
343 793
343 800
343 808
343 821
343 882
343 907
343 932
343 982
344 351
344 358
344 377
344 487
344 493
344 504
344 560
344 640
344 652
344 681
344 693
344 793
344 808
344 811
344 821
344 932
344 951
344 967
345 367
345 369
345 377
345 562
345 588
345 621
345 641
345 681
345 743
345 749
345 759
345 780
345 844
345 946
345 961
345 969
346 433
346 440
346 459
346 575
346 684
346 697
346 767
346 841
346 843
346 889
346 905
346 990
347 366
347 391
347 439
347 471
347 484
347 560
347 562
347 624
347 656
347 705
347 716
347 731
347 795
347 802
347 845
347 857
347 871
347 888
347 989
347 992
348 396
348 400
348 462
348 464
348 514
348 606
348 609
348 647
348 662
348 721
348 732
348 747
348 761
348 786
348 824
348 926
348 941
349 531
349 538
349 610
349 659
349 727
349 747
349 797
349 860
349 926
349 999
350 377
350 451
350 568
350 597
350 646
350 699
350 756
350 814
350 822
350 837
350 879
350 950
350 978
351 441
351 521
351 543
351 549
351 559
351 561
351 664
351 702
351 739
351 747
351 771
351 773
351 788
351 807
351 840
351 866
351 892
351 901
351 908
351 928
351 962
351 976
352 491
352 528
352 532
352 582
352 589
352 592
352 636
352 714
352 807
352 920
352 965
352 989
353 417
353 450
353 512
353 571
353 641
353 643
353 673
353 751
353 837
353 867
353 880
353 899
353 910
353 929
353 998
354 395
354 402
354 403
354 445
354 470
354 564
354 582
354 595
354 701
354 703
354 719
354 724
354 734
354 802
354 844
354 917
354 939
354 968
354 1000
355 377
355 444
355 455
355 513
355 535
355 555
355 621
355 641
355 653
355 687
355 749
355 844
355 961
356 449
356 468
356 512
356 575
356 580
356 650
356 714
356 717
356 734
356 938
357 522
357 564
357 679
357 698
357 701
357 703
357 744
357 749
357 997
358 448
358 462
358 484
358 489
358 510
358 636
358 678
358 692
358 710
358 750
358 827
358 863
358 950
359 380
359 424
359 482
359 529
359 737
359 738
359 771
359 814
359 912
359 980
360 367
360 422
360 535
360 547
360 720
360 749
360 783
360 844
361 516
361 705
361 738
361 797
361 847
361 909
361 910
361 981
362 408
362 518
362 597
362 632
362 658
362 874
363 376
363 410
363 441
363 448
363 473
363 535
363 718
363 777
363 836
363 860
363 898
363 914
363 967
363 976
364 378
364 417
364 460
364 534
364 672
364 689
364 692
364 819
364 874
364 895
364 915
364 991
365 373
365 419
365 466
365 568
365 589
365 597
365 610
365 676
365 695
365 707
365 709
365 717
365 756
365 775
365 798
365 814
365 831
365 865
365 879
365 889
365 937
365 938
365 949
365 963
365 996
366 368
366 396
366 416
366 425
366 466
366 471
366 484
366 562
366 597
366 606
366 626
366 653
366 687
366 691
366 711
366 728
366 731
366 783
366 795
366 804
366 816
366 845
366 917
366 918
366 926
366 948
366 962
367 425
367 535
367 542
367 621
367 749
367 802
367 805
367 961
367 969
367 999
368 380
368 391
368 431
368 432
368 480
368 545
368 547
368 619
368 648
368 667
368 674
368 677
368 679
368 702
368 726
368 727
368 793
368 801
368 825
368 828
368 854
368 890
368 926
368 959
368 975
369 406
369 424
369 461
369 473
369 482
369 488
369 499
369 510
369 517
369 531
369 600
369 616
369 617
369 628
369 657
369 725
369 747
369 749
369 764
369 797
369 805
369 880
369 886
369 916
369 924
369 988
369 999
370 447
370 487
370 598
370 772
370 807
370 966
371 551
371 597
371 610
371 630
371 646
371 677
371 714
371 756
371 822
371 837
371 940
372 415
372 433
372 583
372 588
372 631
372 646
372 697
372 712
372 714
372 756
372 806
372 814
372 839
372 879
372 960
372 969
373 468
373 551
373 554
373 564
373 611
373 629
373 646
373 714
373 806
373 812
373 822
373 837
373 847
373 879
373 886
373 923
373 936
374 388
374 390
374 392
374 415
374 419
374 436
374 465
374 501
374 509
374 649
374 732
374 734
374 779
374 785
374 900
374 903
374 938
374 955
375 504
375 523
375 654
375 670
375 681
375 720
375 721
375 735
375 740
375 808
375 811
375 821
375 892
376 448
376 473
376 494
376 644
376 686
376 691
376 699
376 777
376 836
376 840
376 898
376 902
376 914
376 949
376 967
377 444
377 535
377 545
377 621
377 641
377 749
377 784
377 844
378 391
378 418
378 432
378 463
378 468
378 480
378 517
378 545
378 547
378 557
378 567
378 581
378 610
378 629
378 634
378 648
378 667
378 677
378 690
378 741
378 770
378 827
378 883
378 890
378 891
378 892
378 926
378 928
378 960
378 994
379 479
379 582
379 636
379 637
379 807
379 890
379 920
379 965
379 968
380 415
380 433
380 443
380 517
380 520
380 709
380 728
380 737
380 743
380 763
380 771
380 790
380 812
380 868
380 945
380 951
380 976
381 426
381 516
381 554
381 714
381 853
381 909
381 910
381 963
381 981
382 421
382 431
382 445
382 477
382 482
382 601
382 662
382 667
382 677
382 890
382 940
382 975
383 425
383 452
383 481
383 516
383 673
383 721
383 749
383 793
383 814
383 867
383 923
383 929
383 998
384 385
384 536
384 651
384 661
384 716
384 899
384 951
384 955
384 968
385 421
385 435
385 510
385 661
385 737
385 815
385 881
385 952
386 391
386 438
386 523
386 747
386 922
387 409
387 425
387 486
387 491
387 499
387 539
387 546
387 644
387 650
387 668
387 675
387 700
387 703
387 778
387 804
387 904
388 390
388 413
388 419
388 436
388 467
388 468
388 501
388 506
388 520
388 550
388 647
388 649
388 650
388 653
388 655
388 685
388 688
388 705
388 761
388 779
388 780
388 787
388 811
388 900
388 903
388 955
388 986
389 421
389 425
389 454
389 465
389 478
389 555
389 558
389 612
389 620
389 686
389 704
389 724
389 731
389 778
389 802
389 814
389 856
389 880
389 982
389 991
390 392
390 408
390 413
390 419
390 436
390 486
390 501
390 504
390 506
390 548
390 550
390 565
390 594
390 638
390 647
390 649
390 650
390 653
390 655
390 685
390 688
390 750
390 777
390 779
390 780
390 785
390 787
390 792
390 802
390 823
390 884
390 900
390 903
390 955
391 418
391 432
391 545
391 567
391 653
391 655
391 667
391 674
391 723
391 754
391 800
391 801
391 890
392 413
392 419
392 428
392 501
392 506
392 524
392 550
392 594
392 647
392 653
392 655
392 685
392 687
392 688
392 747
392 750
392 780
392 785
392 903
392 947
392 955
393 491
393 546
393 552
393 697
393 717
393 722
393 731
393 770
393 772
393 808
393 920
393 927
393 944
394 417
394 460
394 512
394 534
394 620
394 622
394 679
394 704
394 766
394 797
394 819
394 874
394 915
395 403
395 445
395 449
395 470
395 472
395 482
395 494
395 564
395 569
395 634
395 698
395 701
395 703
395 705
395 719
395 759
395 784
395 822
395 824
395 826
395 829
395 850
395 858
395 870
395 911
395 993
396 416
396 474
396 522
396 560
396 568
396 587
396 602
396 626
396 682
396 687
396 707
396 716
396 723
396 741
396 745
396 754
396 760
396 795
396 845
396 899
396 943
396 977
396 989
396 992
397 419
397 478
397 504
397 513
397 575
397 654
397 664
397 711
397 849
397 904
398 438
398 450
398 583
398 656
398 668
398 912
398 937
399 421
399 430
399 492
399 497
399 520
399 546
399 555
399 558
399 604
399 671
399 686
399 724
399 840
399 856
399 863
399 877
399 900
399 982
400 401
400 439
400 464
400 469
400 476
400 519
400 542
400 606
400 609
400 623
400 645
400 650
400 662
400 732
400 735
400 749
400 752
400 776
400 885
400 898
400 910
400 913
400 986
401 464
401 469
401 542
401 606
401 623
401 662
401 786
401 797
401 804
401 822
401 986
402 406
402 421
402 433
402 462
402 651
402 684
402 692
402 769
402 862
402 877
402 922
402 959
403 425
403 429
403 442
403 445
403 449
403 450
403 471
403 472
403 482
403 522
403 564
403 565
403 652
403 696
403 698
403 704
403 772
403 776
403 802
403 805
403 870
403 893
403 908
403 987
403 997
404 407
404 443
404 564
404 614
404 633
404 694
404 745
404 820
404 864
404 866
404 879
404 939
404 941
404 953
404 961
404 970
404 972
404 980
404 998
405 406
405 407
405 433
405 540
405 591
405 680
405 684
405 758
405 789
405 923
405 960
406 433
406 465
406 518
406 519
406 520
406 540
406 617
406 633
406 680
406 684
406 769
406 862
407 408
407 419
407 431
407 477
407 521
407 567
407 609
407 648
407 660
407 677
407 698
407 851
407 901
407 926
408 504
408 531
408 573
408 583
408 614
408 797
408 814
408 880
408 916
408 918
408 999
409 440
409 449
409 478
409 486
409 487
409 514
409 644
409 944
409 974
410 448
410 494
410 604
410 606
410 689
410 699
410 718
410 814
410 822
410 830
410 860
410 881
410 905
410 914
410 967
411 418
411 421
411 423
411 442
411 634
411 651
411 717
411 745
411 764
411 768
411 778
411 832
411 834
411 873
411 893
411 928
412 454
412 468
412 526
412 546
412 596
412 614
412 725
412 789
412 930
412 982
413 419
413 436
413 490
413 501
413 506
413 594
413 649
413 655
413 672
413 688
413 745
413 766
413 779
413 792
413 880
413 903
413 941
413 986
414 442
414 480
414 518
414 525
414 589
414 616
414 651
414 693
414 737
414 738
414 768
414 778
414 799
414 834
414 864
414 869
414 878
414 926
414 952
414 955
415 443
415 520
415 529
415 550
415 678
415 738
415 763
415 771
415 818
415 832
415 868
415 988
416 439
416 562
416 630
416 705
416 723
416 728
416 731
416 741
416 754
416 857
416 899
416 948
416 966
417 418
417 439
417 460
417 482
417 534
417 553
417 586
417 622
417 628
417 675
417 679
417 689
417 692
417 694
417 703
417 766
417 819
417 871
417 874
417 875
417 895
417 915
417 938
417 948
417 954
417 986
417 997
418 431
418 432
418 516
418 545
418 557
418 567
418 619
418 631
418 642
418 667
418 677
418 708
418 722
418 726
418 739
418 754
418 760
418 762
418 775
418 801
418 830
418 891
418 953
418 975
418 979
418 994
418 996
419 436
419 439
419 452
419 501
419 506
419 550
419 594
419 649
419 650
419 653
419 655
419 679
419 685
419 688
419 694
419 706
419 711
419 779
419 780
419 785
419 787
419 802
419 810
419 876
419 892
419 900
419 903
419 955
419 995
420 451
420 538
420 617
420 657
420 658
420 667
420 718
420 745
420 747
420 801
420 808
420 916
420 945
421 422
421 425
421 430
421 454
421 463
421 465
421 478
421 487
421 492
421 495
421 497
421 508
421 555
421 558
421 604
421 612
421 631
421 661
421 662
421 686
421 700
421 724
421 728
421 748
421 764
421 835
421 853
421 871
421 874
421 877
421 894
421 938
421 940
421 991
422 430
422 456
422 463
422 568
422 604
422 640
422 724
422 768
422 777
422 795
422 853
422 856
422 867
422 899
422 940
422 947
422 982
423 424
423 434
423 449
423 460
423 496
423 505
423 700
423 783
423 925
423 979
424 615
424 638
424 639
424 644
424 700
424 757
424 814
424 932
425 430
425 463
425 465
425 478
425 492
425 495
425 497
425 558
425 578
425 604
425 605
425 620
425 686
425 724
425 743
425 748
425 835
425 840
425 845
425 853
425 856
425 863
425 871
425 876
425 893
425 902
425 921
425 938
425 989
426 566
426 571
426 614
426 637
426 662
426 691
426 694
426 782
426 833
426 847
426 866
426 870
426 874
426 939
426 941
426 953
426 964
426 970
427 429
427 451
427 526
427 551
427 554
427 594
427 597
427 610
427 630
427 676
427 717
427 727
427 756
427 800
427 814
427 831
427 837
427 876
427 915
427 937
427 949
428 506
428 508
428 608
428 636
428 673
428 877
428 895
428 920
429 551
429 554
429 646
429 707
429 806
429 814
429 879
429 916
429 953
429 959
429 992
430 465
430 497
430 517
430 558
430 612
430 631
430 721
430 724
430 745
430 790
430 809
430 835
430 840
430 853
430 877
430 896
430 919
430 938
430 947
430 978
430 991
431 506
431 545
431 567
431 581
431 644
431 648
431 667
431 672
431 676
431 677
431 722
431 726
431 727
431 739
431 740
431 788
431 795
431 801
431 890
431 901
431 914
431 926
431 944
431 975
431 986
432 438
432 456
432 494
432 545
432 547
432 557
432 561
432 581
432 648
432 667
432 674
432 677
432 680
432 708
432 714
432 722
432 726
432 729
432 746
432 801
432 831
432 890
432 905
432 942
432 975
432 989
432 991
432 994
433 531
433 599
433 680
433 684
433 769
433 839
433 860
433 862
433 916
433 959
433 960
433 969
434 505
434 542
434 548
434 566
434 639
434 700
434 783
434 804
434 807
434 852
434 902
434 924
434 925
435 488
435 498
435 690
435 738
435 781
435 903
435 929
435 990
436 501
436 506
436 550
436 594
436 615
436 623
436 649
436 650
436 653
436 655
436 769
436 773
436 779
436 780
436 785
436 787
436 789
436 792
436 836
436 900
436 903
436 955
436 988
436 1000
437 447
437 487
437 623
437 742
437 792
437 852
438 445
438 545
438 579
438 599
438 666
438 681
438 692
438 728
438 817
438 871
438 923
438 976
439 471
439 540
439 560
439 565
439 572
439 587
439 614
439 716
439 722
439 754
439 760
439 795
439 816
439 857
439 873
439 899
439 917
439 935
439 948
439 989
440 459
440 551
440 580
440 691
440 841
440 843
440 857
440 905
440 990
440 999
441 465
441 513
441 552
441 561
441 664
441 788
441 846
441 908
442 487
442 518
442 524
442 532
442 536
442 551
442 651
442 693
442 736
442 768
442 778
442 799
442 834
442 853
442 878
442 921
442 928
443 465
443 520
443 633
443 738
443 763
443 772
443 790
443 812
443 868
443 877
443 883
443 929
443 940
443 951
444 483
444 501
444 535
444 558
444 562
444 621
444 641
444 736
444 743
444 749
444 894
444 916
444 961
444 969
444 972
444 992
445 449
445 470
445 529
445 564
445 565
445 625
445 678
445 680
445 696
445 698
445 719
445 720
445 761
445 769
445 772
445 776
445 824
445 858
445 870
445 938
445 942
446 490
446 517
446 580
446 695
446 777
446 788
446 842
446 897
446 902
446 904
447 485
447 490
447 529
447 584
447 586
447 593
447 609
447 617
447 725
447 761
447 775
447 806
447 859
447 882
447 885
447 903
447 913
447 957
447 963
448 473
448 777
448 860
448 891
448 900
448 914
448 917
448 967
448 990
449 470
449 472
449 482
449 496
449 565
449 595
449 689
449 696
449 698
449 701
449 703
449 705
449 708
449 767
449 772
449 801
449 802
449 817
449 824
449 829
449 832
449 893
449 978
449 997
450 563
450 655
450 733
450 784
450 886
450 905
451 551
451 589
451 646
451 707
451 756
451 758
451 811
451 814
451 831
451 837
451 928
451 937
451 998
452 467
452 474
452 483
452 499
452 563
452 603
452 604
452 673
452 721
452 731
452 736
452 761
452 827
452 854
452 867
452 921
452 923
452 998
453 473
453 488
453 545
453 671
453 718
453 764
453 836
453 898
453 914
453 967
453 971
454 458
454 465
454 558
454 640
454 668
454 748
454 807
454 835
454 840
454 863
454 873
454 877
454 891
454 918
454 932
454 978
454 981
454 982
455 466
455 483
455 671
455 735
455 756
455 764
455 791
455 801
455 811
455 903
455 942
455 956
455 984
456 520
456 545
456 667
456 729
456 814
457 458
457 607
457 666
457 693
457 729
457 733
457 759
457 781
457 895
458 465
458 507
458 555
458 558
458 604
458 617
458 853
458 877
458 897
458 922
458 975
458 982
458 991
459 686
459 767
459 841
459 842
459 843
459 846
459 876
459 905
459 990
460 474
460 489
460 498
460 512
460 534
460 553
460 572
460 602
460 622
460 628
460 679
460 689
460 692
460 706
460 766
460 773
460 802
460 817
460 819
460 834
460 848
460 895
460 915
460 939
460 954
461 472
461 531
461 552
461 583
461 617
461 621
461 638
461 764
461 797
461 880
461 900
461 930
461 999
462 479
462 484
462 500
462 580
462 583
462 590
462 678
462 710
462 711
462 744
462 795
462 826
462 827
462 885
462 893
462 950
463 501
463 620
463 686
463 692
463 797
463 803
463 809
463 909
463 940
463 982
463 986
464 476
464 541
464 542
464 543
464 568
464 569
464 645
464 662
464 731
464 748
464 776
464 786
464 798
464 890
464 904
464 956
464 968
465 478
465 481
465 492
465 558
465 582
465 597
465 604
465 612
465 617
465 640
465 678
465 686
465 734
465 748
465 835
465 840
465 853
465 856
465 871
465 877
465 899
465 918
465 940
465 982
465 983
465 991
466 541
466 549
466 671
466 735
466 809
466 939
466 956
466 975
467 636
467 701
467 721
467 761
467 773
467 779
467 808
467 849
467 867
467 923
467 929
467 998
468 507
468 515
468 554
468 573
468 597
468 610
468 646
468 695
468 707
468 709
468 714
468 717
468 737
468 775
468 806
468 814
468 822
468 861
468 873
468 888
468 949
468 1000
469 510
469 539
469 543
469 583
469 609
469 637
469 716
469 776
469 845
469 986
470 521
470 550
470 675
470 698
470 703
470 955
470 965
470 997
471 544
471 555
471 562
471 645
471 687
471 728
471 731
471 752
471 795
471 813
471 845
471 857
471 865
471 899
471 917
471 948
471 989
472 551
472 574
472 641
472 698
472 701
472 703
472 919
472 920
473 494
473 529
473 631
473 670
473 714
473 718
473 850
473 860
473 890
473 898
473 914
473 981
474 571
474 581
474 673
474 761
474 795
474 867
474 923
474 998
475 538
475 588
475 787
475 867
475 869
475 923
475 929
475 998
476 606
476 655
476 662
476 732
476 786
476 986
477 508
477 666
477 681
477 796
478 555
478 558
478 604
478 611
478 612
478 619
478 634
478 686
478 687
478 724
478 748
478 783
478 809
478 840
478 853
478 856
478 871
478 897
478 940
478 946
478 968
478 979
478 982
478 991
479 555
479 582
479 602
479 636
479 657
479 680
479 807
479 866
479 867
479 888
479 905
479 906
479 909
479 920
480 547
480 558
480 567
480 672
480 847
480 896
481 549
481 552
481 559
481 565
481 698
481 721
481 846
481 908
481 931
482 519
482 535
482 564
482 696
482 698
482 705
482 793
482 831
482 846
482 855
482 882
482 923
482 924
482 970
482 993
482 997
483 513
483 533
483 675
483 761
483 784
483 813
483 867
483 923
483 929
484 500
484 524
484 550
484 590
484 662
484 663
484 710
484 711
484 762
484 796
484 809
484 827
484 867
484 873
484 887
484 959
485 513
485 598
485 621
485 859
485 963
485 966
485 980
486 496
486 514
486 539
486 546
486 554
486 576
486 615
486 621
486 644
486 665
486 668
486 675
486 686
486 714
486 804
486 815
486 828
486 862
486 871
486 884
486 943
486 944
486 991
487 495
487 504
487 624
487 681
487 793
487 811
487 851
487 921
487 927
487 932
487 953
487 979
488 525
488 597
488 661
488 779
488 785
488 796
488 855
488 868
488 961
488 989
488 997
489 491
489 511
489 515
489 524
489 532
489 537
489 588
489 646
489 666
489 726
489 745
489 753
489 768
489 774
489 834
489 883
489 884
489 977
489 985
490 622
490 705
490 842
490 941
490 944
490 953
490 998
491 546
491 644
491 668
491 686
491 704
491 719
491 792
491 836
491 944
492 510
492 555
492 604
492 615
492 646
492 686
492 698
492 835
492 853
492 883
492 885
492 938
492 951
492 982
493 504
493 523
493 740
493 811
493 913
493 927
493 932
493 953
494 513
494 665
494 718
494 735
494 777
494 836
494 898
494 908
494 914
494 979
495 686
495 724
495 853
495 877
495 896
495 921
495 940
495 982
495 991
496 546
496 573
496 596
496 615
496 668
496 705
496 756
496 904
496 944
497 537
497 555
497 558
497 620
497 625
497 646
497 686
497 699
497 701
497 716
497 754
497 756
497 799
498 531
498 642
498 663
498 742
498 752
498 783
498 904
498 945
498 990
498 996
499 514
499 615
499 644
499 675
499 723
499 837
499 944
499 974
500 538
500 617
500 696
500 710
500 747
500 827
500 917
500 931
500 950
501 506
501 593
501 594
501 596
501 624
501 647
501 649
501 650
501 653
501 655
501 685
501 688
501 692
501 708
501 779
501 780
501 785
501 787
501 792
501 824
501 889
501 903
501 926
501 927
501 955
502 509
502 533
502 570
502 578
502 585
502 709
502 758
502 907
502 909
502 931
503 513
503 516
503 611
503 687
503 720
503 909
503 910
503 912
503 923
503 974
503 981
504 671
504 740
504 770
504 808
504 811
504 821
504 853
504 932
504 979
504 996
505 566
505 585
505 638
505 639
505 757
505 783
505 837
506 550
506 574
506 602
506 655
506 685
506 711
506 748
506 777
506 779
506 780
506 785
506 792
506 869
506 890
506 900
506 903
506 929
506 955
507 509
507 570
507 585
507 642
507 698
507 734
507 758
507 785
507 797
507 897
507 907
508 582
508 585
508 602
508 604
508 610
508 636
508 710
508 765
508 767
508 906
508 915
508 917
508 920
508 968
509 533
509 540
509 550
509 578
509 758
509 804
509 814
509 847
509 897
509 901
509 907
509 965
509 970
510 527
510 538
510 560
510 583
510 617
510 698
510 764
510 797
510 798
510 839
510 880
510 909
510 916
510 988
511 524
511 537
511 572
511 604
511 653
511 679
511 759
511 774
511 798
511 829
511 883
511 884
511 894
511 938
511 995
512 521
512 534
512 553
512 577
512 675
512 679
512 692
512 766
512 819
512 826
512 829
512 849
512 875
512 953
513 521
513 528
513 530
513 628
513 654
513 657
513 664
513 666
513 706
513 733
513 759
513 795
513 797
513 804
513 849
513 888
513 907
513 917
513 921
513 922
513 975
514 539
514 546
514 576
514 668
514 674
514 675
514 696
514 747
514 760
514 777
514 904
514 911
514 919
514 944
514 972
514 974
515 551
515 576
515 577
515 601
515 787
515 825
515 834
515 917
515 927
515 943
516 540
516 720
516 730
516 785
516 805
516 909
516 910
516 958
516 981
517 538
517 654
517 725
517 784
517 797
517 839
517 886
517 905
517 918
517 931
517 961
517 985
517 999
518 621
518 745
518 768
518 778
518 781
518 845
518 894
518 922
519 555
519 623
519 657
519 662
519 689
519 731
519 732
519 753
519 786
519 986
520 523
520 529
520 583
520 698
520 734
520 737
520 738
520 763
520 790
520 868
520 924
520 926
520 988
521 549
521 552
521 563
521 659
521 713
521 773
521 788
521 846
521 923
521 931
521 976
521 998
522 782
522 828
522 873
522 1000
523 531
523 650
523 681
523 740
523 770
523 793
523 811
523 851
523 889
523 920
523 927
523 932
523 942
523 979
524 532
524 588
524 695
524 798
524 839
524 883
524 884
524 918
525 530
525 635
525 664
525 687
525 689
525 706
525 716
525 804
525 805
525 821
525 858
525 859
525 875
525 877
525 896
525 904
525 914
525 921
526 527
526 561
526 596
526 604
526 757
526 777
526 789
526 826
526 856
527 634
527 719
527 740
527 789
527 849
527 903
527 905
527 917
527 932
527 941
527 983
528 536
528 549
528 607
528 654
528 712
528 786
528 807
529 653
529 737
529 738
529 759
529 763
529 790
529 812
529 816
529 868
529 904
529 988
530 536
530 547
530 640
530 664
530 747
530 794
530 809
530 849
530 852
530 921
531 538
531 558
531 583
531 646
531 649
531 657
531 689
531 738
531 747
531 764
531 772
531 779
531 784
531 797
531 880
531 916
531 918
532 537
532 588
532 656
532 697
532 753
532 774
532 798
532 867
532 883
532 884
532 894
532 975
533 540
533 570
533 578
533 758
533 788
533 798
533 907
533 927
533 961
534 553
534 564
534 575
534 586
534 595
534 622
534 653
534 679
534 689
534 692
534 741
534 766
534 795
534 811
534 819
534 875
534 876
534 895
534 909
534 915
534 954
535 548
535 621
535 650
535 743
535 781
535 837
535 961
535 998
536 567
536 654
536 664
536 796
536 800
536 804
536 843
536 896
537 575
537 588
537 617
537 656
537 753
537 774
537 776
537 790
537 792
537 798
537 805
537 883
537 884
537 894
537 921
538 583
538 725
538 747
538 764
538 784
538 796
538 797
538 839
538 852
538 876
538 918
538 931
538 963
538 999
539 546
539 644
539 668
539 675
539 774
539 845
539 855
539 903
539 904
539 944
539 964
539 997
540 558
540 560
540 565
540 570
540 578
540 585
540 758
540 765
540 837
540 847
540 907
541 551
541 616
541 659
541 761
541 852
541 993
542 543
542 559
542 606
542 607
542 614
542 645
542 662
542 675
542 732
542 767
542 784
542 786
542 903
542 986
543 563
543 623
543 662
543 724
543 745
543 749
543 986
544 548
544 606
544 690
544 756
544 797
544 805
544 886
544 900
544 915
545 547
545 557
545 567
545 581
545 602
545 674
545 708
545 722
545 801
545 870
545 880
545 881
545 890
545 891
545 915
545 990
545 994
545 1000
546 568
546 576
546 615
546 623
546 635
546 644
546 665
546 668
546 675
546 690
546 756
546 865
546 904
546 911
546 944
547 557
547 561
547 567
547 581
547 674
547 677
547 708
547 727
547 739
547 750
547 781
547 801
547 802
547 832
547 891
547 926
547 975
547 994
548 556
548 613
548 627
548 690
548 714
548 802
548 805
548 971
549 552
549 557
549 559
549 563
549 597
549 637
549 648
549 682
549 773
549 901
549 908
549 915
549 986
550 594
550 647
550 649
550 650
550 655
550 685
550 704
550 732
550 779
550 787
550 880
550 900
550 903
550 908
551 554
551 568
551 582
551 589
551 597
551 616
551 646
551 676
551 704
551 714
551 734
551 794
551 814
551 819
551 822
551 837
551 861
551 873
551 874
551 937
551 949
552 559
552 622
552 702
552 731
552 747
552 788
552 827
552 846
552 901
552 908
552 931
552 976
553 574
553 628
553 646
553 689
553 692
553 701
553 766
553 945
553 978
554 573
554 597
554 630
554 646
554 678
554 686
554 714
554 740
554 806
554 814
554 937
554 958
555 604
555 686
555 724
555 840
555 871
555 877
555 892
555 940
555 947
555 959
555 978
555 982
556 586
556 605
556 613
556 636
556 690
556 805
556 812
556 826
556 862
556 898
556 971
557 565
557 569
557 597
557 676
557 677
557 801
557 823
557 963
558 604
558 632
558 677
558 687
558 748
558 811
558 835
558 853
558 877
558 938
558 940
558 947
558 999
559 563
559 590
559 600
559 637
559 652
559 773
559 788
559 814
559 846
559 885
559 901
559 908
559 975
560 566
560 568
560 616
560 649
560 655
560 658
560 663
560 666
560 682
560 687
560 716
560 723
560 728
560 754
560 765
560 795
560 816
560 845
560 857
560 948
560 981
560 989
560 992
561 563
561 633
561 691
561 766
561 817
561 884
561 890
561 939
561 953
561 964
561 970
561 972
561 989
561 993
561 996
562 587
562 589
562 626
562 632
562 646
562 687
562 723
562 728
562 731
562 754
562 771
562 772
562 795
562 813
562 832
562 845
562 857
562 899
562 917
562 948
562 976
562 992
563 627
563 892
563 901
563 908
563 931
563 962
564 565
564 588
564 645
564 674
564 695
564 696
564 698
564 703
564 705
564 719
564 757
564 772
564 821
564 823
564 824
564 849
564 870
564 871
564 877
564 897
564 978
564 980
565 623
565 650
565 678
565 703
565 815
565 874
565 961
565 998
566 581
566 639
566 681
566 700
566 783
566 873
566 925
566 997
567 581
567 594
567 648
567 708
567 727
567 771
567 994
567 998
568 580
568 589
568 646
568 671
568 676
568 695
568 705
568 707
568 714
568 757
568 806
568 816
568 873
568 955
568 970
569 661
569 672
569 848
569 946
570 578
570 847
570 897
570 907
570 975
570 990
571 642
571 647
571 673
571 721
571 751
571 771
571 800
571 828
571 844
571 854
571 867
571 869
571 903
571 923
571 925
571 998
572 621
572 682
572 699
572 754
572 765
572 795
572 857
572 878
572 917
572 989
572 992
573 593
573 597
573 646
573 676
573 690
573 707
573 714
573 717
573 744
573 756
573 779
573 806
573 814
573 823
573 831
573 837
573 940
573 969
574 603
574 614
574 633
574 691
574 782
574 820
574 827
574 928
574 939
574 964
574 972
574 996
575 697
575 765
575 767
575 841
575 843
575 965
575 990
576 580
576 586
576 644
576 646
576 652
576 666
576 668
576 675
576 707
576 728
576 762
576 766
576 775
576 782
576 846
576 919
576 944
577 618
577 639
577 818
577 855
577 987
578 585
578 648
578 667
578 701
578 758
578 897
578 907
578 963
579 599
579 659
579 715
579 728
579 731
579 751
579 796
579 817
579 872
579 885
579 951
579 972
579 999
580 617
580 837
580 902
580 924
580 944
580 972
581 648
581 693
581 713
581 757
581 797
581 888
581 897
581 926
581 948
581 962
581 972
581 975
582 602
582 610
582 636
582 662
582 683
582 814
582 920
582 933
583 617
583 680
583 736
583 737
583 747
583 764
583 784
583 797
583 839
583 876
583 886
583 892
583 899
583 916
583 917
583 918
583 973
583 995
583 999
584 593
584 598
584 859
584 885
585 652
585 664
585 754
585 847
585 907
585 934
585 939
585 992
586 639
586 669
586 689
586 758
586 797
586 948
586 997
587 682
587 687
587 694
587 772
587 775
587 813
587 818
587 845
587 942
587 989
587 992
588 656
588 750
588 766
589 597
589 667
589 707
589 814
589 883
589 895
589 935
590 625
590 678
590 710
590 711
590 750
590 756
590 827
590 835
590 910
590 950
590 976
591 704
591 729
591 755
591 762
591 792
591 795
591 832
591 872
591 992
591 993
592 602
592 646
592 807
592 956
592 998
593 618
593 649
593 682
593 715
593 728
593 755
593 775
593 857
593 859
593 870
593 885
593 913
593 921
593 933
593 953
593 957
593 966
594 649
594 761
594 779
594 792
594 900
594 903
594 955
595 630
595 637
595 789
595 869
595 986
596 838
596 879
596 886
596 997
596 999
597 630
597 676
597 678
597 707
597 709
597 714
597 716
597 717
597 756
597 791
597 792
597 802
597 806
597 831
597 844
597 873
597 937
598 603
598 607
598 618
598 657
598 715
598 775
598 882
598 885
598 913
598 919
598 957
598 963
598 971
599 621
599 666
599 747
599 796
599 804
599 832
600 683
600 691
600 731
600 755
600 756
600 782
600 791
600 803
600 810
600 873
601 654
601 692
601 917
601 943
602 636
602 765
602 807
602 906
602 920
602 958
602 965
603 633
603 751
603 773
603 820
603 833
603 864
603 866
603 945
603 964
603 970
603 972
604 609
604 612
604 631
604 640
604 686
604 748
604 751
604 760
604 789
604 814
604 827
604 840
604 853
604 856
604 863
604 871
604 947
604 948
604 982
605 693
605 714
605 948
606 623
606 662
606 722
606 732
606 794
606 857
606 986
607 623
607 662
607 665
607 764
607 786
607 827
607 986
608 704
608 713
608 762
609 645
609 662
609 776
609 896
609 962
609 964
610 646
610 676
610 695
610 707
610 709
610 714
610 717
610 726
610 734
610 759
610 814
610 837
610 873
610 968
611 869
611 895
611 931
611 981
611 987
612 633
612 661
612 687
612 724
612 729
612 811
612 825
612 876
612 878
612 905
612 917
612 928
612 982
612 991
613 778
613 805
613 814
613 836
614 633
614 661
614 694
614 741
614 839
614 866
614 939
614 941
614 942
614 953
614 964
614 970
615 644
615 675
615 833
615 840
615 848
615 872
615 904
616 803
616 814
616 855
616 879
616 964
616 972
617 675
617 710
617 720
617 736
617 747
617 754
617 764
617 784
617 797
617 886
617 916
617 973
617 989
617 999
618 775
618 884
618 913
618 963
618 966
619 648
619 704
619 839
619 975
620 921
620 938
620 982
621 641
621 743
621 749
621 759
621 783
621 806
621 844
621 868
621 898
621 913
621 930
621 949
621 969
622 635
622 689
622 692
622 766
622 915
622 961
623 645
623 662
623 665
623 677
623 732
623 761
623 786
623 812
623 821
623 882
623 929
623 986
624 633
624 655
624 687
624 732
624 756
624 765
624 845
624 917
624 989
625 910
625 966
625 981
626 687
626 728
626 731
626 765
626 845
626 857
627 638
627 743
627 779
627 793
627 805
627 832
627 920
628 638
628 689
628 692
628 739
628 766
628 874
628 895
628 915
628 954
629 672
629 674
629 683
629 687
629 749
629 850
629 886
629 920
630 646
630 652
630 714
630 756
630 786
630 819
630 822
630 837
631 686
631 724
631 793
631 809
631 926
631 938
631 982
632 707
632 731
632 754
632 795
632 831
632 977
633 691
633 776
633 820
633 845
633 887
633 895
633 939
633 941
633 964
633 970
633 972
634 698
634 701
634 703
634 921
634 978
635 728
635 751
635 952
635 955
635 975
636 664
636 740
636 807
636 893
636 906
636 910
636 920
636 954
636 965
637 846
638 646
638 698
638 700
638 783
638 824
638 922
639 656
639 700
639 778
639 783
639 852
639 894
639 927
640 686
640 707
640 724
640 853
640 877
640 919
640 940
640 991
641 743
641 756
641 798
641 833
641 844
641 961
641 984
642 660
642 663
642 742
642 752
642 973
642 996
643 687
643 693
643 761
643 815
643 867
643 929
643 967
643 989
643 990
644 665
644 668
644 675
644 716
644 732
644 775
644 808
644 822
644 857
644 865
644 911
644 944
645 655
645 662
645 672
645 786
645 889
645 986
646 695
646 707
646 709
646 713
646 714
646 717
646 734
646 756
646 799
646 806
646 822
646 823
646 825
646 829
646 837
646 861
646 873
646 929
646 937
646 983
647 649
647 655
647 779
647 780
647 785
647 900
647 903
647 933
647 955
647 979
648 654
648 667
648 691
648 708
648 727
648 822
648 915
648 920
648 926
648 975
649 650
649 653
649 655
649 688
649 690
649 744
649 759
649 773
649 779
649 780
649 785
649 787
649 792
649 900
649 903
649 955
650 653
650 655
650 682
650 775
650 780
650 900
650 903
651 669
651 674
651 743
651 745
651 778
651 796
651 799
651 923
651 940
652 746
652 823
652 842
652 867
652 902
653 655
653 764
653 779
653 785
653 792
653 825
653 833
653 874
653 900
653 921
653 955
654 675
654 706
654 765
654 800
654 804
654 826
654 831
654 833
654 849
654 888
655 685
655 688
655 716
655 779
655 780
655 785
655 792
655 807
655 896
655 900
655 903
655 950
655 955
655 957
656 673
656 884
656 903
656 906
657 736
657 764
657 784
657 797
657 886
657 999
658 872
658 896
658 936
659 682
659 820
659 908
659 977
659 982
660 682
660 742
660 901
660 912
660 920
661 666
661 750
661 879
661 924
661 934
661 940
661 965
662 720
662 776
662 950
662 986
662 992
663 697
663 752
663 821
663 822
664 800
664 849
664 921
664 941
664 991
665 668
665 703
665 744
665 779
665 815
665 857
665 867
665 904
665 944
666 667
666 796
666 810
666 817
666 841
666 873
666 981
667 677
667 704
667 726
667 727
667 739
667 808
667 975
668 675
668 706
668 741
668 771
668 829
668 859
668 911
668 919
668 925
668 944
668 974
669 689
669 693
669 745
669 750
669 777
669 778
669 799
669 820
669 920
670 733
670 825
670 826
670 918
670 924
670 980
671 703
671 942
671 956
671 984
672 778
672 935
673 721
673 731
673 867
673 869
673 877
673 923
673 941
674 765
674 975
674 997
675 747
675 775
675 841
675 865
675 886
675 904
675 911
675 919
675 951
675 974
676 707
676 709
676 714
676 733
676 787
676 820
676 837
676 845
676 862
676 949
676 970
676 989
677 689
677 726
677 734
677 800
677 901
677 926
677 975
677 994
678 710
678 712
678 736
678 806
678 811
678 827
679 689
679 692
679 709
679 766
679 819
679 875
679 882
679 915
679 987
680 684
680 818
680 829
680 862
680 901
680 905
680 959
680 960
681 770
681 793
681 811
681 932
681 991
681 993
682 687
682 723
682 728
682 731
682 741
682 746
682 754
682 760
682 765
682 795
682 813
682 818
682 845
682 857
682 917
682 923
682 925
682 934
682 976
682 992
683 755
683 782
683 791
683 803
683 809
683 810
683 850
683 859
683 985
684 769
684 845
684 862
685 711
685 779
685 792
685 834
685 857
685 903
686 739
686 748
686 789
686 840
686 853
686 856
686 863
686 872
686 877
686 899
686 938
686 940
686 947
686 948
686 956
686 982
687 692
687 696
687 716
687 728
687 731
687 754
687 765
687 795
687 823
687 845
687 857
687 880
687 899
687 917
687 948
687 953
687 989
687 992
687 993
688 785
688 792
688 900
688 903
689 692
689 766
689 784
689 827
689 833
689 874
689 875
689 895
689 907
689 915
689 937
689 954
690 771
690 877
690 971
691 694
691 760
691 782
691 784
691 820
691 864
691 866
691 887
691 888
691 942
691 953
691 964
691 970
692 766
692 819
692 873
692 875
692 895
692 925
692 954
692 983
693 745
693 768
693 799
693 836
693 843
693 878
693 920
693 966
694 864
694 866
694 868
694 953
694 964
694 972
694 973
694 980
695 696
695 707
695 714
695 744
695 756
695 787
695 806
695 814
695 816
695 822
695 879
696 705
696 733
696 796
696 824
697 767
697 784
697 818
697 843
697 870
697 905
697 990
698 701
698 703
698 705
698 712
698 717
698 719
698 767
698 772
698 824
698 829
698 875
698 893
698 978
698 1000
699 777
699 830
699 860
699 898
699 914
699 930
700 783
701 702
701 705
701 719
701 768
701 802
701 814
701 839
701 965
701 997
702 901
702 903
702 908
703 713
703 719
703 772
703 797
703 800
703 833
703 858
703 978
704 713
704 724
704 729
704 733
704 739
704 762
704 993
705 772
705 785
705 824
705 930
706 725
706 819
706 849
706 869
707 709
707 714
707 717
707 734
707 756
707 771
707 822
707 837
707 855
707 873
707 879
707 949
707 990
707 995
708 801
708 886
709 760
709 814
709 822
709 837
709 879
709 982
710 711
710 750
710 765
710 809
710 827
710 858
710 950
711 827
711 898
711 907
711 981
712 855
712 869
712 917
713 729
713 733
713 762
713 832
713 844
713 872
713 909
713 993
713 995
714 717
714 734
714 756
714 801
714 814
714 822
714 823
714 831
714 837
714 875
714 879
714 949
714 967
714 988
715 780
715 880
715 885
715 903
715 913
715 940
715 966
716 728
716 731
716 754
716 857
716 989
717 756
717 806
717 808
717 814
717 822
717 873
717 998
718 766
718 777
718 807
718 860
718 881
718 952
718 990
719 727
719 732
719 772
719 858
719 893
719 997
720 770
720 845
720 867
720 910
721 723
721 820
721 867
721 923
721 929
721 998
722 765
722 768
722 771
722 813
722 873
722 876
722 885
722 890
722 929
722 975
723 765
723 795
723 857
723 937
723 968
724 746
724 754
724 756
724 802
724 840
724 849
724 880
724 930
724 992
725 747
725 761
725 764
725 797
725 880
725 981
726 735
726 846
727 849
727 944
727 975
728 731
728 741
728 754
728 757
728 765
728 795
728 816
728 845
728 857
728 917
728 944
728 977
728 989
728 992
729 733
729 807
729 815
729 832
729 952
729 970
729 982
729 993
730 756
730 840
730 880
730 910
730 942
730 981
730 994
731 748
731 754
731 795
731 845
731 857
731 880
731 899
731 917
731 949
731 977
731 989
731 992
731 996
732 786
732 830
732 868
732 910
732 938
732 946
732 961
732 971
732 983
732 986
733 762
733 808
733 809
733 814
733 832
733 844
733 857
734 756
734 806
734 822
734 839
734 873
734 879
734 911
734 928
734 937
734 951
734 966
735 849
735 895
735 907
735 956
735 975
735 984
736 747
736 784
736 797
736 819
736 880
736 916
736 999
737 738
737 763
737 790
737 812
737 846
737 868
737 879
737 968
737 975
738 740
738 747
738 855
738 868
738 912
738 951
739 975
740 793
740 808
740 811
740 821
740 848
740 908
740 927
740 938
740 970
741 766
741 917
741 997
742 841
742 961
742 996
743 749
743 844
743 903
743 961
744 814
744 823
744 873
744 937
745 799
745 920
745 929
745 982
746 984
747 764
747 783
747 797
747 815
747 823
747 876
747 880
747 886
747 899
747 916
747 918
747 973
747 995
747 999
748 793
748 835
748 877
748 895
748 938
748 940
748 943
749 807
749 961
749 962
749 969
750 827
750 829
750 864
750 950
751 769
751 861
751 867
751 923
751 924
752 864
752 929
752 970
752 996
753 774
753 808
753 859
753 975
754 764
754 765
754 784
754 795
754 830
754 845
754 857
754 899
754 917
754 958
754 977
754 982
754 989
754 990
754 992
755 782
755 787
755 791
755 803
755 810
755 837
755 846
755 850
755 854
755 877
755 938
755 985
755 989
756 814
756 815
756 822
756 823
756 873
756 879
756 937
756 949
756 974
757 838
758 862
758 865
758 897
758 999
759 853
759 872
759 961
760 778
760 816
760 857
760 869
760 917
760 978
760 992
761 780
761 867
761 869
761 923
761 925
761 929
761 998
762 807
762 832
762 872
762 919
762 923
762 993
763 771
763 812
763 868
763 912
763 951
763 969
763 971
763 988
763 995
764 784
764 797
764 835
764 839
764 888
764 916
764 918
764 958
764 973
764 978
764 999
765 774
765 795
765 816
765 817
765 845
765 860
765 899
765 913
765 917
765 939
765 943
765 948
765 977
765 989
765 992
766 819
766 858
766 874
766 875
766 886
766 895
766 915
766 927
766 954
767 841
767 843
767 867
767 876
767 905
767 990
768 778
768 919
768 945
769 862
769 945
769 959
769 960
769 987
770 776
770 808
770 811
770 821
770 830
770 901
770 930
770 979
771 790
771 929
771 951
771 972
771 988
772 827
772 858
772 919
773 813
773 901
773 908
773 916
773 931
773 941
773 962
774 847
774 884
774 1000
775 777
775 786
775 885
775 957
775 963
776 786
776 986
777 797
777 836
777 860
777 881
777 898
777 910
777 914
777 967
777 988
778 799
778 834
778 878
778 928
778 931
778 972
778 993
779 780
779 787
779 794
779 832
779 842
779 859
779 900
779 903
779 955
780 787
780 789
780 792
780 900
780 903
780 946
780 955
780 964
780 970
781 815
781 849
781 873
781 903
781 928
781 933
781 941
782 803
782 810
782 850
782 905
782 985
783 850
783 925
783 932
784 797
784 839
784 876
784 880
784 886
784 916
784 918
784 957
784 973
785 787
785 792
785 891
785 896
785 900
785 903
785 930
785 955
786 887
786 950
786 997
787 792
787 858
787 900
787 903
787 955
788 818
788 846
788 853
788 908
788 930
788 976
789 986
790 802
790 808
790 812
790 868
790 877
790 951
790 988
791 803
791 810
791 850
791 915
791 946
791 985
792 819
792 887
792 900
792 903
792 955
793 808
793 811
793 821
793 851
793 889
793 932
793 979
794 801
794 828
794 936
794 964
795 813
795 816
795 845
795 857
795 866
795 876
795 899
795 900
795 917
795 977
795 992
796 817
796 868
796 871
796 958
796 978
797 808
797 839
797 876
797 886
797 916
797 918
797 977
797 995
797 999
798 860
798 880
798 884
798 915
798 948
798 1000
799 928
799 989
799 999
800 849
800 921
801 890
802 893
803 810
803 985
804 806
804 849
804 888
804 916
804 921
804 972
804 978
805 866
805 971
806 822
806 823
806 837
806 865
806 873
806 937
806 949
806 993
807 830
807 906
807 920
807 938
807 968
808 821
808 833
808 889
808 927
808 932
808 979
809 839
809 863
809 871
809 938
809 982
810 850
810 938
810 985
810 997
811 813
811 851
811 889
811 899
811 927
811 979
812 932
813 840
813 857
813 917
813 986
813 989
813 999
814 821
814 822
814 823
814 837
814 873
814 879
814 903
814 937
814 949
816 857
816 866
816 909
816 917
817 900
817 984
818 871
818 909
818 943
818 964
819 874
819 875
819 915
819 926
819 930
819 954
819 981
820 837
820 876
820 878
820 933
820 939
820 964
820 970
821 846
821 887
821 927
821 981
821 1000
822 832
822 873
822 875
822 879
822 881
822 889
822 991
823 873
823 961
824 851
824 893
824 934
824 954
824 997
825 928
825 997
826 909
826 910
827 860
827 950
828 916
828 936
829 978
830 886
830 898
830 910
831 873
831 879
832 845
832 872
832 943
832 993
833 921
833 939
833 953
833 970
833 972
833 981
834 925
835 877
835 921
835 934
835 938
835 991
836 859
836 860
836 863
836 914
837 861
837 873
837 879
837 886
837 909
837 937
837 954
838 883
838 930
838 950
838 983
839 853
839 999
840 894
840 900
840 938
840 940
840 948
840 991
841 843
841 905
841 943
841 990
842 902
843 905
843 990
844 860
844 885
844 961
844 969
845 857
845 899
845 917
845 948
845 977
845 978
845 989
846 901
846 908
846 909
846 919
846 931
846 975
846 976
847 897
847 907
847 932
848 935
848 946
849 888
849 896
849 921
849 929
849 994
850 973
850 985
851 932
852 977
853 856
853 862
853 863
853 880
853 938
853 940
853 941
853 963
853 982
853 991
853 993
854 867
854 923
854 998
855 954
855 977
855 987
855 999
856 920
856 938
856 940
856 953
856 982
857 922
857 989
857 992
858 910
859 882
859 885
859 966
860 898
860 950
862 960
862 974
863 877
863 921
863 933
863 938
864 953
864 970
865 944
866 953
866 954
866 964
867 869
867 878
867 923
867 929
867 937
867 948
867 994
867 998
868 922
868 930
868 951
868 965
868 982
868 988
869 887
869 892
869 914
869 923
869 929
869 998
869 999
870 978
871 938
871 947
872 993
873 879
873 893
873 949
873 957
874 895
874 901
874 915
875 903
875 954
876 891
876 916
876 977
876 999
877 940
877 947
877 982
877 987
877 991
879 949
880 896
880 916
880 918
880 968
881 898
881 899
881 956
882 885
882 913
882 917
882 937
882 966
883 884
883 885
884 894
884 896
884 922
884 1000
885 957
885 963
885 988
886 889
886 898
886 916
886 973
886 999
887 939
887 944
887 972
888 912
888 921
888 982
888 997
889 927
889 937
889 941
889 979
890 917
890 926
890 939
890 943
890 975
891 975
891 984
892 908
892 931
892 974
894 898
894 918
894 923
895 900
895 929
895 954
896 921
897 907
897 973
899 989
900 903
900 934
900 955
901 908
901 916
901 931
901 962
901 976
902 906
902 983
903 955
903 999
904 919
904 939
904 944
904 974
905 990
906 964
906 965
906 975
907 941
907 998
908 931
908 976
909 910
909 958
909 981
910 958
910 981
911 944
911 963
911 969
911 970
912 955
913 963
913 984
914 920
914 944
914 956
915 926
915 954
916 935
916 995
917 933
917 977
917 989
918 973
918 995
918 999
919 944
919 959
919 989
920 965
920 968
921 977
923 929
923 952
923 998
926 994
927 932
929 998
930 950
931 976
932 979
934 974
938 991
939 953
939 964
939 971
939 972
939 987
940 947
940 982
940 991
941 942
941 964
941 970
941 980
942 953
942 958
942 964
942 970
944 945
944 974
944 980
944 984
946 982
946 992
947 991
948 977
948 981
948 989
948 999
953 964
953 970
953 972
953 980
955 986
956 980
956 983
956 984
957 963
957 966
958 981
958 985
959 960
961 969
962 989
963 966
963 993
964 970
964 972
964 980
965 968
973 975
973 985
973 999
975 997
986 990
995 999
