# LFR benchmark graph: regime=S mu=0.3 realization=2
# undirected, unweighted; 1-based node ids; each edge listed once.
1 16
1 79
1 86
1 98
1 109
1 113
1 136
1 158
1 161
1 172
1 185
1 186
1 194
1 294
1 297
1 316
1 336
1 417
1 443
1 444
1 447
1 456
1 485
1 486
1 488
1 525
1 526
1 539
1 578
1 608
1 613
1 622
1 635
1 639
1 650
1 699
1 733
1 748
1 779
1 787
1 790
1 792
1 831
1 840
1 844
1 846
1 871
1 903
1 923
1 936
1 941
1 954
2 73
2 104
2 112
2 144
2 145
2 162
2 200
2 210
2 280
2 285
2 353
2 364
2 387
2 433
2 455
2 461
2 462
2 502
2 555
2 591
2 612
2 613
2 633
2 648
2 654
2 664
2 674
2 702
2 704
2 709
2 729
2 759
2 783
2 837
2 843
2 856
2 863
2 883
2 920
2 930
2 937
2 967
2 973
2 998
3 51
3 164
3 204
3 205
3 239
3 261
3 284
3 299
3 304
3 325
3 333
3 355
3 365
3 396
3 457
3 459
3 580
3 599
3 603
3 623
3 625
3 628
3 684
3 703
3 714
3 736
3 801
3 818
3 865
3 879
3 880
3 929
3 939
3 965
3 966
3 969
3 979
3 981
3 988
4 12
4 48
4 71
4 121
4 132
4 151
4 165
4 196
4 223
4 225
4 228
4 268
4 273
4 307
4 320
4 396
4 444
4 489
4 561
4 636
4 637
4 661
4 681
4 689
4 853
4 888
4 913
4 925
4 983
4 996
5 49
5 90
5 170
5 260
5 273
5 402
5 422
5 474
5 542
5 802
5 848
5 858
5 919
5 935
6 44
6 163
6 205
6 213
6 256
6 316
6 326
6 408
6 425
6 519
6 586
6 644
6 668
6 670
6 806
6 830
6 925
7 9
7 133
7 160
7 180
7 259
7 320
7 401
7 441
7 450
7 484
7 569
7 579
7 585
7 594
7 624
7 706
7 731
7 759
7 760
7 838
7 866
7 867
7 877
7 957
7 971
8 58
8 117
8 205
8 213
8 232
8 244
8 287
8 383
8 402
8 426
8 500
8 586
8 588
8 599
8 620
8 649
8 721
8 920
8 926
8 927
9 14
9 34
9 62
9 69
9 124
9 127
9 160
9 180
9 226
9 252
9 384
9 389
9 401
9 407
9 441
9 450
9 482
9 528
9 569
9 695
9 706
9 731
9 759
9 851
9 852
9 866
9 867
9 949
9 957
10 39
10 138
10 267
10 359
10 377
10 403
10 468
10 491
10 534
10 586
10 611
10 617
10 629
10 630
10 693
10 773
10 861
11 17
11 148
11 167
11 221
11 234
11 355
11 463
11 475
11 512
11 528
11 615
11 619
11 692
11 697
11 755
11 801
11 825
11 860
11 883
11 884
11 890
11 971
11 1000
12 28
12 31
12 43
12 45
12 48
12 52
12 55
12 60
12 102
12 107
12 131
12 165
12 204
12 225
12 266
12 273
12 302
12 306
12 396
12 408
12 489
12 504
12 561
12 640
12 661
12 675
12 689
12 693
12 696
12 913
13 69
13 214
13 232
13 256
13 345
13 492
13 634
13 680
13 730
13 746
13 763
13 786
13 965
14 44
14 153
14 160
14 259
14 287
14 397
14 401
14 411
14 450
14 484
14 501
14 649
14 706
14 759
14 852
14 866
14 867
14 878
14 924
14 978
15 35
15 103
15 123
15 213
15 244
15 266
15 341
15 350
15 375
15 400
15 402
15 443
15 606
15 686
15 838
15 861
15 874
15 896
15 901
15 908
15 934
16 81
16 98
16 109
16 136
16 151
16 158
16 173
16 186
16 194
16 233
16 242
16 294
16 297
16 321
16 327
16 420
16 447
16 456
16 471
16 486
16 514
16 535
16 539
16 544
16 603
16 639
16 653
16 672
16 699
16 708
16 754
16 779
16 787
16 788
16 790
16 831
16 841
16 846
16 903
16 910
16 923
16 941
16 970
16 987
16 994
17 32
17 63
17 68
17 127
17 148
17 209
17 401
17 423
17 426
17 435
17 444
17 475
17 501
17 512
17 572
17 585
17 619
17 642
17 743
17 806
17 825
17 845
17 860
17 883
17 884
17 906
17 971
17 972
18 39
18 72
18 76
18 155
18 234
18 299
18 323
18 463
18 560
18 573
18 637
18 700
18 711
18 716
18 764
18 783
18 790
18 864
18 929
18 941
18 968
18 975
19 135
19 140
19 185
19 212
19 257
19 339
19 371
19 461
19 472
19 480
19 648
19 720
19 851
19 857
19 904
19 915
19 927
19 974
20 214
20 232
20 285
20 427
20 444
20 501
20 521
20 526
20 600
20 668
20 688
20 730
20 774
20 786
20 826
20 845
21 41
21 63
21 103
21 131
21 141
21 153
21 196
21 231
21 298
21 328
21 376
21 387
21 409
21 479
21 481
21 496
21 571
21 721
21 755
21 815
21 871
21 891
21 911
22 48
22 132
22 211
22 281
22 423
22 444
22 445
22 551
22 631
22 776
22 778
22 836
22 877
22 883
22 946
22 973
23 27
23 51
23 77
23 80
23 95
23 101
23 115
23 143
23 157
23 158
23 159
23 162
23 187
23 188
23 193
23 211
23 242
23 271
23 305
23 328
23 333
23 366
23 383
23 454
23 456
23 550
23 556
23 559
23 585
23 598
23 671
23 749
23 761
23 780
23 797
23 806
23 825
23 827
23 846
23 886
23 915
23 946
23 989
24 104
24 116
24 236
24 263
24 269
24 299
24 305
24 397
24 462
24 464
24 466
24 499
24 511
24 514
24 520
24 527
24 543
24 547
24 678
24 693
24 694
24 765
24 766
24 889
24 921
24 986
25 32
25 71
25 130
25 140
25 171
25 174
25 200
25 224
25 264
25 287
25 298
25 318
25 353
25 381
25 383
25 387
25 405
25 433
25 461
25 462
25 509
25 555
25 581
25 583
25 597
25 612
25 654
25 664
25 668
25 674
25 702
25 776
25 798
25 828
25 843
25 909
25 937
25 967
25 988
26 69
26 83
26 88
26 139
26 150
26 167
26 187
26 272
26 286
26 368
26 481
26 495
26 662
26 677
26 794
26 828
26 830
26 896
26 935
26 942
27 108
27 283
27 365
27 463
27 557
27 602
27 691
27 738
27 832
27 933
27 988
27 996
28 35
28 61
28 103
28 123
28 149
28 170
28 183
28 225
28 266
28 305
28 400
28 402
28 423
28 443
28 556
28 589
28 604
28 616
28 632
28 646
28 686
28 732
28 742
28 744
28 747
28 861
28 896
28 899
28 908
28 922
28 932
29 50
29 90
29 217
29 293
29 387
29 437
29 487
29 504
29 547
29 548
29 560
29 802
29 817
29 902
29 906
29 986
29 990
30 84
30 212
30 270
30 340
30 489
30 535
30 656
30 683
30 720
30 779
30 820
30 844
30 856
30 919
30 941
31 60
31 90
31 121
31 122
31 132
31 151
31 156
31 165
31 198
31 205
31 206
31 208
31 216
31 228
31 236
31 302
31 307
31 320
31 336
31 371
31 382
31 390
31 396
31 408
31 412
31 470
31 489
31 516
31 533
31 541
31 589
31 591
31 616
31 620
31 661
31 675
31 688
31 689
31 724
31 727
31 763
31 770
31 835
31 852
31 859
31 862
31 876
31 878
31 887
31 958
32 123
32 163
32 264
32 415
32 421
32 435
32 458
32 549
32 603
32 696
32 708
32 736
32 756
32 821
32 837
32 842
32 876
32 905
33 51
33 91
33 112
33 114
33 117
33 142
33 161
33 175
33 195
33 266
33 283
33 291
33 292
33 295
33 301
33 311
33 350
33 374
33 393
33 418
33 477
33 494
33 534
33 575
33 579
33 587
33 595
33 621
33 644
33 670
33 687
33 690
33 730
33 736
33 760
33 774
33 776
33 817
33 826
33 862
33 876
33 887
33 892
33 911
33 920
33 935
33 938
33 949
33 953
33 964
33 974
33 980
33 990
33 999
34 128
34 148
34 157
34 176
34 221
34 264
34 314
34 416
34 529
34 543
34 596
34 712
34 725
34 726
34 736
34 749
34 810
34 815
34 822
34 862
34 914
34 992
35 103
35 115
35 123
35 161
35 168
35 178
35 244
35 266
35 295
35 326
35 347
35 375
35 391
35 400
35 402
35 443
35 478
35 544
35 570
35 614
35 616
35 632
35 646
35 686
35 699
35 720
35 732
35 742
35 747
35 774
35 791
35 861
35 875
35 896
35 899
35 908
35 913
35 919
35 922
35 932
35 934
35 941
35 948
35 982
35 987
35 995
36 47
36 92
36 160
36 207
36 257
36 324
36 328
36 434
36 440
36 445
36 448
36 546
36 552
36 705
36 761
36 784
36 843
36 898
36 915
36 923
36 939
36 940
36 982
37 91
37 146
37 220
37 266
37 299
37 343
37 367
37 372
37 381
37 382
37 411
37 537
37 554
37 581
37 692
37 701
37 767
37 944
38 42
38 81
38 131
38 188
38 193
38 264
38 271
38 328
38 378
38 387
38 390
38 407
38 434
38 472
38 550
38 556
38 680
38 761
38 780
38 781
38 797
38 806
38 846
38 878
38 892
38 896
38 915
38 932
38 946
39 120
39 133
39 285
39 347
39 399
39 530
39 593
39 627
39 653
39 692
39 735
39 912
39 915
39 937
39 951
40 47
40 85
40 119
40 194
40 199
40 207
40 272
40 324
40 388
40 440
40 448
40 449
40 522
40 552
40 629
40 724
40 801
40 850
40 854
40 898
40 937
40 940
41 85
41 267
41 468
41 523
41 532
41 534
41 536
41 583
41 645
41 669
41 684
41 761
41 773
41 895
41 920
41 942
41 966
42 60
42 73
42 88
42 187
42 361
42 366
42 390
42 413
42 460
42 528
42 550
42 552
42 570
42 598
42 626
42 667
42 694
42 749
42 761
42 781
42 782
42 785
42 886
42 946
42 995
43 69
43 135
43 143
43 235
43 338
43 389
43 428
43 503
43 529
43 636
43 682
43 705
43 771
43 819
43 827
43 829
43 863
44 83
44 88
44 162
44 167
44 246
44 295
44 300
44 347
44 415
44 542
44 574
44 630
44 717
44 722
44 724
44 750
44 792
44 804
44 908
45 78
45 92
45 150
45 164
45 167
45 276
45 373
45 472
45 519
45 544
45 562
45 564
45 761
45 808
45 818
45 823
45 847
45 883
45 900
46 74
46 104
46 188
46 189
46 283
46 304
46 321
46 365
46 480
46 557
46 584
46 601
46 602
46 662
46 688
46 707
46 788
46 791
46 800
46 829
46 837
46 899
46 979
47 73
47 85
47 108
47 119
47 142
47 154
47 183
47 207
47 233
47 235
47 387
47 388
47 421
47 440
47 448
47 449
47 522
47 546
47 552
47 572
47 600
47 623
47 656
47 719
47 854
47 890
47 944
47 982
48 52
48 60
48 132
48 151
48 156
48 157
48 165
48 191
48 207
48 225
48 228
48 307
48 320
48 336
48 371
48 408
48 467
48 470
48 541
48 642
48 661
48 664
48 687
48 696
48 700
48 717
48 763
48 821
48 830
48 893
48 952
48 960
49 53
49 71
49 81
49 182
49 260
49 277
49 298
49 335
49 351
49 371
49 423
49 474
49 521
49 567
49 775
50 71
50 289
50 366
50 417
50 443
50 560
50 618
50 626
50 629
50 644
50 722
50 791
50 817
50 977
51 55
51 82
51 97
51 147
51 242
51 261
51 284
51 299
51 304
51 325
51 326
51 448
51 459
51 473
51 555
51 580
51 594
51 714
51 724
51 743
51 801
51 818
51 828
51 865
51 879
51 907
51 939
51 947
51 962
51 965
51 969
52 107
52 151
52 156
52 175
52 225
52 228
52 273
52 300
52 302
52 305
52 307
52 320
52 326
52 336
52 371
52 396
52 401
52 412
52 478
52 489
52 506
52 541
52 546
52 589
52 591
52 637
52 647
52 668
52 675
52 677
52 682
52 688
52 689
52 727
52 770
52 835
52 876
52 878
52 913
52 996
53 66
53 119
53 150
53 170
53 175
53 260
53 371
53 474
53 481
53 570
53 695
53 744
53 797
53 844
53 875
53 939
53 966
54 76
54 128
54 175
54 243
54 256
54 292
54 308
54 380
54 440
54 494
54 644
54 648
54 694
54 695
54 769
54 776
54 787
54 826
54 862
54 871
54 876
54 882
54 911
54 949
55 83
55 89
55 179
55 239
55 244
55 245
55 295
55 319
55 325
55 544
55 580
55 599
55 603
55 622
55 625
55 628
55 670
55 691
55 736
55 796
55 801
55 839
55 879
55 880
55 881
55 911
55 914
55 939
55 945
55 962
55 965
55 988
56 102
56 195
56 291
56 308
56 311
56 436
56 476
56 494
56 545
56 575
56 644
56 693
56 714
56 718
56 813
56 826
56 862
56 876
56 899
56 911
57 88
57 120
57 152
57 167
57 254
57 295
57 372
57 415
57 536
57 606
57 625
57 646
57 717
57 722
57 770
57 899
57 935
58 72
58 132
58 174
58 192
58 203
58 279
58 348
58 442
58 462
58 536
58 573
58 603
58 711
58 764
58 807
58 846
58 929
59 72
59 75
59 106
59 140
59 141
59 184
59 255
59 342
59 398
59 465
59 698
59 700
59 851
59 855
59 865
59 878
59 892
59 896
59 921
59 936
59 973
60 66
60 123
60 144
60 156
60 165
60 231
60 302
60 320
60 348
60 371
60 387
60 465
60 479
60 589
60 647
60 660
60 661
60 680
60 696
60 763
60 770
60 825
60 892
60 913
60 984
61 176
61 177
61 345
61 363
61 577
61 598
61 615
61 633
61 694
61 713
61 739
61 798
61 911
61 969
61 984
62 91
62 125
62 258
62 285
62 344
62 539
62 549
62 572
62 598
62 641
62 709
62 775
62 777
62 796
62 815
62 844
62 916
63 117
63 137
63 148
63 173
63 176
63 209
63 234
63 254
63 355
63 426
63 444
63 474
63 501
63 548
63 557
63 619
63 697
63 733
63 772
63 786
63 825
63 860
63 861
63 883
63 884
63 890
63 906
63 971
63 977
63 988
64 85
64 87
64 98
64 100
64 113
64 141
64 148
64 166
64 182
64 199
64 240
64 290
64 329
64 389
64 436
64 584
64 618
64 769
64 782
64 829
64 870
64 911
64 929
64 1000
65 181
65 182
65 199
65 293
65 315
65 344
65 504
65 560
65 572
65 620
65 637
65 703
65 802
65 817
65 977
66 131
66 160
66 183
66 381
66 498
66 534
66 601
66 733
66 756
66 784
66 789
66 995
67 154
67 169
67 201
67 220
67 234
67 288
67 344
67 422
67 606
67 704
67 755
67 766
67 853
67 985
68 76
68 94
68 96
68 134
68 153
68 354
68 383
68 401
68 409
68 410
68 505
68 517
68 547
68 584
68 589
68 636
68 665
68 761
68 842
68 888
68 918
68 932
68 996
69 83
69 88
69 127
69 139
69 186
69 226
69 254
69 295
69 297
69 332
69 337
69 358
69 362
69 368
69 432
69 442
69 453
69 481
69 551
69 578
69 597
69 637
69 639
69 659
69 666
69 712
69 722
69 730
69 737
69 743
69 750
69 874
69 930
69 942
70 103
70 137
70 216
70 251
70 331
70 374
70 386
70 450
70 456
70 557
70 637
70 643
70 648
70 684
70 685
70 718
70 743
70 884
70 899
70 921
70 945
71 118
71 182
71 223
71 235
71 257
71 315
71 326
71 333
71 356
71 413
71 424
71 425
71 440
71 446
71 452
71 587
71 594
71 617
71 659
71 691
71 694
71 695
71 723
71 726
71 741
71 756
71 757
71 799
71 805
71 809
71 829
71 834
71 842
71 857
71 889
71 892
71 908
71 927
71 959
71 994
71 996
72 73
72 253
72 260
72 279
72 403
72 419
72 460
72 536
72 659
72 669
72 680
72 714
72 783
72 792
72 807
72 863
72 865
72 913
73 104
73 124
73 130
73 144
73 171
73 172
73 174
73 200
73 228
73 287
73 337
73 347
73 353
73 387
73 405
73 425
73 433
73 455
73 462
73 502
73 517
73 533
73 555
73 592
73 597
73 672
73 674
73 690
73 757
73 798
73 826
73 837
73 844
73 930
73 936
74 138
74 216
74 225
74 295
74 312
74 320
74 400
74 417
74 430
74 645
74 757
75 80
75 106
75 140
75 163
75 212
75 259
75 295
75 342
75 575
75 594
75 632
75 831
75 851
75 927
75 984
76 77
76 117
76 185
76 227
76 229
76 252
76 253
76 259
76 282
76 441
76 491
76 511
76 536
76 573
76 586
76 659
76 672
76 700
76 711
76 714
76 715
76 743
76 783
76 807
76 929
76 975
77 93
77 95
77 162
77 187
77 271
77 328
77 366
77 390
77 413
77 454
77 503
77 532
77 550
77 556
77 559
77 582
77 598
77 653
77 671
77 761
77 787
77 901
77 915
77 937
77 946
77 968
77 969
78 105
78 128
78 150
78 152
78 164
78 221
78 238
78 264
78 268
78 289
78 300
78 405
78 434
78 450
78 519
78 544
78 547
78 549
78 648
78 658
78 760
78 808
78 819
78 823
78 837
78 848
79 98
79 121
79 136
79 158
79 294
79 316
79 417
79 456
79 578
79 608
79 653
79 725
79 733
79 789
79 790
79 923
79 937
79 964
80 140
80 162
80 234
80 300
80 313
80 327
80 328
80 352
80 390
80 582
80 598
80 622
80 715
80 761
80 780
80 781
80 797
80 847
80 946
80 991
81 225
81 278
81 338
81 476
81 510
81 744
81 826
81 844
82 89
82 93
82 114
82 146
82 179
82 207
82 216
82 239
82 261
82 284
82 299
82 304
82 319
82 322
82 325
82 326
82 380
82 404
82 443
82 450
82 459
82 461
82 599
82 603
82 608
82 628
82 649
82 670
82 671
82 695
82 714
82 736
82 768
82 801
82 805
82 818
82 839
82 865
82 879
82 880
82 939
82 965
82 976
83 124
83 149
83 165
83 167
83 181
83 205
83 254
83 261
83 295
83 310
83 358
83 399
83 415
83 477
83 481
83 513
83 574
83 578
83 637
83 717
83 722
83 748
83 750
83 774
83 826
83 830
83 905
83 913
83 919
83 924
83 971
84 241
84 270
84 285
84 308
84 329
84 404
84 414
84 539
84 564
84 656
84 689
84 720
84 820
85 119
85 203
85 207
85 219
85 240
85 270
85 281
85 316
85 388
85 402
85 440
85 449
85 469
85 508
85 552
85 553
85 570
85 600
85 621
85 684
85 719
85 854
85 898
85 940
85 942
85 944
85 968
85 975
85 982
86 232
86 257
86 322
86 333
86 396
86 459
86 492
86 514
86 521
86 548
86 556
86 608
86 968
87 93
87 187
87 196
87 240
87 290
87 329
87 334
87 389
87 485
87 540
87 547
87 560
87 562
87 637
87 652
87 675
87 694
87 710
87 748
87 764
87 769
87 776
87 829
87 880
87 881
87 983
87 997
87 1000
88 94
88 111
88 120
88 149
88 192
88 246
88 254
88 272
88 281
88 295
88 337
88 357
88 379
88 415
88 423
88 430
88 431
88 442
88 445
88 466
88 481
88 483
88 527
88 572
88 579
88 593
88 637
88 639
88 640
88 673
88 677
88 717
88 722
88 750
88 757
88 874
88 924
88 942
88 949
88 956
88 1000
89 179
89 239
89 261
89 263
89 284
89 304
89 391
89 459
89 480
89 517
89 556
89 580
89 599
89 603
89 654
89 801
89 879
89 880
89 912
89 939
89 969
89 981
90 114
90 132
90 136
90 143
90 156
90 165
90 228
90 302
90 320
90 347
90 386
90 396
90 408
90 675
90 827
90 898
91 146
91 170
91 263
91 304
91 343
91 372
91 382
91 405
91 414
91 446
91 537
91 557
91 934
92 117
92 121
92 168
92 175
92 217
92 308
92 425
92 494
92 549
92 554
92 575
92 587
92 593
92 644
92 687
92 692
92 786
92 852
92 899
92 980
92 990
93 126
93 166
93 236
93 240
93 290
93 329
93 334
93 379
93 510
93 601
93 681
93 782
93 815
93 829
93 870
93 922
93 983
94 129
94 223
94 252
94 261
94 348
94 538
94 553
94 611
94 689
94 736
94 740
94 752
94 858
94 888
94 910
94 918
95 98
95 123
95 234
95 278
95 348
95 366
95 392
95 420
95 454
95 456
95 556
95 580
95 726
95 781
95 797
95 915
95 946
96 118
96 134
96 254
96 410
96 516
96 517
96 788
96 828
97 134
97 223
97 366
97 397
97 410
97 573
97 800
97 858
97 945
98 101
98 121
98 136
98 173
98 194
98 233
98 297
98 327
98 346
98 353
98 407
98 417
98 426
98 447
98 455
98 456
98 486
98 526
98 535
98 539
98 584
98 613
98 635
98 646
98 653
98 666
98 699
98 713
98 754
98 779
98 783
98 787
98 790
98 803
98 831
98 840
98 846
98 877
98 903
98 923
98 941
98 966
98 995
98 997
99 119
99 183
99 207
99 230
99 324
99 327
99 388
99 440
99 448
99 449
99 482
99 522
99 719
99 794
99 807
99 982
100 108
100 113
100 166
100 196
100 226
100 240
100 279
100 290
100 304
100 329
100 334
100 369
100 389
100 481
100 504
100 710
100 748
100 769
100 782
100 786
100 797
100 829
100 893
100 902
100 1000
101 162
101 170
101 187
101 328
101 345
101 360
101 366
101 460
101 539
101 556
101 582
101 598
101 680
101 752
101 761
101 793
101 806
101 849
101 879
101 886
101 906
101 915
101 946
101 991
102 149
102 167
102 293
102 295
102 415
102 428
102 442
102 466
102 637
102 639
102 666
102 673
102 723
102 781
102 830
103 111
103 123
103 178
103 186
103 252
103 266
103 347
103 398
103 400
103 428
103 443
103 478
103 568
103 587
103 616
103 646
103 657
103 686
103 732
103 746
103 747
103 754
103 767
103 774
103 861
103 887
103 896
103 908
103 922
103 932
103 934
103 948
103 975
103 987
103 995
104 196
104 283
104 365
104 512
104 536
104 557
104 615
104 770
104 791
104 800
104 908
104 933
105 135
105 150
105 152
105 164
105 213
105 238
105 268
105 276
105 284
105 289
105 300
105 368
105 370
105 453
105 544
105 578
105 580
105 618
105 648
105 658
105 683
105 705
105 715
105 781
105 808
105 823
105 870
105 944
105 956
106 160
106 173
106 212
106 368
106 427
106 455
106 668
106 698
106 733
106 851
106 868
106 904
106 958
107 123
107 151
107 156
107 165
107 225
107 228
107 320
107 489
107 516
107 578
107 589
107 661
107 682
107 689
107 933
108 135
108 215
108 264
108 430
108 605
108 642
108 652
108 676
108 745
108 793
108 909
108 966
108 967
109 158
109 186
109 197
109 294
109 297
109 305
109 316
109 447
109 479
109 535
109 599
109 603
109 608
109 653
109 672
109 706
109 733
109 779
109 792
109 948
110 163
110 180
110 250
110 278
110 327
110 385
110 405
110 435
110 469
110 549
110 708
110 731
110 821
110 895
110 905
111 123
111 130
111 143
111 249
111 277
111 406
111 428
111 447
111 529
111 545
111 552
111 575
111 682
111 705
111 728
111 819
111 844
111 886
111 958
112 117
112 172
112 217
112 284
112 308
112 575
112 586
112 690
112 770
112 774
112 850
112 876
112 938
112 965
112 969
112 972
112 990
113 124
113 139
113 166
113 176
113 196
113 240
113 290
113 334
113 369
113 384
113 389
113 392
113 425
113 548
113 767
113 769
113 770
113 782
113 829
113 830
113 870
113 885
113 890
113 983
113 1000
114 125
114 150
114 173
114 205
114 213
114 383
114 385
114 409
114 425
114 457
114 500
114 542
114 584
114 588
114 620
114 624
114 670
114 698
114 721
114 758
114 768
114 829
114 925
114 929
114 969
114 997
115 147
115 506
115 569
115 631
115 843
115 859
115 872
115 921
115 993
115 1000
116 206
116 236
116 239
116 263
116 269
116 360
116 361
116 421
116 484
116 511
116 515
116 520
116 527
116 544
116 592
116 599
116 694
116 765
116 900
116 914
116 921
116 942
116 986
116 993
117 166
117 195
117 217
117 237
117 301
117 304
117 387
117 389
117 418
117 494
117 557
117 587
117 621
117 679
117 693
117 750
117 774
117 826
117 859
117 862
117 911
117 953
117 990
118 136
118 231
118 257
118 262
118 315
118 347
118 373
118 410
118 413
118 446
118 461
118 535
118 594
118 688
118 756
118 784
118 892
118 996
119 202
119 207
119 261
119 271
119 324
119 333
119 361
119 388
119 440
119 448
119 504
119 522
119 540
119 546
119 552
119 553
119 679
119 719
119 731
119 738
119 748
119 765
119 854
119 898
119 940
119 944
119 982
120 127
120 148
120 167
120 181
120 185
120 192
120 254
120 268
120 337
120 338
120 342
120 415
120 417
120 432
120 456
120 466
120 516
120 616
120 637
120 639
120 640
120 652
120 673
120 674
120 676
120 677
120 709
120 722
120 727
120 737
120 757
120 794
120 804
120 829
120 830
120 853
120 874
120 935
121 164
121 224
121 233
121 263
121 294
121 295
121 297
121 316
121 385
121 456
121 486
121 535
121 538
121 539
121 550
121 567
121 578
121 584
121 613
121 632
121 635
121 754
121 787
121 790
121 792
121 803
121 837
121 840
121 903
121 904
121 941
122 186
122 268
122 302
122 376
122 446
122 492
122 543
122 654
122 911
122 950
123 266
123 272
123 347
123 353
123 375
123 398
123 400
123 402
123 403
123 443
123 478
123 513
123 579
123 590
123 608
123 614
123 616
123 632
123 646
123 655
123 657
123 686
123 732
123 742
123 754
123 779
123 795
123 798
123 818
123 826
123 861
123 896
123 899
123 901
123 908
123 922
123 932
123 934
123 938
123 948
123 987
123 995
124 149
124 167
124 178
124 246
124 254
124 267
124 295
124 337
124 415
124 430
124 481
124 568
124 639
124 653
124 722
124 804
124 829
124 942
124 970
124 979
124 981
125 241
125 285
125 344
125 419
125 513
125 566
125 593
125 641
125 649
125 728
125 733
125 775
125 777
125 903
125 916
126 145
126 154
126 159
126 491
126 495
126 515
126 572
126 574
126 596
126 647
126 681
126 685
126 757
126 828
126 932
127 167
127 168
127 181
127 422
127 427
127 480
127 637
127 685
127 848
127 883
128 176
128 304
128 332
128 416
128 697
128 712
128 725
128 749
128 815
128 834
128 900
128 978
129 134
129 223
129 288
129 410
129 453
129 469
129 476
129 538
129 561
129 611
129 636
129 654
129 868
129 873
129 888
129 918
129 987
129 994
130 142
130 144
130 174
130 187
130 210
130 227
130 242
130 262
130 264
130 287
130 318
130 326
130 376
130 405
130 442
130 478
130 502
130 505
130 549
130 562
130 581
130 597
130 612
130 637
130 642
130 654
130 658
130 660
130 672
130 674
130 702
130 714
130 729
130 761
130 786
130 798
130 828
130 837
130 856
130 863
130 887
130 904
130 921
130 930
130 932
130 934
130 936
130 937
130 985
131 141
131 153
131 245
131 285
131 296
131 298
131 360
131 372
131 403
131 409
131 410
131 457
131 459
131 479
131 487
131 520
131 551
131 571
131 653
131 755
131 782
131 806
131 843
131 891
131 943
131 993
132 151
132 162
132 165
132 191
132 225
132 298
132 302
132 306
132 307
132 320
132 324
132 336
132 371
132 408
132 411
132 426
132 462
132 489
132 505
132 541
132 559
132 561
132 591
132 625
132 647
132 661
132 724
132 742
132 835
132 841
132 848
132 941
132 944
132 999
133 154
133 174
133 196
133 203
133 209
133 244
133 251
133 399
133 437
133 451
133 501
133 506
133 530
133 593
133 596
133 627
133 692
133 735
133 934
133 972
134 161
134 223
134 348
134 370
134 376
134 410
134 452
134 453
134 481
134 490
134 517
134 538
134 558
134 611
134 636
134 643
134 665
134 713
134 716
134 746
134 768
134 805
134 873
134 888
135 142
135 216
135 241
135 259
135 380
135 438
135 518
135 536
135 642
135 645
135 652
135 687
135 697
135 721
135 745
135 801
135 852
136 158
136 171
136 194
136 205
136 294
136 316
136 327
136 379
136 411
136 417
136 447
136 455
136 489
136 526
136 608
136 635
136 653
136 670
136 702
136 733
136 749
136 754
136 757
136 779
136 787
136 790
136 792
136 803
136 816
136 831
136 835
136 846
136 861
136 923
136 937
136 941
137 159
137 180
137 187
137 254
137 278
137 338
137 460
137 507
137 510
137 542
137 550
137 689
137 850
137 975
138 243
138 285
138 349
138 377
138 492
138 532
138 534
138 548
138 603
138 629
138 699
138 773
138 790
139 142
139 210
139 295
139 337
139 344
139 432
139 442
139 503
139 637
139 639
139 654
139 673
139 750
139 773
139 859
139 913
139 942
140 202
140 212
140 222
140 255
140 285
140 342
140 464
140 465
140 668
140 688
140 698
140 826
140 851
140 854
140 889
140 904
140 927
140 932
140 989
141 202
141 252
141 296
141 298
141 403
141 409
141 450
141 452
141 487
141 489
141 496
141 509
141 571
141 711
141 712
141 792
141 808
141 852
141 988
141 993
142 337
142 359
142 377
142 380
142 430
142 523
142 641
142 642
142 649
142 652
142 728
142 771
142 793
142 821
142 878
142 881
142 966
143 205
143 242
143 297
143 383
143 428
143 435
143 503
143 529
143 583
143 682
143 693
143 705
143 715
143 760
143 765
143 805
143 819
143 843
143 866
143 902
143 904
143 958
144 200
144 210
144 217
144 221
144 227
144 230
144 264
144 278
144 287
144 318
144 353
144 364
144 380
144 387
144 405
144 413
144 433
144 462
144 483
144 555
144 581
144 597
144 651
144 672
144 674
144 715
144 727
144 729
144 825
144 829
144 843
144 856
144 879
144 884
144 903
144 936
144 937
144 943
144 967
144 970
144 998
145 154
145 159
145 178
145 309
145 515
145 521
145 572
145 573
145 618
145 757
145 795
145 815
145 828
145 859
145 895
145 938
145 963
146 159
146 202
146 220
146 343
146 382
146 490
146 495
146 521
146 767
146 989
147 254
147 309
147 317
147 387
147 493
147 506
147 558
147 623
147 663
147 751
147 760
147 872
147 889
147 954
147 999
148 176
148 186
148 209
148 234
148 244
148 286
148 325
148 355
148 426
148 475
148 501
148 511
148 585
148 615
148 619
148 688
148 697
148 825
148 860
148 883
148 890
148 963
148 971
149 167
149 169
149 222
149 223
149 246
149 254
149 272
149 337
149 368
149 388
149 415
149 556
149 574
149 608
149 613
149 648
149 673
149 677
149 789
149 830
149 855
149 889
149 903
149 911
149 981
150 152
150 225
150 268
150 289
150 300
150 326
150 369
150 440
150 453
150 522
150 544
150 547
150 644
150 648
150 658
150 808
150 823
150 952
151 156
151 225
151 273
151 302
151 306
151 307
151 320
151 436
151 516
151 675
151 689
151 743
151 762
151 804
151 913
152 164
152 228
152 238
152 256
152 268
152 276
152 277
152 279
152 289
152 300
152 409
152 427
152 617
152 648
152 658
152 676
152 737
152 763
152 823
152 939
152 956
153 176
153 212
153 296
153 298
153 347
153 357
153 403
153 409
153 571
153 629
153 716
153 891
153 993
153 999
154 159
154 183
154 262
154 408
154 463
154 495
154 515
154 563
154 572
154 596
154 795
154 828
154 859
154 862
154 954
155 229
155 253
155 300
155 388
155 460
155 536
155 573
155 669
155 700
155 723
155 763
155 764
155 783
155 807
155 929
155 941
155 947
155 975
156 165
156 191
156 204
156 225
156 273
156 302
156 306
156 332
156 355
156 412
156 470
156 478
156 490
156 509
156 516
156 541
156 591
156 594
156 629
156 640
156 645
156 661
156 675
156 677
156 681
156 689
156 696
156 721
156 724
156 770
156 798
156 838
156 839
156 862
157 187
157 328
157 390
157 489
157 608
157 725
157 780
157 781
157 797
157 915
157 946
157 949
157 963
158 167
158 173
158 186
158 192
158 194
158 233
158 250
158 294
158 297
158 305
158 309
158 316
158 376
158 379
158 417
158 441
158 447
158 456
158 469
158 486
158 497
158 521
158 526
158 535
158 539
158 578
158 581
158 608
158 613
158 620
158 635
158 653
158 698
158 699
158 705
158 733
158 779
158 787
158 789
158 792
158 793
158 822
158 831
158 840
158 846
158 871
158 903
158 915
158 917
158 923
158 941
158 970
159 174
159 401
159 426
159 452
159 460
159 461
159 463
159 495
159 509
159 572
159 601
159 828
159 859
159 895
159 924
159 963
160 180
160 373
160 384
160 401
160 441
160 450
160 459
160 482
160 484
160 572
160 692
160 706
160 731
160 747
160 759
160 851
160 852
160 866
160 867
160 902
160 924
160 957
160 960
161 218
161 381
161 398
161 576
161 589
161 608
161 690
161 735
161 740
161 784
161 979
162 187
162 188
162 197
162 228
162 261
162 276
162 305
162 349
162 366
162 390
162 407
162 454
162 456
162 494
162 510
162 530
162 550
162 556
162 582
162 658
162 706
162 761
162 780
162 781
162 802
162 806
162 849
162 886
162 907
162 946
162 991
163 175
163 230
163 250
163 435
163 459
163 469
163 475
163 549
163 708
163 842
163 850
163 910
163 917
163 938
163 952
163 960
163 989
164 179
164 238
164 268
164 271
164 276
164 286
164 289
164 300
164 311
164 359
164 417
164 427
164 453
164 482
164 544
164 547
164 607
164 648
164 658
164 676
164 808
164 924
164 955
164 956
164 964
165 204
165 225
165 228
165 273
165 302
165 307
165 309
165 320
165 332
165 336
165 337
165 396
165 408
165 412
165 470
165 488
165 489
165 541
165 561
165 563
165 588
165 591
165 614
165 647
165 661
165 662
165 681
165 689
165 693
165 721
165 722
165 726
165 727
165 740
165 779
165 843
165 913
165 924
165 985
166 240
166 261
166 300
166 329
166 334
166 389
166 392
166 424
166 435
166 520
166 601
166 668
166 709
166 710
166 738
166 782
166 829
166 837
166 845
166 870
166 885
166 1000
167 181
167 192
167 204
167 217
167 229
167 246
167 254
167 272
167 284
167 295
167 415
167 465
167 466
167 481
167 492
167 494
167 523
167 554
167 574
167 605
167 610
167 623
167 637
167 639
167 640
167 673
167 717
167 765
167 794
167 804
167 834
167 852
167 874
167 891
167 892
167 935
167 936
167 940
167 942
167 992
168 195
168 222
168 281
168 292
168 308
168 325
168 357
168 405
168 418
168 477
168 494
168 540
168 541
168 547
168 575
168 644
168 693
168 813
168 817
168 826
168 862
168 911
168 938
169 201
169 270
169 288
169 309
169 352
169 387
169 410
169 422
169 443
169 455
169 486
169 593
169 606
169 625
169 766
169 780
169 826
169 843
169 936
169 940
170 172
170 187
170 282
170 335
170 474
170 642
170 753
170 812
170 817
170 821
170 824
170 848
170 875
171 210
171 221
171 287
171 375
171 387
171 449
171 464
171 562
171 798
171 837
171 885
171 936
171 944
171 967
172 178
172 247
172 420
172 454
172 734
172 792
172 895
173 297
173 316
173 326
173 445
173 447
173 539
173 578
173 603
173 608
173 623
173 691
173 733
173 779
173 787
173 790
173 803
173 846
173 862
173 863
173 871
173 876
173 903
173 970
174 210
174 216
174 255
174 287
174 376
174 462
174 674
174 717
174 822
174 922
174 936
175 192
175 207
175 222
175 254
175 292
175 311
175 317
175 350
175 526
175 545
175 571
175 575
175 579
175 644
175 669
175 693
175 709
175 720
175 766
175 770
175 774
175 813
175 826
175 865
175 893
175 938
175 980
176 332
176 416
176 534
176 537
176 599
176 701
176 712
176 729
176 848
176 992
177 195
177 199
177 312
177 365
177 370
177 396
177 433
177 565
177 577
177 581
177 633
177 648
177 833
177 835
177 847
177 849
177 894
177 905
177 953
177 955
178 264
178 266
178 268
178 299
178 302
178 347
178 373
178 375
178 400
178 478
178 580
178 614
178 616
178 632
178 633
178 657
178 742
178 747
178 753
178 820
178 861
178 872
178 896
178 899
178 908
178 921
178 922
178 948
178 950
178 987
179 181
179 209
179 216
179 239
179 242
179 284
179 304
179 319
179 322
179 326
179 354
179 365
179 412
179 565
179 575
179 599
179 603
179 605
179 622
179 625
179 714
179 726
179 791
179 801
179 865
179 880
179 907
179 965
179 988
180 298
180 393
180 401
180 441
180 482
180 484
180 494
180 569
180 706
180 722
180 731
180 759
180 802
180 852
180 866
180 867
180 949
180 950
180 983
181 246
181 254
181 320
181 337
181 342
181 673
181 680
181 687
181 879
181 921
181 942
181 971
181 993
182 231
182 290
182 315
182 333
182 462
182 583
182 691
182 693
182 695
182 703
182 722
182 726
182 757
182 805
182 834
182 853
182 857
182 944
182 959
182 996
183 185
183 188
183 207
183 208
183 252
183 262
183 289
183 331
183 337
183 381
183 406
183 498
183 576
183 666
183 716
183 743
183 784
183 965
184 212
184 239
184 242
184 261
184 284
184 299
184 325
184 391
184 459
184 603
184 879
184 907
184 908
184 912
184 969
184 990
185 190
185 253
185 279
185 460
185 536
185 573
185 706
185 707
185 864
185 898
185 929
186 299
186 327
186 395
186 417
186 443
186 447
186 483
186 486
186 508
186 535
186 539
186 608
186 635
186 699
186 733
186 745
186 754
186 774
186 779
186 787
186 803
186 840
186 846
186 871
186 913
186 922
186 923
186 970
187 188
187 193
187 197
187 233
187 271
187 328
187 333
187 366
187 390
187 454
187 502
187 546
187 556
187 598
187 609
187 658
187 671
187 725
187 729
187 780
187 781
187 861
187 873
187 884
187 886
187 915
187 945
187 946
187 991
188 193
188 197
188 305
188 328
188 384
188 390
188 394
188 400
188 553
188 556
188 609
188 752
188 774
188 780
188 781
188 797
188 814
188 856
188 863
188 886
188 903
188 922
188 946
188 966
189 283
189 365
189 393
189 455
189 469
189 516
189 599
189 800
189 965
189 979
190 215
190 224
190 256
190 519
190 548
190 625
190 626
190 665
190 736
190 802
190 823
190 837
190 839
190 894
190 902
190 961
190 972
191 225
191 228
191 302
191 408
191 412
191 452
191 549
191 571
191 579
191 589
191 661
191 689
191 770
192 337
192 368
192 415
192 480
192 594
192 616
192 639
192 673
192 756
192 804
192 828
192 935
192 973
193 305
193 325
193 328
193 366
193 407
193 550
193 556
193 781
193 797
193 862
193 946
194 274
194 293
194 294
194 306
194 308
194 456
194 486
194 539
194 584
194 591
194 608
194 733
194 772
194 779
194 787
194 803
194 846
194 876
194 925
194 937
195 214
195 252
195 297
195 301
195 308
195 350
195 402
195 411
195 436
195 496
195 511
195 540
195 545
195 579
195 612
195 621
195 644
195 690
195 693
195 709
195 723
195 776
195 797
195 809
195 813
195 823
195 826
195 846
195 862
195 864
195 887
195 911
195 938
195 953
195 964
195 980
195 990
196 240
196 302
196 339
196 369
196 389
196 536
196 668
196 677
196 720
196 748
196 769
196 782
196 829
196 876
196 885
196 896
196 949
196 1000
197 271
197 425
197 550
197 556
197 732
197 761
197 780
197 781
197 837
197 915
197 946
198 199
198 222
198 275
198 287
198 295
198 324
198 461
198 491
198 509
198 646
198 661
198 809
198 948
199 279
199 293
199 375
199 419
199 450
199 456
199 470
199 478
199 485
199 520
199 565
199 577
199 633
199 710
199 713
199 717
199 833
199 893
199 924
200 264
200 315
200 340
200 387
200 400
200 405
200 557
200 578
200 581
200 654
200 674
200 807
200 837
200 863
200 909
200 937
201 288
201 309
201 406
201 419
201 606
201 639
201 673
201 727
201 766
201 879
201 887
201 985
202 302
202 324
202 388
202 395
202 440
202 448
202 522
202 613
202 703
202 712
202 719
202 821
202 857
202 898
203 239
203 240
203 246
203 277
203 315
203 330
203 384
203 399
203 437
203 462
203 467
203 608
203 654
203 692
203 781
203 829
203 834
203 902
203 912
203 972
204 371
204 394
204 412
204 489
204 534
204 589
204 590
204 661
204 684
204 704
204 763
204 864
205 367
205 385
205 425
205 454
205 483
205 488
205 527
205 543
205 568
205 571
205 584
205 586
205 588
205 619
205 624
205 667
205 670
205 679
205 706
205 721
205 731
205 810
205 888
205 920
205 929
205 997
206 294
206 397
206 404
206 432
206 511
206 518
206 520
206 592
206 666
206 694
206 903
206 921
206 974
206 986
207 324
207 350
207 357
207 388
207 438
207 440
207 442
207 447
207 448
207 449
207 487
207 522
207 600
207 719
207 745
207 787
207 790
207 854
207 898
208 236
208 283
208 381
208 401
208 406
208 426
208 498
208 513
208 543
208 666
208 690
208 716
208 723
208 740
208 743
208 784
208 986
208 992
209 234
209 261
209 316
209 355
209 426
209 444
209 475
209 501
209 527
209 549
209 578
209 585
209 619
209 825
209 845
209 884
209 906
209 909
209 914
209 995
210 264
210 293
210 341
210 364
210 375
210 387
210 403
210 405
210 462
210 502
210 550
210 557
210 562
210 612
210 654
210 788
210 817
210 837
210 853
210 930
210 967
210 998
211 240
211 248
211 265
211 375
211 401
211 423
211 444
211 445
211 611
211 631
211 634
211 698
211 776
211 778
211 779
211 783
211 818
211 834
211 836
211 838
211 922
211 943
211 969
212 245
212 255
212 261
212 302
212 342
212 459
212 512
212 595
212 698
212 761
212 848
212 851
212 855
212 889
212 904
212 927
212 988
213 326
213 367
213 396
213 411
213 425
213 460
213 483
213 500
213 501
213 554
213 568
213 584
213 586
213 588
213 645
213 664
213 670
213 758
213 768
213 823
213 920
213 925
213 941
213 973
213 997
214 290
214 454
214 492
214 498
214 521
214 538
214 607
214 634
214 655
214 730
214 746
214 780
214 800
214 821
214 950
214 967
214 968
215 256
215 398
215 412
215 548
215 560
215 626
215 652
215 677
215 802
215 812
215 817
215 824
215 849
215 894
215 902
215 913
215 977
215 994
216 226
216 254
216 259
216 281
216 430
216 496
216 559
216 642
216 652
216 728
216 793
216 817
216 881
216 997
217 237
217 291
217 292
217 301
217 308
217 311
217 418
217 425
217 477
217 564
217 579
217 595
217 644
217 647
217 687
217 690
217 693
217 709
217 760
217 764
217 774
217 777
217 813
217 816
217 827
217 862
217 876
217 921
217 938
217 980
217 991
218 274
218 632
218 676
218 716
218 740
218 743
218 784
218 969
219 225
219 228
219 302
219 320
219 371
219 408
219 411
219 412
219 489
219 661
219 689
219 752
219 760
219 770
220 231
220 343
220 346
220 349
220 372
220 382
220 537
220 587
220 593
220 676
220 767
220 806
220 908
220 934
221 238
221 310
221 406
221 416
221 419
221 494
221 712
221 725
221 749
221 781
221 806
221 844
221 853
221 978
221 992
222 251
222 291
222 308
222 447
222 494
222 525
222 572
222 575
222 644
222 673
222 774
222 807
222 813
222 827
222 876
222 915
222 938
222 953
223 236
223 265
223 269
223 348
223 354
223 413
223 456
223 457
223 462
223 510
223 517
223 531
223 572
223 604
223 639
223 665
223 857
223 873
223 971
223 987
224 295
224 368
224 468
224 491
224 506
224 562
224 574
224 581
224 582
224 637
224 647
224 666
224 717
224 722
224 750
224 789
224 830
224 850
224 872
225 228
225 285
225 302
225 320
225 326
225 336
225 412
225 445
225 459
225 479
225 481
225 489
225 494
225 541
225 554
225 561
225 567
225 589
225 591
225 640
225 647
225 675
225 681
225 689
225 696
225 727
225 743
225 763
225 821
225 832
225 875
225 965
225 1000
226 241
226 276
226 317
226 346
226 565
226 578
226 608
226 645
226 652
226 704
226 745
226 912
226 914
226 933
227 265
227 287
227 292
227 308
227 327
227 364
227 387
227 413
227 451
227 462
227 481
227 562
227 612
227 615
227 645
227 651
227 654
227 664
227 672
227 674
227 686
227 702
227 798
227 843
227 888
227 909
227 925
227 936
227 998
228 246
228 273
228 302
228 320
228 338
228 411
228 412
228 446
228 489
228 516
228 519
228 589
228 647
228 656
228 661
228 675
228 689
228 727
228 756
228 795
228 822
228 825
228 830
228 835
228 905
228 913
229 395
229 419
229 460
229 517
229 536
229 573
229 597
229 653
229 764
229 929
229 970
229 975
230 303
230 391
230 421
230 435
230 548
230 549
230 669
230 708
230 732
230 812
230 842
230 905
230 960
230 989
231 257
231 333
231 337
231 341
231 409
231 413
231 425
231 452
231 575
231 594
231 617
231 675
231 688
231 723
231 756
231 805
231 811
231 834
231 857
231 869
231 892
231 900
231 940
231 954
231 959
231 970
231 976
232 345
232 514
232 730
232 891
232 912
232 965
233 294
233 297
233 310
233 409
233 443
233 535
233 539
233 608
233 653
233 733
233 787
233 792
233 846
233 923
234 352
234 402
234 426
234 444
234 475
234 501
234 576
234 585
234 608
234 614
234 697
234 751
234 764
234 782
234 825
234 845
234 860
234 884
234 900
234 906
234 957
234 962
234 971
234 985
235 236
235 294
235 428
235 584
235 632
235 682
235 705
235 808
235 891
235 952
235 958
236 305
236 373
236 457
236 518
236 520
236 633
236 709
236 747
236 765
236 914
236 921
236 965
236 985
236 986
237 311
237 420
237 456
237 575
237 644
237 690
237 804
237 826
237 862
237 911
237 938
237 950
237 953
237 990
238 240
238 268
238 289
238 300
238 337
238 442
238 453
238 519
238 643
238 648
238 676
238 735
238 823
238 923
239 242
239 261
239 277
239 284
239 304
239 319
239 325
239 326
239 348
239 435
239 442
239 459
239 473
239 580
239 599
239 603
239 605
239 606
239 626
239 679
239 718
239 736
239 759
239 770
239 783
239 801
239 808
239 839
239 846
239 880
239 904
239 916
239 965
239 969
239 981
240 261
240 276
240 290
240 326
240 329
240 334
240 389
240 490
240 544
240 576
240 601
240 618
240 665
240 680
240 733
240 748
240 782
240 807
240 885
240 934
240 979
240 983
240 1000
241 384
241 423
241 438
241 641
241 649
241 966
242 261
242 284
242 299
242 304
242 326
242 403
242 457
242 473
242 483
242 501
242 523
242 550
242 595
242 599
242 603
242 612
242 622
242 625
242 650
242 658
242 704
242 739
242 830
242 839
242 859
242 861
242 865
242 879
242 896
242 907
242 939
242 969
242 981
243 267
243 329
243 401
243 449
243 468
243 497
243 534
243 583
243 773
243 797
243 917
244 409
244 489
244 586
244 624
244 649
244 746
244 778
244 811
244 911
244 974
244 997
245 342
245 408
245 418
245 450
245 517
245 657
245 851
245 856
245 875
245 903
245 904
245 927
246 254
246 261
246 272
246 295
246 337
246 343
246 357
246 367
246 368
246 425
246 431
246 466
246 481
246 545
246 550
246 637
246 665
246 673
246 677
246 735
246 750
246 804
246 850
246 859
246 877
246 942
246 954
247 319
247 420
247 471
247 508
247 525
247 612
247 897
247 948
248 359
248 423
248 445
248 490
248 675
248 778
248 787
248 819
248 836
248 943
248 973
248 976
249 604
249 682
249 760
249 769
249 820
249 827
249 851
249 958
250 273
250 303
250 329
250 395
250 398
250 421
250 435
250 466
250 546
250 574
250 697
250 821
250 850
250 989
251 259
251 366
251 367
251 370
251 374
251 381
251 475
251 490
251 625
251 658
251 684
251 685
251 712
251 855
251 945
252 298
252 401
252 450
252 468
252 501
252 554
252 597
252 706
252 731
252 733
252 759
252 846
252 852
252 866
252 869
252 949
252 1000
253 302
253 317
253 327
253 419
253 424
253 443
253 495
253 536
253 659
253 660
253 669
253 711
253 740
253 783
253 807
253 913
253 944
253 963
253 975
254 272
254 337
254 342
254 368
254 442
254 470
254 476
254 481
254 568
254 637
254 639
254 738
254 789
254 794
254 823
254 830
254 837
254 869
254 942
254 949
255 305
255 462
255 503
255 581
255 641
255 668
255 673
255 698
255 796
255 851
255 904
255 927
256 259
256 293
256 375
256 395
256 504
256 733
256 902
256 917
256 929
257 333
257 366
257 367
257 413
257 423
257 424
257 435
257 445
257 446
257 452
257 455
257 507
257 536
257 594
257 604
257 683
257 688
257 695
257 726
257 741
257 756
257 757
257 798
257 799
257 809
257 811
257 826
257 857
257 871
257 892
257 900
257 926
257 959
257 976
257 986
257 994
257 996
258 285
258 306
258 333
258 344
258 393
258 513
258 527
258 566
258 617
258 641
258 770
258 777
258 796
258 836
258 854
258 916
259 346
259 382
259 410
259 430
259 452
259 598
259 642
259 645
259 649
259 652
259 708
259 728
259 745
259 788
259 793
259 881
259 901
259 966
260 282
260 294
260 335
260 396
260 413
260 434
260 456
260 474
260 670
260 696
260 812
260 833
260 841
260 875
261 284
261 299
261 304
261 322
261 325
261 378
261 459
261 473
261 501
261 543
261 580
261 599
261 603
261 622
261 625
261 628
261 656
261 702
261 714
261 719
261 721
261 785
261 801
261 818
261 832
261 839
261 843
261 865
261 866
261 879
261 880
261 893
261 907
261 939
261 955
261 962
261 965
261 969
261 981
261 984
261 988
262 285
262 331
262 381
262 406
262 531
262 576
262 784
262 827
262 877
262 881
262 900
262 998
263 269
263 389
263 390
263 397
263 418
263 433
263 475
263 518
263 520
263 527
263 556
263 581
263 592
263 608
263 614
263 765
263 914
263 921
263 943
264 277
264 324
264 440
264 462
264 480
264 562
264 581
264 654
264 672
264 674
264 731
264 780
264 802
264 909
264 936
264 937
265 274
265 300
265 362
265 374
265 436
265 525
265 531
265 533
265 542
265 558
265 608
265 633
265 781
265 785
265 832
265 910
265 928
265 981
266 322
266 341
266 347
266 352
266 374
266 375
266 377
266 400
266 402
266 433
266 443
266 478
266 515
266 519
266 614
266 646
266 657
266 658
266 673
266 686
266 706
266 732
266 742
266 747
266 771
266 808
266 843
266 861
266 894
266 896
266 898
266 899
266 908
266 922
266 932
266 934
266 948
266 984
266 995
267 285
267 349
267 468
267 532
267 534
267 583
267 623
267 672
267 797
267 836
267 917
268 276
268 284
268 289
268 300
268 336
268 373
268 397
268 417
268 427
268 453
268 457
268 492
268 519
268 544
268 547
268 553
268 638
268 648
268 790
268 808
268 823
269 294
269 388
269 472
269 518
269 520
269 527
269 694
269 722
269 765
269 857
269 921
269 982
269 986
270 280
270 323
270 340
270 404
270 425
270 564
270 618
270 645
270 656
270 720
270 723
270 800
270 820
270 919
270 989
271 294
271 328
271 390
271 441
271 454
271 528
271 529
271 553
271 559
271 563
271 589
271 647
271 671
271 686
271 756
271 761
271 762
271 765
271 806
271 886
272 295
272 337
272 426
272 442
272 481
272 546
272 568
272 574
272 605
272 680
272 693
272 705
272 722
272 848
272 935
272 974
273 320
273 338
273 371
273 412
273 489
273 559
273 589
273 661
273 675
273 683
273 696
273 749
273 801
273 891
273 913
273 939
274 325
274 330
274 335
274 362
274 366
274 436
274 454
274 531
274 533
274 542
274 558
274 654
274 667
274 670
274 785
274 842
274 909
274 928
275 429
275 483
275 491
275 497
275 520
275 614
275 630
275 814
275 858
275 911
276 289
276 300
276 314
276 352
276 353
276 377
276 399
276 425
276 427
276 453
276 498
276 519
276 547
276 648
276 658
276 676
276 694
276 773
276 793
276 823
276 956
277 304
277 333
277 351
277 403
277 433
277 451
277 530
277 550
277 622
277 627
277 774
277 922
277 951
278 323
278 326
278 338
278 384
278 394
278 436
278 441
278 505
278 507
278 510
278 590
278 605
278 645
278 844
278 882
278 900
278 905
279 282
279 400
279 417
279 419
279 460
279 499
279 527
279 536
279 573
279 659
279 669
279 711
279 764
279 783
279 807
279 859
279 864
279 892
279 923
279 929
279 975
279 985
280 376
280 387
280 405
280 459
280 462
280 485
280 490
280 534
280 562
280 581
280 654
280 672
280 702
280 749
280 798
280 825
280 843
280 936
280 937
280 940
280 960
281 423
281 445
281 518
281 631
281 641
281 775
281 776
281 778
281 836
281 943
281 973
282 335
282 456
282 540
282 633
282 730
282 812
282 823
282 848
282 873
282 875
283 331
283 365
283 480
283 557
283 560
283 602
283 650
283 668
283 707
283 788
283 791
283 800
283 933
283 949
283 979
284 299
284 304
284 319
284 325
284 326
284 351
284 391
284 459
284 473
284 514
284 542
284 543
284 556
284 560
284 580
284 599
284 603
284 622
284 625
284 628
284 714
284 736
284 801
284 818
284 853
284 863
284 868
284 880
284 907
284 921
284 939
284 941
284 962
284 969
284 981
284 988
285 344
285 351
285 371
285 513
285 641
285 718
285 755
285 763
285 775
285 796
285 916
285 943
286 493
286 506
286 567
286 623
286 662
286 751
286 772
286 780
286 781
286 836
286 948
286 951
286 999
287 289
287 353
287 364
287 376
287 433
287 453
287 457
287 458
287 462
287 562
287 664
287 672
287 674
287 746
287 843
287 863
287 909
287 937
287 967
287 973
288 309
288 334
288 415
288 439
288 440
288 668
288 766
288 791
288 804
288 853
288 929
288 985
289 304
289 453
289 469
289 519
289 544
289 547
289 553
289 566
289 648
289 653
289 676
289 681
289 685
289 733
289 747
289 855
289 942
289 956
289 992
290 329
290 334
290 369
290 389
290 399
290 421
290 451
290 580
290 601
290 616
290 666
290 710
290 769
290 782
290 796
290 816
290 829
290 830
290 870
290 885
290 905
290 981
290 983
290 1000
291 311
291 391
291 494
291 535
291 540
291 545
291 575
291 785
291 811
291 825
291 862
291 911
291 938
291 953
291 978
291 988
292 302
292 311
292 418
292 477
292 575
292 579
292 599
292 650
292 661
292 675
292 693
292 774
292 792
292 813
292 849
292 862
292 876
292 911
292 938
292 964
293 348
293 447
293 448
293 522
293 548
293 560
293 669
293 803
293 817
293 894
293 961
293 977
294 297
294 312
294 316
294 326
294 361
294 379
294 417
294 447
294 456
294 486
294 535
294 539
294 578
294 589
294 608
294 613
294 635
294 637
294 653
294 699
294 725
294 753
294 779
294 787
294 790
294 792
294 799
294 803
294 806
294 840
294 846
294 869
294 873
294 923
294 924
294 970
294 995
295 319
295 358
295 384
295 415
295 431
295 442
295 453
295 466
295 481
295 574
295 605
295 637
295 639
295 669
295 673
295 717
295 722
295 724
295 789
295 794
295 830
295 835
295 874
295 893
295 912
295 935
295 942
295 1000
296 298
296 457
296 463
296 466
296 551
296 571
296 629
296 662
296 664
296 738
296 755
296 903
296 964
296 993
297 318
297 327
297 361
297 379
297 417
297 419
297 421
297 426
297 434
297 437
297 447
297 456
297 465
297 479
297 486
297 535
297 539
297 554
297 564
297 635
297 653
297 699
297 723
297 754
297 765
297 779
297 787
297 789
297 790
297 803
297 808
297 840
297 846
297 853
297 873
297 889
297 903
297 923
297 937
297 941
297 970
298 324
298 355
298 360
298 394
298 403
298 409
298 455
298 457
298 479
298 496
298 538
298 551
298 571
298 755
298 891
298 993
299 319
299 326
299 391
299 402
299 433
299 449
299 458
299 459
299 473
299 527
299 540
299 541
299 543
299 547
299 580
299 599
299 603
299 608
299 699
299 714
299 736
299 801
299 826
299 879
299 880
299 884
299 907
299 939
299 962
299 965
299 969
299 980
299 981
299 988
300 453
300 544
300 547
300 638
300 648
300 649
300 655
300 658
300 676
300 682
300 708
300 757
300 808
300 823
300 918
300 921
300 978
301 304
301 311
301 398
301 418
301 434
301 539
301 571
301 575
301 775
301 851
301 862
301 911
301 938
301 964
302 306
302 307
302 320
302 341
302 346
302 371
302 396
302 408
302 411
302 456
302 477
302 489
302 516
302 561
302 589
302 591
302 627
302 647
302 655
302 661
302 703
302 724
302 727
302 763
302 770
302 782
302 789
302 819
302 883
302 913
302 990
303 435
303 466
303 469
303 527
303 549
303 638
303 736
303 821
303 850
303 855
303 905
303 938
303 946
303 960
304 307
304 319
304 322
304 325
304 326
304 394
304 395
304 444
304 459
304 473
304 502
304 510
304 523
304 543
304 580
304 599
304 603
304 625
304 628
304 818
304 839
304 851
304 856
304 865
304 879
304 962
304 981
304 988
305 313
305 328
305 366
305 390
305 447
305 454
305 528
305 548
305 550
305 556
305 566
305 582
305 595
305 763
305 781
305 814
305 849
305 885
305 886
305 915
305 924
306 371
306 411
306 535
306 589
306 661
307 315
307 320
307 336
307 371
307 408
307 412
307 541
307 552
307 577
307 591
307 638
307 647
307 665
307 668
307 670
307 675
307 678
307 690
307 708
307 716
307 747
307 763
307 771
307 876
307 907
307 918
307 941
307 995
308 314
308 326
308 405
308 418
308 437
308 494
308 545
308 580
308 587
308 621
308 647
308 687
308 741
308 816
308 836
308 862
308 880
308 887
308 919
308 953
308 964
308 974
308 975
308 980
308 990
309 352
309 415
309 538
309 606
309 766
309 856
309 866
309 916
309 981
309 985
310 416
310 557
310 559
310 712
310 721
310 749
310 756
310 764
310 801
310 810
310 815
310 822
310 976
310 978
310 992
311 400
311 467
311 477
311 494
311 517
311 554
311 575
311 592
311 647
311 690
311 693
311 719
311 744
311 782
311 813
311 826
311 862
311 887
311 990
312 321
312 339
312 349
312 357
312 361
312 450
312 461
312 506
312 563
312 678
312 705
312 777
312 793
312 800
312 852
312 909
312 952
313 359
313 366
313 402
313 556
313 693
313 735
313 781
313 804
313 817
313 846
313 915
313 946
314 430
314 480
314 520
314 556
314 559
314 563
314 721
314 764
314 771
314 824
314 841
314 946
314 947
314 999
315 333
315 413
315 441
315 446
315 467
315 548
315 691
315 695
315 723
315 756
315 757
315 799
315 805
315 857
315 892
315 900
315 916
315 917
315 976
315 992
315 994
315 996
316 327
316 328
316 361
316 379
316 395
316 456
316 458
316 475
316 518
316 535
316 539
316 635
316 652
316 681
316 686
316 733
316 779
316 822
316 831
316 846
316 910
316 923
316 941
316 970
316 973
317 334
317 493
317 502
317 506
317 566
317 586
317 754
317 872
317 979
317 999
318 387
318 405
318 433
318 462
318 583
318 672
318 702
318 714
318 719
318 729
318 798
318 837
318 987
319 335
319 391
319 481
319 530
319 544
319 580
319 599
319 652
319 682
319 693
319 714
319 717
319 774
319 779
319 789
319 801
319 809
319 860
319 879
319 899
319 907
320 360
320 411
320 429
320 459
320 470
320 489
320 494
320 561
320 571
320 591
320 647
320 675
320 724
320 763
320 770
320 805
320 835
320 839
320 927
320 955
320 961
321 346
321 439
321 456
321 458
321 524
321 535
321 552
321 563
321 622
321 662
321 678
321 744
321 765
321 952
321 980
322 326
322 391
322 452
322 589
322 599
322 603
322 608
322 625
322 674
322 879
322 907
322 923
322 939
323 338
323 384
323 419
323 490
323 505
323 510
323 525
323 739
323 744
323 782
323 791
323 837
323 844
323 882
323 894
323 907
323 958
323 995
324 370
324 388
324 398
324 448
324 449
324 522
324 546
324 552
324 553
324 578
324 608
324 683
324 719
324 846
324 854
324 879
324 885
324 898
324 905
324 916
324 940
324 969
324 982
324 997
325 391
325 421
325 481
325 534
325 539
325 580
325 603
325 625
325 638
325 714
325 739
325 801
325 839
325 879
325 902
325 939
325 965
325 969
325 982
325 988
326 365
326 373
326 481
326 485
326 580
326 599
326 603
326 614
326 622
326 625
326 714
326 725
326 733
326 801
326 818
326 865
326 879
326 880
326 907
326 939
326 965
326 969
326 981
326 998
327 447
327 456
327 539
327 574
327 578
327 615
327 653
327 657
327 779
327 787
327 790
327 792
327 795
327 801
327 810
328 366
328 390
328 406
328 454
328 460
328 466
328 506
328 513
328 522
328 534
328 550
328 556
328 582
328 609
328 735
328 780
328 781
328 794
328 814
328 849
328 874
328 886
328 915
328 944
328 946
328 989
328 991
329 369
329 410
329 550
329 563
329 710
329 829
329 870
329 964
329 983
330 413
330 454
330 503
330 558
330 732
330 766
330 832
330 910
330 928
331 350
331 511
331 666
331 694
331 747
331 773
331 858
331 898
332 346
332 367
332 416
332 450
332 500
332 714
332 725
332 749
332 815
332 822
332 978
332 992
333 401
333 410
333 446
333 452
333 467
333 473
333 488
333 594
333 617
333 681
333 683
333 688
333 694
333 695
333 726
333 741
333 756
333 793
333 805
333 809
333 811
333 822
333 857
333 869
333 892
333 900
333 905
333 976
334 489
334 601
334 702
334 710
334 782
334 813
334 829
334 870
334 884
334 901
334 1000
335 443
335 567
335 573
335 579
335 623
335 684
335 788
335 812
335 875
335 879
335 941
335 986
336 394
336 416
336 500
336 561
336 580
336 724
336 763
336 770
337 339
337 358
337 391
337 431
337 481
337 564
337 579
337 584
337 610
337 637
337 639
337 677
337 717
337 722
337 737
337 757
337 790
337 820
337 830
337 850
337 874
337 935
337 942
337 981
337 983
338 354
338 356
338 386
338 490
338 505
338 507
338 510
338 532
338 605
338 718
338 744
338 790
338 793
338 844
338 861
338 923
338 932
338 942
338 996
339 422
339 444
339 457
339 563
339 614
339 678
339 771
339 794
339 834
339 856
339 907
339 952
340 359
340 390
340 404
340 414
340 564
340 594
340 661
340 679
340 702
340 720
340 731
340 790
340 820
340 857
340 862
341 429
341 497
341 519
341 813
341 953
342 668
342 698
342 710
342 851
342 889
342 904
342 927
342 932
342 956
342 980
343 357
343 372
343 387
343 505
343 537
343 701
343 729
343 770
343 815
343 847
343 978
343 988
344 483
344 513
344 553
344 566
344 570
344 575
344 585
344 775
344 777
344 836
344 916
344 930
345 348
345 391
345 438
345 492
345 514
345 586
345 604
345 691
345 950
345 968
346 373
346 439
346 599
346 640
346 734
346 884
346 952
347 400
347 402
347 443
347 486
347 549
347 599
347 732
347 747
347 798
347 853
347 861
347 896
347 901
347 922
347 932
347 987
347 995
348 410
348 413
348 436
348 528
348 545
348 611
348 627
348 630
348 636
348 673
348 787
348 792
348 818
348 858
348 927
348 928
349 404
349 468
349 534
349 580
349 632
349 710
349 835
349 917
350 471
350 494
350 571
350 595
350 621
350 633
350 644
350 655
350 708
350 709
350 747
350 751
350 802
350 816
350 826
350 830
350 862
350 876
350 911
350 938
350 953
350 980
351 548
351 577
351 633
351 654
351 704
351 749
351 790
351 833
351 847
351 850
351 862
351 960
351 984
352 422
352 441
352 573
352 606
352 614
352 766
352 985
353 433
353 462
353 538
353 702
353 837
353 936
354 412
354 476
354 490
354 542
354 583
354 611
354 747
354 888
355 363
355 412
355 501
355 512
355 569
355 653
355 856
355 860
355 864
355 884
355 890
355 906
355 995
355 996
356 413
356 424
356 426
356 567
356 594
356 723
356 756
356 816
356 836
356 856
356 857
356 959
357 373
357 420
357 524
357 573
357 678
357 771
357 790
357 804
357 817
357 881
357 893
357 938
357 952
358 368
358 399
358 481
358 574
358 637
358 647
358 653
358 687
358 733
358 776
358 803
359 391
359 392
359 420
359 581
359 727
359 738
359 838
359 897
360 390
360 403
360 406
360 409
360 457
360 489
360 551
360 571
360 946
360 993
361 383
361 398
361 468
361 488
361 535
361 539
361 589
361 608
361 653
361 718
361 733
361 752
361 779
361 787
361 922
362 418
362 419
362 425
362 436
362 455
362 531
362 533
362 542
362 558
362 645
362 652
362 667
362 785
362 830
362 832
362 910
362 930
363 486
363 586
363 633
363 682
363 704
363 713
363 762
363 893
363 894
363 955
364 462
364 562
364 581
364 664
364 672
364 837
364 937
364 945
365 418
365 460
365 464
365 550
365 557
365 565
365 575
365 597
365 602
365 702
365 707
365 791
365 911
365 933
365 979
366 390
366 399
366 505
366 513
366 550
366 556
366 558
366 561
366 642
366 671
366 726
366 781
366 797
366 915
366 921
366 946
366 958
366 965
366 991
367 390
367 404
367 425
367 444
367 483
367 586
367 759
367 783
367 925
367 997
368 415
368 637
368 639
368 673
368 691
368 692
368 717
368 722
368 728
368 737
368 747
368 750
368 757
368 764
368 789
368 807
368 828
368 830
368 837
368 882
368 915
368 983
369 389
369 490
369 493
369 514
369 586
369 609
369 732
369 748
369 769
369 777
369 782
369 819
369 829
369 870
369 1000
370 525
370 527
370 537
370 565
370 704
370 779
370 847
370 893
370 981
371 411
371 489
371 516
371 619
371 639
371 647
371 661
371 681
371 689
371 696
371 727
371 770
371 815
371 819
371 823
371 857
371 913
371 933
372 382
372 432
372 436
372 448
372 537
372 701
372 984
372 987
373 390
373 439
373 456
373 524
373 724
373 771
373 952
373 981
373 987
373 990
374 445
374 528
374 586
374 643
374 684
374 685
374 701
374 790
374 918
374 982
375 400
375 402
375 416
375 442
375 453
375 536
375 609
375 616
375 646
375 657
375 710
375 804
375 866
375 896
375 899
375 908
375 922
375 927
375 934
375 995
376 389
376 405
376 455
376 460
376 462
376 507
376 581
376 635
376 654
376 672
376 760
376 795
376 856
376 930
376 967
377 532
377 583
377 645
377 697
377 759
377 762
377 797
377 917
378 565
378 577
378 579
378 633
378 658
378 713
378 722
378 784
378 804
378 863
378 893
378 955
378 984
379 391
379 456
379 510
379 526
379 535
379 608
379 637
379 779
379 787
379 790
379 884
379 903
379 957
379 965
380 433
380 642
380 652
380 726
380 764
380 921
380 966
380 981
381 406
381 408
381 490
381 494
381 498
381 511
381 518
381 576
381 666
381 740
381 743
381 782
382 482
382 484
382 537
382 701
382 767
382 806
382 855
383 424
383 425
383 605
383 655
383 754
383 782
383 892
383 943
384 396
384 483
384 510
384 587
384 694
384 841
384 844
384 927
385 407
385 425
385 500
385 558
385 586
385 625
385 721
385 747
385 750
385 795
385 799
385 826
385 920
385 924
386 395
386 487
386 543
386 570
386 594
386 643
386 651
386 684
386 689
386 718
386 789
386 945
386 961
387 405
387 502
387 548
387 555
387 562
387 581
387 660
387 664
387 672
387 674
387 729
387 802
387 807
387 837
387 843
387 856
387 863
387 903
387 918
387 936
387 937
387 947
387 951
387 959
387 989
388 434
388 446
388 448
388 449
388 581
388 659
388 739
388 898
388 940
388 944
388 982
389 451
389 517
389 603
389 638
389 690
389 710
389 711
389 734
389 748
389 769
389 772
389 782
389 804
389 829
389 870
389 885
389 913
389 946
389 1000
390 407
390 454
390 500
390 519
390 550
390 556
390 575
390 582
390 671
390 698
390 708
390 761
390 780
390 781
390 814
390 840
390 866
390 893
390 899
390 915
390 946
390 977
390 991
391 418
391 543
391 599
391 714
391 788
391 801
391 865
391 871
391 879
391 965
391 988
392 420
392 471
392 500
392 508
392 685
392 838
392 952
392 968
393 403
393 513
393 566
393 615
393 641
393 661
393 730
393 735
393 775
393 777
393 796
393 916
394 491
394 497
394 578
394 650
394 681
394 729
394 974
394 993
395 453
395 461
395 597
395 624
395 651
395 684
395 698
395 718
395 765
395 878
395 904
396 412
396 570
396 629
396 637
396 661
396 671
396 681
396 689
397 407
397 459
397 464
397 472
397 511
397 518
397 527
397 694
397 696
397 752
397 765
397 890
397 914
397 921
397 936
397 938
397 986
398 420
398 437
398 548
398 560
398 590
398 626
398 674
398 689
398 694
398 755
398 802
398 817
398 856
398 902
398 977
398 979
399 486
399 502
399 556
399 593
399 692
399 735
399 753
399 912
399 951
400 504
400 516
400 532
400 614
400 616
400 632
400 646
400 657
400 686
400 695
400 732
400 747
400 861
400 896
400 899
400 901
400 902
400 908
400 922
400 932
400 934
400 939
400 948
400 977
400 987
401 402
401 441
401 482
401 484
401 569
401 731
401 751
401 759
401 866
401 924
401 949
401 957
401 968
401 978
401 984
402 478
402 482
402 552
402 614
402 646
402 686
402 732
402 742
402 747
402 796
402 818
402 861
402 899
402 901
402 908
402 922
402 932
402 934
402 947
402 948
402 987
402 998
403 466
403 479
403 487
403 496
403 507
403 551
403 586
403 642
403 755
403 993
404 414
404 564
404 618
404 656
404 713
404 720
404 820
404 919
404 936
405 416
405 472
405 476
405 482
405 542
405 581
405 602
405 664
405 672
405 674
405 709
405 729
405 733
405 776
405 798
405 843
405 856
405 863
405 936
405 967
405 999
405 1000
406 432
406 580
406 605
406 666
406 716
406 781
406 959
406 980
407 555
407 556
407 664
407 744
407 781
407 827
407 915
407 946
408 489
408 524
408 553
408 561
408 589
408 590
408 591
408 598
408 643
408 647
408 658
408 675
408 724
408 727
408 790
408 840
409 479
409 487
409 571
409 587
409 629
409 743
409 755
409 841
409 909
409 960
409 993
410 517
410 638
410 868
410 873
410 880
410 888
410 918
411 459
411 489
411 556
411 561
411 589
411 609
411 651
411 661
411 763
411 913
412 489
412 500
412 589
412 591
412 675
412 689
412 724
412 779
412 790
412 835
412 913
412 922
412 929
412 974
412 992
413 424
413 446
413 452
413 467
413 571
413 594
413 617
413 654
413 691
413 723
413 726
413 756
413 757
413 798
413 799
413 811
413 825
413 830
413 857
413 902
413 959
413 982
413 996
414 541
414 552
414 564
414 581
414 643
414 656
414 720
414 763
414 784
414 785
414 820
414 919
415 442
415 454
415 466
415 481
415 494
415 539
415 574
415 576
415 590
415 635
415 639
415 640
415 717
415 722
415 732
415 750
415 786
415 838
416 451
416 634
416 662
416 725
416 749
416 810
416 814
416 815
416 822
416 929
416 970
416 992
417 486
417 526
417 535
417 539
417 608
417 733
417 779
417 826
417 831
417 871
417 902
417 917
417 923
417 970
417 971
418 429
418 474
418 494
418 575
418 595
418 644
418 652
418 657
418 690
418 693
418 707
418 709
418 801
418 834
418 862
418 938
418 990
419 486
419 536
419 573
419 576
419 659
419 700
419 807
419 864
419 929
419 975
420 434
420 471
420 626
420 650
420 897
421 435
421 469
421 549
421 569
421 676
421 699
421 708
421 821
421 842
421 850
421 877
421 905
421 960
421 989
422 490
422 606
422 700
422 766
422 812
422 939
422 985
422 990
423 445
423 464
423 600
423 631
423 776
423 778
423 836
423 943
423 973
424 520
424 594
424 688
424 719
424 757
424 811
424 826
424 857
424 892
424 900
424 918
424 926
424 996
425 483
425 488
425 568
425 584
425 586
425 588
425 594
425 620
425 648
425 670
425 679
425 721
425 758
425 768
425 823
425 925
425 983
425 997
426 475
426 501
426 592
426 615
426 619
426 702
426 753
426 825
426 883
426 890
427 453
427 517
427 536
427 611
427 648
427 658
427 676
428 460
428 503
428 529
428 619
428 659
428 672
428 682
428 705
428 744
428 760
428 785
428 819
428 827
428 845
428 954
429 491
429 632
429 907
429 909
429 937
429 971
430 438
430 481
430 522
430 523
430 553
430 649
430 652
430 672
430 704
430 728
430 827
430 966
431 603
431 637
431 639
431 660
431 661
431 673
431 682
431 717
431 722
431 794
431 828
431 830
431 942
431 954
432 442
432 447
432 481
432 489
432 521
432 581
432 637
432 639
432 673
432 765
433 455
433 462
433 502
433 562
433 581
433 604
433 654
433 664
433 672
433 837
433 843
433 848
433 936
433 937
433 967
433 987
433 997
433 998
434 506
434 636
434 663
434 751
434 758
434 772
434 872
434 982
434 999
435 453
435 549
435 582
435 643
435 679
435 795
435 842
435 850
435 905
435 912
435 941
435 960
435 989
436 531
436 533
436 547
436 558
436 610
436 667
436 819
436 928
436 939
436 959
437 481
437 518
437 530
437 543
437 593
437 609
437 692
437 735
437 753
437 787
437 801
437 845
437 912
437 932
437 951
437 964
438 451
438 523
438 533
438 553
438 642
438 649
438 652
438 724
438 745
438 793
438 869
438 872
438 881
438 966
438 980
438 990
439 458
439 521
439 524
439 678
439 704
439 730
439 824
439 837
439 854
440 448
440 449
440 496
440 497
440 503
440 522
440 552
440 600
440 633
440 673
440 708
440 719
440 797
440 802
440 819
440 898
440 982
441 482
441 484
441 515
441 568
441 569
441 584
441 690
441 706
441 746
441 757
441 795
441 807
441 852
441 857
441 866
441 924
441 957
442 445
442 462
442 481
442 624
442 637
442 661
442 677
442 722
442 751
442 804
442 805
442 830
442 874
442 894
442 935
442 989
443 478
443 530
443 614
443 616
443 632
443 646
443 657
443 747
443 861
443 881
443 896
443 922
443 932
443 948
443 970
444 475
444 495
444 501
444 580
444 615
444 619
444 695
444 845
444 884
445 466
445 535
445 631
445 697
445 763
445 776
445 836
445 860
445 943
445 959
445 973
446 452
446 458
446 504
446 594
446 649
446 683
446 688
446 691
446 725
446 756
446 811
446 857
446 892
446 900
446 926
446 954
446 959
446 996
447 456
447 486
447 494
447 526
447 529
447 539
447 578
447 608
447 635
447 653
447 670
447 699
447 733
447 752
447 779
447 792
447 821
447 826
447 840
447 856
447 903
447 970
448 449
448 546
448 552
448 553
448 719
448 764
448 828
448 831
448 851
448 854
448 855
448 898
448 931
448 940
448 944
448 976
448 980
448 982
448 994
449 489
449 522
449 546
449 553
449 606
449 681
449 695
449 719
449 847
449 898
449 931
449 963
449 982
450 500
450 706
450 714
450 731
450 852
450 866
450 910
450 929
451 516
451 627
451 660
451 674
451 692
451 893
451 951
451 972
452 467
452 506
452 536
452 594
452 607
452 617
452 660
452 688
452 691
452 695
452 723
452 726
452 728
452 756
452 785
452 799
452 809
452 811
452 814
452 857
452 900
452 908
452 910
452 954
452 959
452 996
453 519
453 547
453 658
453 664
453 676
453 743
453 767
453 786
453 808
453 823
453 956
453 999
454 550
454 562
454 567
454 702
454 761
454 780
454 781
454 814
454 849
454 852
454 897
454 991
454 995
455 462
455 556
455 562
455 581
455 660
455 702
455 709
455 726
455 817
455 825
455 843
455 935
455 936
455 937
456 482
456 486
456 501
456 502
456 526
456 535
456 539
456 577
456 578
456 608
456 653
456 656
456 699
456 733
456 746
456 779
456 787
456 790
456 792
456 803
456 834
456 846
456 871
456 923
456 941
456 970
457 487
457 516
457 551
457 571
457 891
457 898
457 993
458 524
458 562
458 563
458 574
458 619
458 678
458 713
458 781
458 783
458 837
458 841
458 952
459 463
459 473
459 599
459 600
459 603
459 607
459 625
459 659
459 694
459 709
459 714
459 719
459 786
459 865
459 879
459 886
459 907
459 965
459 981
459 988
459 991
460 528
460 533
460 536
460 538
460 573
460 581
460 669
460 700
460 711
460 731
460 783
460 807
460 856
460 893
460 929
460 975
461 627
461 718
461 729
461 765
462 495
462 535
462 562
462 581
462 605
462 619
462 630
462 660
462 664
462 674
462 702
462 727
462 740
462 809
462 820
462 837
462 856
462 863
462 930
462 931
462 936
462 937
462 967
463 495
463 536
463 572
463 574
463 591
463 596
463 618
463 679
463 680
463 703
463 795
463 828
463 859
463 891
463 894
463 942
463 950
463 963
464 520
464 655
464 656
464 682
464 689
464 694
464 721
464 746
464 765
464 914
464 915
464 921
464 974
464 986
465 490
465 540
465 542
465 622
465 665
465 668
465 698
465 750
465 876
465 889
465 904
465 927
465 933
465 979
466 481
466 492
466 493
466 522
466 543
466 608
466 639
466 675
466 689
466 717
466 722
466 750
466 804
466 820
466 830
466 981
467 519
467 580
467 594
467 639
467 683
467 688
467 726
467 756
467 757
467 769
467 789
467 809
467 857
467 912
467 954
467 959
468 567
468 583
468 587
468 678
468 713
468 973
469 509
469 683
469 706
469 708
469 842
469 850
469 989
470 481
470 515
470 576
470 647
470 747
470 770
470 783
470 793
470 799
470 883
470 894
471 634
471 682
471 699
471 703
471 734
471 838
471 897
471 942
472 511
472 514
472 518
472 520
472 693
472 694
472 721
472 765
472 792
472 921
472 970
473 551
473 580
473 584
473 599
473 603
473 661
473 714
473 801
473 865
473 871
473 889
473 907
473 939
473 958
473 965
474 540
474 639
474 648
474 676
474 761
474 774
474 822
474 954
474 983
475 490
475 501
475 512
475 517
475 551
475 585
475 615
475 697
475 725
475 805
475 820
475 825
475 845
475 867
475 883
475 884
475 890
475 906
475 971
476 504
476 571
476 636
476 654
476 747
476 787
476 858
476 882
476 910
477 478
477 518
477 693
477 734
477 765
477 862
477 924
477 938
477 990
478 580
478 614
478 616
478 747
478 810
478 861
478 868
478 890
478 932
478 934
478 995
479 571
479 654
479 725
479 931
480 544
480 602
480 778
480 800
480 903
481 514
481 574
481 598
481 603
481 626
481 637
481 639
481 640
481 685
481 722
481 727
481 728
481 730
481 756
481 789
481 794
481 830
481 935
481 942
481 975
481 985
482 562
482 649
482 697
482 706
482 727
482 731
482 759
482 825
482 828
482 852
482 866
482 867
482 885
482 906
482 949
482 957
483 488
483 500
483 568
483 584
483 586
483 624
483 659
483 670
483 752
483 768
483 787
483 801
483 892
483 958
483 997
484 500
484 665
484 669
484 737
484 774
484 852
484 938
485 520
485 577
485 578
485 586
485 633
485 704
485 783
485 801
485 847
485 932
485 984
486 535
486 539
486 578
486 608
486 653
486 656
486 688
486 713
486 733
486 779
486 787
486 790
486 831
486 840
486 870
486 918
486 964
486 981
487 571
487 665
487 732
487 993
488 569
488 586
488 925
489 532
489 577
489 647
489 675
489 689
489 696
489 724
489 727
489 764
489 770
489 816
489 835
489 879
489 913
489 938
489 968
489 973
490 505
490 507
490 553
490 649
490 653
490 779
490 830
490 838
490 896
490 903
491 510
491 615
491 668
491 683
491 717
491 967
492 514
492 521
492 550
492 589
492 604
492 634
492 645
492 673
492 730
492 786
492 814
492 851
492 874
492 950
492 952
492 966
492 968
493 551
493 663
493 672
493 772
493 839
493 999
494 575
494 587
494 592
494 595
494 621
494 634
494 644
494 652
494 675
494 690
494 693
494 709
494 727
494 760
494 774
494 813
494 826
494 845
494 846
494 854
494 862
494 866
494 876
494 894
494 908
494 911
494 938
494 953
494 975
494 980
495 515
495 537
495 572
495 618
495 639
495 656
495 895
496 571
496 680
496 842
496 902
496 955
496 993
497 523
497 594
497 630
497 651
497 779
497 814
498 537
498 576
498 641
498 783
498 784
498 878
498 900
498 969
499 518
499 520
499 608
499 659
499 694
499 723
499 914
499 921
499 980
500 565
500 588
500 670
500 689
500 721
500 726
500 758
500 771
500 773
500 925
500 997
501 585
501 615
501 619
501 673
501 680
501 697
501 747
501 782
501 825
501 845
501 860
501 884
501 906
501 944
501 945
501 982
501 986
502 581
502 597
502 652
502 708
502 798
502 827
502 845
502 936
502 937
502 945
502 960
503 519
503 529
503 549
503 682
503 705
503 751
503 819
503 827
503 884
503 935
503 958
504 548
504 663
504 726
504 802
504 817
504 902
505 507
505 510
505 660
505 744
505 767
505 844
505 848
505 882
506 644
506 699
506 973
507 510
507 525
507 589
507 627
507 739
507 740
507 744
507 862
507 937
508 524
508 650
508 685
508 897
508 924
509 616
509 638
509 667
509 717
509 920
510 556
510 559
510 590
510 605
510 683
510 844
511 518
511 520
511 641
511 719
511 757
511 765
511 801
511 862
511 906
511 921
511 986
512 520
512 585
512 589
512 649
512 697
512 814
512 825
512 845
512 884
512 896
512 900
512 946
512 987
513 582
513 589
513 641
513 657
513 664
513 775
513 777
513 796
513 916
514 521
514 592
514 604
514 655
514 730
514 738
514 786
514 935
515 572
515 596
515 636
515 781
515 795
515 859
515 938
515 963
515 996
516 527
516 589
516 642
516 753
516 756
516 770
516 888
516 913
517 519
517 611
517 858
517 873
517 918
517 996
518 520
518 527
518 545
518 592
518 655
518 694
518 752
518 765
518 847
518 914
518 921
518 974
519 547
519 587
519 648
519 657
519 676
519 690
519 721
519 734
519 808
519 823
519 907
519 956
519 967
520 592
520 637
520 694
520 752
520 765
520 833
520 846
520 921
520 932
520 974
520 986
521 528
521 575
521 607
521 634
521 655
521 673
521 715
521 717
521 730
521 738
521 967
521 968
521 994
522 552
522 855
522 898
522 931
522 949
523 535
523 642
523 649
523 672
523 714
523 811
523 966
524 563
524 572
524 675
524 676
524 678
524 771
524 824
524 841
524 879
524 907
524 947
524 952
525 581
525 590
525 605
525 654
525 724
525 739
525 771
525 853
525 871
525 882
525 913
525 946
525 962
525 990
526 535
526 539
526 635
526 653
526 679
526 766
526 779
526 787
526 798
526 840
526 843
526 846
526 903
526 971
526 993
527 694
527 765
527 787
527 914
527 986
528 550
528 556
528 584
528 761
528 780
528 781
528 814
528 892
528 946
529 545
529 580
529 610
529 660
529 682
529 705
529 753
529 760
529 787
529 819
529 958
530 581
530 593
530 627
530 699
530 724
530 735
530 903
530 912
530 951
531 542
531 544
531 558
531 667
531 686
531 750
531 785
531 832
531 910
531 922
531 928
531 939
532 534
532 560
532 586
532 599
532 664
532 773
532 875
532 917
532 969
533 542
533 597
533 785
533 831
533 910
534 553
534 583
534 684
534 876
534 997
535 539
535 550
535 578
535 608
535 613
535 722
535 733
535 754
535 779
535 787
535 792
535 798
535 803
535 831
535 832
535 834
535 840
535 847
535 871
535 903
535 923
535 980
535 995
536 573
536 659
536 669
536 686
536 700
536 711
536 733
536 764
536 783
536 807
536 864
536 880
536 929
537 560
537 616
537 652
537 767
537 857
537 861
537 893
538 594
538 709
538 759
538 818
538 861
538 868
539 578
539 593
539 608
539 630
539 653
539 663
539 700
539 702
539 717
539 733
539 754
539 758
539 779
539 790
539 816
539 831
539 840
539 844
539 846
539 880
539 891
539 923
539 941
539 946
540 567
540 579
540 751
540 832
540 846
541 561
541 562
541 614
541 913
541 918
542 595
542 646
542 705
542 726
542 771
543 625
543 643
543 723
543 818
543 879
543 969
544 601
544 603
544 648
544 658
544 668
544 676
544 688
544 708
544 808
544 823
544 838
545 554
545 561
545 575
545 579
545 644
545 687
545 690
545 693
545 709
545 826
545 834
545 876
546 584
546 719
546 860
546 868
546 898
546 931
546 940
546 945
546 982
547 549
547 599
547 648
547 658
547 701
547 722
547 777
547 823
547 859
547 861
547 893
547 895
547 970
547 985
548 581
548 626
548 712
548 740
548 785
548 802
548 902
548 961
548 977
548 981
548 992
549 577
549 580
549 622
549 708
549 770
549 821
549 842
549 850
549 865
549 878
549 879
549 905
549 960
549 989
550 556
550 609
550 639
550 662
550 671
550 680
550 761
550 780
550 781
550 797
550 814
550 858
550 946
550 998
551 556
551 629
551 716
551 862
551 891
551 951
551 993
552 649
552 719
552 854
552 898
552 925
552 931
552 940
552 944
553 647
553 668
553 779
553 780
553 830
553 915
553 982
554 586
554 702
554 721
554 725
554 783
554 803
554 920
554 925
554 984
555 660
555 702
555 718
555 729
555 747
555 762
555 790
555 837
555 909
555 937
556 557
556 559
556 598
556 609
556 632
556 639
556 671
556 761
556 769
556 780
556 781
556 783
556 797
556 806
556 814
556 838
556 847
556 849
556 874
556 886
556 915
556 946
556 965
556 991
557 574
557 587
557 590
557 594
557 707
557 791
557 832
557 899
557 933
557 979
558 777
558 785
558 888
558 907
558 925
558 959
559 702
559 769
559 806
559 819
559 915
559 937
559 939
559 946
559 978
560 568
560 730
560 894
560 902
560 904
560 945
560 977
561 689
561 714
561 767
561 901
561 913
561 915
562 672
562 673
562 798
562 859
562 878
562 936
563 641
563 720
563 750
563 770
563 784
563 947
564 720
564 799
564 827
564 846
564 908
565 617
565 648
565 660
565 704
565 729
565 750
565 762
565 832
565 928
566 583
566 625
566 775
566 777
566 796
566 850
566 884
566 916
566 966
567 673
567 703
567 733
567 774
567 812
567 848
567 886
568 584
568 586
568 624
568 670
568 758
568 831
568 833
568 944
568 977
569 731
569 732
569 759
569 852
569 865
569 866
569 867
569 905
569 917
569 924
569 949
569 957
569 964
570 621
570 685
570 756
570 769
570 872
570 945
571 573
571 575
571 614
571 629
571 661
571 755
571 897
571 954
571 993
572 596
572 618
572 625
572 792
572 809
572 828
572 858
572 859
572 895
572 908
572 963
573 693
573 764
573 783
573 807
573 929
574 588
574 610
574 639
574 640
574 669
574 673
574 677
574 717
574 722
574 738
574 789
574 914
574 935
574 942
574 973
575 579
575 587
575 595
575 612
575 621
575 623
575 644
575 661
575 690
575 717
575 759
575 774
575 813
575 816
575 826
575 859
575 862
575 876
575 887
575 911
575 913
575 964
575 996
576 740
576 784
576 986
577 598
577 633
577 704
577 713
577 762
577 791
577 833
577 847
577 854
577 893
577 925
577 955
577 984
578 608
578 653
578 733
578 779
578 783
578 790
578 800
578 801
578 803
578 846
578 852
578 883
578 903
578 928
578 941
578 970
579 591
579 592
579 594
579 621
579 645
579 693
579 702
579 709
579 748
579 774
579 813
579 816
579 826
579 862
579 876
579 912
579 938
579 964
579 990
580 594
580 599
580 603
580 625
580 644
580 736
580 818
580 819
580 839
580 865
580 907
580 925
580 939
580 969
580 981
580 988
581 597
581 654
581 660
581 664
581 670
581 672
581 674
581 688
581 702
581 709
581 729
581 752
581 763
581 798
581 837
581 839
581 843
581 849
581 863
581 936
581 937
581 967
581 971
581 998
582 675
582 749
582 780
582 781
582 798
582 933
582 946
583 722
583 724
583 773
583 778
583 812
583 917
583 947
584 586
584 588
584 624
584 768
584 803
584 920
584 925
584 931
584 979
585 697
585 720
585 725
585 741
585 773
585 823
585 825
585 845
585 884
585 897
586 588
586 599
586 605
586 624
586 670
586 675
586 721
586 758
586 768
586 997
587 607
587 693
587 732
587 774
587 813
587 826
587 836
587 843
587 862
587 937
587 938
587 964
588 620
588 624
588 645
588 670
588 679
588 768
588 807
588 890
588 920
588 997
589 591
589 661
589 675
589 689
589 724
589 727
589 763
589 780
589 823
589 835
589 923
589 960
589 962
589 982
590 739
590 764
590 817
590 819
590 850
590 856
590 932
591 733
591 770
591 808
591 875
592 630
592 656
592 694
592 709
592 765
592 787
592 841
592 849
592 921
593 687
593 735
593 742
593 967
594 610
594 636
594 652
594 672
594 680
594 683
594 688
594 691
594 695
594 704
594 714
594 723
594 726
594 741
594 756
594 757
594 790
594 799
594 805
594 809
594 811
594 834
594 857
594 892
594 900
594 926
594 954
594 959
594 976
594 994
594 1000
595 690
595 709
595 826
596 618
596 622
596 679
596 695
596 720
596 795
596 810
596 828
596 859
596 872
596 917
596 963
597 654
597 660
597 664
597 747
597 774
597 837
597 843
597 861
597 909
597 930
597 936
597 967
598 676
598 780
598 781
598 862
598 910
598 946
599 603
599 628
599 646
599 714
599 736
599 801
599 816
599 837
599 843
599 848
599 865
599 878
599 879
599 907
599 911
599 930
599 939
599 965
599 969
599 981
600 645
600 669
600 719
600 732
600 797
600 844
600 879
600 898
601 644
601 729
601 829
601 870
601 885
601 926
601 940
601 1000
602 707
602 738
602 781
602 791
602 812
602 826
602 920
602 979
602 981
603 625
603 627
603 628
603 644
603 727
603 745
603 801
603 818
603 847
603 865
603 907
603 917
603 925
603 939
603 969
603 996
604 621
604 634
604 715
604 730
604 864
604 888
604 950
604 968
605 618
605 664
605 691
605 739
605 758
605 844
606 693
606 722
606 739
606 766
606 985
606 991
607 715
607 730
607 919
607 968
608 613
608 635
608 688
608 691
608 724
608 733
608 758
608 779
608 787
608 790
608 803
608 831
608 840
608 846
608 903
608 909
608 913
608 923
608 941
608 986
609 637
609 654
609 780
609 781
609 946
609 990
610 637
610 696
610 750
610 804
610 922
610 950
610 965
611 665
611 841
611 888
611 917
611 977
612 654
612 664
612 672
612 798
612 810
612 816
612 837
612 843
612 907
612 923
612 946
612 996
613 731
613 733
613 761
613 779
613 875
613 923
613 961
613 969
613 970
613 999
614 632
614 646
614 654
614 657
614 727
614 732
614 747
614 767
614 846
614 896
614 899
614 908
614 922
614 942
614 987
615 616
615 664
615 671
615 694
615 761
615 825
615 845
615 883
615 884
615 904
616 632
616 646
616 657
616 679
616 683
616 719
616 729
616 731
616 747
616 861
616 896
616 911
616 922
617 639
617 688
617 776
617 834
617 857
617 900
617 907
617 926
617 954
617 996
618 715
618 795
618 888
619 637
619 646
619 653
619 697
619 702
619 774
619 816
619 825
619 838
619 845
619 860
619 883
619 884
619 912
619 919
619 969
619 971
619 974
619 979
620 670
620 808
620 879
620 925
620 990
620 997
621 644
621 646
621 649
621 752
621 774
621 813
621 862
621 879
621 923
621 938
621 990
622 801
622 879
622 880
622 907
622 969
622 981
622 986
622 990
622 997
623 765
623 908
623 999
624 639
624 673
624 689
624 721
624 733
624 797
624 894
624 895
624 919
624 925
624 997
625 714
625 719
625 727
625 748
625 793
625 874
625 880
625 939
625 962
625 967
625 969
625 973
625 988
626 781
626 817
626 894
626 982
627 692
627 707
627 735
627 753
627 755
627 912
627 972
628 801
628 865
628 907
628 965
628 969
629 696
629 884
629 979
630 638
630 855
630 896
630 989
631 776
631 778
631 786
631 792
631 836
631 882
631 892
631 943
631 973
632 646
632 657
632 695
632 826
632 861
632 875
632 896
632 899
632 922
632 932
632 934
632 995
633 704
633 713
633 762
633 833
633 847
633 893
633 984
634 673
634 702
634 730
634 757
634 911
635 653
635 689
635 790
635 813
635 846
635 903
636 743
636 763
636 834
636 858
636 868
636 888
636 923
636 954
637 639
637 673
637 717
637 722
637 783
637 789
637 804
637 830
637 872
637 874
637 875
637 927
637 935
638 652
638 925
639 673
639 716
639 717
639 728
639 750
639 789
639 794
639 823
639 829
639 830
639 839
639 884
639 942
640 711
640 717
640 722
640 804
640 908
640 930
640 935
640 967
641 676
641 775
641 777
641 916
641 943
641 976
641 983
642 649
642 674
642 728
642 752
642 895
642 959
642 966
642 977
642 996
643 674
643 685
643 717
643 718
643 878
643 925
643 927
643 945
644 687
644 690
644 693
644 723
644 766
644 794
644 808
644 813
644 826
644 876
644 887
644 937
644 990
645 731
645 745
645 787
645 793
645 850
645 894
645 916
645 966
645 993
646 732
646 742
646 861
646 899
646 920
646 922
646 932
646 934
646 948
646 957
646 964
646 972
646 987
646 995
647 661
647 688
647 689
647 722
647 723
647 780
647 835
647 913
647 925
648 658
648 674
648 676
648 763
648 804
648 823
648 870
648 956
648 969
649 729
649 759
650 661
650 674
650 726
650 908
650 988
651 674
651 684
651 685
651 865
651 878
651 936
651 945
652 878
653 666
653 699
653 733
653 790
653 792
653 803
653 831
653 846
653 903
653 912
653 941
653 970
654 664
654 672
654 702
654 729
654 732
654 837
654 863
654 917
654 928
654 936
654 937
654 998
655 675
655 765
655 837
655 946
655 950
656 712
656 720
656 820
656 861
656 919
656 957
657 686
657 730
657 732
657 747
657 756
657 778
657 802
657 861
657 908
657 925
658 676
658 757
658 808
658 822
659 700
659 783
659 785
659 807
659 923
659 929
660 674
660 702
660 837
660 884
660 937
660 998
661 675
661 682
661 689
661 696
661 724
661 727
661 777
661 824
661 835
661 850
661 933
661 968
661 1000
662 688
662 733
662 738
662 791
662 917
662 963
663 772
663 817
663 852
663 872
663 898
663 950
663 999
664 672
664 676
664 683
664 770
664 809
664 856
664 909
664 937
665 740
665 858
665 953
666 743
667 690
667 697
667 849
667 857
667 910
667 928
668 686
668 698
668 851
668 855
668 889
668 904
668 927
669 714
669 783
669 807
669 837
669 864
669 870
669 929
669 933
669 975
670 721
670 726
670 768
670 997
671 680
671 693
671 781
671 886
671 907
671 936
671 984
672 674
672 696
672 702
672 729
672 746
672 754
672 837
672 857
672 909
672 911
672 936
672 948
672 967
672 998
673 717
673 722
673 747
673 750
673 794
673 798
673 804
673 831
673 862
673 946
673 1000
674 679
674 702
674 729
674 760
674 779
674 797
674 875
674 892
674 930
674 936
674 967
674 990
675 687
675 847
675 865
675 913
675 950
675 972
676 744
676 808
676 823
677 722
677 942
678 688
678 694
678 715
678 729
678 771
678 799
678 820
678 824
678 947
678 964
678 965
678 966
678 971
679 786
679 795
679 828
679 871
679 895
679 913
680 750
680 781
680 809
680 821
680 870
680 938
681 689
681 770
682 705
682 760
682 827
682 935
683 723
683 726
683 756
683 799
683 809
683 811
683 857
683 862
683 892
683 954
683 968
683 996
684 718
684 878
684 945
684 995
685 714
685 718
685 962
685 965
686 717
686 722
686 747
686 788
686 794
686 861
686 872
686 908
686 922
686 932
686 934
686 967
686 987
687 690
687 774
687 813
687 816
687 933
687 938
687 988
688 691
688 695
688 713
688 726
688 756
688 757
688 777
688 799
688 811
688 869
688 879
688 892
688 900
688 901
688 926
688 948
688 996
689 696
689 717
689 724
689 761
689 763
689 779
689 789
689 852
689 871
689 913
689 926
690 708
690 709
690 801
690 813
690 826
690 876
690 893
690 938
691 726
691 756
691 759
691 804
691 857
691 892
691 900
691 926
691 954
692 768
692 912
692 972
693 702
693 718
693 760
693 767
693 774
693 803
693 863
693 898
693 911
693 946
693 953
693 964
693 980
693 993
694 695
694 752
694 765
694 859
694 921
694 974
694 986
695 723
695 741
695 809
695 861
695 900
695 926
695 954
695 996
696 697
696 770
696 795
697 700
697 702
697 736
697 825
697 836
697 845
697 884
697 906
697 971
698 733
698 836
698 851
698 855
698 875
698 904
698 927
698 963
698 973
698 988
699 716
699 733
699 779
699 783
699 790
699 792
700 807
700 857
700 929
700 950
700 975
701 816
701 901
702 746
702 761
702 837
702 846
702 861
702 909
702 921
702 931
702 936
702 937
702 967
702 972
702 983
702 987
703 812
703 848
703 911
703 914
704 713
704 715
704 762
704 779
704 833
704 847
704 955
704 957
704 961
705 827
705 958
706 731
706 760
706 852
706 866
706 867
706 924
706 949
706 950
707 788
707 791
707 800
707 802
707 912
708 821
708 842
708 850
708 905
708 960
708 964
708 982
708 989
709 862
709 911
709 914
709 990
709 995
710 847
710 870
710 876
710 885
710 899
710 983
710 989
710 1000
711 735
711 764
711 772
711 783
711 900
711 929
711 944
711 970
711 975
712 725
712 765
712 794
712 810
712 842
712 864
712 962
712 978
712 992
713 762
713 789
713 809
713 833
713 847
713 873
713 934
713 967
713 971
713 977
713 984
714 716
714 801
714 818
714 865
714 879
714 880
714 907
714 914
714 962
714 985
714 988
715 730
715 744
715 902
715 950
715 968
716 784
716 846
717 722
717 730
717 825
717 942
717 953
718 719
718 727
718 821
718 903
719 804
719 816
719 854
719 858
719 898
719 940
719 944
719 982
720 820
720 886
720 919
721 877
721 888
722 728
722 775
722 794
722 795
722 804
722 830
722 841
722 874
722 935
722 942
723 726
723 756
723 799
723 805
723 807
723 811
723 834
723 959
723 963
723 996
724 778
724 791
724 835
724 874
724 914
724 970
725 733
725 749
725 754
725 810
725 815
725 822
725 925
725 992
725 993
726 741
726 799
726 811
726 857
726 865
726 869
726 892
726 900
726 954
726 967
726 996
727 730
727 770
727 913
727 956
727 959
728 893
728 909
728 966
729 779
729 798
729 799
729 837
729 843
729 856
729 876
729 889
729 904
729 937
729 967
730 786
730 804
730 900
730 936
730 950
730 989
730 994
731 759
731 780
731 805
731 816
731 852
731 862
731 866
731 867
731 949
731 957
732 740
732 747
732 839
732 861
732 889
732 896
732 899
732 901
732 906
732 920
732 922
732 932
732 934
732 948
732 949
732 995
733 734
733 738
733 754
733 779
733 781
733 792
733 803
733 831
733 840
733 844
733 846
733 849
733 880
733 903
733 914
733 936
733 941
733 970
734 784
734 814
734 826
734 838
734 987
735 753
735 763
735 922
735 955
735 972
736 765
736 801
736 879
736 930
736 965
736 969
737 745
737 753
737 804
737 815
737 830
737 893
737 998
738 791
738 825
738 897
738 935
739 891
740 743
740 784
741 756
741 857
741 959
741 982
741 1000
742 747
742 868
742 908
742 932
744 773
744 815
744 844
744 857
744 926
744 975
745 763
745 785
745 955
745 964
746 766
746 792
746 950
747 794
747 798
747 810
747 842
747 861
747 899
747 901
747 908
747 932
747 942
747 948
747 995
748 749
748 769
748 779
748 829
748 837
748 870
748 1000
749 791
749 810
749 822
749 845
749 869
749 986
749 992
750 756
750 766
750 794
750 804
750 830
750 936
750 942
750 955
750 994
751 769
751 840
751 845
751 918
751 986
751 1000
752 765
752 781
752 894
752 897
752 914
752 986
753 783
753 823
753 835
753 845
753 882
753 885
753 912
754 787
754 792
754 793
754 903
755 891
755 903
755 957
755 985
756 757
756 799
756 805
756 811
756 857
756 869
756 887
756 892
756 900
756 954
756 964
756 980
756 996
757 774
757 809
757 852
757 857
757 900
757 935
757 994
758 781
758 790
758 925
758 994
759 819
759 852
759 866
759 867
759 924
759 949
759 965
760 819
760 827
760 865
760 958
761 780
761 781
761 797
761 886
761 946
761 991
762 800
762 955
762 984
763 790
763 953
763 964
764 783
764 807
764 929
764 932
764 975
765 775
765 914
765 921
765 942
765 974
766 853
766 985
767 889
767 930
767 934
768 797
768 935
768 997
769 796
769 829
769 844
769 870
769 885
769 955
769 983
770 807
770 918
770 926
770 938
771 916
771 932
771 938
771 947
771 952
772 910
772 946
772 999
773 775
773 969
773 980
774 805
774 816
774 876
774 911
774 964
775 777
775 796
775 845
775 889
775 916
775 981
776 778
776 819
776 823
776 839
776 943
777 796
777 855
778 943
778 973
779 787
779 788
779 790
779 803
779 816
779 824
779 831
779 846
779 871
779 903
779 914
779 923
779 927
779 941
779 949
779 970
780 781
780 797
780 806
780 830
780 849
780 886
780 915
780 946
780 991
781 788
781 793
781 797
781 814
781 861
781 863
781 869
781 886
781 915
781 942
781 946
781 964
782 793
782 844
782 870
782 982
782 983
782 1000
783 803
783 807
783 808
783 853
783 864
783 929
783 950
783 975
784 877
784 879
785 832
785 853
785 910
785 928
785 945
786 821
786 843
786 888
786 968
787 790
787 792
787 803
787 848
787 871
787 903
787 923
787 943
787 970
788 800
788 806
788 883
788 913
788 979
788 991
789 804
789 935
790 792
790 793
790 923
790 931
790 943
790 970
791 800
791 933
791 997
792 803
792 845
792 903
792 970
794 935
794 941
795 820
795 859
795 963
796 800
796 916
796 945
796 976
797 814
797 849
797 859
797 863
797 946
797 991
798 856
798 897
798 936
799 809
799 857
799 869
799 892
799 948
799 959
799 981
800 859
800 964
800 979
801 818
801 839
801 860
801 865
801 907
801 909
801 912
801 927
801 935
801 939
801 962
801 965
801 969
801 985
802 854
802 902
802 961
802 977
802 985
803 835
803 846
803 916
803 923
803 951
804 849
804 902
804 942
804 993
805 809
805 862
805 866
805 895
805 896
805 984
806 849
806 861
806 881
806 885
806 907
806 946
807 912
807 921
807 929
807 935
807 960
807 975
808 823
809 857
809 892
809 996
810 815
810 931
810 992
811 854
811 875
811 879
811 892
811 897
811 915
811 954
811 996
812 848
813 816
813 827
813 864
813 939
813 953
813 964
813 976
813 986
814 915
815 941
815 978
815 992
816 862
816 885
816 900
816 911
817 856
817 878
817 929
817 961
817 977
818 907
818 939
818 945
818 965
818 969
818 981
819 827
819 958
820 887
820 919
820 934
821 842
821 850
821 960
822 904
822 930
822 956
822 964
822 978
822 992
823 852
823 956
824 831
824 841
824 952
825 829
825 845
825 860
825 883
825 890
825 906
825 953
825 971
825 997
826 842
826 862
826 876
826 887
826 911
826 964
827 855
828 845
828 859
828 895
828 963
829 870
829 877
829 887
829 922
829 974
829 987
829 1000
830 861
830 935
830 942
830 947
830 970
831 843
831 846
831 903
831 984
831 988
832 833
832 898
832 928
832 929
832 937
832 989
833 847
833 851
833 856
833 893
833 984
833 991
834 857
834 892
834 933
834 959
834 976
835 862
836 973
836 984
837 853
837 863
837 906
837 930
837 937
837 941
837 967
838 930
839 849
839 865
839 907
839 915
839 939
840 846
840 902
840 907
841 873
841 880
841 896
841 925
841 947
842 850
842 882
842 905
842 960
842 989
842 992
843 856
843 864
843 870
843 916
843 930
843 937
843 967
845 884
845 890
845 906
846 871
846 903
846 923
846 941
846 974
846 988
847 893
847 938
847 955
848 885
848 993
850 905
850 942
850 960
850 989
851 855
851 889
851 924
851 927
852 867
852 916
852 924
852 949
852 957
853 934
853 938
853 985
853 996
854 898
854 936
854 982
854 990
855 857
855 889
855 904
855 921
855 931
855 980
856 889
856 931
856 936
856 970
856 986
857 869
857 892
857 900
857 901
857 909
857 910
857 917
857 926
857 951
857 954
857 959
857 976
857 994
859 895
859 932
859 999
860 883
860 884
860 887
860 890
860 901
860 938
860 968
860 971
861 878
861 896
861 899
861 901
861 908
861 922
861 932
861 934
861 948
861 973
861 987
861 995
862 876
862 911
862 913
862 923
862 938
862 953
862 964
862 990
863 888
863 930
863 936
863 937
863 998
864 871
864 929
864 975
865 876
865 879
865 907
865 921
865 939
865 949
865 965
865 969
865 981
865 988
866 867
866 885
866 913
866 919
866 949
866 957
867 891
867 892
867 893
867 949
868 870
868 888
868 911
869 896
869 903
869 996
870 882
870 983
870 993
870 1000
872 925
872 999
873 925
874 913
874 942
874 947
874 992
876 877
876 911
876 953
876 964
876 980
876 990
877 896
877 937
878 905
879 905
879 907
879 909
879 935
879 939
879 962
879 965
880 907
880 917
880 939
880 981
881 986
882 944
882 983
882 993
883 971
884 890
884 906
884 907
884 971
885 1000
886 915
887 897
887 911
887 938
887 964
888 918
888 932
888 981
889 904
889 936
890 969
891 921
891 962
891 993
892 924
892 928
892 954
892 996
893 936
893 955
893 984
894 902
894 945
894 961
894 977
895 966
896 901
896 903
896 908
896 914
896 922
896 987
896 990
896 995
896 1000
897 916
897 977
898 900
898 931
898 944
898 982
899 901
899 922
899 934
900 926
900 976
900 996
901 922
901 941
901 948
901 995
902 961
902 977
902 985
903 923
904 927
904 987
905 920
905 931
905 943
905 989
905 990
906 938
906 975
907 925
907 951
907 962
907 965
907 969
907 981
907 988
908 922
908 948
908 987
909 936
910 928
911 953
911 964
911 990
913 923
914 921
914 974
914 986
915 927
916 966
917 946
917 962
917 981
917 996
918 968
919 945
920 925
920 997
921 929
921 972
921 974
921 986
922 932
922 934
922 948
922 995
922 996
923 970
923 978
924 949
924 952
924 957
925 997
927 950
928 996
929 956
929 958
929 967
929 975
930 937
930 967
931 969
932 948
932 987
934 975
936 937
936 950
936 967
936 998
937 941
937 950
937 998
938 964
938 990
939 965
939 969
939 981
940 944
940 982
942 963
942 989
943 973
946 961
946 975
946 990
946 991
949 950
949 957
954 959
954 996
955 960
955 984
957 961
959 994
960 987
960 989
961 977
962 981
964 966
964 980
965 969
965 981
965 995
968 969
969 981
972 975
972 983
973 988
974 982
976 996
978 992
982 991
994 996
997 1000
