# LFR benchmark graph: regime=S mu=0.4 realization=2
# undirected, unweighted; 1-based node ids; each edge listed once.
1 29
1 106
1 149
1 161
1 190
1 209
1 283
1 314
1 343
1 358
1 534
1 590
1 613
1 666
1 676
1 707
1 783
1 850
1 856
1 952
1 958
2 11
2 39
2 120
2 133
2 160
2 311
2 350
2 386
2 439
2 466
2 492
2 513
2 539
2 550
2 557
2 566
2 626
2 658
2 659
2 678
2 752
2 771
2 783
2 799
2 872
2 876
2 927
2 953
2 992
3 237
3 293
3 471
3 492
3 495
3 615
3 646
3 662
3 683
3 734
3 738
3 783
3 801
3 813
3 914
3 919
3 949
3 961
4 6
4 66
4 137
4 151
4 159
4 167
4 227
4 276
4 447
4 469
4 507
4 512
4 585
4 664
4 707
4 760
4 774
4 789
4 876
5 24
5 50
5 74
5 164
5 290
5 323
5 374
5 396
5 539
5 580
5 591
5 616
5 675
5 703
5 758
5 806
5 814
5 818
5 820
5 823
5 908
5 911
5 955
6 77
6 85
6 89
6 97
6 132
6 169
6 261
6 274
6 275
6 281
6 313
6 391
6 395
6 403
6 409
6 410
6 413
6 432
6 496
6 511
6 550
6 567
6 580
6 593
6 613
6 614
6 621
6 667
6 683
6 687
6 690
6 723
6 735
6 792
6 799
6 821
6 866
6 892
7 28
7 63
7 125
7 203
7 323
7 350
7 389
7 390
7 394
7 420
7 449
7 489
7 566
7 587
7 672
7 676
7 692
7 720
7 857
7 987
8 28
8 174
8 208
8 389
8 390
8 394
8 410
8 439
8 449
8 450
8 506
8 514
8 565
8 581
8 603
8 604
8 657
8 692
8 747
8 750
8 900
8 919
9 17
9 39
9 85
9 87
9 98
9 112
9 166
9 206
9 208
9 233
9 286
9 291
9 315
9 326
9 328
9 354
9 364
9 374
9 404
9 444
9 450
9 455
9 466
9 496
9 588
9 607
9 620
9 638
9 641
9 649
9 708
9 711
9 716
9 721
9 737
9 768
9 789
9 854
9 909
9 916
9 936
9 953
9 976
9 977
10 15
10 24
10 36
10 54
10 84
10 96
10 163
10 221
10 278
10 325
10 406
10 428
10 438
10 533
10 536
10 538
10 553
10 585
10 593
10 656
10 660
10 671
10 711
10 752
10 758
10 789
10 792
10 832
10 878
10 908
10 931
10 946
10 948
10 970
10 986
11 120
11 215
11 248
11 261
11 282
11 369
11 448
11 501
11 547
11 608
11 626
11 746
11 771
11 791
11 794
11 844
11 852
11 872
11 876
11 881
11 930
11 935
11 992
12 332
12 369
12 418
12 462
12 579
12 633
12 700
12 731
12 817
12 900
12 919
12 972
12 976
13 19
13 104
13 108
13 281
13 302
13 306
13 338
13 440
13 582
13 697
13 827
13 896
14 22
14 35
14 62
14 66
14 103
14 150
14 151
14 261
14 275
14 282
14 304
14 340
14 391
14 395
14 409
14 511
14 590
14 623
14 688
14 690
14 701
14 716
14 788
14 796
14 892
15 24
15 36
15 66
15 84
15 134
15 137
15 146
15 168
15 249
15 325
15 451
15 508
15 554
15 656
15 683
15 706
15 854
15 970
16 23
16 47
16 99
16 144
16 152
16 218
16 232
16 293
16 310
16 408
16 455
16 464
16 486
16 495
16 501
16 548
16 574
16 580
16 590
16 660
16 663
16 676
16 737
16 747
16 777
16 782
16 800
16 900
16 944
16 976
16 997
17 55
17 107
17 175
17 261
17 279
17 331
17 395
17 403
17 409
17 505
17 518
17 525
17 554
17 572
17 596
17 597
17 650
17 683
17 796
17 797
17 799
17 851
17 876
17 892
17 979
18 113
18 124
18 129
18 176
18 221
18 236
18 262
18 336
18 413
18 431
18 500
18 505
18 509
18 544
18 559
18 605
18 613
18 702
18 767
18 777
18 805
18 811
18 818
18 828
18 841
18 860
18 881
18 901
18 940
18 950
18 961
18 985
18 986
19 41
19 45
19 133
19 141
19 145
19 201
19 220
19 338
19 448
19 492
19 517
19 595
19 596
19 635
19 697
19 760
19 799
19 854
19 887
19 931
19 936
19 967
20 55
20 57
20 90
20 92
20 112
20 120
20 150
20 158
20 165
20 172
20 184
20 189
20 194
20 229
20 239
20 276
20 287
20 308
20 327
20 341
20 388
20 404
20 425
20 437
20 441
20 451
20 463
20 491
20 510
20 523
20 560
20 620
20 623
20 629
20 636
20 694
20 725
20 732
20 738
20 750
20 791
20 815
20 821
20 860
20 866
20 938
20 974
20 976
21 23
21 63
21 66
21 106
21 113
21 114
21 218
21 293
21 340
21 411
21 458
21 486
21 495
21 501
21 503
21 508
21 519
21 590
21 594
21 600
21 690
21 711
21 780
21 782
21 785
21 800
21 813
21 873
21 886
21 923
21 924
21 987
21 997
22 100
22 118
22 124
22 152
22 211
22 229
22 272
22 348
22 350
22 393
22 400
22 428
22 465
22 485
22 507
22 527
22 530
22 608
22 610
22 611
22 615
22 616
22 639
22 707
22 713
22 726
22 730
22 779
22 889
22 929
22 975
22 978
23 25
23 85
23 114
23 122
23 152
23 218
23 235
23 249
23 293
23 395
23 408
23 458
23 561
23 590
23 593
23 596
23 652
23 657
23 676
23 684
23 727
23 734
23 737
23 800
23 835
23 836
23 837
23 997
24 146
24 211
24 240
24 325
24 438
24 459
24 520
24 533
24 567
24 581
24 584
24 614
24 656
24 662
24 664
24 671
24 708
24 832
24 837
24 877
24 891
24 931
24 946
24 952
24 970
25 27
25 29
25 126
25 165
25 202
25 300
25 322
25 351
25 399
25 434
25 512
25 518
25 534
25 537
25 560
25 590
25 655
25 682
25 690
25 719
25 744
25 759
25 781
25 786
25 844
25 846
25 851
25 925
25 996
26 29
26 72
26 112
26 163
26 169
26 236
26 261
26 275
26 281
26 331
26 354
26 395
26 403
26 409
26 416
26 510
26 511
26 644
26 649
26 683
26 690
26 718
26 747
26 818
26 892
26 901
26 959
27 28
27 65
27 111
27 141
27 174
27 196
27 253
27 315
27 389
27 398
27 470
27 478
27 500
27 543
27 573
27 585
27 658
27 698
27 768
27 821
27 867
27 923
27 941
28 46
28 93
28 202
28 204
28 245
28 251
28 264
28 353
28 373
28 389
28 390
28 394
28 410
28 420
28 449
28 451
28 581
28 603
28 623
28 663
28 672
28 676
28 688
28 691
28 692
28 794
28 904
28 913
28 920
28 965
29 31
29 63
29 70
29 169
29 188
29 261
29 279
29 330
29 358
29 395
29 419
29 435
29 511
29 721
29 799
29 892
30 102
30 236
30 246
30 288
30 321
30 383
30 388
30 415
30 416
30 453
30 503
30 516
30 559
30 634
30 751
30 764
30 815
30 816
30 831
30 876
30 898
30 919
30 926
30 958
31 48
31 88
31 166
31 190
31 193
31 195
31 229
31 236
31 248
31 270
31 278
31 294
31 296
31 310
31 315
31 360
31 368
31 383
31 386
31 398
31 407
31 441
31 443
31 446
31 448
31 481
31 486
31 493
31 510
31 513
31 546
31 559
31 573
31 576
31 583
31 619
31 622
31 636
31 682
31 714
31 715
31 722
31 723
31 755
31 797
31 834
31 845
31 852
31 859
31 894
31 914
32 66
32 74
32 86
32 224
32 252
32 274
32 282
32 290
32 297
32 304
32 306
32 323
32 341
32 432
32 494
32 576
32 586
32 619
32 653
32 675
32 703
32 755
32 758
32 768
32 777
32 803
32 806
32 818
32 820
32 878
32 911
32 912
32 967
33 42
33 51
33 132
33 219
33 308
33 328
33 359
33 378
33 388
33 421
33 492
33 543
33 554
33 623
33 643
33 645
33 729
33 747
33 760
33 768
33 813
34 95
34 140
34 172
34 203
34 234
34 247
34 435
34 475
34 483
34 535
34 536
34 556
34 559
34 591
34 656
34 674
34 733
34 770
34 782
34 829
34 875
34 893
34 901
34 963
34 996
35 145
35 146
35 149
35 155
35 164
35 197
35 275
35 278
35 379
35 413
35 415
35 434
35 439
35 447
35 553
35 861
35 924
35 992
36 126
36 146
36 163
36 182
36 202
36 325
36 365
36 391
36 413
36 434
36 438
36 511
36 533
36 538
36 566
36 656
36 671
36 691
36 707
36 720
36 734
36 872
36 919
36 931
36 944
36 950
36 999
37 79
37 137
37 167
37 246
37 267
37 275
37 395
37 409
37 511
37 520
37 523
37 571
37 627
37 653
37 683
37 690
37 713
37 799
37 892
37 1000
38 50
38 77
38 159
38 276
38 277
38 385
38 498
38 519
38 715
38 756
38 759
38 807
38 815
38 831
38 876
38 889
38 895
38 922
38 923
38 985
39 178
39 204
39 208
39 210
39 249
39 348
39 354
39 397
39 404
39 517
39 588
39 649
39 711
39 721
39 761
39 766
39 768
39 791
39 938
39 946
39 976
40 52
40 103
40 162
40 172
40 209
40 210
40 227
40 248
40 298
40 301
40 316
40 331
40 375
40 421
40 474
40 489
40 522
40 582
40 587
40 597
40 606
40 614
40 649
40 658
40 787
40 828
40 847
40 872
40 958
41 50
41 148
41 152
41 157
41 159
41 214
41 305
41 480
41 547
41 608
41 636
41 652
41 819
41 921
42 170
42 198
42 261
42 449
42 484
42 501
42 503
42 587
42 716
42 773
42 846
42 927
43 50
43 92
43 176
43 235
43 283
43 301
43 313
43 372
43 375
43 425
43 451
43 583
43 611
43 686
43 791
43 800
43 831
43 936
43 938
43 980
43 996
44 71
44 126
44 140
44 163
44 165
44 290
44 300
44 314
44 350
44 405
44 429
44 434
44 500
44 528
44 587
44 616
44 630
44 664
44 689
44 742
44 767
44 781
44 874
44 996
45 71
45 137
45 203
45 309
45 337
45 431
45 449
45 454
45 522
45 565
45 704
45 749
45 790
45 843
45 938
45 991
46 69
46 73
46 85
46 111
46 167
46 196
46 326
46 393
46 449
46 525
46 565
46 578
46 587
46 679
46 696
46 774
47 82
47 122
47 176
47 212
47 230
47 464
47 691
47 701
47 758
47 766
47 788
47 799
47 821
47 864
47 946
48 56
48 104
48 156
48 166
48 188
48 193
48 195
48 272
48 278
48 296
48 303
48 360
48 372
48 383
48 441
48 446
48 448
48 462
48 493
48 546
48 550
48 562
48 583
48 619
48 622
48 627
48 636
48 649
48 663
48 664
48 682
48 714
48 722
48 723
48 749
48 791
48 799
48 800
48 835
48 837
48 845
48 852
48 866
48 916
48 926
48 945
48 947
48 959
48 971
48 985
48 999
49 66
49 69
49 151
49 196
49 274
49 362
49 366
49 415
49 696
49 728
49 774
49 945
50 54
50 91
50 95
50 112
50 140
50 150
50 164
50 177
50 182
50 184
50 188
50 219
50 276
50 289
50 350
50 372
50 425
50 456
50 484
50 495
50 501
50 570
50 596
50 600
50 612
50 629
50 638
50 753
50 759
50 843
50 866
50 893
50 895
50 977
50 980
50 996
51 109
51 127
51 195
51 231
51 240
51 304
51 539
51 588
51 664
51 756
51 762
51 796
52 72
52 80
52 97
52 129
52 221
52 267
52 339
52 365
52 369
52 413
52 465
52 627
52 633
52 684
52 747
52 767
52 784
52 811
52 826
52 863
52 874
52 883
52 902
52 950
52 966
52 972
52 974
52 986
53 121
53 207
53 227
53 252
53 263
53 372
53 384
53 385
53 446
53 457
53 517
53 661
53 705
53 706
53 740
53 841
54 110
54 162
54 173
54 236
54 365
54 477
54 519
54 537
54 573
54 585
54 808
54 880
55 62
55 88
55 94
55 134
55 135
55 207
55 212
55 224
55 230
55 240
55 265
55 268
55 286
55 289
55 297
55 301
55 323
55 328
55 368
55 435
55 458
55 471
55 483
55 515
55 531
55 547
55 556
55 589
55 606
55 617
55 645
55 652
55 653
55 695
55 705
55 707
55 713
55 731
55 749
55 754
55 762
55 775
55 789
55 794
55 807
55 819
55 824
55 827
55 830
55 840
55 883
55 902
55 912
55 920
55 935
56 112
56 153
56 179
56 207
56 218
56 240
56 241
56 297
56 335
56 363
56 471
56 478
56 506
56 556
56 562
56 610
56 645
56 653
56 675
56 689
56 707
56 794
56 842
56 851
56 912
56 988
56 997
57 74
57 105
57 112
57 157
57 307
57 338
57 787
57 790
57 797
57 808
57 884
58 67
58 70
58 80
58 108
58 135
58 141
58 194
58 206
58 284
58 302
58 321
58 331
58 418
58 428
58 436
58 458
58 475
58 559
58 585
58 595
58 599
58 601
58 616
58 621
58 628
58 667
58 680
58 715
58 785
58 815
58 817
58 898
58 914
58 927
58 929
58 946
58 960
58 983
59 62
59 164
59 217
59 265
59 296
59 365
59 602
59 727
59 810
59 846
59 894
59 911
59 931
60 226
60 272
60 290
60 303
60 310
60 444
60 448
60 495
60 521
60 572
60 672
60 713
60 738
60 791
60 912
60 944
61 115
61 233
61 271
61 291
61 341
61 376
61 381
61 480
61 510
61 589
61 690
61 698
61 789
61 823
61 935
62 131
62 179
62 224
62 230
62 245
62 250
62 289
62 297
62 363
62 368
62 371
62 389
62 435
62 436
62 471
62 506
62 531
62 545
62 563
62 644
62 653
62 705
62 749
62 758
62 775
62 794
62 802
62 813
62 819
62 824
62 841
62 920
62 956
62 963
63 66
63 74
63 164
63 204
63 249
63 266
63 282
63 283
63 318
63 323
63 330
63 357
63 366
63 398
63 432
63 476
63 576
63 580
63 675
63 687
63 704
63 724
63 727
63 728
63 791
63 803
63 809
63 818
63 820
63 843
63 847
63 914
63 955
63 957
63 961
63 967
64 85
64 158
64 283
64 432
64 582
64 702
64 706
64 707
64 778
64 786
64 938
64 986
65 134
65 174
65 202
65 248
65 257
65 298
65 302
65 357
65 389
65 398
65 404
65 450
65 468
65 491
65 500
65 507
65 543
65 573
65 618
65 635
65 713
65 717
65 746
65 747
65 773
65 821
65 859
65 861
65 867
65 888
65 912
65 923
65 941
65 970
65 994
66 74
66 86
66 92
66 113
66 176
66 211
66 259
66 282
66 322
66 370
66 451
66 503
66 574
66 576
66 586
66 604
66 610
66 622
66 635
66 649
66 658
66 683
66 703
66 704
66 755
66 767
66 803
66 806
66 809
66 814
66 818
66 820
66 822
66 823
66 833
66 847
66 893
66 912
66 955
66 967
67 70
67 85
67 90
67 121
67 127
67 153
67 165
67 194
67 231
67 268
67 272
67 284
67 340
67 427
67 429
67 441
67 458
67 501
67 506
67 534
67 547
67 559
67 577
67 580
67 592
67 595
67 599
67 628
67 669
67 677
67 680
67 724
67 738
67 785
67 835
67 850
67 898
67 927
67 946
67 948
67 960
67 983
67 985
67 999
68 99
68 103
68 163
68 208
68 244
68 263
68 274
68 354
68 362
68 368
68 369
68 442
68 449
68 500
68 513
68 558
68 580
68 641
68 665
68 708
68 716
68 721
68 761
68 909
68 938
68 976
68 977
69 74
69 151
69 196
69 221
69 361
69 387
69 415
69 559
69 582
69 640
69 774
69 785
69 787
69 791
69 817
69 842
69 901
69 972
69 980
70 90
70 153
70 187
70 194
70 237
70 245
70 279
70 287
70 302
70 304
70 340
70 347
70 354
70 359
70 427
70 442
70 458
70 475
70 536
70 599
70 667
70 675
70 677
70 738
70 785
70 830
70 858
70 898
70 929
70 936
70 951
70 960
70 961
70 983
70 985
71 116
71 140
71 270
71 286
71 316
71 449
71 467
71 614
71 631
71 650
71 668
71 803
71 817
71 836
71 860
71 888
71 911
71 924
71 949
71 997
72 152
72 183
72 216
72 282
72 297
72 352
72 454
72 527
72 615
72 629
72 652
72 893
72 901
72 912
72 996
72 1000
73 89
73 108
73 126
73 127
73 261
73 278
73 282
73 288
73 351
73 396
73 471
73 479
73 480
73 566
73 719
73 724
73 769
73 852
73 978
74 172
74 190
74 219
74 233
74 249
74 282
74 290
74 350
74 384
74 397
74 399
74 432
74 438
74 493
74 494
74 576
74 580
74 586
74 591
74 604
74 606
74 645
74 670
74 675
74 703
74 726
74 729
74 733
74 742
74 754
74 785
74 799
74 803
74 806
74 809
74 816
74 818
74 820
74 823
74 824
74 860
74 867
74 876
74 935
74 943
74 955
74 983
75 164
75 187
75 315
75 317
75 489
75 633
75 747
75 826
75 843
75 902
75 969
76 95
76 113
76 116
76 129
76 233
76 239
76 270
76 312
76 316
76 325
76 361
76 446
76 467
76 631
76 650
76 687
76 728
76 744
76 782
76 839
76 849
76 949
77 93
77 111
77 272
77 287
77 409
77 425
77 495
77 515
77 543
77 594
77 604
77 652
77 679
77 704
77 748
77 772
77 857
77 933
78 123
78 156
78 211
78 240
78 292
78 342
78 385
78 439
78 467
78 472
78 497
78 534
78 543
78 748
78 894
78 964
79 209
79 257
79 303
79 403
79 578
79 597
79 653
79 691
79 692
79 759
79 772
79 919
79 985
80 130
80 176
80 178
80 207
80 224
80 413
80 441
80 495
80 509
80 579
80 678
80 702
80 706
80 710
80 734
80 739
80 772
80 835
80 860
80 872
80 985
81 121
81 195
81 269
81 279
81 334
81 419
81 438
81 608
81 724
81 745
81 756
81 922
81 950
81 962
81 966
81 978
81 980
81 985
82 115
82 164
82 170
82 207
82 212
82 226
82 305
82 380
82 413
82 445
82 559
82 564
82 729
82 916
82 969
83 171
83 182
83 185
83 214
83 319
83 334
83 360
83 371
83 372
83 484
83 487
83 570
83 596
83 686
83 701
83 726
83 758
83 766
83 791
83 831
83 873
83 880
83 886
84 245
84 258
84 271
84 304
84 325
84 351
84 533
84 571
84 656
84 663
84 690
84 834
84 853
84 922
84 931
85 87
85 121
85 177
85 204
85 208
85 218
85 248
85 299
85 341
85 354
85 364
85 404
85 455
85 516
85 538
85 604
85 649
85 657
85 678
85 681
85 708
85 711
85 721
85 768
85 789
85 792
85 852
85 907
85 910
85 936
85 942
85 976
85 977
85 998
86 97
86 102
86 282
86 310
86 378
86 380
86 432
86 523
86 663
86 703
86 704
86 782
86 803
86 809
86 916
86 931
86 967
86 987
87 204
87 248
87 266
87 268
87 273
87 354
87 432
87 445
87 543
87 649
87 711
87 731
87 805
87 816
87 878
87 976
87 977
88 95
88 126
88 230
88 272
88 303
88 412
88 521
88 588
88 625
88 632
88 663
88 671
88 741
88 772
88 800
88 975
89 92
89 93
89 108
89 128
89 140
89 146
89 148
89 178
89 212
89 235
89 261
89 285
89 292
89 351
89 354
89 379
89 418
89 430
89 454
89 471
89 479
89 480
89 566
89 622
89 689
89 703
89 704
89 763
89 828
89 842
90 111
90 113
90 209
90 276
90 336
90 385
90 412
90 464
90 470
90 473
90 474
90 496
90 536
90 543
90 714
90 721
90 756
90 757
90 829
91 116
91 173
91 176
91 182
91 184
91 275
91 283
91 325
91 333
91 338
91 372
91 381
91 431
91 451
91 478
91 484
91 512
91 520
91 530
91 564
91 570
91 629
91 654
91 692
91 711
91 766
91 825
91 879
91 880
91 895
91 909
91 936
91 980
92 105
92 150
92 177
92 184
92 190
92 193
92 203
92 208
92 238
92 261
92 262
92 285
92 298
92 341
92 375
92 410
92 425
92 484
92 521
92 570
92 616
92 677
92 686
92 688
92 715
92 766
92 823
92 831
92 859
92 892
92 938
92 946
92 989
93 108
93 128
93 156
93 178
93 242
93 454
93 474
93 480
93 549
93 566
93 622
93 681
93 722
93 775
93 813
93 831
93 849
93 863
93 867
93 885
93 930
93 933
93 938
93 950
93 996
93 1000
94 179
94 207
94 264
94 289
94 297
94 435
94 511
94 591
94 626
94 645
94 653
94 705
94 777
94 807
94 827
94 892
94 902
94 912
95 172
95 229
95 247
95 255
95 325
95 352
95 389
95 396
95 402
95 405
95 413
95 415
95 419
95 420
95 483
95 520
95 536
95 539
95 544
95 603
95 616
95 633
95 638
95 673
95 682
95 685
95 692
95 741
95 761
95 803
95 817
95 851
95 865
95 878
95 890
95 899
95 901
95 914
95 966
95 991
96 119
96 125
96 237
96 248
96 379
96 396
96 416
96 485
96 627
96 670
96 723
96 740
96 754
96 831
96 957
97 100
97 110
97 111
97 122
97 133
97 148
97 163
97 217
97 219
97 220
97 238
97 268
97 323
97 339
97 361
97 405
97 408
97 431
97 476
97 484
97 500
97 624
97 632
97 647
97 660
97 684
97 753
97 763
97 804
97 819
97 867
97 881
97 884
97 896
97 897
97 919
97 937
97 943
97 955
98 188
98 194
98 458
98 497
98 538
98 580
98 587
98 656
98 724
98 748
98 782
98 868
98 996
99 106
99 122
99 149
99 177
99 182
99 199
99 201
99 244
99 350
99 359
99 402
99 410
99 437
99 534
99 577
99 613
99 666
99 778
99 783
99 835
99 840
99 850
99 856
99 865
99 911
99 952
99 972
100 134
100 255
100 350
100 391
100 393
100 459
100 473
100 485
100 527
100 530
100 582
100 611
100 615
100 648
100 679
100 730
100 747
100 777
100 790
100 812
100 877
100 888
100 927
100 932
100 978
100 985
101 142
101 259
101 283
101 309
101 337
101 343
101 348
101 361
101 471
101 472
101 505
101 506
101 536
101 640
101 692
101 701
101 776
101 826
101 870
101 884
101 901
101 999
102 137
102 167
102 193
102 226
102 246
102 321
102 328
102 516
102 542
102 580
102 619
102 648
102 826
102 895
102 908
103 179
103 215
103 219
103 231
103 266
103 279
103 293
103 308
103 313
103 349
103 388
103 395
103 501
103 506
103 538
103 554
103 567
103 591
103 611
103 744
103 791
103 910
103 933
104 128
104 133
104 145
104 165
104 259
104 267
104 338
104 368
104 413
104 461
104 531
104 541
104 577
104 635
104 650
104 697
104 721
104 801
104 887
104 896
105 157
105 294
105 318
105 342
105 476
105 543
105 553
105 695
105 771
105 989
105 1000
106 149
106 161
106 199
106 200
106 201
106 243
106 261
106 353
106 358
106 387
106 416
106 419
106 427
106 486
106 515
106 534
106 538
106 566
106 579
106 585
106 613
106 666
106 718
106 739
106 749
106 773
106 778
106 783
106 814
106 840
106 880
106 952
107 132
107 185
107 189
107 212
107 362
107 366
107 385
107 442
107 448
107 664
107 682
107 744
107 758
107 807
107 823
107 836
107 909
108 175
108 178
108 252
108 281
108 284
108 288
108 340
108 351
108 435
108 451
108 479
108 480
108 491
108 714
108 804
108 823
108 849
108 863
108 897
108 910
108 933
109 249
109 268
109 290
109 315
109 344
109 432
109 447
109 455
109 492
109 500
109 516
109 535
109 539
109 580
109 604
109 675
109 703
109 807
109 814
109 818
109 865
109 867
109 882
109 955
109 973
110 122
110 210
110 226
110 238
110 268
110 307
110 361
110 431
110 500
110 572
110 647
110 660
110 727
110 729
110 743
110 747
110 755
110 763
110 786
110 900
110 919
111 136
111 148
111 168
111 220
111 238
111 267
111 268
111 289
111 297
111 307
111 315
111 351
111 357
111 417
111 431
111 484
111 610
111 624
111 643
111 660
111 670
111 676
111 690
111 701
111 733
111 736
111 753
111 755
111 776
111 795
111 804
111 821
111 825
111 829
111 854
111 881
111 892
111 897
111 907
111 919
111 932
111 955
111 996
112 138
112 283
112 372
112 485
112 570
112 619
112 731
112 782
112 783
112 798
112 831
113 382
113 387
113 523
113 692
113 807
113 876
113 900
113 902
114 175
114 212
114 218
114 232
114 305
114 434
114 457
114 465
114 469
114 478
114 495
114 501
114 530
114 545
114 559
114 593
114 611
114 615
114 641
114 652
114 678
114 763
114 859
114 882
114 884
114 931
114 968
114 997
115 150
115 178
115 179
115 197
115 282
115 290
115 307
115 355
115 529
115 535
115 539
115 559
115 576
115 602
115 662
115 675
115 703
115 809
115 818
115 823
116 270
116 316
116 353
116 461
116 467
116 528
116 533
116 591
116 631
116 648
116 650
116 668
116 676
116 690
116 817
116 839
116 910
116 923
116 930
116 933
116 938
116 949
117 133
117 370
117 371
117 457
117 482
117 553
117 670
117 671
117 698
117 779
117 807
117 851
117 920
118 302
118 319
118 430
118 519
118 532
118 550
118 598
118 675
118 696
118 730
118 779
118 837
118 932
118 977
119 210
119 237
119 244
119 597
119 602
119 604
119 627
119 693
119 703
119 712
119 777
119 936
120 141
120 146
120 254
120 278
120 311
120 384
120 419
120 492
120 515
120 550
120 571
120 596
120 608
120 659
120 661
120 771
120 855
120 876
120 983
120 992
121 130
121 227
121 285
121 346
121 365
121 425
121 457
121 517
121 536
121 555
121 562
121 565
121 599
121 603
121 661
121 728
121 740
121 840
121 841
121 851
121 911
122 142
122 148
122 164
122 211
122 217
122 220
122 238
122 257
122 268
122 293
122 308
122 313
122 357
122 358
122 361
122 429
122 431
122 544
122 551
122 570
122 583
122 597
122 624
122 647
122 660
122 669
122 670
122 727
122 729
122 740
122 752
122 776
122 795
122 804
122 817
122 819
122 826
122 829
122 835
122 836
122 840
122 846
122 881
122 897
122 919
122 930
122 957
123 132
123 229
123 425
123 456
123 471
123 554
123 579
123 672
123 751
123 830
123 919
123 925
124 160
124 163
124 412
124 426
124 527
124 561
124 603
124 795
124 983
125 207
125 247
125 250
125 269
125 320
125 334
125 420
125 462
125 676
125 726
125 826
125 890
125 966
125 977
125 991
126 156
126 165
126 208
126 212
126 234
126 300
126 302
126 329
126 377
126 385
126 434
126 512
126 518
126 528
126 636
126 664
126 819
126 836
126 897
126 908
126 914
127 140
127 157
127 206
127 253
127 455
127 473
127 505
127 682
127 695
127 707
127 759
127 773
127 848
127 862
127 978
128 175
128 196
128 210
128 225
128 229
128 249
128 282
128 346
128 454
128 722
129 170
129 176
129 196
129 198
129 299
129 313
129 360
129 361
129 362
129 451
129 503
129 564
129 575
129 597
129 635
129 700
129 702
129 734
129 767
129 811
129 828
129 860
129 945
129 961
129 965
129 971
129 982
129 986
129 994
130 161
130 229
130 354
130 403
130 431
130 803
130 888
130 896
130 897
131 145
131 159
131 170
131 259
131 277
131 305
131 326
131 383
131 552
131 713
131 746
131 750
131 862
131 878
131 922
131 966
131 976
132 141
132 152
132 186
132 198
132 203
132 224
132 258
132 288
132 318
132 382
132 397
132 499
132 567
132 585
132 602
132 625
132 641
132 646
132 662
132 668
132 750
132 751
132 773
132 789
132 793
132 796
132 811
132 828
132 842
132 843
132 851
132 855
132 868
132 884
132 904
132 922
132 993
133 145
133 267
133 315
133 358
133 361
133 703
133 743
133 801
133 896
133 932
133 950
134 159
134 296
134 325
134 393
134 459
134 477
134 485
134 487
134 498
134 527
134 530
134 556
134 580
134 582
134 608
134 611
134 615
134 641
134 657
134 665
134 677
134 690
134 693
134 730
134 731
134 802
134 803
134 807
134 809
134 829
134 871
134 889
134 891
134 917
134 997
135 192
135 326
135 331
135 384
135 543
135 549
135 630
135 762
135 807
135 822
135 850
135 871
135 904
136 153
136 164
136 168
136 176
136 220
136 224
136 226
136 238
136 268
136 351
136 361
136 407
136 452
136 544
136 550
136 643
136 669
136 670
136 727
136 755
136 763
136 775
136 793
136 799
136 881
136 888
136 897
136 919
136 997
137 195
137 200
137 205
137 246
137 321
137 453
137 466
137 613
137 634
137 677
137 713
137 764
137 823
137 888
137 926
137 980
138 185
138 259
138 271
138 277
138 354
138 394
138 413
138 429
138 522
138 668
138 709
138 756
138 780
138 884
138 904
138 947
138 963
139 150
139 208
139 569
139 578
139 602
139 754
139 779
139 781
139 801
139 805
139 970
139 993
140 212
140 229
140 240
140 247
140 257
140 259
140 261
140 297
140 335
140 358
140 394
140 402
140 405
140 483
140 515
140 520
140 540
140 584
140 585
140 591
140 593
140 611
140 622
140 638
140 673
140 698
140 734
140 738
140 761
140 776
140 829
140 830
140 862
140 899
140 923
140 933
140 953
141 229
141 280
141 318
141 319
141 380
141 382
141 444
141 469
141 517
141 593
141 602
141 625
141 644
141 658
141 689
141 707
141 718
141 722
141 732
141 750
141 751
141 773
141 778
141 842
141 851
141 855
141 881
141 922
141 991
142 310
142 337
142 339
142 340
142 343
142 366
142 450
142 506
142 550
142 664
142 766
142 784
142 820
142 870
142 999
143 268
143 355
143 379
143 406
143 443
143 522
143 587
143 620
143 681
143 682
143 703
143 797
143 845
143 912
143 917
143 924
143 983
144 169
144 223
144 368
144 403
144 416
144 463
144 530
144 721
144 731
144 826
144 846
145 188
145 220
145 301
145 340
145 360
145 371
145 389
145 527
145 553
145 585
145 604
145 919
145 968
145 982
146 163
146 261
146 278
146 325
146 393
146 426
146 437
146 533
146 538
146 554
146 557
146 627
146 656
146 671
146 859
146 862
146 943
146 944
147 151
147 180
147 279
147 326
147 366
147 416
147 423
147 486
147 495
147 511
147 593
147 599
147 696
147 774
147 808
147 833
147 843
147 911
147 984
148 164
148 220
148 238
148 263
148 268
148 291
148 357
148 398
148 412
148 419
148 436
148 512
148 647
148 669
148 701
148 763
148 776
148 795
148 804
148 809
148 932
148 980
149 161
149 199
149 353
149 358
149 404
149 409
149 411
149 416
149 430
149 453
149 472
149 487
149 507
149 534
149 570
149 579
149 646
149 718
149 778
149 783
149 784
149 816
149 845
149 856
149 884
150 168
150 188
150 198
150 229
150 272
150 335
150 372
150 375
150 424
150 425
150 437
150 451
150 458
150 487
150 509
150 570
150 601
150 604
150 620
150 629
150 659
150 675
150 686
150 698
150 740
150 791
150 798
150 807
150 815
150 831
150 866
150 895
150 949
150 974
150 976
150 980
150 1000
151 157
151 366
151 392
151 423
151 444
151 469
151 577
151 589
151 603
151 774
151 799
151 879
151 987
152 161
152 216
152 232
152 262
152 293
152 333
152 343
152 408
152 411
152 430
152 449
152 482
152 486
152 490
152 495
152 501
152 511
152 522
152 523
152 577
152 590
152 600
152 652
152 669
152 677
152 691
152 761
152 782
152 795
152 836
152 878
152 886
152 992
152 997
153 176
153 194
153 233
153 239
153 271
153 272
153 284
153 290
153 340
153 422
153 424
153 427
153 599
153 628
153 659
153 667
153 690
153 738
153 897
153 927
153 951
153 960
153 983
154 172
154 229
154 288
154 483
154 485
154 544
154 586
154 604
154 638
154 640
154 685
154 705
154 869
154 884
154 888
154 916
154 932
154 961
155 182
155 191
155 227
155 230
155 263
155 368
155 548
155 694
155 815
155 881
155 888
155 917
155 983
156 165
156 210
156 212
156 228
156 301
156 372
156 417
156 434
156 463
156 506
156 518
156 530
156 604
156 664
156 690
156 713
156 843
156 908
156 927
156 996
157 185
157 186
157 211
157 297
157 307
157 312
157 319
157 342
157 344
157 357
157 394
157 648
157 783
157 885
157 894
157 908
157 967
157 989
158 183
158 274
158 283
158 419
158 425
158 451
158 560
158 642
158 675
158 716
158 766
158 791
158 798
158 835
158 915
158 919
159 170
159 321
159 552
159 564
159 644
159 684
159 690
159 770
159 867
159 879
159 908
159 911
159 976
160 311
160 535
160 547
160 586
160 626
160 658
160 703
160 761
160 771
160 780
160 781
160 870
160 872
160 876
161 199
161 201
161 244
161 358
161 416
161 480
161 534
161 558
161 591
161 666
161 685
161 778
161 779
161 783
161 785
161 850
161 931
162 187
162 193
162 210
162 295
162 298
162 301
162 370
162 421
162 442
162 448
162 452
162 503
162 521
162 614
162 623
162 658
162 664
162 684
162 790
162 846
162 882
162 939
162 955
163 173
163 240
163 325
163 359
163 384
163 389
163 405
163 424
163 466
163 473
163 557
163 592
163 645
163 656
163 671
163 710
163 805
163 920
163 931
164 174
164 241
164 278
164 289
164 290
164 304
164 340
164 448
164 469
164 533
164 539
164 576
164 580
164 586
164 675
164 718
164 806
164 809
164 938
164 967
165 194
165 230
165 276
165 303
165 344
165 365
165 385
165 434
165 510
165 518
165 538
165 560
165 630
165 720
165 744
165 786
165 829
165 874
165 908
165 962
165 981
165 996
166 190
166 195
166 229
166 310
166 360
166 383
166 398
166 411
166 441
166 446
166 448
166 466
166 586
166 627
166 636
166 682
166 684
166 723
166 771
166 782
166 843
166 844
166 852
166 894
166 895
166 916
166 932
166 949
166 954
166 987
166 995
167 334
167 383
167 422
167 457
167 552
167 569
167 570
167 599
167 635
167 664
167 701
168 178
168 247
168 248
168 268
168 309
168 326
168 431
168 701
168 707
168 776
168 788
168 795
168 865
168 881
168 919
168 937
169 216
169 220
169 238
169 253
169 261
169 280
169 281
169 311
169 364
169 368
169 391
169 395
169 402
169 409
169 416
169 417
169 433
169 459
169 511
169 532
169 642
169 683
169 687
169 690
169 711
169 724
169 768
169 787
169 799
169 892
169 907
170 201
170 234
170 245
170 254
170 305
170 318
170 412
170 615
170 639
170 691
170 755
170 857
170 933
170 962
170 976
170 983
171 330
171 332
171 417
171 420
171 428
171 442
171 458
171 466
171 515
171 523
171 540
171 572
171 634
171 646
171 651
171 676
171 682
171 683
171 688
171 697
171 705
171 709
171 713
171 760
171 848
171 994
172 215
172 229
172 243
172 244
172 247
172 327
172 374
172 385
172 520
172 521
172 536
172 552
172 591
172 638
172 658
172 661
172 676
172 678
172 698
172 733
172 761
172 883
172 901
172 915
172 932
172 961
173 212
173 289
173 385
173 389
173 497
173 528
173 530
173 553
173 585
173 592
173 596
173 683
173 744
173 781
173 877
173 889
173 893
173 996
174 202
174 248
174 302
174 332
174 359
174 398
174 440
174 447
174 450
174 456
174 470
174 479
174 491
174 509
174 585
174 618
174 648
174 649
174 717
174 786
174 821
174 824
174 859
174 864
174 867
174 941
174 998
175 176
175 178
175 200
175 209
175 288
175 297
175 413
175 480
175 565
175 566
175 591
175 709
175 842
175 897
175 923
175 986
176 198
176 200
176 236
176 242
176 261
176 294
176 333
176 354
176 355
176 394
176 413
176 417
176 418
176 419
176 426
176 428
176 435
176 437
176 442
176 457
176 477
176 515
176 559
176 586
176 597
176 633
176 684
176 710
176 712
176 777
176 785
176 805
176 811
176 812
176 826
176 828
176 839
176 943
176 961
176 986
176 999
177 184
177 188
177 243
177 262
177 276
177 311
177 313
177 377
177 425
177 451
177 482
177 484
177 544
177 565
177 570
177 596
177 767
177 791
177 808
177 829
177 831
177 843
177 866
177 885
177 892
177 895
177 938
177 943
177 948
177 968
177 980
178 195
178 288
178 321
178 354
178 431
178 454
178 509
178 537
178 586
178 663
178 719
178 749
178 761
178 810
178 812
178 846
178 863
178 876
178 933
178 976
179 240
179 253
179 315
179 333
179 435
179 471
179 545
179 549
179 550
179 562
179 705
179 707
179 762
179 775
179 794
179 807
179 902
179 912
179 964
179 973
179 1000
180 196
180 362
180 384
180 434
180 580
180 618
180 650
180 703
180 774
180 785
180 976
180 995
181 256
181 308
181 360
181 449
181 489
181 520
181 569
181 641
181 661
181 780
181 794
181 905
181 926
181 927
181 963
182 184
182 189
182 232
182 248
182 276
182 277
182 283
182 343
182 373
182 411
182 425
182 451
182 452
182 480
182 484
182 542
182 570
182 612
182 620
182 627
182 649
182 685
182 689
182 725
182 731
182 732
182 740
182 751
182 759
182 766
182 792
182 798
182 831
182 851
182 866
182 893
182 898
182 938
182 974
182 980
182 981
182 998
183 184
183 239
183 270
183 327
183 329
183 340
183 363
183 378
183 565
183 608
183 629
183 704
183 765
183 918
184 283
184 372
184 373
184 375
184 392
184 395
184 425
184 437
184 440
184 464
184 470
184 472
184 476
184 485
184 508
184 517
184 524
184 565
184 589
184 600
184 612
184 620
184 629
184 633
184 674
184 694
184 711
184 718
184 725
184 736
184 766
184 830
184 831
184 846
184 862
184 893
184 989
185 202
185 256
185 271
185 320
185 413
185 503
185 531
185 540
185 644
185 767
185 780
185 841
185 896
185 905
186 203
186 209
186 289
186 305
186 318
186 332
186 350
186 382
186 463
186 483
186 490
186 499
186 515
186 585
186 602
186 625
186 641
186 668
186 709
186 727
186 750
186 751
186 789
186 823
186 842
186 843
186 845
186 851
186 853
186 868
186 910
186 916
186 922
186 937
186 944
186 993
187 201
187 284
187 302
187 320
187 340
187 425
187 427
187 458
187 475
187 481
187 634
187 680
187 729
187 735
187 785
187 840
187 898
187 927
187 942
187 983
187 984
187 985
187 999
188 189
188 283
188 352
188 366
188 411
188 483
188 522
188 591
188 599
188 601
188 608
188 611
188 750
188 753
188 812
188 950
188 960
189 231
189 341
189 355
189 425
189 465
189 484
189 522
189 570
189 627
189 686
189 716
189 751
189 766
189 805
189 895
189 938
190 193
190 195
190 230
190 248
190 273
190 278
190 296
190 303
190 310
190 359
190 374
190 382
190 383
190 397
190 420
190 438
190 441
190 446
190 472
190 480
190 481
190 493
190 523
190 531
190 565
190 582
190 583
190 592
190 613
190 619
190 682
190 714
190 722
190 723
190 740
190 751
190 831
190 832
190 834
190 845
190 852
190 887
190 894
190 916
190 932
190 945
190 969
190 987
191 221
191 311
191 323
191 402
191 533
191 536
191 645
191 654
191 693
191 798
191 877
192 250
192 251
192 282
192 316
192 320
192 376
192 429
192 515
192 526
192 529
192 549
192 594
192 606
192 617
192 679
192 743
192 801
192 844
192 845
192 880
192 979
193 195
193 207
193 210
193 248
193 278
193 298
193 315
193 338
193 360
193 409
193 441
193 446
193 448
193 460
193 481
193 495
193 546
193 560
193 581
193 583
193 618
193 627
193 636
193 718
193 744
193 753
193 789
193 818
193 845
193 861
193 894
193 916
193 932
193 945
193 950
193 969
193 971
194 461
194 465
194 469
194 515
194 537
194 554
194 599
194 628
194 667
194 680
194 738
194 829
194 861
194 927
194 985
194 992
195 278
195 296
195 310
195 315
195 363
195 377
195 383
195 387
195 446
195 448
195 489
195 493
195 502
195 509
195 548
195 583
195 617
195 627
195 635
195 641
195 658
195 682
195 684
195 714
195 716
195 723
195 774
195 845
195 894
195 916
195 920
195 928
195 943
195 945
195 950
195 969
195 971
195 978
195 984
195 986
196 212
196 326
196 330
196 359
196 366
196 482
196 534
196 696
196 717
196 729
196 774
196 775
196 875
196 933
196 983
197 228
197 266
197 268
197 275
197 291
197 368
197 397
197 431
197 483
197 488
197 498
197 541
197 566
197 621
197 669
197 788
197 794
197 816
197 918
197 986
197 988
198 256
198 282
198 394
198 413
198 472
198 500
198 521
198 559
198 638
198 767
198 969
199 200
199 201
199 244
199 276
199 306
199 314
199 358
199 362
199 373
199 382
199 559
199 613
199 642
199 656
199 666
199 681
199 746
199 767
199 778
199 783
200 314
200 530
200 534
200 538
200 576
200 628
200 666
200 731
200 783
200 827
200 919
200 989
201 244
201 283
201 294
201 310
201 345
201 353
201 358
201 417
201 534
201 543
201 587
201 674
201 675
201 770
201 778
201 783
201 823
201 939
201 952
201 992
202 207
202 241
202 248
202 357
202 376
202 398
202 426
202 449
202 450
202 456
202 491
202 511
202 543
202 566
202 717
202 859
202 867
202 874
202 902
202 923
202 941
202 994
203 220
203 318
203 390
203 420
203 431
203 467
203 511
203 553
203 571
203 582
203 633
203 676
203 718
203 739
203 750
203 789
203 826
203 843
203 844
203 851
203 880
204 208
204 269
204 314
204 337
204 354
204 368
204 392
204 404
204 405
204 435
204 466
204 533
204 543
204 558
204 588
204 591
204 638
204 649
204 651
204 660
204 688
204 708
204 716
204 721
204 777
204 830
204 866
204 909
204 936
204 976
204 977
204 998
205 207
205 240
205 297
205 326
205 354
205 435
205 458
205 471
205 562
205 653
205 654
205 705
205 707
205 713
205 794
205 807
205 851
206 233
206 308
206 359
206 620
206 766
206 813
206 913
206 956
207 221
207 240
207 281
207 289
207 297
207 363
207 368
207 374
207 378
207 420
207 435
207 436
207 442
207 545
207 562
207 599
207 600
207 610
207 617
207 653
207 678
207 681
207 705
207 739
207 749
207 754
207 762
207 775
207 790
207 802
207 807
207 824
207 841
207 864
207 883
207 884
207 888
207 902
207 912
207 920
207 952
207 970
208 209
208 224
208 315
208 318
208 331
208 354
208 358
208 404
208 460
208 461
208 463
208 466
208 472
208 503
208 519
208 617
208 649
208 708
208 711
208 716
208 721
208 749
208 853
208 881
208 909
208 951
208 976
208 977
209 210
209 231
209 293
209 298
209 301
209 370
209 399
209 417
209 421
209 503
209 582
209 614
209 658
209 668
209 751
209 766
209 787
209 882
209 939
209 987
210 219
210 239
210 298
210 301
210 370
210 503
210 606
210 614
210 637
210 654
210 683
210 704
210 705
210 787
210 844
210 862
210 892
210 921
210 954
210 975
211 282
211 290
211 334
211 376
211 505
211 576
211 586
211 591
211 648
211 665
211 704
211 803
212 215
212 225
212 316
212 332
212 345
212 415
212 434
212 474
212 504
212 518
212 530
212 532
212 563
212 630
212 651
212 655
212 664
212 733
212 744
212 754
212 781
212 786
212 791
212 952
212 977
212 991
213 332
213 372
213 492
213 596
213 628
213 679
213 713
213 821
213 977
213 988
213 993
214 285
214 317
214 333
214 461
214 464
214 473
214 525
214 539
214 562
214 644
214 705
214 773
214 785
214 789
214 840
214 842
214 871
214 910
214 989
215 231
215 359
215 370
215 375
215 383
215 417
215 425
215 467
215 468
215 518
215 642
215 667
215 734
215 813
215 829
215 846
216 238
216 246
216 355
216 542
216 631
216 746
216 792
216 795
216 937
217 220
217 402
217 406
217 409
217 431
217 450
217 602
217 603
217 647
217 660
217 667
217 693
217 698
217 727
217 755
217 881
218 243
218 293
218 361
218 397
218 408
218 411
218 413
218 463
218 482
218 483
218 486
218 495
218 501
218 502
218 517
218 523
218 556
218 590
218 593
218 628
218 652
218 674
218 692
218 729
218 745
218 773
218 782
218 793
218 800
218 836
218 857
218 878
218 886
218 906
218 914
218 918
218 991
219 359
219 430
219 729
219 812
219 978
219 988
219 998
220 238
220 430
220 447
220 459
220 507
220 539
220 579
220 638
220 654
220 670
220 672
220 701
220 714
220 727
220 795
220 873
220 897
220 919
220 956
220 986
221 297
221 343
221 393
221 471
221 503
221 523
221 527
221 537
221 559
221 570
221 615
221 630
221 750
221 800
221 805
221 860
221 950
221 977
221 986
221 999
222 240
222 266
222 414
222 432
222 452
222 519
222 524
222 555
222 703
222 827
222 846
222 879
222 906
223 271
223 275
223 293
223 367
223 372
223 407
223 482
223 649
223 690
223 796
223 895
223 923
224 240
224 297
224 319
224 333
224 368
224 400
224 501
224 529
224 589
224 626
224 653
224 707
224 762
224 779
224 807
224 836
224 938
224 967
225 232
225 241
225 267
225 304
225 315
225 330
225 332
225 350
225 417
225 503
225 512
225 620
225 621
225 646
225 651
225 766
225 873
225 989
225 995
226 318
226 329
226 339
226 343
226 393
226 484
226 488
226 506
226 553
226 554
226 576
226 677
226 784
226 832
226 870
226 879
226 999
227 269
227 336
227 365
227 410
227 455
227 457
227 480
227 555
227 565
227 600
227 661
227 704
227 728
227 740
227 831
227 835
227 841
227 859
227 911
228 266
228 291
228 301
228 498
228 517
228 544
228 559
228 640
228 654
228 678
228 727
228 731
228 788
228 816
228 918
228 955
228 972
229 240
229 247
229 255
229 277
229 316
229 322
229 342
229 352
229 402
229 405
229 415
229 421
229 451
229 455
229 464
229 483
229 490
229 533
229 536
229 544
229 555
229 584
229 673
229 674
229 768
229 810
229 829
229 844
229 865
229 890
229 899
229 901
229 915
229 916
229 988
230 240
230 266
230 289
230 297
230 299
230 308
230 357
230 381
230 412
230 435
230 436
230 439
230 507
230 515
230 529
230 530
230 534
230 539
230 545
230 556
230 562
230 644
230 698
230 705
230 707
230 713
230 719
230 747
230 749
230 754
230 807
230 810
230 813
230 826
230 827
230 887
230 888
230 912
230 920
230 922
230 938
230 964
231 258
231 265
231 281
231 306
231 359
231 363
231 435
231 446
231 558
231 604
231 623
231 649
231 729
231 733
231 846
231 886
231 981
232 293
232 301
232 411
232 414
232 472
232 501
232 527
232 585
232 590
232 652
232 754
232 782
232 819
232 876
233 306
233 354
233 485
233 522
233 545
233 565
233 599
233 649
233 721
233 733
233 768
233 807
233 909
233 936
233 947
233 976
233 977
234 343
234 411
234 425
234 509
234 537
234 547
234 564
234 570
234 583
234 672
234 680
234 703
234 767
234 864
235 265
235 317
235 351
235 372
235 480
235 546
235 564
235 597
235 683
235 719
235 739
235 747
235 758
235 767
235 933
236 280
236 360
236 426
236 450
236 472
236 484
236 527
236 559
236 575
236 601
236 614
236 671
236 704
236 710
236 731
236 759
236 767
236 788
236 805
236 826
236 940
236 943
236 950
237 380
237 504
237 576
237 599
237 658
237 667
237 712
237 773
237 856
238 268
238 334
238 341
238 361
238 363
238 397
238 401
238 431
238 462
238 506
238 507
238 509
238 593
238 603
238 641
238 643
238 647
238 669
238 670
238 671
238 701
238 721
238 727
238 753
238 755
238 763
238 773
238 776
238 781
238 794
238 795
238 804
238 819
238 820
238 853
238 881
238 897
238 908
238 919
238 951
238 976
239 420
239 595
239 666
239 760
239 818
239 845
239 943
239 951
240 251
240 265
240 277
240 283
240 289
240 297
240 359
240 364
240 368
240 381
240 386
240 436
240 444
240 452
240 545
240 562
240 580
240 589
240 629
240 636
240 644
240 658
240 679
240 749
240 758
240 803
240 807
240 817
240 827
240 855
240 865
240 876
240 883
240 902
240 912
241 247
241 278
241 333
241 392
241 417
241 442
241 614
241 646
241 651
241 741
241 760
241 785
241 848
241 873
241 922
241 949
241 995
242 374
242 399
242 406
242 407
242 447
242 456
242 506
242 649
242 752
242 767
242 935
243 271
243 321
243 383
243 405
243 409
243 415
243 447
243 539
243 626
243 698
243 710
243 725
243 727
243 743
243 761
243 773
243 789
243 876
243 899
243 915
243 948
244 258
244 265
244 314
244 406
244 546
244 580
244 770
244 778
244 782
244 783
244 850
244 872
244 908
244 923
245 264
245 339
245 358
245 369
245 389
245 417
245 449
245 486
245 498
245 525
245 581
245 591
245 638
245 640
245 682
245 688
245 691
245 806
245 821
245 906
246 254
246 296
246 321
246 395
246 453
246 460
246 480
246 516
246 519
246 634
246 648
246 686
246 759
246 764
246 775
246 838
246 953
247 278
247 402
247 415
247 536
247 544
247 698
247 751
247 761
247 806
247 812
247 915
247 992
248 278
248 286
248 310
248 360
248 417
248 432
248 446
248 448
248 451
248 458
248 474
248 477
248 493
248 510
248 546
248 627
248 676
248 682
248 684
248 696
248 714
248 722
248 723
248 763
248 834
248 835
248 845
248 847
248 852
248 894
248 928
248 932
248 966
248 987
249 282
249 290
249 432
249 572
249 593
249 620
249 675
249 685
249 724
249 732
249 783
249 803
249 806
249 896
249 921
250 269
250 372
250 391
250 565
250 648
250 649
250 708
250 745
250 784
250 806
250 836
250 856
250 878
250 898
250 968
250 975
250 991
251 365
251 389
251 390
251 394
251 420
251 426
251 435
251 449
251 451
251 543
251 581
251 603
251 677
251 688
251 692
251 804
251 857
251 893
251 895
251 977
251 980
252 284
252 286
252 315
252 317
252 457
252 555
252 579
252 661
252 728
252 740
252 749
252 774
252 813
252 942
253 317
253 407
253 462
253 597
253 633
253 702
253 722
253 752
253 787
253 790
253 862
253 908
253 919
254 305
254 359
254 480
254 602
254 627
254 699
254 762
254 836
254 875
254 894
255 288
255 429
255 446
255 465
255 547
255 583
255 591
255 638
255 698
255 761
255 829
255 841
255 843
256 260
256 261
256 277
256 352
256 394
256 485
256 536
256 540
256 569
256 597
256 611
256 620
256 734
256 780
256 813
256 827
256 874
256 905
256 963
257 355
257 417
257 449
257 464
257 483
257 541
257 638
257 646
257 662
257 698
257 720
257 733
257 756
257 761
257 766
257 770
257 771
257 818
257 895
258 298
258 313
258 558
258 571
258 587
258 660
258 668
258 738
258 769
258 810
258 848
258 854
258 871
258 909
258 931
258 977
258 994
259 363
259 402
259 405
259 410
259 420
259 424
259 550
259 627
259 636
259 649
259 733
259 761
259 843
259 890
259 924
260 337
260 339
260 343
260 348
260 356
260 472
260 505
260 506
260 624
260 643
260 677
260 720
260 767
260 848
260 855
260 870
260 922
260 941
260 986
260 999
261 274
261 275
261 279
261 280
261 281
261 286
261 362
261 369
261 391
261 395
261 397
261 403
261 404
261 409
261 416
261 496
261 510
261 511
261 541
261 586
261 596
261 603
261 647
261 659
261 660
261 681
261 683
261 687
261 690
261 799
261 892
261 904
261 939
261 942
262 372
262 433
262 567
262 586
262 638
262 713
262 739
262 896
262 945
263 287
263 388
263 400
263 415
263 431
263 483
263 524
263 549
263 622
263 690
263 704
263 741
263 811
264 289
264 291
264 322
264 389
264 420
264 449
264 514
264 546
264 581
264 608
264 676
264 681
264 692
264 795
264 965
264 982
265 277
265 471
265 505
265 512
265 531
265 562
265 597
265 705
265 707
265 735
265 775
265 794
265 798
265 807
265 902
266 291
266 312
266 355
266 399
266 498
266 541
266 788
266 841
266 988
267 269
267 278
267 280
267 365
267 379
267 395
267 401
267 434
267 493
267 573
267 739
267 777
267 817
267 836
267 976
267 996
268 279
268 282
268 336
268 357
268 361
268 401
268 429
268 431
268 499
268 518
268 552
268 559
268 567
268 574
268 578
268 630
268 632
268 647
268 660
268 669
268 670
268 701
268 712
268 727
268 734
268 750
268 763
268 788
268 819
268 820
268 840
268 881
268 897
268 916
268 919
268 959
268 960
269 320
269 334
269 396
269 462
269 533
269 559
269 654
269 701
269 745
269 747
269 749
269 756
269 766
269 780
269 873
269 962
269 966
269 980
269 988
269 991
270 315
270 316
270 467
270 475
270 574
270 580
270 631
270 668
270 894
271 376
271 391
271 415
271 540
271 564
271 569
271 739
271 771
271 780
271 814
271 837
271 905
271 947
271 954
271 963
271 984
272 434
272 521
272 551
272 663
272 675
272 720
272 754
272 858
272 885
272 903
272 992
273 356
273 556
273 591
273 650
273 689
273 714
273 721
273 732
273 768
273 791
273 851
273 892
273 947
274 275
274 280
274 368
274 391
274 395
274 403
274 416
274 473
274 510
274 541
274 618
274 626
274 655
274 663
274 681
274 683
274 690
274 761
274 763
274 789
274 796
274 799
274 835
275 279
275 281
275 286
275 306
275 314
275 322
275 329
275 391
275 395
275 403
275 416
275 429
275 496
275 511
275 612
275 665
275 683
275 687
275 690
275 698
275 752
275 796
275 799
275 809
275 810
275 892
275 897
275 911
276 283
276 307
276 325
276 458
276 484
276 489
276 570
276 791
276 805
276 822
276 876
276 919
276 938
277 368
277 372
277 410
277 436
277 471
277 531
277 556
277 561
277 563
277 566
277 598
277 645
277 705
277 713
277 715
277 735
277 749
277 807
277 819
277 827
277 888
277 912
277 937
277 939
278 283
278 296
278 310
278 315
278 383
278 385
278 390
278 434
278 441
278 446
278 448
278 481
278 567
278 574
278 583
278 619
278 636
278 680
278 682
278 687
278 689
278 714
278 722
278 723
278 834
278 845
278 867
278 916
278 932
278 945
278 958
278 969
278 971
278 973
278 987
279 280
279 281
279 373
279 391
279 395
279 409
279 451
279 469
279 509
279 511
279 540
279 580
279 683
279 690
279 766
279 796
279 799
279 892
279 910
279 928
279 980
280 325
280 331
280 391
280 395
280 409
280 411
280 425
280 435
280 481
280 585
280 586
280 690
280 770
280 799
280 857
280 866
280 892
280 893
280 898
281 283
281 315
281 331
281 395
281 403
281 409
281 416
281 436
281 496
281 510
281 516
281 537
281 643
281 650
281 683
281 687
281 690
281 745
281 767
281 799
281 810
281 844
281 892
281 909
281 925
281 949
281 953
281 971
281 983
282 290
282 295
282 300
282 313
282 317
282 322
282 323
282 331
282 345
282 432
282 449
282 477
282 480
282 494
282 507
282 514
282 539
282 576
282 580
282 593
282 600
282 675
282 703
282 759
282 782
282 787
282 788
282 802
282 803
282 809
282 818
282 820
282 823
282 833
282 850
282 885
282 928
282 935
282 955
282 982
283 323
283 335
283 341
283 372
283 397
283 402
283 408
283 425
283 437
283 442
283 451
283 484
283 502
283 565
283 570
283 588
283 629
283 653
283 694
283 732
283 735
283 759
283 764
283 766
283 776
283 800
283 815
283 831
283 882
283 893
283 895
283 944
283 959
283 963
283 972
283 979
283 980
284 340
284 458
284 518
284 599
284 604
284 619
284 623
284 628
284 824
284 873
284 898
284 927
284 983
284 985
285 317
285 333
285 397
285 421
285 464
285 682
285 735
285 776
285 782
285 814
285 831
285 871
285 910
285 991
286 395
286 409
286 651
286 690
286 714
286 755
286 799
286 827
286 892
286 957
286 985
287 311
287 326
287 336
287 405
287 414
287 416
287 464
287 513
287 524
287 549
287 627
287 721
288 351
288 480
288 527
288 566
288 570
288 606
288 626
288 629
288 792
288 849
288 926
288 933
288 997
289 319
289 347
289 368
289 381
289 436
289 468
289 471
289 525
289 562
289 572
289 580
289 589
289 605
289 617
289 629
289 634
289 749
289 754
289 760
289 775
289 807
289 824
289 830
289 832
289 842
289 883
289 927
289 964
289 984
290 304
290 314
290 322
290 323
290 383
290 385
290 409
290 432
290 435
290 473
290 538
290 571
290 582
290 591
290 604
290 675
290 681
290 691
290 703
290 726
290 742
290 790
290 791
290 803
290 807
290 809
290 814
290 818
290 820
290 822
290 823
290 833
290 834
290 850
290 863
290 869
290 943
290 951
290 955
290 984
290 988
291 325
291 402
291 430
291 448
291 458
291 498
291 518
291 541
291 633
291 683
291 686
291 740
291 788
291 814
291 816
291 918
291 935
291 950
291 988
292 350
292 615
292 643
292 647
292 675
292 748
292 769
292 842
292 844
292 882
292 894
292 919
292 986
293 411
293 475
293 482
293 495
293 523
293 590
293 591
293 593
293 598
293 620
293 652
293 715
293 737
293 738
293 782
293 787
293 800
293 836
293 852
293 878
293 886
293 892
293 907
294 317
294 381
294 385
294 500
294 536
294 559
294 693
294 697
294 767
294 782
294 811
294 826
294 847
294 959
295 297
295 298
295 404
295 421
295 482
295 579
295 582
295 614
295 635
295 727
295 787
295 817
295 882
296 310
296 315
296 360
296 374
296 385
296 441
296 646
296 670
296 682
296 714
296 726
296 777
296 790
296 852
296 871
296 916
296 932
297 334
297 346
297 374
297 378
297 381
297 428
297 435
297 436
297 471
297 485
297 527
297 589
297 610
297 653
297 707
297 713
297 758
297 762
297 769
297 794
297 802
297 823
297 824
297 839
297 883
297 888
297 902
297 912
297 918
297 937
297 958
297 961
298 304
298 414
298 421
298 434
298 489
298 521
298 578
298 593
298 606
298 652
298 658
298 670
298 684
298 746
298 787
298 793
298 803
298 866
298 882
298 951
298 970
299 442
299 500
299 570
299 597
299 675
299 747
299 798
299 805
299 860
299 995
300 354
300 362
300 577
300 630
300 676
300 718
300 736
300 851
300 868
300 882
300 908
300 918
300 943
300 996
301 370
301 392
301 421
301 438
301 489
301 526
301 581
301 582
301 606
301 629
301 658
301 684
301 750
301 767
301 787
301 882
301 916
301 946
301 962
301 980
302 398
302 435
302 450
302 451
302 522
302 580
302 651
302 717
302 750
302 821
302 859
302 867
302 941
302 981
302 988
302 994
303 539
303 572
303 604
303 648
303 688
303 743
303 788
303 798
303 807
303 826
303 858
303 875
303 892
303 903
303 936
303 979
304 313
304 521
304 571
304 588
304 604
304 675
304 702
304 703
304 803
304 809
305 413
305 450
305 503
305 508
305 552
305 564
305 581
305 639
305 815
305 831
305 859
305 860
305 992
306 307
306 369
306 398
306 445
306 666
306 688
306 689
306 700
306 733
306 796
306 814
306 848
306 900
306 950
307 353
307 366
307 395
307 423
307 429
307 696
307 707
307 717
307 774
307 800
307 818
307 865
307 894
307 986
308 454
308 652
308 688
308 803
308 813
308 881
308 993
309 504
309 575
309 581
309 629
309 747
309 914
309 921
309 924
309 925
309 982
310 315
310 360
310 383
310 417
310 446
310 448
310 461
310 467
310 479
310 513
310 546
310 553
310 624
310 636
310 652
310 659
310 680
310 682
310 704
310 722
310 723
310 781
310 801
310 834
310 835
310 894
310 916
310 932
310 962
310 969
310 971
311 406
311 408
311 494
311 526
311 534
311 547
311 584
311 609
311 651
311 653
311 654
311 845
311 949
311 953
311 980
311 999
312 316
312 385
312 425
312 467
312 501
312 631
312 668
312 834
312 839
312 949
312 1000
313 331
313 529
313 679
313 766
313 792
313 853
313 857
313 860
314 421
314 471
314 516
314 518
314 534
314 542
314 604
314 628
314 671
314 778
314 783
314 894
315 365
315 367
315 383
315 397
315 448
315 481
315 493
315 573
315 577
315 609
315 627
315 682
315 691
315 714
315 723
315 761
315 777
315 834
315 852
315 907
315 916
315 932
315 952
315 969
315 971
315 981
315 995
316 467
316 486
316 631
316 650
316 654
316 660
316 749
316 973
317 333
317 341
317 404
317 461
317 478
317 525
317 615
317 735
317 736
317 762
317 871
317 895
317 910
317 977
318 403
318 444
318 499
318 523
318 602
318 689
318 756
318 789
318 793
318 843
318 851
318 853
318 868
318 882
318 916
318 967
318 993
319 361
319 387
319 417
319 467
319 562
319 638
319 655
319 664
319 675
320 340
320 565
320 585
320 665
320 726
320 738
320 777
320 787
320 923
320 975
320 983
320 987
321 453
321 519
321 570
321 571
321 610
321 634
321 696
321 764
321 776
321 906
321 926
322 432
322 442
322 511
322 562
322 580
322 629
322 703
322 704
322 763
322 803
322 809
322 845
322 860
323 371
323 415
323 423
323 432
323 530
323 548
323 580
323 645
323 670
323 675
323 704
323 747
323 809
323 818
323 823
323 825
323 830
323 986
324 342
324 349
324 375
324 406
324 506
324 538
324 627
324 689
324 760
324 803
324 922
324 928
324 956
325 369
325 385
325 423
325 438
325 463
325 469
325 533
325 538
325 546
325 567
325 595
325 600
325 623
325 632
325 656
325 671
325 759
325 826
325 832
325 877
325 926
325 931
325 946
325 970
326 494
326 519
326 664
326 696
326 731
326 774
326 787
326 873
326 894
326 919
326 967
326 1000
327 414
327 667
327 697
327 727
327 829
327 866
327 894
327 895
327 926
327 943
328 368
328 401
328 569
328 633
328 634
328 646
328 649
328 711
328 716
328 731
328 768
328 835
328 976
328 977
329 367
329 403
329 500
329 779
329 885
329 967
330 442
330 488
330 512
330 604
330 621
330 637
330 646
330 651
330 710
330 848
330 873
330 895
330 980
331 395
331 511
331 528
331 681
331 683
331 721
331 799
331 801
331 813
331 892
332 402
332 442
332 446
332 494
332 528
332 646
332 651
332 658
332 693
332 760
332 772
333 345
333 397
333 435
333 461
333 464
333 486
333 525
333 735
333 836
333 839
333 860
333 871
333 910
333 932
333 994
334 373
334 440
334 628
334 724
334 800
334 915
334 954
334 962
334 966
334 968
334 975
334 985
334 991
335 347
335 425
335 483
335 505
335 517
335 562
335 570
335 592
335 761
335 785
335 958
335 976
336 340
336 351
336 398
336 400
336 524
336 527
336 591
336 820
336 834
336 894
336 941
336 984
337 339
337 356
337 468
337 472
337 488
337 495
337 506
337 541
337 589
337 705
337 737
337 760
337 829
337 870
337 894
337 999
338 365
338 501
338 524
338 534
338 697
338 750
338 765
338 855
338 896
338 961
338 999
339 343
339 472
339 488
339 495
339 565
339 683
339 725
339 830
339 870
339 888
339 911
339 999
340 341
340 343
340 427
340 458
340 512
340 523
340 577
340 592
340 595
340 599
340 601
340 615
340 628
340 637
340 654
340 667
340 682
340 784
340 785
340 852
340 898
340 917
340 927
340 929
340 938
340 949
340 983
340 985
341 361
341 460
341 484
341 506
341 533
341 629
341 698
341 715
341 732
341 780
341 791
341 795
341 804
341 911
341 912
341 935
341 938
341 973
342 345
342 408
342 539
342 582
342 649
342 782
342 899
343 344
343 348
343 349
343 356
343 411
343 472
343 488
343 505
343 576
343 608
343 675
343 677
343 716
343 749
343 784
343 816
343 870
343 978
343 999
344 410
344 539
344 626
344 645
344 698
344 796
344 842
344 860
344 894
344 959
344 985
344 1000
345 405
345 426
345 462
345 496
345 695
345 699
345 724
345 745
345 756
345 758
345 770
345 849
345 895
345 956
345 962
345 966
345 968
345 975
345 991
346 358
346 375
346 380
346 519
346 563
346 586
346 765
346 817
346 837
346 839
346 845
346 990
347 371
347 472
347 522
347 641
347 693
347 708
347 710
347 711
347 778
347 914
347 924
347 925
348 390
348 427
348 472
348 488
348 506
348 544
348 639
348 677
348 700
348 761
348 999
349 395
349 434
349 541
349 550
349 561
349 700
349 778
349 870
349 976
350 386
350 393
350 459
350 465
350 485
350 507
350 530
350 544
350 545
350 551
350 565
350 569
350 572
350 608
350 615
350 647
350 648
350 657
350 660
350 705
350 730
350 747
350 756
350 779
350 808
350 846
350 878
350 889
350 898
350 910
350 917
350 978
351 391
351 454
351 479
351 506
351 553
351 595
351 719
351 727
351 741
351 786
351 860
351 889
351 915
351 923
352 402
352 404
352 481
352 497
352 520
352 564
352 690
352 698
352 733
352 735
352 741
352 761
352 880
352 884
352 899
352 901
352 902
352 990
352 998
353 358
353 438
353 469
353 610
353 613
353 659
353 704
353 778
353 783
353 789
353 824
353 840
353 854
353 899
353 914
353 955
353 986
354 361
354 364
354 374
354 404
354 448
354 455
354 480
354 484
354 513
354 568
354 574
354 578
354 581
354 588
354 619
354 693
354 708
354 711
354 716
354 721
354 792
354 854
354 869
354 935
354 936
354 976
354 977
354 998
355 440
355 472
355 547
355 553
355 770
355 806
355 862
355 924
355 930
356 472
356 497
356 505
356 506
356 677
356 689
356 722
356 778
356 784
356 806
356 827
356 849
357 538
357 561
357 570
357 609
357 670
357 682
357 701
357 727
357 763
357 768
357 795
357 807
357 830
357 881
357 895
357 919
357 923
358 385
358 396
358 440
358 459
358 463
358 534
358 613
358 666
358 756
358 767
358 778
358 783
358 820
358 883
358 978
359 383
359 424
359 696
359 729
359 741
359 846
359 850
359 858
359 862
359 873
359 884
359 938
360 365
360 404
360 448
360 510
360 547
360 550
360 580
360 619
360 627
360 629
360 655
360 682
360 710
360 752
360 758
360 782
360 800
360 852
360 916
360 932
360 945
360 968
360 986
361 431
361 466
361 557
361 643
361 646
361 660
361 669
361 670
361 679
361 701
361 725
361 727
361 749
361 753
361 763
361 769
361 776
361 795
361 838
361 843
361 881
361 919
361 980
362 372
362 426
362 434
362 443
362 472
362 479
362 528
362 543
362 583
362 664
362 808
362 811
362 898
363 471
363 545
363 547
363 589
363 627
363 653
363 705
363 707
363 754
363 775
363 823
363 902
363 912
363 920
364 368
364 413
364 432
364 617
364 638
364 649
364 708
364 721
364 753
364 768
365 395
365 457
365 539
365 661
365 740
365 762
365 830
365 841
365 932
366 420
366 423
366 496
366 500
366 696
366 774
366 794
366 795
366 851
366 957
366 966
367 410
367 431
367 435
367 464
367 508
367 539
367 544
367 556
367 699
367 736
367 943
367 976
368 373
368 381
368 395
368 402
368 508
368 509
368 551
368 556
368 578
368 589
368 591
368 610
368 645
368 647
368 705
368 707
368 713
368 714
368 762
368 779
368 794
368 802
368 807
368 813
368 824
368 858
368 888
368 902
368 912
368 923
369 422
369 432
369 444
369 445
369 497
369 527
369 581
369 642
369 655
369 700
369 745
369 803
369 872
369 900
369 938
370 395
370 421
370 449
370 459
370 503
370 558
370 658
370 668
370 675
370 682
370 787
370 854
370 939
371 484
371 498
371 521
371 589
371 651
371 675
371 743
371 800
371 801
371 867
371 896
372 375
372 437
372 484
372 491
372 526
372 554
372 565
372 570
372 652
372 694
372 701
372 732
372 765
372 766
372 791
372 798
372 824
372 831
372 843
372 850
372 893
372 938
372 956
373 467
373 627
373 664
373 668
373 712
373 714
373 754
373 758
373 817
373 821
373 879
373 902
374 404
374 629
374 631
374 708
374 711
374 714
374 721
374 732
374 762
374 768
374 932
374 936
374 976
375 435
375 451
375 474
375 501
375 518
375 565
375 588
375 615
375 630
375 714
375 763
375 831
375 938
375 949
375 954
375 980
376 425
376 496
376 540
376 605
376 661
376 668
376 688
376 753
376 892
376 950
377 434
377 437
377 539
377 560
377 570
377 587
377 658
377 664
377 721
377 807
377 908
378 393
378 413
378 551
378 759
378 785
378 795
378 832
379 473
379 479
379 492
379 526
379 759
379 800
379 825
379 861
379 924
380 498
380 679
380 697
380 768
380 815
380 934
381 460
381 465
381 471
381 486
381 495
381 537
381 541
381 562
381 608
381 679
381 757
381 775
381 807
381 827
381 849
381 902
381 912
381 935
381 938
381 940
381 979
382 721
382 785
382 922
382 993
383 404
383 446
383 481
383 493
383 499
383 533
383 561
383 563
383 569
383 583
383 619
383 627
383 636
383 659
383 694
383 708
383 713
383 723
383 729
383 772
383 773
383 825
383 834
383 835
383 845
383 881
383 894
383 916
383 932
383 937
383 941
383 945
383 962
383 969
383 971
383 987
384 457
384 488
384 517
384 661
384 671
384 688
384 740
384 895
384 911
385 434
385 471
385 560
385 577
385 580
385 593
385 664
385 666
385 734
385 744
385 786
385 811
385 877
385 905
385 922
385 936
385 955
386 393
386 395
386 424
386 485
386 492
386 530
386 566
386 579
386 608
386 611
386 648
386 688
386 815
386 826
386 837
386 868
386 910
386 925
386 978
387 404
387 460
387 525
387 598
387 624
387 710
387 715
387 870
387 878
387 938
388 437
388 453
388 455
388 461
388 516
388 626
388 655
388 713
388 764
388 777
388 788
388 961
389 390
389 394
389 410
389 420
389 451
389 514
389 535
389 545
389 554
389 579
389 603
389 640
389 672
389 676
389 688
389 691
389 692
389 747
389 791
389 797
389 823
389 868
389 936
389 938
389 965
389 966
389 972
390 394
390 420
390 449
390 504
390 506
390 531
390 558
390 581
390 630
390 636
390 676
390 688
390 691
390 755
390 767
390 861
390 867
390 868
390 964
391 403
391 416
391 494
391 510
391 615
391 665
391 681
391 683
391 690
391 694
391 787
391 796
391 799
391 853
391 877
391 892
391 922
391 955
392 411
392 467
392 476
392 559
392 583
392 615
392 706
392 718
392 874
392 881
393 428
393 465
393 485
393 510
393 530
393 570
393 585
393 607
393 608
393 609
393 611
393 615
393 616
393 648
393 657
393 682
393 731
393 747
393 889
393 894
393 930
393 936
393 945
393 978
394 410
394 449
394 514
394 577
394 581
394 595
394 603
394 667
394 672
394 676
394 688
394 691
394 692
394 822
394 844
394 847
394 850
394 934
395 403
395 409
395 416
395 449
395 485
395 496
395 511
395 579
395 583
395 597
395 611
395 681
395 683
395 690
395 749
395 789
395 799
395 810
395 833
395 871
395 887
395 892
395 904
396 403
396 412
396 473
396 474
396 494
396 652
396 693
396 712
396 757
396 790
396 838
396 919
396 957
397 405
397 461
397 464
397 468
397 525
397 570
397 585
397 780
397 846
397 871
397 910
397 985
398 450
398 455
398 456
398 470
398 491
398 530
398 535
398 536
398 543
398 573
398 588
398 592
398 616
398 618
398 698
398 717
398 719
398 771
398 778
398 796
398 801
398 821
398 859
398 894
398 923
398 941
398 994
399 404
399 447
399 462
399 594
399 596
399 763
399 829
399 848
399 916
399 969
399 990
400 443
400 524
400 535
400 578
400 733
400 740
400 805
400 813
400 848
400 887
400 907
400 942
400 985
401 405
401 445
401 543
401 593
401 632
401 670
401 683
401 727
401 763
401 772
401 776
401 781
401 785
401 800
401 819
401 881
401 919
402 405
402 565
402 569
402 618
402 620
402 640
402 673
402 674
402 690
402 691
402 761
402 810
402 862
402 872
402 901
402 966
402 996
403 493
403 569
403 653
403 799
403 892
404 452
404 466
404 467
404 495
404 588
404 649
404 651
404 682
404 711
404 716
404 721
404 768
404 848
404 869
404 878
404 881
404 908
404 909
404 945
404 976
404 998
405 415
405 483
405 511
405 519
405 536
405 570
405 585
405 638
405 688
405 692
405 721
405 761
405 762
405 787
405 795
405 817
405 862
405 882
405 890
405 976
405 987
406 443
406 462
406 553
406 555
406 703
406 881
406 924
407 435
407 447
407 637
407 678
407 761
407 943
407 972
408 441
408 495
408 593
408 646
408 652
408 782
408 783
408 800
408 820
408 822
408 997
409 468
409 484
409 493
409 496
409 664
409 665
409 683
409 687
409 690
409 784
409 796
409 803
409 805
409 816
409 819
409 838
409 846
409 880
409 892
409 969
410 420
410 449
410 484
410 581
410 591
410 644
410 676
410 688
410 692
410 707
410 791
410 928
410 965
411 435
411 482
411 486
411 495
411 501
411 523
411 590
411 593
411 652
411 670
411 705
411 723
411 753
411 800
411 803
411 836
411 859
411 873
411 874
411 878
411 882
411 887
411 975
411 976
411 983
411 988
411 997
412 425
412 473
412 493
412 542
412 579
412 642
412 693
412 712
412 838
412 846
412 957
413 441
413 461
413 469
413 485
413 500
413 504
413 513
413 516
413 538
413 575
413 579
413 727
413 759
413 767
413 774
413 775
413 777
413 809
413 825
413 826
413 838
413 901
413 924
413 940
413 943
413 950
413 958
413 961
414 524
414 539
414 549
414 697
414 698
414 711
414 723
414 938
414 942
414 946
414 950
415 419
415 440
415 536
415 584
415 599
415 632
415 678
415 698
415 758
415 761
415 829
415 839
415 890
415 899
415 915
416 423
416 449
416 496
416 511
416 537
416 552
416 566
416 620
416 687
416 690
416 699
416 780
416 799
416 811
416 813
416 853
416 864
416 942
417 428
417 442
417 454
417 512
417 585
417 621
417 632
417 637
417 646
417 651
417 709
417 723
417 749
417 760
417 848
417 873
417 890
417 915
417 934
417 958
417 964
417 980
417 994
417 995
418 446
418 474
418 481
418 511
418 559
418 581
418 589
418 601
418 740
418 777
418 813
418 826
418 873
418 893
418 910
418 933
418 986
418 993
419 502
419 552
419 606
419 607
419 679
419 687
419 706
419 755
419 831
419 854
419 952
420 449
420 485
420 543
420 581
420 636
420 672
420 692
420 841
420 842
420 845
420 949
421 445
421 489
421 503
421 511
421 522
421 541
421 567
421 606
421 614
421 658
421 674
421 684
421 786
421 787
421 795
421 819
421 836
421 882
421 891
421 906
421 912
421 917
421 920
421 939
422 458
422 484
422 609
422 631
422 640
422 683
422 686
422 697
422 800
422 827
422 896
422 938
423 568
423 588
423 670
423 771
423 773
423 774
423 905
424 492
424 515
424 547
424 615
424 659
424 704
424 740
424 771
424 872
424 884
424 992
424 997
425 431
425 437
425 484
425 565
425 570
425 595
425 596
425 620
425 629
425 632
425 680
425 686
425 687
425 691
425 694
425 725
425 775
425 798
425 855
425 922
425 943
426 427
426 559
426 717
426 728
426 777
426 805
426 820
426 860
426 950
426 986
427 458
427 571
427 592
427 595
427 599
427 628
427 749
427 790
427 850
427 898
427 901
427 902
427 915
427 980
427 985
428 442
428 512
428 635
428 637
428 646
428 647
428 651
428 760
428 771
428 777
428 848
428 853
428 878
428 991
428 995
429 499
429 504
429 512
429 526
429 529
429 570
429 679
429 770
429 811
429 901
429 948
430 434
430 651
430 692
430 1000
431 507
431 528
431 547
431 601
431 624
431 632
431 644
431 647
431 650
431 669
431 684
431 727
431 753
431 755
431 767
431 795
431 804
431 819
431 848
431 860
431 876
431 881
431 883
431 919
431 984
432 448
432 467
432 472
432 492
432 494
432 536
432 539
432 571
432 576
432 580
432 591
432 592
432 598
432 672
432 675
432 704
432 726
432 742
432 749
432 781
432 803
432 806
432 809
432 818
432 823
432 824
432 833
432 834
432 842
432 847
432 851
432 883
432 931
432 967
432 985
433 521
433 593
433 608
433 619
433 644
433 655
433 784
433 974
433 985
434 441
434 528
434 545
434 560
434 578
434 587
434 594
434 630
434 646
434 664
434 744
434 781
434 786
434 888
434 908
434 932
434 938
434 941
434 996
435 474
435 505
435 521
435 531
435 549
435 556
435 558
435 562
435 575
435 577
435 617
435 631
435 645
435 653
435 713
435 749
435 754
435 758
435 761
435 775
435 801
435 802
435 824
435 848
435 853
435 881
435 883
435 902
435 908
435 912
435 920
435 955
435 981
435 985
436 589
436 603
436 630
436 653
436 664
436 707
436 749
436 794
436 795
436 807
436 827
436 888
436 902
436 912
437 562
437 565
437 629
437 646
437 698
437 791
437 882
437 895
438 448
438 560
438 571
438 577
438 589
438 656
438 671
438 783
438 795
439 446
439 561
439 677
439 902
439 983
440 443
440 557
440 676
440 811
440 832
440 937
441 446
441 448
441 481
441 579
441 650
441 714
441 723
441 836
441 916
441 945
441 966
441 987
442 500
442 512
442 529
442 547
442 579
442 599
442 621
442 637
442 646
442 651
442 709
442 760
442 873
442 921
442 928
442 934
442 941
442 985
442 995
443 471
443 472
443 503
443 553
443 646
443 794
443 817
443 896
443 900
443 917
443 924
443 934
444 566
444 592
444 610
444 667
444 750
444 775
444 793
444 857
444 922
444 943
444 993
445 483
445 549
445 626
445 642
445 841
445 853
445 900
446 448
446 481
446 493
446 583
446 615
446 617
446 627
446 636
446 639
446 654
446 661
446 672
446 681
446 682
446 714
446 740
446 782
446 787
446 834
446 845
446 895
446 908
446 916
446 945
446 969
446 971
446 987
447 470
447 662
447 723
447 752
447 767
447 949
448 493
448 546
448 559
448 583
448 625
448 627
448 646
448 651
448 682
448 707
448 714
448 739
448 762
448 767
448 839
448 842
448 845
448 891
448 894
448 896
448 898
448 916
448 969
448 971
449 455
449 483
449 485
449 522
449 550
449 569
449 581
449 603
449 637
449 640
449 654
449 672
449 684
449 688
449 691
449 765
449 768
449 806
449 921
449 943
449 965
449 980
450 543
450 580
450 680
450 795
450 821
450 923
450 941
450 982
451 484
451 507
451 542
451 548
451 559
451 570
451 577
451 583
451 596
451 612
451 621
451 678
451 686
451 693
451 694
451 723
451 746
451 759
451 760
451 766
451 767
451 798
451 831
451 888
451 938
451 951
451 974
451 980
452 501
452 527
452 571
452 602
452 649
452 721
452 803
452 819
452 832
452 864
452 869
453 485
453 516
453 533
453 634
453 666
453 701
453 764
453 917
453 950
453 962
453 967
454 503
454 566
454 625
454 719
454 762
454 789
454 863
455 541
455 581
455 649
455 708
455 711
455 721
455 736
455 746
455 748
455 842
455 881
455 907
455 924
455 927
455 936
455 960
455 976
456 491
456 543
456 545
456 653
456 717
456 739
456 748
456 852
456 888
456 917
456 923
456 941
457 517
457 589
457 595
457 606
457 608
457 728
457 740
457 761
457 841
457 911
457 947
457 966
457 998
458 464
458 514
458 540
458 543
458 580
458 595
458 599
458 603
458 634
458 663
458 752
458 780
458 785
458 789
458 806
458 879
458 891
458 898
458 905
458 927
458 935
458 960
458 967
458 980
458 985
458 991
459 465
459 525
459 530
459 589
459 611
459 615
459 665
460 516
460 579
460 601
460 700
460 740
460 746
461 464
461 510
461 525
461 571
461 627
461 735
461 871
461 910
462 501
462 511
462 526
462 648
462 724
462 745
462 809
462 962
462 968
462 975
462 991
463 710
463 750
463 789
463 837
463 843
463 993
464 513
464 525
464 544
464 639
464 735
464 740
464 804
464 871
464 910
465 485
465 527
465 548
465 585
465 586
465 604
465 647
465 648
465 676
465 730
465 731
465 779
465 797
465 846
465 872
465 910
465 980
466 486
466 619
466 643
466 649
466 689
466 692
466 708
466 711
466 732
466 749
466 768
466 854
466 909
466 977
466 996
467 548
467 550
467 631
467 650
467 746
467 779
467 817
467 828
467 839
467 907
467 949
468 577
468 604
468 781
468 799
468 822
468 823
468 930
469 529
469 545
469 682
469 703
469 750
469 805
469 871
470 493
470 543
470 577
470 746
470 821
470 903
470 923
470 941
470 951
470 997
471 530
471 531
471 541
471 548
471 556
471 562
471 583
471 589
471 644
471 645
471 653
471 655
471 662
471 670
471 673
471 689
471 705
471 707
471 758
471 807
471 833
471 834
471 837
471 860
471 888
471 912
471 983
472 488
472 617
472 624
472 675
472 677
472 721
472 784
472 800
472 870
472 902
472 999
473 506
473 637
473 666
473 712
473 737
473 838
473 860
474 543
474 618
474 674
474 693
474 712
474 727
474 757
474 778
474 789
474 811
474 838
474 952
475 512
475 514
475 542
475 592
475 652
475 667
475 717
475 809
476 504
476 535
476 675
476 897
476 924
476 958
476 982
477 539
477 558
477 562
477 580
477 604
477 656
477 671
477 742
477 747
477 811
477 851
477 854
477 967
478 545
478 590
478 710
478 730
478 799
478 837
478 967
479 480
479 516
479 530
479 566
479 684
479 689
479 773
479 830
479 891
479 979
480 559
480 629
480 677
480 756
480 859
480 867
480 936
480 974
480 985
480 986
480 995
481 546
481 627
481 714
481 726
481 894
481 900
481 912
481 916
481 932
482 495
482 501
482 595
482 636
482 701
482 768
482 836
483 536
483 544
483 553
483 584
483 606
483 629
483 638
483 639
483 649
483 674
483 696
483 701
483 733
483 770
483 772
483 790
483 829
483 899
483 930
483 937
484 505
484 533
484 572
484 596
484 612
484 629
484 639
484 715
484 766
484 798
484 893
484 897
484 938
484 980
485 487
485 530
485 544
485 549
485 589
485 607
485 615
485 616
485 619
485 648
485 715
485 719
485 729
485 730
485 731
485 747
485 817
485 831
485 889
485 930
485 973
485 978
485 983
485 997
486 495
486 563
486 593
486 650
486 652
486 735
486 768
486 809
486 828
486 878
486 970
487 527
487 530
487 608
487 615
487 703
487 721
487 804
487 969
487 978
488 506
488 626
488 677
488 770
488 784
488 807
488 809
488 999
489 593
489 608
489 658
489 684
489 724
489 733
489 787
489 955
489 997
490 521
490 615
490 653
490 668
490 709
490 727
490 908
490 950
490 975
491 543
491 592
491 690
491 793
491 821
491 836
491 842
491 867
491 910
491 941
491 970
492 498
492 547
492 550
492 557
492 598
492 626
492 633
492 654
492 659
492 682
492 771
492 841
492 842
492 872
492 876
492 879
492 884
492 927
492 935
492 948
492 953
492 981
493 505
493 627
493 636
493 682
493 894
493 916
493 938
493 969
494 580
494 583
494 586
494 675
494 676
494 697
494 703
494 803
494 878
494 892
494 967
495 501
495 523
495 565
495 590
495 600
495 606
495 652
495 701
495 782
495 797
495 800
495 835
495 847
495 856
495 866
495 886
495 896
495 939
495 980
495 987
495 997
496 589
496 635
496 671
496 681
496 690
496 796
496 799
496 841
496 976
496 997
497 524
497 621
497 758
497 830
497 842
497 847
497 942
497 950
497 983
498 506
498 541
498 664
498 699
498 772
498 816
498 872
498 918
499 773
499 783
499 802
499 843
499 902
499 993
500 589
500 608
500 618
500 633
500 710
500 714
500 731
500 760
500 777
500 812
500 815
500 816
500 826
500 835
500 839
500 852
500 907
500 961
500 986
500 993
501 508
501 511
501 523
501 600
501 652
501 800
501 825
501 827
501 836
501 944
501 950
501 981
502 542
502 568
502 576
502 662
502 706
502 809
502 835
503 512
503 582
503 597
503 606
503 614
503 651
503 658
503 698
503 787
503 797
503 867
503 903
503 935
503 949
504 522
504 536
504 581
504 585
504 652
504 682
504 837
504 902
504 914
504 923
504 925
504 967
504 982
505 571
505 656
505 664
505 729
505 790
505 793
505 860
506 584
506 588
506 611
506 677
506 712
506 750
506 784
506 870
506 908
506 934
506 999
507 643
507 644
507 669
507 776
507 897
507 912
507 919
507 956
508 658
508 671
508 736
508 765
508 985
509 529
509 553
509 559
509 566
509 578
509 579
509 592
509 613
509 649
509 702
509 716
509 725
509 728
509 732
509 734
509 756
509 777
509 779
509 805
509 871
509 912
509 940
509 961
509 983
509 986
510 511
510 582
510 669
510 675
510 690
510 715
510 872
510 877
510 892
510 922
511 523
511 551
511 604
511 610
511 646
511 683
511 687
511 690
511 691
511 744
511 784
511 796
511 799
511 810
511 819
511 834
511 844
511 892
511 895
511 903
511 950
511 964
511 977
511 991
512 568
512 646
512 651
512 653
512 709
512 718
512 742
512 760
512 848
512 873
512 905
512 919
512 934
513 524
513 547
513 549
513 625
513 834
513 896
513 920
513 976
514 529
514 547
514 581
514 603
514 692
514 743
514 749
514 770
514 869
514 889
514 941
514 945
514 955
514 965
515 522
515 570
515 594
515 679
515 697
515 739
515 785
515 978
516 559
516 607
516 682
516 764
516 902
516 970
516 995
517 524
517 539
517 543
517 555
517 580
517 661
517 740
517 758
517 841
517 852
517 930
517 996
518 559
518 577
518 694
518 744
518 832
518 885
518 908
518 981
518 985
519 545
519 548
519 570
519 579
519 598
519 605
519 664
519 808
519 929
519 975
519 977
520 531
520 534
520 572
520 596
520 670
520 777
520 881
520 950
520 964
521 532
521 536
521 622
521 720
521 875
521 903
521 996
522 525
522 620
522 678
522 802
522 885
522 914
522 925
522 958
522 985
522 987
523 738
523 760
523 769
523 836
523 871
523 878
523 925
523 943
523 989
524 535
524 549
524 585
524 590
524 595
524 615
524 631
524 743
524 853
525 654
525 735
525 804
525 840
525 896
525 964
526 594
526 649
526 669
526 680
526 780
526 804
526 805
526 867
526 872
527 530
527 538
527 597
527 608
527 615
527 616
527 627
527 644
527 663
527 728
527 731
527 747
527 779
527 868
527 876
527 897
527 902
527 929
528 630
528 633
528 675
528 890
528 898
528 908
529 540
529 548
529 557
529 575
529 594
529 619
529 630
529 657
529 713
529 746
529 979
530 611
530 615
530 616
530 648
530 657
530 659
530 678
530 729
530 730
530 731
530 747
530 876
530 877
530 878
530 889
530 890
530 916
530 927
530 930
530 973
530 978
531 545
531 556
531 562
531 589
531 633
531 653
531 685
531 705
531 775
531 807
531 827
531 839
531 866
531 888
531 912
531 920
531 998
532 545
532 563
532 598
532 700
532 727
532 808
532 827
532 837
532 847
532 849
532 912
532 942
533 575
533 615
533 629
533 671
533 691
533 749
533 847
533 860
533 892
533 931
533 944
533 946
533 948
533 970
533 984
534 547
534 606
534 607
534 613
534 663
534 666
534 704
534 707
534 718
534 778
534 783
534 841
534 856
534 952
535 549
535 752
535 892
535 916
535 942
536 544
536 580
536 673
536 698
536 716
536 741
536 767
536 829
536 835
536 862
536 899
536 922
536 944
537 595
537 665
537 722
537 816
537 858
537 931
538 587
538 656
538 671
538 771
538 802
538 894
538 896
538 944
539 552
539 571
539 576
539 580
539 591
539 601
539 604
539 638
539 675
539 766
539 770
539 781
539 785
539 803
539 806
539 822
539 823
539 833
539 846
539 847
539 913
539 914
539 939
539 940
539 955
539 967
540 573
540 641
540 780
540 835
540 853
540 855
540 857
540 892
540 905
540 919
540 938
540 963
541 683
541 788
541 816
541 918
542 566
542 568
542 577
542 607
542 617
542 701
542 740
542 937
542 956
543 573
543 618
543 656
543 701
543 717
543 770
543 859
543 867
543 885
543 894
543 923
543 941
543 968
543 994
544 576
544 584
544 609
544 638
544 653
544 669
544 674
544 698
544 750
544 771
544 867
544 880
544 922
544 973
544 997
545 565
545 644
545 713
545 719
545 753
545 762
545 802
545 807
545 827
545 883
545 888
545 897
545 912
545 920
545 949
545 974
546 563
546 565
546 568
546 583
546 627
546 650
546 682
546 721
546 722
546 723
546 775
546 835
546 845
546 894
546 932
546 939
547 550
547 557
547 609
547 626
547 654
547 705
547 714
547 746
547 771
547 785
547 872
547 876
547 884
547 935
547 937
548 563
548 726
548 768
548 858
548 915
549 570
549 631
549 635
549 870
549 923
549 964
549 988
550 557
550 611
550 626
550 771
550 780
550 826
550 865
550 872
550 876
550 884
550 895
550 899
550 902
551 694
551 698
551 725
551 756
551 774
551 812
551 844
551 861
551 954
552 566
552 577
552 637
552 672
552 683
552 685
552 775
552 806
552 961
553 629
553 731
553 827
553 830
553 861
553 924
553 967
554 675
554 778
554 836
554 907
554 983
555 581
555 590
555 603
555 609
555 661
555 729
555 740
555 809
555 810
555 939
555 950
556 610
556 645
556 646
556 705
556 707
556 713
556 749
556 758
556 762
556 775
556 827
556 902
556 920
556 941
556 962
556 985
557 575
557 626
557 641
557 654
557 696
557 771
557 775
557 780
557 872
557 884
557 888
557 953
557 961
558 748
558 798
558 800
558 830
559 579
559 583
559 626
559 633
559 702
559 734
559 739
559 782
559 811
559 812
559 823
559 828
559 860
559 867
559 874
559 986
559 990
560 597
560 628
560 643
560 664
560 705
560 708
560 830
560 874
560 993
560 996
561 594
561 603
561 632
561 689
561 694
561 923
561 986
562 579
562 589
562 610
562 653
562 707
562 713
562 728
562 775
562 809
562 827
562 870
562 874
562 886
562 888
562 899
562 920
562 950
563 602
563 643
563 837
563 969
564 608
564 696
564 879
564 929
565 570
565 592
565 593
565 596
565 608
565 640
565 670
565 690
565 720
565 732
565 748
565 806
565 816
565 938
565 986
566 643
566 652
566 713
566 721
566 794
566 795
566 829
566 973
567 656
567 671
567 701
567 861
567 901
567 903
567 909
568 607
568 691
568 722
568 741
568 778
568 834
568 937
569 691
569 707
569 711
569 719
569 728
569 801
569 804
569 954
570 596
570 612
570 620
570 625
570 658
570 659
570 666
570 682
570 686
570 694
570 715
570 725
570 759
570 789
570 790
570 791
570 798
570 815
570 831
570 864
570 893
570 895
570 974
571 591
571 604
571 650
571 671
571 675
571 684
572 631
572 656
572 699
572 700
572 736
572 769
572 800
572 811
572 923
572 1000
573 592
573 717
573 771
573 821
573 822
573 823
573 836
573 859
573 883
573 923
573 938
573 994
574 581
574 611
574 631
574 715
574 728
574 829
574 882
574 1000
575 578
575 597
575 701
575 710
575 751
575 767
575 889
575 950
575 975
576 591
576 619
576 627
576 675
576 690
576 726
576 772
576 809
576 818
576 820
576 822
576 838
576 847
576 892
576 929
576 943
576 967
576 993
577 628
577 771
577 813
577 839
577 898
577 985
578 685
578 710
578 738
578 748
578 777
578 807
578 808
578 811
578 937
578 983
578 986
579 582
579 681
579 710
579 735
579 776
579 777
579 783
579 811
579 826
579 860
579 864
579 900
579 943
579 986
580 586
580 591
580 597
580 604
580 639
580 640
580 649
580 675
580 688
580 703
580 704
580 710
580 726
580 748
580 755
580 803
580 809
580 823
580 827
580 837
580 847
580 954
580 955
580 963
580 967
581 589
581 603
581 614
581 640
581 676
581 688
581 691
581 692
581 738
581 757
581 783
581 812
581 852
581 900
581 911
581 965
581 1000
582 658
582 691
582 762
582 769
582 851
582 939
582 941
583 593
583 636
583 655
583 682
583 693
583 796
583 835
583 852
583 860
583 872
583 887
583 916
583 928
583 932
583 945
583 957
583 991
583 996
584 586
584 604
584 638
584 698
584 738
584 748
584 767
584 829
584 902
585 605
585 618
585 625
585 641
585 750
585 773
585 777
585 793
585 808
585 835
585 842
585 843
585 851
585 853
585 883
585 895
585 922
585 993
586 591
586 604
586 643
586 654
586 675
586 703
586 710
586 727
586 739
586 820
586 847
586 851
586 864
586 912
586 967
587 638
587 748
587 771
587 947
587 961
587 977
588 649
588 682
588 711
588 716
588 721
588 763
588 764
588 847
588 854
588 976
588 977
588 986
589 590
589 591
589 617
589 620
589 643
589 644
589 653
589 661
589 667
589 676
589 705
589 734
589 754
589 758
589 761
589 762
589 824
589 827
589 863
589 902
589 920
589 927
590 593
590 595
590 609
590 652
590 671
590 800
590 807
590 835
590 836
590 930
590 955
591 604
591 606
591 668
591 675
591 703
591 704
591 742
591 771
591 787
591 788
591 791
591 803
591 818
591 822
591 823
591 831
591 847
591 858
591 902
591 909
591 943
591 955
592 599
592 601
592 667
592 673
592 699
592 777
592 785
592 803
592 898
592 985
592 991
593 601
593 652
593 656
593 663
593 667
593 733
593 779
593 782
593 783
593 800
593 866
593 928
593 992
593 997
593 1000
594 652
594 679
594 686
594 892
594 912
594 917
594 950
595 628
595 750
595 898
595 927
595 955
595 967
595 985
596 652
596 791
596 810
596 818
596 831
596 838
596 895
596 938
596 974
596 977
596 980
597 702
597 730
597 750
597 767
597 777
597 778
597 786
597 805
597 807
597 811
597 826
597 847
597 889
598 636
598 666
598 682
598 714
598 717
598 719
598 769
598 798
598 891
598 901
599 628
599 657
599 667
599 680
599 717
599 785
599 795
599 808
599 823
599 827
599 898
599 926
599 927
599 929
599 960
599 983
599 984
599 985
599 991
600 775
600 782
600 925
601 641
601 764
601 767
601 799
601 811
601 920
601 983
602 702
602 750
602 768
602 793
602 826
602 842
602 843
602 913
602 922
602 951
602 993
603 663
603 691
603 692
603 694
603 791
603 805
603 872
603 922
603 938
603 955
603 959
603 965
604 619
604 675
604 684
604 703
604 704
604 712
604 726
604 803
604 809
604 814
604 823
604 847
604 887
604 916
604 960
605 670
605 676
605 798
605 805
605 837
605 996
606 622
606 647
606 658
606 684
606 787
606 831
606 860
606 899
606 932
606 939
607 706
607 777
607 999
607 1000
608 611
608 615
608 616
608 646
608 648
608 649
608 731
608 747
608 778
608 819
608 889
608 902
608 905
608 910
608 930
608 947
608 973
608 978
609 626
609 659
609 669
609 685
609 747
609 771
609 772
609 876
609 935
609 953
609 992
609 993
610 653
610 654
610 705
610 762
610 815
610 827
610 866
610 912
610 916
610 938
611 615
611 616
611 648
611 657
611 690
611 696
611 705
611 714
611 730
611 779
611 783
611 798
611 826
611 875
611 903
611 976
611 978
611 990
612 672
612 704
612 789
612 791
612 830
612 987
613 645
613 693
613 778
613 783
613 803
613 926
613 935
614 658
614 787
614 916
614 939
614 968
615 616
615 648
615 658
615 686
615 730
615 731
615 820
615 821
615 867
615 879
615 913
615 943
617 696
617 705
617 749
617 764
617 892
617 902
617 996
618 641
618 687
618 867
618 895
618 923
619 629
619 634
619 636
619 682
619 777
619 835
619 845
619 884
619 897
619 912
619 945
619 961
619 977
619 987
620 791
620 894
621 651
621 713
621 774
622 673
622 719
622 849
623 627
623 692
623 693
623 716
623 813
623 823
623 846
623 884
624 627
624 643
624 647
624 660
624 669
624 686
624 701
624 730
624 755
624 795
624 798
624 819
624 842
624 869
624 881
624 919
625 793
625 843
625 922
625 980
625 993
626 651
626 654
626 698
626 746
626 771
626 780
626 814
626 854
626 871
626 872
626 884
626 908
626 935
626 953
626 956
626 992
627 648
627 669
627 682
627 708
627 714
627 722
627 723
627 752
627 804
627 834
627 845
627 852
627 875
627 894
627 932
627 945
627 970
627 996
628 684
628 707
628 751
628 785
628 808
628 821
628 909
628 912
628 960
628 976
628 983
628 985
628 989
628 991
628 997
629 715
629 728
629 745
629 787
629 791
629 831
629 895
629 917
629 980
630 664
630 876
630 960
630 996
631 650
631 668
631 690
631 776
631 803
631 839
631 846
631 881
631 898
631 949
632 659
632 669
632 670
632 763
632 795
632 833
632 842
632 881
632 919
633 734
633 739
633 805
633 812
633 826
633 875
633 884
633 943
633 961
634 656
634 669
634 697
634 764
634 912
634 926
634 959
635 864
635 896
635 919
636 667
636 682
636 695
636 704
636 714
636 722
636 723
636 742
636 852
636 857
636 881
636 891
636 894
636 916
636 928
636 932
636 943
636 969
636 980
637 646
637 651
637 763
637 832
637 848
638 733
638 761
638 786
638 799
638 829
638 833
638 865
638 883
638 888
638 890
638 915
638 928
638 938
638 969
639 645
639 739
639 815
639 852
639 894
640 688
640 692
640 725
640 779
640 860
640 899
640 900
641 654
641 868
641 887
641 890
641 922
641 941
642 673
642 714
642 782
642 807
642 838
642 861
642 900
643 644
643 660
643 712
643 727
643 755
643 776
643 795
643 800
643 804
643 809
643 810
643 881
643 919
643 986
644 653
644 709
644 749
644 758
644 762
644 802
644 807
644 888
644 902
644 912
644 920
645 653
645 666
645 705
645 707
645 713
645 756
645 807
645 888
645 902
645 912
645 994
646 651
646 672
646 706
646 709
646 760
646 848
646 851
646 873
646 894
646 934
646 943
646 995
647 660
647 711
647 727
647 776
647 795
647 799
647 819
647 881
647 887
647 919
647 927
648 731
648 747
648 748
648 779
648 814
648 831
648 912
648 978
649 696
649 716
649 721
649 768
649 772
649 796
649 811
649 850
649 852
649 867
649 887
649 909
649 912
649 930
649 936
649 954
649 956
649 973
649 976
649 977
649 998
650 691
650 733
650 758
650 817
650 839
650 886
650 949
650 997
651 685
651 707
651 709
651 736
651 760
651 785
651 796
651 848
651 880
651 934
651 954
651 995
652 729
652 737
652 738
652 782
652 800
652 858
652 886
652 927
652 954
652 997
653 686
653 703
653 704
653 705
653 707
653 713
653 731
653 754
653 765
653 767
653 775
653 802
653 807
653 867
653 901
653 902
653 912
653 920
653 926
653 936
653 940
653 951
654 659
654 771
654 876
654 884
655 722
655 728
655 787
655 900
655 969
655 976
656 671
656 694
656 763
656 764
656 788
656 791
656 825
656 876
656 931
656 944
656 946
656 970
656 987
656 991
657 756
657 765
657 779
657 953
657 978
657 1000
658 662
658 684
658 757
658 786
658 787
658 798
658 851
658 882
658 891
658 939
658 971
659 703
659 710
659 732
659 803
659 837
659 876
659 951
659 992
660 701
660 727
660 731
660 753
660 763
660 795
660 843
660 845
660 881
660 908
660 919
660 986
660 993
661 740
661 747
661 750
661 769
661 940
661 945
661 989
662 752
662 808
662 819
662 939
663 772
663 882
663 996
664 721
664 730
664 781
664 786
664 804
664 811
664 867
664 874
664 877
664 909
664 926
664 934
664 981
664 996
664 999
665 805
665 850
665 1000
666 709
666 718
666 763
666 783
666 830
666 840
666 850
666 856
666 883
666 896
666 920
666 928
666 931
666 952
666 993
667 680
667 731
667 749
667 767
667 785
667 807
667 829
667 898
667 922
667 983
667 985
668 817
668 839
668 851
668 929
668 949
668 993
669 670
669 675
669 701
669 727
669 752
669 776
669 799
669 803
669 845
669 877
669 881
669 897
669 967
670 701
670 753
670 763
670 795
670 804
670 819
670 820
670 841
670 863
670 881
670 904
670 912
670 949
670 988
670 998
671 695
671 765
671 832
671 843
671 930
671 931
671 938
671 946
671 950
671 962
672 691
672 692
672 811
673 733
673 761
673 833
673 880
673 915
673 945
673 947
673 982
674 682
674 698
674 755
674 761
674 837
674 899
675 680
675 704
675 726
675 742
675 803
675 806
675 812
675 818
675 819
675 820
675 822
675 833
675 854
675 869
675 921
675 950
675 964
676 688
676 691
676 692
676 703
676 710
676 713
676 723
676 775
676 783
676 831
676 867
676 893
676 941
677 727
677 735
677 870
677 938
677 944
677 999
678 705
678 894
679 710
679 775
679 817
679 872
679 979
680 803
680 809
680 829
680 898
680 923
680 985
681 683
681 690
681 755
681 799
681 819
681 874
681 892
681 940
681 967
682 735
682 775
682 786
682 834
682 852
682 870
682 881
682 894
682 898
682 916
682 945
682 950
682 953
682 969
682 971
682 975
683 736
683 756
683 772
683 776
683 799
683 810
683 892
683 901
684 745
684 778
684 787
684 838
684 881
684 882
684 939
684 983
685 715
685 774
685 827
685 926
686 768
686 791
686 803
686 805
686 826
686 892
687 690
687 711
687 796
687 836
687 892
687 986
688 691
688 692
688 730
688 742
688 782
688 823
688 842
688 919
688 965
689 969
689 982
690 768
690 796
690 799
690 810
690 880
690 890
690 892
690 914
690 920
690 941
691 692
691 760
691 765
691 797
691 809
691 827
691 831
691 879
691 938
691 941
691 946
692 699
692 703
692 708
692 795
692 894
692 907
692 951
692 991
693 712
693 765
693 781
693 802
693 831
693 912
693 993
694 706
694 722
694 729
694 730
694 915
694 938
694 943
694 996
695 718
695 790
695 849
695 862
695 999
696 757
696 774
696 857
696 895
697 787
697 801
697 913
698 703
698 710
698 733
698 736
698 741
698 770
698 822
698 829
698 862
698 887
698 890
698 915
698 968
699 761
699 777
699 858
699 893
700 718
700 753
700 900
700 909
701 710
701 727
701 758
701 763
701 776
701 804
701 809
701 817
701 881
701 911
701 919
702 728
702 739
702 762
702 767
702 777
702 789
702 803
702 805
702 811
702 860
702 943
702 950
702 961
703 712
703 803
703 806
703 809
703 818
703 822
703 832
703 833
703 910
703 963
703 967
703 969
703 997
704 728
704 742
704 787
704 806
704 809
704 820
704 822
704 833
704 844
704 884
704 886
704 913
704 955
705 707
705 748
705 749
705 758
705 759
705 762
705 775
705 794
705 824
705 827
705 857
705 876
705 888
705 891
705 902
705 925
705 964
706 732
706 828
706 860
706 950
706 966
707 713
707 714
707 719
707 762
707 772
707 775
707 790
707 797
707 827
707 832
707 882
707 902
707 912
707 920
707 953
707 964
707 981
707 997
707 999
708 711
708 716
708 721
708 726
708 744
708 796
708 808
708 828
708 916
708 929
708 976
708 977
709 760
709 778
709 799
709 824
709 848
709 873
709 934
709 978
710 726
710 734
710 740
710 784
710 805
710 816
710 892
710 950
710 986
710 990
710 997
711 716
711 721
711 768
711 776
711 800
711 806
711 844
711 854
711 888
711 936
711 976
711 977
711 991
711 998
712 757
712 869
712 958
712 968
713 749
713 754
713 758
713 803
713 824
713 827
713 883
713 888
713 902
713 912
713 920
713 922
713 948
713 952
713 964
713 972
713 973
714 723
714 791
714 827
714 834
714 835
714 894
714 932
714 987
714 999
715 733
715 803
715 852
715 881
715 938
716 721
716 731
716 766
716 768
716 813
716 830
716 881
716 976
716 977
716 986
716 998
717 751
717 757
717 803
717 821
717 823
717 841
717 859
717 873
717 874
717 941
718 778
718 800
718 850
719 727
719 810
719 834
719 849
719 852
719 863
719 894
719 935
720 721
720 724
720 728
720 772
720 774
720 799
720 802
720 851
720 875
720 936
720 989
721 760
721 821
721 857
721 869
721 892
721 909
721 923
721 936
721 976
721 977
721 998
722 723
722 736
722 756
722 774
722 814
722 894
722 910
722 916
722 919
722 932
722 938
722 985
723 799
723 870
723 894
723 916
723 932
724 732
724 756
724 812
724 825
724 940
724 962
724 965
724 966
724 968
724 969
724 991
725 822
725 847
725 895
725 980
726 731
726 742
726 783
726 786
726 814
726 820
726 931
726 938
727 739
727 753
727 763
727 770
727 776
727 795
727 803
727 819
727 881
727 897
727 903
727 919
727 983
727 999
728 740
728 749
728 800
728 841
728 861
728 882
728 911
729 745
729 776
729 800
729 813
729 846
729 965
730 779
730 846
730 996
731 778
731 792
731 846
731 889
731 949
731 973
732 760
732 791
732 844
732 967
733 761
733 829
733 865
733 883
733 915
733 928
733 951
734 766
734 777
734 795
734 807
734 811
734 910
734 950
734 955
734 961
734 986
735 776
735 871
735 910
735 942
736 962
737 762
737 782
737 800
737 851
738 785
738 811
738 877
738 892
738 927
738 956
738 983
738 985
739 811
739 860
739 888
739 946
739 962
739 983
739 987
739 990
740 807
740 841
740 911
741 761
741 770
741 870
741 890
741 899
741 901
741 955
742 763
742 791
742 822
742 823
742 967
743 766
743 809
743 838
744 786
744 908
744 996
745 756
745 761
745 766
745 823
745 954
745 962
745 966
746 771
746 831
746 876
746 880
747 804
747 816
747 869
747 912
747 956
747 977
748 769
748 864
748 905
748 980
749 775
749 780
749 794
749 807
749 827
749 829
749 841
749 844
749 888
749 897
749 902
749 912
749 959
749 972
749 973
750 751
750 768
750 783
750 787
750 789
750 793
750 853
750 855
750 893
750 902
750 913
750 951
750 968
750 993
751 763
751 842
751 893
752 766
752 821
752 838
753 763
753 795
753 819
753 919
753 976
754 775
754 807
754 897
754 951
754 958
754 983
755 776
755 795
755 804
755 811
755 819
755 906
755 919
755 950
755 977
755 986
756 933
756 968
756 975
756 991
757 768
757 838
757 977
758 773
758 802
758 807
758 827
758 888
758 893
758 912
758 920
758 932
758 950
759 783
759 791
759 798
759 866
759 895
759 922
759 984
760 848
760 860
760 873
760 878
760 906
760 934
760 976
760 995
761 770
761 777
761 817
761 829
761 862
761 882
761 890
761 901
761 913
761 915
761 920
761 958
761 976
761 994
762 791
762 802
762 807
762 863
762 888
762 961
762 964
762 976
762 999
763 786
763 795
763 799
763 826
763 846
763 897
764 838
764 870
764 876
764 926
764 997
765 778
765 828
765 829
765 835
765 881
766 771
766 791
766 792
766 856
766 908
766 928
766 949
766 974
767 777
767 811
767 812
767 821
767 828
767 847
767 923
767 940
767 961
767 986
768 785
768 819
768 867
768 869
768 884
768 909
768 936
768 976
768 998
769 801
769 872
770 829
770 848
770 948
770 998
771 872
771 876
771 918
771 935
771 953
771 960
771 988
771 992
772 831
772 875
772 885
773 789
773 922
773 993
774 826
774 869
775 807
775 815
775 892
775 902
775 913
775 920
775 939
775 951
775 964
775 995
776 777
776 795
776 804
776 813
776 881
776 919
776 925
776 955
777 805
777 811
777 812
777 828
777 829
777 865
777 943
777 961
777 973
777 990
777 993
778 783
778 810
778 840
778 850
778 856
778 932
778 952
778 969
778 970
778 980
779 806
779 839
779 847
779 973
779 978
780 837
780 854
780 896
780 905
780 947
780 954
780 963
781 806
781 807
781 842
781 874
781 908
781 928
782 800
782 867
782 878
782 881
782 939
782 997
783 840
783 850
783 856
783 888
783 923
783 952
783 987
784 870
784 875
784 943
784 973
784 977
785 800
785 829
785 929
785 935
785 958
785 976
785 983
785 985
786 893
786 982
786 984
787 882
787 930
787 933
787 939
788 816
788 844
788 918
789 793
789 794
789 800
789 842
789 851
789 906
789 970
789 993
790 851
790 918
790 959
790 1000
791 866
791 880
791 895
791 919
791 969
791 979
791 980
792 965
792 980
793 842
793 916
793 963
793 993
794 807
794 809
794 822
794 908
795 881
795 897
795 905
795 912
795 919
795 938
795 941
796 799
796 892
796 912
796 916
796 972
797 811
797 878
798 859
798 902
798 909
798 974
799 810
799 835
799 892
799 901
799 965
799 984
800 845
800 865
800 905
800 910
801 853
801 888
801 896
801 914
802 817
802 842
802 912
802 920
803 805
803 806
803 809
803 814
803 815
803 818
803 820
803 833
803 849
803 870
803 910
803 955
804 819
804 831
804 836
804 897
805 811
805 812
805 826
805 845
805 863
805 931
805 963
805 986
805 990
806 809
806 815
806 822
806 826
806 829
806 852
806 863
806 873
806 954
806 967
807 809
807 813
807 824
807 825
807 832
807 880
807 883
807 887
807 902
807 912
807 917
807 964
808 837
808 891
808 928
809 822
809 823
809 844
809 876
809 967
809 969
810 892
810 919
811 845
811 882
811 895
811 907
811 941
811 943
811 950
811 961
811 964
811 986
812 896
812 914
812 943
812 950
812 983
812 986
813 846
813 868
813 958
813 996
814 823
814 978
815 919
816 914
816 920
816 954
816 999
817 860
817 949
817 966
817 976
818 847
818 922
818 955
818 967
819 881
819 919
819 976
820 837
820 862
820 909
820 935
820 967
821 857
821 867
821 912
821 941
821 994
822 847
822 865
823 833
823 846
823 931
823 967
824 902
824 912
825 836
825 844
825 917
825 918
825 924
826 860
826 892
826 908
826 940
826 950
826 961
826 983
826 990
827 859
827 883
827 888
827 902
827 920
827 942
827 958
828 986
829 865
829 890
829 954
830 919
831 866
831 877
831 890
831 891
831 893
831 913
831 920
831 923
831 931
831 938
831 956
831 980
832 902
832 931
833 967
834 894
834 916
834 937
834 996
835 852
835 876
835 945
835 969
836 882
836 895
836 919
836 963
836 985
836 991
837 870
837 891
837 898
838 868
838 957
839 952
839 977
840 901
841 911
841 996
842 843
842 853
842 922
842 927
842 944
842 993
843 854
843 868
843 880
843 993
844 867
844 888
844 979
845 871
845 894
845 905
845 916
845 969
845 987
846 849
846 850
846 993
847 871
847 916
847 972
847 997
848 879
848 927
848 942
848 950
848 981
848 995
849 851
850 948
851 882
851 974
851 976
851 983
851 993
851 996
852 859
852 894
852 902
852 908
852 916
852 931
852 969
852 983
852 991
853 879
853 922
853 993
854 866
854 881
855 922
855 932
855 967
855 993
856 902
856 989
858 921
858 931
858 932
858 941
859 921
859 923
859 941
860 927
860 933
860 943
860 950
860 961
860 986
861 924
861 957
861 993
862 863
862 899
862 971
862 986
862 992
863 902
863 962
864 980
865 899
865 903
866 895
867 923
867 941
867 994
868 874
868 993
869 892
869 977
870 999
871 910
871 919
871 969
872 876
872 884
872 899
872 923
872 999
873 893
873 934
873 941
874 894
874 903
875 901
876 884
876 897
876 935
876 953
876 992
877 946
877 996
879 916
880 920
881 904
881 919
881 922
882 893
882 961
883 898
883 902
883 921
884 935
884 940
884 953
884 989
884 992
885 927
885 934
886 990
888 902
888 912
888 994
889 991
890 899
890 915
890 958
891 931
891 939
891 987
892 916
892 933
893 917
894 897
894 921
894 932
894 945
894 969
894 971
894 987
894 998
895 938
895 976
895 980
896 911
896 919
896 955
897 901
897 919
897 943
898 932
898 954
898 985
899 901
901 915
902 912
902 920
902 964
903 994
905 947
905 963
906 946
906 977
907 925
907 968
907 982
908 939
908 996
909 977
910 916
910 939
911 917
911 924
912 959
913 938
914 993
916 919
916 945
916 969
916 971
916 987
917 924
917 932
917 939
918 936
918 988
921 993
922 933
922 945
922 981
922 993
923 941
923 942
923 955
923 980
923 993
924 966
925 941
925 963
927 929
927 951
927 960
927 985
927 992
929 932
929 963
929 985
931 944
931 967
932 945
932 950
932 969
932 971
932 978
932 991
934 938
934 972
934 994
936 976
936 977
938 959
938 974
938 980
940 947
940 953
940 961
941 952
941 994
943 955
943 986
943 998
944 948
944 986
944 992
945 950
946 948
946 968
946 970
948 970
950 963
950 986
950 990
951 985
952 954
953 972
955 982
958 982
958 987
960 974
962 966
962 968
962 991
963 979
966 968
966 975
966 991
968 975
969 971
969 987
973 978
975 983
975 991
975 994
975 996
976 977
976 978
977 978
977 998
983 985
983 992
984 1000
986 990
986 1000
