# LFR benchmark graph: regime=S mu=0.4 realization=0
# undirected, unweighted; 1-based node ids; each edge listed once.
1 31
1 43
1 77
1 120
1 151
1 307
1 376
1 486
1 596
1 761
1 765
1 766
1 812
1 866
1 897
1 908
1 949
1 967
2 33
2 47
2 69
2 70
2 93
2 95
2 126
2 135
2 137
2 147
2 185
2 189
2 238
2 267
2 281
2 285
2 297
2 342
2 344
2 376
2 377
2 383
2 387
2 416
2 449
2 462
2 474
2 486
2 516
2 521
2 548
2 578
2 584
2 618
2 738
2 751
2 769
2 814
2 833
2 844
2 960
2 997
2 1000
3 12
3 26
3 67
3 139
3 184
3 189
3 269
3 301
3 338
3 348
3 352
3 390
3 404
3 420
3 424
3 471
3 509
3 512
3 547
3 602
3 614
3 645
3 647
3 648
3 657
3 674
3 733
3 759
3 784
3 789
3 791
3 882
3 900
3 902
3 941
3 953
3 968
3 974
3 995
4 41
4 65
4 75
4 97
4 107
4 121
4 151
4 350
4 374
4 419
4 438
4 446
4 448
4 568
4 616
4 694
4 854
4 856
4 916
4 948
4 958
5 48
5 106
5 111
5 118
5 130
5 232
5 304
5 374
5 421
5 483
5 486
5 514
5 529
5 568
5 587
5 673
5 690
5 718
5 759
5 818
5 836
5 856
5 863
5 902
5 928
6 38
6 84
6 139
6 220
6 320
6 477
6 500
6 541
6 629
6 653
6 807
6 811
6 833
6 922
6 926
6 946
6 962
7 22
7 23
7 50
7 68
7 71
7 96
7 104
7 116
7 159
7 161
7 173
7 194
7 215
7 225
7 229
7 276
7 287
7 304
7 308
7 367
7 374
7 391
7 419
7 432
7 433
7 442
7 463
7 542
7 545
7 550
7 630
7 634
7 641
7 757
7 801
7 807
7 824
7 827
7 834
7 840
7 841
7 849
7 881
7 932
7 937
7 945
7 946
8 125
8 164
8 208
8 209
8 226
8 480
8 543
8 563
8 587
8 718
8 898
8 948
8 966
9 31
9 65
9 69
9 98
9 99
9 244
9 305
9 397
9 435
9 490
9 503
9 555
9 656
9 725
9 817
9 824
9 880
9 897
9 977
9 986
9 990
9 998
10 11
10 37
10 119
10 134
10 173
10 268
10 319
10 338
10 446
10 558
10 620
10 634
10 649
10 732
10 883
10 965
10 988
11 16
11 119
11 122
11 131
11 180
11 182
11 208
11 268
11 291
11 310
11 375
11 399
11 413
11 463
11 616
11 676
11 758
11 792
11 826
11 892
11 955
12 55
12 81
12 134
12 140
12 186
12 234
12 255
12 292
12 385
12 399
12 400
12 433
12 436
12 481
12 607
12 645
12 679
12 682
12 683
12 688
12 712
12 719
12 818
12 823
12 871
12 934
12 970
12 980
12 990
13 52
13 63
13 86
13 108
13 112
13 211
13 219
13 308
13 373
13 456
13 461
13 511
13 520
13 529
13 540
13 564
13 634
13 762
13 825
13 829
13 839
13 862
13 928
14 63
14 67
14 101
14 256
14 335
14 352
14 373
14 480
14 511
14 605
14 637
14 650
14 659
14 699
14 717
14 854
14 859
14 928
14 954
15 182
15 279
15 283
15 348
15 357
15 427
15 501
15 513
15 515
15 517
15 529
15 546
15 749
15 854
15 861
16 180
16 225
16 267
16 271
16 272
16 298
16 306
16 431
16 470
16 495
16 506
16 516
16 544
16 574
16 753
16 807
16 824
16 906
17 89
17 97
17 165
17 187
17 193
17 217
17 223
17 224
17 267
17 269
17 323
17 367
17 403
17 450
17 522
17 523
17 697
17 751
17 780
17 818
17 896
17 930
18 104
18 113
18 139
18 190
18 231
18 248
18 269
18 396
18 435
18 458
18 474
18 569
18 602
18 642
18 648
18 657
18 785
18 796
18 827
18 874
18 882
19 37
19 102
19 103
19 118
19 119
19 160
19 161
19 208
19 268
19 283
19 373
19 452
19 528
19 630
19 676
19 724
19 816
19 862
19 957
19 999
20 63
20 64
20 88
20 103
20 116
20 156
20 177
20 252
20 290
20 412
20 429
20 440
20 443
20 620
20 675
20 685
20 806
20 823
20 857
20 934
21 36
21 137
21 140
21 150
21 231
21 379
21 390
21 397
21 436
21 487
21 632
21 655
21 738
21 781
21 868
21 909
21 914
21 922
21 985
22 53
22 158
22 169
22 180
22 197
22 251
22 349
22 359
22 406
22 429
22 456
22 485
22 489
22 530
22 538
22 549
22 561
22 587
22 683
22 687
22 715
22 741
22 760
22 772
22 786
22 788
22 820
22 913
22 924
22 928
22 957
22 964
22 966
23 57
23 67
23 68
23 85
23 95
23 99
23 100
23 148
23 153
23 171
23 173
23 191
23 194
23 196
23 206
23 225
23 229
23 233
23 266
23 276
23 324
23 393
23 413
23 441
23 457
23 460
23 465
23 545
23 550
23 561
23 571
23 602
23 603
23 635
23 639
23 667
23 670
23 674
23 697
23 715
23 753
23 782
23 794
23 797
23 801
23 824
23 827
23 849
23 881
23 932
23 933
23 946
23 950
24 143
24 154
24 219
24 361
24 374
24 380
24 401
24 409
24 485
24 564
24 634
24 653
24 703
24 735
24 915
25 26
25 82
25 133
25 150
25 357
25 362
25 380
25 396
25 424
25 474
25 485
25 502
25 546
25 602
25 657
25 666
25 674
25 680
25 681
25 684
25 691
25 712
25 741
25 748
25 784
25 791
25 799
25 814
25 849
25 864
25 882
25 920
25 953
25 966
26 43
26 113
26 139
26 199
26 249
26 307
26 348
26 349
26 474
26 523
26 552
26 614
26 677
26 732
26 733
26 791
26 818
27 37
27 65
27 71
27 106
27 116
27 178
27 265
27 330
27 338
27 399
27 459
27 495
27 691
27 709
27 805
27 969
28 38
28 148
28 212
28 231
28 252
28 293
28 299
28 425
28 480
28 509
28 524
28 539
28 540
28 570
28 591
28 629
28 715
28 740
28 746
28 811
28 839
28 926
29 101
29 108
29 181
29 292
29 421
29 510
29 545
29 635
29 683
29 785
29 933
29 936
29 996
30 33
30 37
30 42
30 64
30 103
30 158
30 197
30 287
30 381
30 406
30 437
30 567
30 592
30 639
30 682
30 683
30 696
30 711
30 786
30 800
30 845
30 877
30 899
30 907
30 924
30 945
30 964
30 966
30 987
31 121
31 269
31 273
31 333
31 340
31 343
31 347
31 389
31 393
31 452
31 582
31 626
31 657
31 722
31 753
31 811
31 945
32 116
32 150
32 162
32 204
32 257
32 299
32 301
32 313
32 386
32 418
32 443
32 539
32 725
32 838
32 966
33 52
33 297
33 301
33 304
33 348
33 398
33 422
33 498
33 584
33 664
33 666
33 695
33 729
33 742
33 880
33 965
34 43
34 91
34 110
34 126
34 128
34 135
34 174
34 177
34 211
34 259
34 268
34 287
34 353
34 429
34 433
34 457
34 459
34 461
34 466
34 467
34 485
34 487
34 508
34 518
34 519
34 585
34 590
34 602
34 628
34 642
34 650
34 681
34 710
34 718
34 750
34 789
34 797
34 813
34 815
34 852
34 981
34 985
35 69
35 96
35 126
35 128
35 330
35 568
35 722
35 730
35 792
35 806
35 839
35 925
35 943
35 990
36 108
36 115
36 117
36 133
36 298
36 304
36 325
36 366
36 383
36 441
36 478
36 483
36 518
36 534
36 535
36 547
36 599
36 664
36 762
36 796
36 808
36 847
36 874
36 876
36 878
36 883
36 974
37 64
37 70
37 94
37 129
37 150
37 182
37 208
37 235
37 251
37 304
37 327
37 342
37 350
37 413
37 521
37 548
37 591
37 640
37 676
37 732
37 741
37 743
37 848
37 850
37 865
37 876
38 63
38 299
38 320
38 329
38 385
38 428
38 500
38 502
38 509
38 539
38 540
38 541
38 641
38 660
38 687
38 740
38 741
38 770
38 801
38 811
38 830
38 900
38 905
38 922
38 926
38 929
38 939
39 136
39 172
39 173
39 186
39 240
39 275
39 288
39 296
39 365
39 411
39 415
39 479
39 514
39 548
39 556
39 566
39 576
39 667
39 734
39 753
39 828
39 894
39 904
40 52
40 188
40 213
40 332
40 449
40 467
40 482
40 495
40 678
40 701
40 761
40 924
40 949
40 975
41 56
41 72
41 85
41 86
41 109
41 150
41 162
41 163
41 227
41 239
41 243
41 255
41 291
41 301
41 302
41 313
41 333
41 351
41 354
41 399
41 423
41 459
41 472
41 483
41 487
41 499
41 525
41 542
41 547
41 575
41 578
41 598
41 607
41 656
41 691
41 698
41 699
41 709
41 738
41 746
41 756
41 773
41 804
41 811
41 814
41 820
41 873
41 958
41 963
41 976
42 56
42 102
42 109
42 161
42 162
42 214
42 238
42 293
42 304
42 355
42 383
42 386
42 454
42 473
42 538
42 563
42 584
42 608
42 612
42 667
42 683
42 704
42 707
42 790
42 867
42 938
43 49
43 77
43 134
43 158
43 196
43 199
43 277
43 307
43 410
43 424
43 442
43 458
43 482
43 652
43 765
43 812
43 861
43 897
43 947
44 143
44 205
44 273
44 282
44 363
44 446
44 453
44 480
44 533
44 543
44 565
44 568
44 577
44 589
44 604
44 621
44 626
44 660
44 739
44 746
44 748
44 758
44 774
44 786
44 839
44 857
44 881
44 884
44 917
44 960
44 1000
45 80
45 105
45 213
45 342
45 414
45 463
45 705
45 706
45 824
45 880
45 924
45 965
45 988
45 992
46 70
46 79
46 97
46 104
46 134
46 147
46 356
46 361
46 365
46 372
46 449
46 701
46 826
46 902
46 932
46 947
46 953
46 957
46 995
47 70
47 81
47 147
47 209
47 238
47 254
47 269
47 274
47 285
47 297
47 389
47 429
47 521
47 578
47 583
47 584
47 626
47 784
47 788
47 852
47 918
47 960
47 978
48 98
48 106
48 114
48 115
48 118
48 155
48 163
48 171
48 181
48 212
48 223
48 239
48 288
48 300
48 339
48 348
48 367
48 374
48 395
48 425
48 463
48 485
48 486
48 514
48 518
48 529
48 551
48 568
48 584
48 596
48 600
48 644
48 649
48 661
48 673
48 714
48 741
48 764
48 769
48 794
48 800
48 838
48 850
48 856
48 894
48 976
48 977
49 69
49 71
49 87
49 109
49 121
49 141
49 202
49 307
49 365
49 384
49 385
49 386
49 426
49 438
49 443
49 652
49 671
49 765
49 808
49 897
49 942
50 66
50 73
50 82
50 92
50 148
50 157
50 168
50 248
50 311
50 332
50 495
50 570
50 649
50 650
50 688
50 706
50 743
50 803
50 852
50 879
50 957
50 971
50 982
51 231
51 309
51 376
51 381
51 475
51 502
51 516
51 547
51 555
51 628
51 670
51 686
51 687
51 749
51 772
51 793
51 831
51 959
51 984
52 65
52 154
52 231
52 237
52 271
52 329
52 388
52 521
52 660
52 690
52 707
52 785
52 788
52 880
53 72
53 103
53 146
53 165
53 174
53 356
53 386
53 388
53 415
53 513
53 536
53 788
53 818
54 105
54 113
54 349
54 430
54 524
54 641
54 712
54 727
54 742
54 753
54 798
54 843
54 864
54 899
54 939
55 91
55 169
55 208
55 226
55 245
55 312
55 324
55 338
55 369
55 387
55 404
55 409
55 445
55 493
55 507
55 526
55 530
55 552
55 554
55 632
55 633
55 653
55 662
55 671
55 703
55 722
55 726
55 758
55 802
55 864
55 916
55 950
56 109
56 169
56 183
56 187
56 219
56 227
56 291
56 317
56 345
56 351
56 354
56 370
56 472
56 492
56 542
56 565
56 578
56 615
56 636
56 684
56 689
56 698
56 709
56 746
56 773
56 780
56 842
56 847
56 913
56 919
56 947
56 976
57 78
57 86
57 160
57 186
57 230
57 257
57 291
57 292
57 303
57 345
57 385
57 394
57 407
57 432
57 470
57 471
57 487
57 547
57 570
57 588
57 594
57 625
57 629
57 648
57 667
57 671
57 741
57 745
57 748
57 798
57 819
57 852
57 858
57 862
57 936
57 961
57 970
57 987
58 219
58 291
58 390
58 478
58 554
58 647
58 667
58 730
58 741
58 762
58 809
58 849
58 856
58 991
59 84
59 121
59 133
59 187
59 232
59 259
59 274
59 345
59 355
59 412
59 430
59 490
59 497
59 537
59 562
59 595
59 668
59 688
59 762
59 787
59 822
59 835
59 890
59 912
59 917
59 923
59 942
59 947
60 71
60 105
60 129
60 131
60 188
60 259
60 265
60 324
60 329
60 358
60 399
60 495
60 499
60 525
60 532
60 584
60 660
60 691
60 728
60 742
60 764
60 781
60 838
60 860
60 901
61 73
61 178
61 191
61 195
61 202
61 243
61 419
61 437
61 453
61 494
61 607
61 748
61 787
61 816
61 903
62 71
62 97
62 117
62 156
62 161
62 207
62 215
62 355
62 368
62 377
62 378
62 431
62 457
62 514
62 557
62 564
62 584
62 591
62 642
62 657
62 658
62 730
62 735
62 765
62 778
62 781
62 782
62 851
62 871
62 888
62 896
62 911
62 941
62 969
62 988
63 70
63 75
63 86
63 117
63 122
63 125
63 150
63 152
63 193
63 213
63 289
63 294
63 308
63 334
63 335
63 352
63 373
63 402
63 429
63 448
63 476
63 511
63 540
63 550
63 561
63 579
63 592
63 613
63 626
63 634
63 665
63 677
63 688
63 717
63 723
63 741
63 754
63 769
63 781
63 800
63 804
63 829
63 843
63 850
63 872
63 878
63 886
63 905
63 928
63 954
64 91
64 99
64 137
64 198
64 252
64 301
64 319
64 349
64 404
64 444
64 451
64 481
64 485
64 489
64 499
64 544
64 578
64 581
64 666
64 718
64 724
64 741
64 782
64 784
64 786
64 800
64 908
64 927
64 945
64 956
65 81
65 99
65 126
65 188
65 245
65 265
65 276
65 337
65 401
65 479
65 480
65 495
65 526
65 572
65 669
65 729
65 890
65 901
66 92
66 148
66 159
66 207
66 222
66 240
66 248
66 264
66 267
66 366
66 398
66 432
66 533
66 543
66 574
66 575
66 611
66 642
66 666
66 697
66 742
66 747
66 759
66 786
66 811
66 823
66 851
66 879
66 902
66 963
66 971
66 982
66 985
67 283
67 348
67 370
67 602
67 648
67 674
67 688
67 706
67 791
67 800
67 813
67 882
68 103
68 116
68 173
68 212
68 214
68 218
68 229
68 285
68 307
68 494
68 542
68 561
68 654
68 696
68 753
68 816
68 834
68 873
68 886
68 945
68 954
69 75
69 150
69 213
69 289
69 426
69 486
69 499
69 708
69 846
69 872
69 905
69 928
69 954
70 94
70 95
70 126
70 155
70 175
70 185
70 189
70 218
70 238
70 274
70 285
70 297
70 311
70 313
70 317
70 359
70 386
70 416
70 443
70 462
70 491
70 501
70 507
70 531
70 553
70 618
70 651
70 695
70 716
70 750
70 751
70 753
70 775
70 776
70 958
70 960
70 978
70 983
71 99
71 130
71 174
71 188
71 204
71 218
71 219
71 265
71 269
71 279
71 294
71 378
71 399
71 479
71 491
71 495
71 517
71 572
71 653
71 661
71 716
71 721
71 750
71 790
71 860
71 890
71 948
71 952
71 971
71 993
72 107
72 108
72 155
72 174
72 185
72 201
72 255
72 291
72 302
72 317
72 347
72 383
72 434
72 472
72 473
72 499
72 511
72 552
72 568
72 578
72 622
72 698
72 723
72 798
72 803
72 812
72 842
72 850
72 852
72 913
72 920
72 947
73 257
73 399
73 404
73 452
73 625
73 784
73 823
73 838
73 849
73 940
73 971
73 999
74 92
74 115
74 148
74 183
74 257
74 332
74 361
74 367
74 384
74 554
74 568
74 570
74 608
74 619
74 631
74 641
74 650
74 675
74 706
74 823
74 971
74 985
75 90
75 115
75 150
75 152
75 247
75 255
75 258
75 289
75 303
75 373
75 402
75 434
75 480
75 511
75 520
75 605
75 637
75 646
75 659
75 700
75 745
75 801
75 804
75 854
75 855
75 872
75 886
75 905
75 928
75 982
76 81
76 136
76 143
76 169
76 171
76 193
76 205
76 206
76 386
76 451
76 452
76 511
76 543
76 600
76 626
76 642
76 657
76 660
76 730
76 757
76 839
76 862
76 944
76 970
76 980
76 983
77 87
77 139
77 159
77 196
77 199
77 365
77 382
77 438
77 467
77 471
77 473
77 478
77 531
77 652
77 766
77 788
77 796
77 809
77 836
77 837
77 846
77 859
77 897
77 908
77 924
77 967
78 254
78 304
78 305
78 348
78 397
78 453
78 492
78 551
78 613
78 718
78 770
78 776
78 817
78 963
78 977
78 987
79 96
79 99
79 104
79 140
79 171
79 223
79 230
79 238
79 300
79 341
79 356
79 361
79 365
79 384
79 449
79 451
79 452
79 465
79 535
79 573
79 685
79 696
79 701
79 722
79 746
79 777
79 817
79 818
79 832
79 836
79 890
79 892
79 902
79 912
79 947
79 957
79 987
80 109
80 136
80 236
80 319
80 405
80 414
80 481
80 482
80 661
80 674
80 757
80 770
80 843
80 874
80 988
80 996
81 109
81 205
81 240
81 241
81 259
81 296
81 304
81 324
81 368
81 378
81 390
81 426
81 442
81 445
81 452
81 453
81 463
81 480
81 533
81 543
81 604
81 621
81 660
81 711
81 714
81 739
81 757
81 774
81 806
81 839
81 846
81 857
81 862
81 903
81 919
81 920
81 965
81 980
81 984
81 998
81 1000
82 96
82 319
82 346
82 357
82 487
82 641
82 659
82 663
82 718
82 821
82 861
82 891
82 992
83 209
83 212
83 227
83 232
83 236
83 259
83 271
83 357
83 369
83 561
83 580
83 616
83 743
83 780
83 800
83 861
83 932
84 98
84 105
84 143
84 178
84 194
84 243
84 328
84 497
84 537
84 555
84 556
84 565
84 595
84 687
84 822
84 882
84 912
84 915
84 942
85 101
85 141
85 185
85 235
85 240
85 241
85 247
85 255
85 338
85 341
85 417
85 459
85 468
85 488
85 505
85 552
85 587
85 609
85 617
85 619
85 652
85 658
85 678
85 690
85 735
85 746
85 756
85 762
85 778
85 825
85 833
85 842
85 873
85 981
85 989
86 119
86 135
86 150
86 152
86 163
86 167
86 211
86 292
86 319
86 335
86 373
86 445
86 520
86 529
86 539
86 582
86 804
86 817
86 837
86 841
86 843
86 854
86 872
86 928
86 931
86 980
87 96
87 103
87 182
87 196
87 205
87 268
87 277
87 297
87 328
87 338
87 365
87 408
87 426
87 434
87 602
87 634
87 652
87 781
87 807
87 930
87 960
88 141
88 156
88 273
88 298
88 440
88 443
88 530
88 601
88 624
88 645
88 726
88 736
88 833
88 937
88 946
89 105
89 116
89 214
89 229
89 243
89 251
89 274
89 300
89 641
89 693
89 715
89 728
89 824
89 850
89 909
89 932
89 933
89 976
90 135
90 145
90 159
90 176
90 262
90 275
90 309
90 322
90 386
90 402
90 476
90 482
90 497
90 548
90 618
90 700
90 708
90 732
90 762
90 852
90 882
90 931
90 972
91 101
91 128
91 175
91 191
91 206
91 213
91 229
91 243
91 396
91 417
91 421
91 463
91 550
91 604
91 625
91 641
91 704
91 715
91 726
91 824
91 867
91 899
91 933
91 937
91 940
91 946
91 972
92 145
92 148
92 183
92 241
92 248
92 249
92 257
92 286
92 295
92 303
92 318
92 332
92 333
92 369
92 578
92 606
92 625
92 631
92 650
92 709
92 717
92 730
92 742
92 747
92 785
92 798
92 823
92 861
92 870
92 879
92 930
93 100
93 143
93 147
93 189
93 241
93 248
93 264
93 274
93 286
93 299
93 303
93 338
93 416
93 441
93 498
93 604
93 639
93 669
93 695
93 769
93 838
93 905
93 929
93 960
93 961
93 968
94 119
94 155
94 182
94 208
94 229
94 251
94 268
94 330
94 514
94 536
94 592
94 640
94 665
94 711
94 727
94 743
94 758
94 824
94 848
94 883
94 898
95 97
95 112
95 184
95 185
95 229
95 269
95 285
95 297
95 305
95 379
95 408
95 443
95 480
95 498
95 530
95 538
95 553
95 556
95 559
95 669
95 695
95 786
95 838
95 928
95 960
95 983
95 996
95 997
96 125
96 140
96 171
96 178
96 216
96 305
96 356
96 365
96 372
96 377
96 384
96 387
96 425
96 455
96 465
96 573
96 630
96 692
96 701
96 708
96 779
96 836
96 842
96 849
96 857
96 899
96 902
96 947
96 957
96 970
96 1000
97 197
97 280
97 309
97 383
97 559
97 627
97 658
97 702
97 710
97 725
97 794
97 842
97 886
97 959
98 175
98 202
98 214
98 324
98 380
98 412
98 497
98 583
98 595
98 607
98 619
98 655
98 668
98 740
98 757
98 758
98 785
98 837
98 991
99 129
99 137
99 160
99 188
99 212
99 265
99 275
99 298
99 320
99 338
99 385
99 388
99 537
99 558
99 640
99 655
99 691
99 901
99 945
100 111
100 112
100 133
100 153
100 177
100 192
100 231
100 286
100 375
100 450
100 554
100 650
100 696
101 111
101 156
101 181
101 185
101 197
101 206
101 284
101 558
101 584
101 652
101 834
101 915
101 924
101 940
102 177
102 249
102 351
102 356
102 357
102 359
102 384
102 403
102 462
102 487
102 802
102 861
103 123
103 130
103 173
103 191
103 214
103 215
103 225
103 229
103 276
103 285
103 347
103 370
103 375
103 398
103 399
103 412
103 442
103 463
103 550
103 561
103 579
103 624
103 633
103 641
103 655
103 670
103 674
103 703
103 715
103 753
103 801
103 820
103 822
103 824
103 827
103 841
103 849
103 877
103 878
103 923
103 926
103 928
103 941
103 974
103 982
103 984
104 138
104 153
104 171
104 176
104 221
104 223
104 230
104 234
104 239
104 356
104 361
104 365
104 372
104 384
104 397
104 435
104 449
104 465
104 484
104 508
104 570
104 573
104 576
104 594
104 632
104 701
104 708
104 777
104 786
104 805
104 810
104 836
104 846
104 902
104 947
104 957
105 322
105 359
105 523
105 570
105 674
105 705
105 984
105 992
106 118
106 129
106 195
106 197
106 212
106 348
106 414
106 455
106 486
106 487
106 509
106 661
106 684
106 704
106 764
106 850
106 911
106 987
107 123
107 170
107 188
107 210
107 216
107 229
107 268
107 269
107 271
107 293
107 321
107 334
107 360
107 363
107 464
107 501
107 502
107 636
107 693
107 709
107 719
107 759
107 764
107 781
107 806
107 925
107 943
107 960
107 979
108 115
108 133
108 166
108 262
108 267
108 304
108 328
108 407
108 579
108 673
108 698
108 726
108 772
108 785
108 808
108 831
108 884
108 902
109 119
109 146
109 165
109 244
109 256
109 277
109 288
109 298
109 312
109 323
109 326
109 383
109 386
109 415
109 421
109 427
109 432
109 531
109 536
109 543
109 555
109 565
109 630
109 648
109 657
109 659
109 678
109 693
109 704
109 706
109 707
109 720
109 730
109 743
109 803
109 845
109 911
109 915
109 920
109 951
109 994
109 995
110 128
110 130
110 192
110 259
110 457
110 486
110 561
110 582
110 718
110 741
110 789
110 827
110 852
110 963
111 168
111 177
111 242
111 304
111 347
111 375
111 378
111 479
111 486
111 512
111 551
111 590
111 754
111 755
111 781
111 805
111 811
111 872
111 921
111 929
111 934
111 945
112 121
112 129
112 192
112 259
112 345
112 375
112 403
112 408
112 590
112 657
112 661
112 759
112 801
112 807
112 813
112 823
112 846
112 865
112 929
112 931
113 138
113 139
113 172
113 184
113 232
113 235
113 256
113 281
113 283
113 348
113 395
113 396
113 424
113 474
113 506
113 547
113 550
113 602
113 648
113 674
113 755
113 791
113 819
113 869
113 873
113 882
113 920
113 926
113 928
113 964
113 968
114 197
114 217
114 221
114 235
114 240
114 252
114 256
114 308
114 406
114 429
114 447
114 451
114 489
114 500
114 514
114 518
114 558
114 592
114 616
114 669
114 689
114 724
114 731
114 799
114 800
114 820
114 865
114 896
114 897
114 915
114 923
114 927
114 945
114 955
114 966
115 133
115 159
115 166
115 224
115 246
115 262
115 275
115 282
115 304
115 315
115 348
115 375
115 416
115 435
115 483
115 533
115 579
115 613
115 664
115 761
115 772
115 780
115 785
115 789
115 799
115 808
115 876
115 883
115 915
115 940
116 122
116 127
116 148
116 224
116 321
116 405
116 476
116 522
116 533
116 546
116 606
116 641
116 648
116 754
116 764
116 838
116 861
116 892
116 919
117 243
117 284
117 321
117 400
117 431
117 557
117 573
117 591
117 594
117 730
117 735
117 778
117 781
117 782
117 870
117 911
117 943
117 948
117 987
117 988
118 146
118 155
118 163
118 180
118 192
118 200
118 216
118 235
118 239
118 250
118 265
118 341
118 377
118 386
118 427
118 456
118 458
118 483
118 486
118 492
118 514
118 528
118 529
118 550
118 566
118 568
118 587
118 596
118 600
118 607
118 649
118 650
118 653
118 673
118 714
118 734
118 754
118 764
118 849
118 850
118 856
118 859
118 863
118 975
118 987
119 193
119 208
119 220
119 262
119 263
119 293
119 342
119 345
119 349
119 424
119 510
119 585
119 590
119 639
119 676
119 704
119 747
119 750
119 758
119 816
119 848
119 890
120 146
120 161
120 165
120 273
120 296
120 312
120 314
120 327
120 331
120 353
120 383
120 417
120 427
120 452
120 473
120 536
120 680
120 784
120 789
120 836
120 939
120 942
120 960
120 966
120 1000
121 130
121 149
121 219
121 282
121 337
121 343
121 347
121 389
121 393
121 407
121 444
121 478
121 492
121 493
121 518
121 651
121 686
121 722
121 870
121 928
121 943
122 145
122 160
122 211
122 289
122 308
122 310
122 315
122 363
122 373
122 402
122 403
122 617
122 717
122 794
122 854
122 884
122 928
122 960
123 152
123 253
123 309
123 345
123 495
123 527
123 563
123 766
123 778
123 805
123 871
123 917
123 977
124 158
124 212
124 229
124 241
124 261
124 344
124 352
124 387
124 390
124 407
124 417
124 428
124 479
124 482
124 532
124 568
124 625
124 881
125 189
125 204
125 213
125 219
125 273
125 308
125 328
125 348
125 524
125 634
125 637
125 671
125 672
125 688
125 742
125 788
125 804
125 809
125 829
125 833
125 880
125 881
125 886
125 928
125 940
125 954
125 969
126 128
126 137
126 205
126 359
126 412
126 457
126 461
126 563
126 598
126 642
126 749
126 789
126 810
126 828
126 947
127 169
127 197
127 279
127 332
127 349
127 406
127 429
127 452
127 485
127 512
127 544
127 571
127 591
127 640
127 661
127 683
127 724
127 800
127 832
127 860
127 893
127 941
128 138
128 174
128 197
128 213
128 287
128 309
128 311
128 323
128 352
128 383
128 440
128 457
128 458
128 463
128 469
128 508
128 540
128 548
128 562
128 582
128 593
128 602
128 622
128 624
128 630
128 642
128 647
128 652
128 703
128 718
128 732
128 750
128 781
128 789
128 797
128 799
128 810
128 813
128 815
128 826
128 828
128 853
128 895
129 188
129 204
129 218
129 249
129 265
129 280
129 296
129 337
129 348
129 378
129 390
129 405
129 455
129 467
129 495
129 538
129 597
129 600
129 638
129 724
129 728
129 736
129 780
129 797
129 860
129 901
129 939
129 942
129 980
129 993
129 996
130 155
130 163
130 200
130 204
130 212
130 232
130 235
130 239
130 315
130 357
130 367
130 374
130 377
130 419
130 422
130 431
130 442
130 447
130 452
130 458
130 514
130 562
130 587
130 596
130 600
130 649
130 658
130 661
130 673
130 686
130 688
130 694
130 714
130 718
130 737
130 766
130 785
130 850
130 856
130 863
130 894
130 940
130 944
130 987
131 176
131 208
131 231
131 338
131 362
131 384
131 401
131 432
131 600
131 659
131 684
131 696
131 719
131 780
131 830
131 850
131 909
131 960
131 975
132 137
132 181
132 261
132 332
132 335
132 351
132 383
132 482
132 485
132 532
132 542
132 557
132 568
132 581
132 658
132 673
132 809
132 942
132 944
133 137
133 159
133 166
133 219
133 262
133 264
133 283
133 325
133 333
133 429
133 483
133 534
133 579
133 585
133 599
133 648
133 661
133 664
133 678
133 731
133 743
133 756
133 772
133 783
133 785
133 796
133 799
133 804
133 880
133 883
133 884
133 999
134 189
134 192
134 254
134 315
134 318
134 506
134 527
134 558
134 562
134 566
134 612
134 719
134 772
134 849
134 862
134 950
134 983
135 153
135 172
135 176
135 207
135 233
135 260
135 271
135 322
135 336
135 337
135 423
135 476
135 514
135 522
135 659
135 687
135 700
135 716
135 784
135 789
135 817
135 877
135 931
135 941
135 957
135 987
135 993
136 217
136 326
136 381
136 516
136 519
136 703
136 719
136 749
136 835
136 889
136 959
136 961
136 967
137 189
137 238
137 241
137 256
137 261
137 274
137 292
137 297
137 302
137 308
137 443
137 452
137 519
137 521
137 570
137 571
137 584
137 598
137 739
137 751
137 778
137 820
137 858
137 918
137 949
137 982
138 139
138 171
138 281
138 331
138 365
138 384
138 388
138 442
138 449
138 767
138 778
138 836
138 902
138 957
139 142
139 184
139 197
139 238
139 269
139 279
139 281
139 288
139 291
139 335
139 348
139 379
139 380
139 384
139 401
139 424
139 435
139 452
139 472
139 482
139 499
139 556
139 567
139 591
139 602
139 614
139 624
139 648
139 657
139 677
139 684
139 710
139 722
139 723
139 760
139 784
139 785
139 791
139 854
139 869
139 872
139 900
139 953
140 171
140 211
140 274
140 365
140 384
140 386
140 406
140 422
140 449
140 465
140 473
140 488
140 525
140 588
140 701
140 795
140 797
140 823
140 836
140 882
140 893
140 945
140 947
141 153
141 247
141 252
141 254
141 261
141 410
141 417
141 459
141 468
141 488
141 519
141 582
141 592
141 600
141 609
141 614
141 617
141 621
141 732
141 756
141 762
141 873
141 889
141 894
141 916
141 922
141 956
141 989
142 160
142 176
142 179
142 223
142 239
142 303
142 324
142 349
142 389
142 442
142 484
142 489
142 547
142 625
142 645
142 648
142 654
142 688
142 701
142 769
142 803
142 844
142 857
142 958
143 205
143 240
143 319
143 324
143 371
143 386
143 425
143 445
143 452
143 480
143 531
143 533
143 543
143 561
143 589
143 612
143 632
143 640
143 660
143 757
143 774
143 823
143 837
143 846
143 862
143 889
143 965
143 998
143 1000
144 254
144 266
144 271
144 298
144 395
144 467
144 520
144 625
144 630
144 646
144 886
145 148
145 186
145 292
145 311
145 332
145 351
145 404
145 472
145 697
145 748
145 814
145 822
145 823
145 940
146 161
146 165
146 169
146 180
146 220
146 244
146 249
146 285
146 383
146 412
146 415
146 454
146 536
146 537
146 555
146 659
146 663
146 678
146 680
146 704
146 707
146 718
146 777
146 830
146 846
146 855
146 862
146 925
146 951
146 959
146 994
147 181
147 247
147 284
147 310
147 321
147 368
147 418
147 456
147 552
147 567
147 579
147 635
147 730
147 738
147 802
147 868
147 893
147 919
147 940
147 996
148 161
148 168
148 244
148 257
148 311
148 332
148 340
148 344
148 369
148 479
148 485
148 503
148 650
148 742
148 763
148 791
148 800
148 814
148 823
148 851
148 852
148 868
148 877
148 885
148 931
148 954
148 982
149 170
149 200
149 216
149 226
149 317
149 333
149 343
149 344
149 389
149 412
149 421
149 489
149 493
149 499
149 594
149 611
149 635
149 651
149 665
149 679
149 698
149 722
149 758
149 767
149 878
149 882
149 985
150 152
150 213
150 218
150 221
150 230
150 279
150 308
150 334
150 352
150 358
150 372
150 373
150 378
150 402
150 464
150 469
150 474
150 511
150 552
150 605
150 637
150 643
150 680
150 717
150 721
150 755
150 804
150 810
150 829
150 836
150 866
150 884
150 886
150 905
150 928
150 954
150 966
151 156
151 169
151 324
151 366
151 419
151 446
151 489
151 535
151 536
151 585
151 625
151 681
151 694
151 712
151 889
151 908
151 913
151 948
151 964
152 173
152 176
152 221
152 223
152 283
152 289
152 373
152 402
152 415
152 462
152 605
152 629
152 634
152 637
152 701
152 769
152 804
152 843
152 872
152 928
152 953
152 960
153 193
153 220
153 267
153 279
153 403
153 427
153 480
153 503
153 521
153 550
153 574
153 650
153 666
153 914
153 930
154 174
154 260
154 264
154 278
154 313
154 314
154 350
154 355
154 376
154 404
154 409
154 426
154 445
154 455
154 529
154 590
154 599
154 632
154 703
154 729
154 763
154 785
154 802
154 804
154 904
154 916
154 950
155 232
155 235
155 236
155 309
155 315
155 347
155 367
155 415
155 433
155 468
155 514
155 527
155 542
155 568
155 587
155 684
155 695
155 724
155 764
155 794
155 850
155 856
155 987
156 273
156 307
156 316
156 412
156 435
156 583
156 646
156 675
156 685
156 702
156 708
156 728
156 732
156 741
156 775
156 862
156 944
156 952
156 966
156 997
157 248
157 257
157 323
157 328
157 388
157 443
157 637
157 658
157 742
157 773
157 823
157 900
157 927
157 949
157 984
158 190
158 197
158 211
158 243
158 256
158 286
158 363
158 390
158 406
158 408
158 429
158 433
158 451
158 452
158 489
158 496
158 511
158 546
158 558
158 601
158 696
158 711
158 724
158 731
158 800
158 832
158 890
158 897
158 928
158 956
158 967
158 995
159 166
159 225
159 288
159 325
159 399
159 429
159 449
159 486
159 579
159 599
159 693
159 711
159 742
159 772
159 785
159 799
159 808
159 836
159 838
159 847
159 883
160 175
160 184
160 199
160 218
160 303
160 316
160 365
160 385
160 420
160 422
160 426
160 443
160 470
160 481
160 558
160 613
160 616
160 644
160 645
160 682
160 688
160 697
160 712
160 719
160 720
160 744
160 797
160 847
160 871
160 898
160 907
160 966
160 980
160 997
161 193
161 232
161 244
161 251
161 312
161 326
161 327
161 331
161 336
161 354
161 355
161 373
161 383
161 386
161 415
161 427
161 435
161 454
161 538
161 557
161 565
161 570
161 579
161 613
161 643
161 659
161 707
161 714
161 720
161 746
161 753
161 790
161 795
161 803
161 820
161 840
161 880
161 915
161 951
161 952
161 978
161 983
161 989
162 219
162 227
162 243
162 302
162 542
162 581
162 606
162 620
162 656
162 699
162 723
162 757
162 773
162 842
162 883
162 913
162 970
162 976
163 185
163 200
163 205
163 210
163 212
163 232
163 239
163 266
163 298
163 315
163 343
163 352
163 364
163 393
163 484
163 486
163 508
163 514
163 529
163 568
163 590
163 600
163 644
163 645
163 649
163 673
163 714
163 764
163 787
163 811
163 847
163 850
163 856
163 923
163 937
163 992
164 211
164 215
164 310
164 410
164 437
164 444
164 464
164 494
164 509
164 665
164 823
164 880
164 936
165 175
165 184
165 244
165 282
165 293
165 312
165 326
165 341
165 382
165 383
165 386
165 394
165 403
165 412
165 415
165 427
165 430
165 439
165 450
165 454
165 473
165 487
165 504
165 506
165 524
165 536
165 538
165 555
165 604
165 608
165 644
165 659
165 678
165 680
165 693
165 699
165 700
165 704
165 743
165 790
165 791
165 801
165 803
165 819
165 830
165 894
165 916
165 951
165 994
166 220
166 239
166 274
166 304
166 325
166 326
166 361
166 393
166 435
166 479
166 489
166 534
166 540
166 546
166 579
166 583
166 653
166 660
166 674
166 772
166 799
166 876
166 883
166 884
166 888
166 967
166 980
167 221
167 232
167 289
167 308
167 324
167 373
167 376
167 402
167 450
167 458
167 529
167 576
167 634
167 688
167 707
167 843
167 915
167 928
167 964
168 189
168 257
168 259
168 402
168 547
168 650
168 742
168 818
168 823
168 852
168 878
168 943
168 971
169 190
169 196
169 197
169 286
169 308
169 349
169 406
169 451
169 468
169 485
169 508
169 543
169 544
169 566
169 619
169 683
169 687
169 689
169 724
169 749
169 786
169 800
169 832
169 874
169 875
169 887
169 924
169 956
169 964
169 988
170 200
170 279
170 312
170 385
170 485
170 632
170 652
170 783
170 792
170 877
170 925
170 932
170 943
170 997
171 223
171 230
171 285
171 372
171 384
171 387
171 449
171 464
171 477
171 501
171 633
171 660
171 751
171 777
171 812
171 836
171 902
171 918
171 938
171 955
171 957
172 226
172 252
172 288
172 345
172 479
172 548
172 559
172 679
172 734
172 827
172 828
172 882
173 229
173 232
173 235
173 250
173 541
173 563
173 630
173 659
173 742
173 753
173 849
173 881
173 946
173 972
174 204
174 372
174 385
174 424
174 449
174 457
174 471
174 563
174 582
174 654
174 701
174 715
174 718
174 719
174 750
174 789
174 813
174 905
174 915
174 966
174 967
175 192
175 205
175 257
175 274
175 297
175 301
175 313
175 387
175 493
175 570
175 584
175 656
175 669
175 694
175 695
175 751
175 837
175 857
175 866
175 906
175 919
175 923
175 941
175 943
175 960
175 992
176 206
176 209
176 223
176 233
176 244
176 260
176 275
176 322
176 391
176 477
176 522
176 646
176 700
176 728
176 868
176 931
176 993
177 375
177 433
177 487
177 497
177 511
177 529
177 547
177 551
177 590
177 643
177 721
177 741
177 754
177 865
177 929
178 319
178 335
178 434
178 534
178 537
178 562
178 595
178 602
178 668
178 735
178 822
178 859
178 912
178 917
178 923
178 931
178 941
178 942
179 186
179 212
179 280
179 303
179 314
179 340
179 385
179 413
179 514
179 539
179 561
179 619
179 625
179 645
179 706
179 766
179 825
179 827
179 844
179 866
179 907
179 924
180 192
180 197
180 346
180 374
180 388
180 429
180 473
180 489
180 507
180 515
180 547
180 616
180 664
180 683
180 687
180 696
180 711
180 741
180 753
180 762
180 784
180 800
180 803
180 886
180 927
180 931
180 945
180 964
180 966
181 197
181 250
181 276
181 284
181 323
181 402
181 418
181 472
181 628
181 644
181 669
181 678
181 806
181 849
181 876
181 888
181 917
181 940
181 954
181 979
182 208
182 222
182 323
182 381
182 413
182 452
182 531
182 585
182 588
182 676
182 755
182 796
182 830
182 848
182 874
182 887
182 999
183 203
183 231
183 241
183 295
183 567
183 650
183 673
183 685
183 719
183 806
183 852
183 854
184 255
184 260
184 269
184 420
184 509
184 553
184 602
184 629
184 657
184 751
184 771
184 987
185 189
185 221
185 246
185 250
185 261
185 274
185 313
185 342
185 357
185 361
185 416
185 426
185 430
185 521
185 537
185 553
185 587
185 607
185 691
185 692
185 718
185 765
185 871
185 933
185 958
185 978
185 996
186 234
186 272
186 336
186 385
186 453
186 470
186 507
186 564
186 625
186 645
186 669
186 682
186 688
186 719
186 750
186 797
186 812
186 818
186 819
186 844
186 872
186 876
186 886
186 898
186 970
186 973
187 239
187 349
187 390
187 456
187 491
187 580
187 626
187 647
187 682
187 789
187 799
187 809
187 815
187 935
187 966
188 250
188 281
188 312
188 328
188 335
188 337
188 338
188 378
188 399
188 406
188 455
188 495
188 572
188 645
188 657
188 704
188 711
188 724
188 778
188 811
188 855
188 903
188 945
188 972
188 994
189 195
189 200
189 238
189 248
189 274
189 285
189 297
189 301
189 304
189 313
189 359
189 363
189 387
189 415
189 416
189 418
189 430
189 443
189 553
189 557
189 570
189 621
189 635
189 669
189 691
189 695
189 715
189 729
189 751
189 769
189 772
189 800
189 823
189 875
189 877
189 904
189 917
189 949
189 969
189 978
189 997
190 193
190 197
190 217
190 221
190 252
190 330
190 348
190 349
190 359
190 399
190 410
190 429
190 433
190 443
190 451
190 477
190 485
190 489
190 496
190 543
190 616
190 696
190 702
190 711
190 740
190 742
190 769
190 786
190 800
190 845
190 945
190 966
191 214
191 226
191 308
191 327
191 407
191 424
191 463
191 561
191 573
191 627
191 662
191 693
191 764
191 786
191 824
191 908
191 933
191 966
192 270
192 302
192 345
192 361
192 375
192 400
192 408
192 415
192 500
192 512
192 546
192 551
192 569
192 590
192 610
192 643
192 728
192 799
192 805
192 921
192 929
193 209
193 213
193 253
193 267
193 321
193 331
193 384
193 450
193 485
193 564
193 568
193 685
193 709
193 801
193 850
193 857
193 916
194 200
194 206
194 215
194 225
194 227
194 232
194 275
194 300
194 445
194 483
194 520
194 550
194 561
194 597
194 641
194 644
194 687
194 690
194 722
194 726
194 801
194 815
194 846
194 870
194 877
194 893
194 922
194 937
195 311
195 399
195 426
195 449
195 613
195 625
195 645
195 650
195 654
195 667
195 688
195 747
195 819
195 844
196 199
196 277
196 327
196 336
196 423
196 438
196 474
196 531
196 616
196 672
196 791
196 862
196 933
196 967
197 206
197 252
197 290
197 349
197 359
197 380
197 396
197 399
197 406
197 415
197 433
197 439
197 460
197 485
197 489
197 592
197 597
197 654
197 687
197 689
197 696
197 697
197 724
197 774
197 779
197 780
197 786
197 800
197 807
197 820
197 832
197 845
197 888
197 927
197 931
197 956
197 966
197 970
197 986
198 209
198 263
198 458
198 467
198 477
198 512
198 648
198 659
198 660
198 698
198 711
198 732
198 789
198 797
198 819
198 844
198 981
199 221
199 238
199 277
199 338
199 382
199 559
199 564
199 643
199 652
199 663
199 709
199 762
199 765
199 766
199 790
199 802
199 810
199 897
199 991
200 204
200 214
200 232
200 374
200 467
200 486
200 491
200 514
200 558
200 568
200 632
200 634
200 661
200 673
200 711
200 714
200 850
200 894
200 953
200 954
200 987
201 278
201 456
201 499
201 510
201 579
201 632
201 730
201 772
201 807
201 877
201 916
201 950
201 978
202 214
202 474
202 513
202 528
202 676
202 714
202 832
202 847
202 849
203 273
203 393
203 412
203 440
203 507
203 514
203 566
203 614
203 675
203 687
203 696
203 836
203 996
204 301
204 357
204 435
204 517
204 572
204 728
204 803
204 890
204 904
204 965
204 966
205 231
205 241
205 296
205 319
205 324
205 326
205 371
205 445
205 452
205 480
205 491
205 499
205 531
205 540
205 543
205 560
205 569
205 589
205 604
205 614
205 621
205 626
205 639
205 642
205 646
205 660
205 678
205 681
205 728
205 757
205 771
205 774
205 837
205 839
205 846
205 857
205 862
205 863
205 902
205 965
205 977
205 983
205 991
205 996
205 1000
206 214
206 225
206 289
206 393
206 407
206 441
206 561
206 592
206 670
206 687
206 771
206 899
206 916
206 981
207 235
207 368
207 510
207 557
207 564
207 585
207 619
207 730
207 781
207 782
207 796
207 911
207 987
208 251
208 292
208 342
208 359
208 365
208 407
208 409
208 412
208 483
208 502
208 565
208 585
208 586
208 638
208 714
208 758
208 765
208 816
208 837
208 999
209 239
209 260
209 279
209 294
209 305
209 319
209 320
209 392
209 400
209 418
209 459
209 473
209 487
209 532
209 545
209 596
209 738
209 767
209 788
209 820
209 827
209 861
209 892
209 972
209 973
210 229
210 271
210 337
210 386
210 452
210 562
210 567
210 648
210 793
210 806
210 925
210 930
210 943
211 375
211 388
211 419
211 590
211 643
211 701
211 789
211 860
211 921
211 929
212 232
212 235
212 239
212 250
212 265
212 282
212 315
212 341
212 367
212 425
212 479
212 483
212 506
212 514
212 515
212 529
212 545
212 568
212 587
212 593
212 596
212 600
212 622
212 626
212 641
212 644
212 661
212 673
212 764
212 828
212 850
212 856
212 863
212 975
212 978
212 987
213 289
213 308
213 536
213 602
213 608
213 626
213 717
213 928
213 936
214 215
214 225
214 259
214 302
214 463
214 505
214 517
214 533
214 545
214 549
214 551
214 571
214 577
214 584
214 596
214 633
214 641
214 677
214 702
214 726
214 729
214 753
214 801
214 827
214 835
214 841
214 923
214 937
214 962
214 972
215 225
215 344
215 366
215 439
215 473
215 522
215 577
215 623
215 641
215 644
215 687
215 788
215 806
215 812
215 849
215 854
215 876
215 932
215 990
215 996
216 262
216 326
216 412
216 536
216 684
216 686
216 806
216 823
216 840
216 905
216 906
216 925
216 943
217 383
217 450
217 471
217 511
217 523
217 666
217 687
217 688
217 751
217 927
217 932
218 244
218 302
218 338
218 399
218 455
218 495
218 514
218 848
218 890
219 243
219 255
219 291
219 302
219 317
219 330
219 336
219 345
219 346
219 354
219 423
219 449
219 472
219 499
219 537
219 542
219 552
219 574
219 575
219 581
219 592
219 607
219 622
219 629
219 649
219 685
219 687
219 698
219 714
219 723
219 738
219 746
219 752
219 773
219 788
219 809
219 825
219 842
219 910
219 913
219 936
219 963
219 974
220 253
220 324
220 357
220 456
220 527
220 653
220 678
220 703
220 707
220 802
220 828
220 831
220 836
220 916
220 950
220 969
221 307
221 330
221 352
221 367
221 415
221 420
221 469
221 511
221 530
221 634
221 720
221 757
221 801
221 804
221 854
221 905
221 928
221 990
222 302
222 355
222 369
222 422
222 548
222 579
222 597
222 600
222 650
222 691
222 724
222 735
222 823
222 927
222 971
223 236
223 352
223 365
223 405
223 456
223 534
223 660
223 701
223 764
223 836
223 849
223 873
223 957
223 966
224 259
224 267
224 272
224 295
224 297
224 328
224 528
224 551
224 661
224 717
224 844
224 896
224 930
225 229
225 242
225 266
225 276
225 283
225 289
225 301
225 321
225 348
225 349
225 353
225 442
225 504
225 561
225 587
225 605
225 641
225 670
225 693
225 698
225 801
225 827
225 849
225 875
225 876
225 880
225 933
225 946
225 984
226 261
226 283
226 302
226 348
226 415
226 416
226 471
226 473
226 474
226 485
226 576
226 602
226 615
226 624
226 655
226 657
226 674
226 688
226 745
226 895
226 971
227 237
227 257
227 291
227 325
227 328
227 330
227 351
227 401
227 423
227 428
227 437
227 472
227 499
227 552
227 559
227 579
227 581
227 590
227 607
227 622
227 641
227 687
227 690
227 694
227 698
227 709
227 723
227 738
227 746
227 757
227 765
227 773
227 793
227 842
227 913
227 948
227 976
227 983
228 279
228 294
228 380
228 383
228 451
228 487
228 660
228 672
228 815
228 844
228 859
228 861
228 890
228 930
229 300
229 413
229 414
229 441
229 442
229 460
229 461
229 494
229 503
229 509
229 549
229 562
229 580
229 584
229 715
229 753
229 768
229 801
229 808
229 827
229 878
229 932
229 946
229 950
229 984
230 287
230 333
230 365
230 369
230 384
230 422
230 449
230 573
230 590
230 668
230 701
230 708
230 719
230 739
230 836
230 842
230 850
230 890
230 902
230 957
231 278
231 295
231 314
231 317
231 436
231 506
231 655
231 663
231 773
231 781
231 874
231 882
231 914
232 239
232 250
232 265
232 266
232 294
232 309
232 314
232 315
232 349
232 366
232 367
232 374
232 375
232 393
232 401
232 449
232 458
232 475
232 495
232 498
232 514
232 529
232 568
232 587
232 634
232 644
232 649
232 661
232 673
232 678
232 714
232 722
232 774
232 804
232 806
232 861
232 863
232 916
232 955
232 969
232 987
233 261
233 294
233 303
233 322
233 387
233 525
233 650
233 661
233 931
234 303
234 304
234 343
234 385
234 457
234 495
234 547
234 625
234 706
234 755
234 819
234 844
234 845
234 847
235 267
235 374
235 375
235 444
235 486
235 529
235 542
235 587
235 644
235 661
235 764
235 939
235 987
236 405
236 519
236 554
236 583
236 591
236 689
236 692
236 726
236 857
236 864
236 890
236 922
236 938
236 958
236 985
237 258
237 287
237 296
237 318
237 322
237 411
237 591
237 660
237 676
237 752
237 931
237 971
238 289
238 301
238 392
238 449
238 488
238 659
238 671
238 769
238 865
238 960
239 374
239 381
239 386
239 408
239 442
239 467
239 472
239 473
239 529
239 587
239 644
239 649
239 653
239 743
239 850
239 856
239 897
239 945
240 242
240 345
240 420
240 453
240 480
240 491
240 533
240 549
240 562
240 676
240 746
240 757
240 762
240 771
240 839
240 885
240 952
240 954
240 965
240 969
241 253
241 295
241 319
241 371
241 391
241 396
241 401
241 453
241 533
241 575
241 589
241 604
241 615
241 626
241 654
241 660
241 715
241 736
241 839
241 846
241 857
241 862
241 932
241 946
241 965
241 983
242 261
242 267
242 269
242 326
242 351
242 372
242 429
242 532
242 592
242 595
242 669
242 698
242 722
242 769
243 256
243 260
243 291
243 330
243 351
243 431
243 441
243 453
243 496
243 498
243 552
243 555
243 574
243 581
243 598
243 607
243 622
243 651
243 698
243 709
243 726
243 758
243 762
243 781
243 801
243 827
243 847
243 897
243 899
243 965
243 976
244 377
244 383
244 386
244 398
244 415
244 421
244 423
244 427
244 473
244 482
244 536
244 621
244 659
244 664
244 678
244 680
244 701
244 704
244 707
244 731
244 743
244 758
244 767
244 790
244 803
244 827
244 914
244 986
245 259
245 267
245 292
245 342
245 470
245 476
245 485
245 653
245 802
245 873
245 903
245 907
245 916
246 449
246 452
246 527
246 553
246 587
246 629
246 721
246 724
246 761
246 787
246 882
246 920
246 952
247 275
247 365
247 417
247 451
247 459
247 488
247 519
247 560
247 669
247 753
247 756
247 762
247 789
247 836
247 923
247 952
248 256
248 297
248 311
248 332
248 369
248 386
248 401
248 421
248 440
248 450
248 550
248 593
248 650
248 660
248 666
248 699
248 706
248 726
248 747
248 788
248 798
248 823
248 826
248 851
248 852
248 879
248 885
248 916
248 932
248 971
248 986
249 338
249 399
249 426
249 460
249 485
249 536
249 569
249 693
249 719
249 724
249 788
249 846
249 869
250 261
250 482
250 630
250 671
250 689
250 711
250 780
250 799
250 844
250 891
250 933
251 268
251 323
251 345
251 421
251 602
251 626
251 656
251 705
251 996
251 998
251 999
252 271
252 290
252 349
252 406
252 429
252 449
252 687
252 691
252 800
252 814
252 832
252 911
252 945
252 955
252 964
252 966
253 268
253 309
253 317
253 318
253 339
253 349
253 350
253 385
253 398
253 422
253 427
253 451
253 474
253 478
253 560
253 577
253 639
253 640
253 755
253 825
254 258
254 318
254 426
254 580
254 620
254 689
254 690
254 725
254 741
254 819
254 834
254 974
254 980
255 274
255 305
255 317
255 441
255 527
255 623
255 666
255 709
255 738
255 910
255 915
256 336
256 349
256 406
256 429
256 485
256 570
256 678
256 741
256 800
256 806
256 824
256 832
256 955
256 998
257 279
257 317
257 385
257 386
257 475
257 520
257 564
257 593
257 600
257 603
257 610
257 650
257 740
257 742
257 798
257 823
257 849
257 885
257 891
257 910
257 954
258 312
258 339
258 383
258 417
258 498
258 580
258 604
258 626
258 698
258 785
258 818
258 935
258 956
258 989
259 291
259 353
259 427
259 453
259 500
259 519
259 563
259 582
259 593
259 617
259 647
259 718
259 732
259 750
259 789
259 810
259 853
259 862
259 895
259 932
259 933
259 955
259 956
259 966
259 981
260 322
260 461
260 476
260 522
260 658
260 666
260 681
260 742
260 794
260 800
260 823
260 910
261 321
261 364
261 365
261 366
261 384
261 482
261 631
261 677
261 780
261 793
261 821
261 860
261 891
261 895
261 926
261 972
262 304
262 306
262 415
262 467
262 521
262 599
262 689
262 695
262 764
262 785
262 864
262 884
262 898
262 922
262 986
263 316
263 356
263 403
263 440
263 496
263 547
263 561
263 675
263 685
263 865
263 866
263 872
263 904
263 934
263 954
264 268
264 487
264 607
264 633
264 875
264 947
264 988
265 292
265 358
265 363
265 373
265 378
265 425
265 429
265 437
265 495
265 531
265 574
265 581
265 747
265 821
265 860
265 873
265 901
265 995
266 271
266 272
266 296
266 306
266 315
266 382
266 390
266 395
266 418
266 428
266 474
266 551
266 556
266 595
266 646
266 758
266 796
266 826
266 920
266 922
267 272
267 403
267 450
267 472
267 657
267 666
267 763
267 829
267 896
267 925
267 979
267 995
268 305
268 311
268 335
268 356
268 413
268 431
268 454
268 479
268 485
268 513
268 583
268 585
268 638
268 703
268 745
268 770
268 797
268 816
268 818
268 887
268 909
268 920
268 927
268 964
268 997
268 999
269 281
269 298
269 337
269 340
269 348
269 380
269 417
269 424
269 469
269 506
269 581
269 601
269 602
269 657
269 674
269 677
269 691
269 771
269 774
269 784
269 822
269 882
269 953
269 968
269 975
270 282
270 345
270 375
270 391
270 411
270 568
270 590
270 591
270 621
270 643
270 700
270 704
270 787
270 805
270 921
270 929
270 955
271 306
271 364
271 395
271 459
271 512
271 518
271 550
271 552
271 556
271 577
271 643
271 661
271 689
271 747
271 795
271 893
271 894
271 968
272 426
272 427
272 450
272 616
272 641
272 666
272 782
272 850
272 939
273 300
273 320
273 395
273 412
273 736
273 779
274 297
274 319
274 387
274 389
274 440
274 443
274 491
274 498
274 584
274 596
274 611
274 664
274 666
274 669
274 671
274 691
274 695
274 794
274 800
274 830
274 832
274 860
274 870
274 954
274 958
274 962
274 973
274 997
275 322
275 413
275 435
275 452
275 619
275 646
275 753
275 766
276 511
276 514
276 548
276 556
276 561
276 619
276 641
276 642
276 714
276 792
276 832
276 849
276 878
276 925
276 997
277 307
277 440
277 445
277 531
277 599
277 652
277 672
277 719
277 812
277 908
277 955
277 967
278 456
278 568
278 622
278 652
278 655
278 662
278 673
278 826
278 916
278 933
278 950
279 357
279 400
279 487
279 532
279 535
279 550
279 571
279 582
279 598
279 605
279 672
279 698
279 735
279 775
279 803
279 831
279 838
279 859
279 861
279 875
279 974
279 979
279 985
280 333
280 447
280 497
280 517
280 526
280 550
280 607
280 658
280 672
280 741
280 784
280 791
280 824
281 348
281 394
281 420
281 424
281 440
281 493
281 506
281 646
281 671
281 674
281 677
281 706
281 755
281 818
281 900
281 920
281 925
281 931
281 953
282 333
282 347
282 389
282 439
282 442
282 443
282 487
282 493
282 509
282 581
282 652
282 722
282 764
282 774
282 829
282 957
283 427
283 532
283 691
283 769
283 882
283 905
283 938
283 962
283 968
284 339
284 386
284 515
284 564
284 579
284 629
284 639
284 751
284 832
284 868
285 297
285 301
285 304
285 322
285 450
285 462
285 473
285 491
285 646
285 669
285 671
285 691
285 695
285 719
285 751
285 769
285 846
285 853
285 882
285 906
285 918
285 935
285 995
285 997
286 322
286 347
286 349
286 371
286 406
286 429
286 485
286 489
286 551
286 592
286 669
286 687
286 711
286 718
286 724
286 786
286 800
286 897
286 921
286 924
286 927
286 966
287 375
287 457
287 467
287 474
287 499
287 582
287 603
287 604
287 628
287 734
287 735
287 789
287 797
287 810
288 296
288 308
288 356
288 415
288 479
288 523
288 528
288 548
288 559
288 562
288 566
288 605
288 663
288 679
288 692
288 749
288 776
288 797
288 828
288 839
288 877
289 382
289 387
289 402
289 428
289 456
289 461
289 469
289 489
289 520
289 526
289 634
289 637
289 665
289 746
289 797
289 829
289 834
289 843
289 854
289 873
289 886
289 900
289 905
289 906
289 912
289 928
289 965
290 412
290 437
290 440
290 504
290 675
290 736
290 760
290 947
290 957
291 302
291 317
291 370
291 395
291 423
291 449
291 458
291 515
291 518
291 542
291 581
291 622
291 651
291 698
291 699
291 746
291 769
291 773
291 785
291 814
291 842
291 913
291 953
291 958
291 962
291 984
291 987
291 993
292 303
292 311
292 331
292 419
292 422
292 426
292 468
292 547
292 573
292 587
292 607
292 613
292 629
292 688
292 694
292 763
292 774
292 819
292 852
292 878
292 907
292 970
293 383
293 386
293 398
293 404
293 415
293 421
293 526
293 530
293 565
293 678
293 707
293 713
293 715
293 743
293 827
293 893
293 904
293 952
293 993
293 994
294 332
294 349
294 357
294 385
294 406
294 437
294 487
294 555
294 596
294 603
294 606
294 625
294 644
294 645
294 663
294 687
294 724
294 731
294 757
294 788
294 792
294 816
294 840
294 861
294 913
294 957
295 314
295 362
295 426
295 429
295 470
295 496
295 536
295 644
295 655
295 663
295 672
295 731
295 848
295 868
295 874
295 909
295 914
295 987
296 401
296 444
296 479
296 530
296 664
296 679
296 689
296 690
296 704
296 766
296 828
296 833
297 313
297 371
297 387
297 425
297 480
297 498
297 529
297 538
297 553
297 570
297 579
297 584
297 608
297 648
297 651
297 669
297 691
297 695
297 718
297 769
297 776
297 834
297 861
297 866
297 869
297 874
297 925
297 949
297 958
297 978
297 993
297 996
297 997
298 414
298 428
298 445
298 448
298 493
298 655
298 676
298 714
298 840
298 890
298 929
298 956
299 320
299 329
299 349
299 374
299 392
299 429
299 459
299 502
299 509
299 540
299 541
299 542
299 590
299 600
299 629
299 740
299 797
299 807
299 810
299 811
299 832
299 845
299 922
300 547
300 638
300 675
300 691
301 302
301 329
301 361
301 443
301 498
301 553
301 622
301 623
301 675
301 702
301 808
301 886
301 965
302 317
302 330
302 370
302 397
302 434
302 474
302 486
302 499
302 533
302 542
302 543
302 556
302 622
302 647
302 673
302 698
302 709
302 723
302 743
302 746
302 769
302 781
302 810
302 814
302 913
302 964
302 976
303 319
303 322
303 331
303 350
303 360
303 385
303 392
303 432
303 470
303 472
303 477
303 480
303 512
303 529
303 531
303 547
303 550
303 569
303 613
303 625
303 645
303 666
303 688
303 712
303 719
303 727
303 734
303 743
303 748
303 795
303 818
303 844
303 850
303 907
303 954
303 980
304 312
304 325
304 341
304 359
304 407
304 408
304 426
304 461
304 482
304 483
304 489
304 579
304 598
304 599
304 614
304 626
304 661
304 664
304 747
304 796
304 813
304 884
304 918
305 344
305 380
305 385
305 407
305 434
305 492
305 530
305 547
305 564
305 661
305 669
305 723
305 727
305 817
305 819
305 975
305 977
305 986
305 990
305 998
306 343
306 416
306 428
306 483
306 562
306 882
306 954
307 344
307 424
307 438
307 541
307 545
307 600
307 652
307 669
307 722
307 725
307 746
307 763
307 812
307 897
307 898
307 908
307 967
308 348
308 352
308 475
308 509
308 637
308 663
308 699
308 743
308 783
308 824
308 827
308 840
308 854
308 884
308 886
308 905
308 914
308 928
308 954
308 982
309 326
309 516
309 638
309 648
309 730
309 743
309 777
309 794
309 849
309 933
310 370
310 404
310 414
310 451
310 464
310 513
310 568
310 735
310 786
310 787
310 862
310 978
310 998
311 324
311 332
311 436
311 444
311 706
311 715
311 742
311 823
311 856
311 884
312 326
312 365
312 382
312 383
312 386
312 427
312 430
312 496
312 504
312 538
312 554
312 565
312 574
312 605
312 659
312 678
312 680
312 697
312 704
312 720
312 738
312 781
312 830
312 834
312 908
312 915
312 939
312 977
313 326
313 354
313 387
313 393
313 443
313 491
313 575
313 601
313 669
313 695
313 701
313 709
313 741
313 950
314 383
314 401
314 472
314 631
314 655
314 684
314 732
314 755
314 874
314 909
314 914
314 916
314 954
315 327
315 357
315 396
315 409
315 449
315 514
315 576
315 661
315 760
315 781
315 822
315 850
315 856
316 418
316 547
316 548
316 563
316 628
316 750
316 789
316 815
316 848
316 912
317 370
317 407
317 470
317 499
317 563
317 581
317 698
317 724
317 740
317 769
317 773
317 803
317 842
317 889
317 913
317 996
318 339
318 386
318 490
318 491
318 577
318 640
318 656
318 721
318 755
318 825
318 850
318 862
318 878
318 905
318 944
319 324
319 368
319 369
319 371
319 452
319 453
319 480
319 529
319 533
319 543
319 545
319 550
319 559
319 565
319 582
319 626
319 642
319 660
319 687
319 688
319 757
319 774
319 837
319 839
319 842
319 846
319 856
319 857
319 862
319 965
319 1000
320 329
320 355
320 452
320 500
320 509
320 539
320 629
320 651
320 652
320 740
320 772
320 775
320 850
320 880
320 884
320 922
320 926
320 939
320 945
320 949
321 381
321 395
321 440
321 541
321 561
321 594
321 623
321 710
321 761
321 776
321 919
321 969
321 996
322 410
322 446
322 504
322 610
322 620
322 642
322 668
322 813
322 902
322 931
322 941
323 417
323 418
323 441
323 480
323 485
323 505
323 527
323 532
323 635
323 677
323 779
323 862
323 907
324 445
324 453
324 457
324 533
324 539
324 543
324 604
324 626
324 660
324 696
324 757
324 837
324 846
324 853
324 862
324 971
325 426
325 530
325 579
325 629
325 735
325 746
325 772
325 785
325 799
325 810
325 820
325 909
326 374
326 383
326 386
326 427
326 430
326 451
326 521
326 545
326 565
326 600
326 608
326 645
326 659
326 720
326 800
326 803
326 872
326 887
326 915
326 933
326 965
326 972
326 994
327 365
327 549
327 590
327 783
327 861
327 939
328 347
328 355
328 427
328 491
328 582
328 624
328 653
328 735
328 781
328 782
328 817
328 924
329 509
329 528
329 539
329 540
329 541
329 558
329 745
329 807
329 842
329 922
330 472
330 482
330 698
330 746
330 773
330 842
330 975
331 332
331 386
331 407
331 473
331 529
331 533
331 550
331 588
331 608
331 660
331 665
331 686
331 704
331 737
331 781
331 803
331 915
331 957
332 337
332 369
332 391
332 392
332 406
332 452
332 454
332 473
332 484
332 513
332 551
332 564
332 592
332 678
332 679
332 706
332 713
332 742
332 785
332 798
332 823
332 827
332 838
332 851
332 852
332 868
332 870
332 879
332 885
332 897
332 928
332 971
332 990
333 340
333 344
333 347
333 389
333 441
333 478
333 497
333 526
333 527
333 565
333 594
333 611
333 634
333 665
333 683
333 698
333 701
333 722
333 770
333 779
333 955
333 979
333 996
334 335
334 374
334 491
334 646
334 647
334 698
334 701
334 781
334 804
334 841
334 919
334 954
335 473
335 586
335 627
335 696
335 714
335 854
335 886
335 928
335 969
336 348
336 406
336 474
336 496
336 583
336 622
336 683
336 728
336 766
336 793
336 814
336 864
336 867
337 455
337 462
337 484
337 495
337 772
337 883
337 901
338 340
338 362
338 377
338 399
338 471
338 495
338 505
338 572
338 672
338 728
338 860
338 861
338 901
338 979
339 350
339 412
339 490
339 498
339 537
339 560
339 577
339 636
339 640
339 793
339 808
339 825
339 841
339 935
340 347
340 393
340 493
340 498
340 546
340 611
340 626
340 651
340 652
340 676
340 710
340 722
340 737
340 779
341 420
341 448
341 468
341 519
341 579
341 617
341 719
341 756
341 762
341 930
341 989
342 599
342 672
342 758
342 782
342 845
342 858
343 347
343 389
343 443
343 590
343 594
343 613
343 651
343 722
343 779
343 818
343 929
343 981
344 389
344 426
344 489
344 561
344 621
344 656
344 722
344 985
345 375
345 408
345 415
345 480
345 512
345 551
345 569
345 580
345 590
345 593
345 602
345 643
345 669
345 754
345 759
345 805
345 865
345 875
345 880
345 929
346 369
346 390
346 396
346 403
346 485
346 554
346 580
346 586
346 606
346 647
346 667
346 900
346 921
346 953
346 958
347 364
347 389
347 393
347 396
347 440
347 478
347 482
347 493
347 514
347 588
347 594
347 597
347 611
347 614
347 615
347 623
347 631
347 651
347 699
347 722
347 779
347 792
347 797
347 847
347 855
347 869
347 889
347 947
347 985
348 380
348 396
348 413
348 420
348 506
348 514
348 533
348 547
348 602
348 648
348 657
348 661
348 698
348 706
348 784
348 844
348 861
348 882
348 920
348 960
348 968
348 992
349 359
349 406
349 428
349 429
349 451
349 487
349 502
349 505
349 547
349 592
349 594
349 606
349 610
349 626
349 687
349 696
349 711
349 724
349 742
349 763
349 806
349 820
349 832
349 845
349 869
349 905
349 919
349 927
349 945
349 966
350 356
350 398
350 480
350 485
350 755
350 818
350 825
350 944
350 959
350 991
351 354
351 370
351 501
351 617
351 659
351 688
351 709
351 746
351 842
351 938
351 950
352 373
352 426
352 469
352 520
352 549
352 664
352 797
352 880
352 928
352 954
353 357
353 369
353 461
353 625
353 797
353 858
353 963
354 370
354 378
354 426
354 439
354 499
354 530
354 584
354 607
354 674
354 698
354 709
354 739
354 766
354 773
354 875
354 896
354 957
355 564
355 575
355 781
355 782
355 911
355 917
356 365
356 372
356 376
356 384
356 409
356 449
356 506
356 564
356 573
356 594
356 606
356 697
356 768
356 777
356 778
356 836
356 855
356 901
356 902
356 957
357 487
357 550
357 582
357 648
357 663
357 740
357 788
357 791
357 796
357 800
357 859
357 867
357 875
357 906
357 941
357 946
357 973
358 409
358 490
358 522
358 699
358 724
358 728
358 768
358 846
358 905
358 946
359 380
359 451
359 485
359 489
359 526
359 558
359 567
359 617
359 660
359 689
359 696
359 724
359 726
359 800
359 945
359 967
360 440
360 456
360 502
360 562
360 598
360 721
360 722
360 767
360 783
360 806
360 852
360 856
360 943
360 999
361 365
361 389
361 424
361 449
361 489
361 523
361 573
361 626
361 777
361 902
362 401
362 408
362 495
362 496
362 502
362 532
362 655
362 659
362 704
362 719
362 725
362 823
362 833
362 874
362 914
362 928
362 979
363 533
363 636
363 715
363 737
363 781
363 785
363 860
363 890
363 1000
364 373
364 374
364 439
364 513
364 546
364 554
364 572
364 591
364 692
364 838
364 919
364 980
365 367
365 372
365 384
365 386
365 424
365 489
365 499
365 536
365 556
365 572
365 573
365 622
365 692
365 701
365 708
365 777
365 792
365 804
365 825
365 836
365 900
365 902
365 912
365 919
365 946
365 947
366 391
366 419
366 425
366 429
366 443
366 545
366 577
366 599
366 633
366 651
366 704
366 754
366 785
366 795
366 911
367 372
367 457
367 486
367 514
367 568
367 582
367 602
367 606
367 661
367 727
367 842
367 850
367 856
367 869
367 882
367 902
367 942
368 431
368 557
368 564
368 591
368 708
368 735
368 778
368 781
368 809
368 911
368 931
369 375
369 565
369 706
369 835
369 836
369 852
369 913
369 971
370 461
370 494
370 499
370 531
370 597
370 604
370 673
370 698
370 709
370 764
370 784
370 842
370 947
371 377
371 480
371 642
371 710
371 739
371 757
371 837
371 846
371 862
371 926
371 934
371 962
372 384
372 405
372 441
372 449
372 524
372 590
372 598
372 633
372 708
372 724
372 733
372 750
372 836
372 951
372 957
373 405
373 421
373 467
373 469
373 500
373 520
373 540
373 543
373 605
373 613
373 634
373 666
373 694
373 705
373 717
373 764
373 804
373 843
373 854
373 869
373 927
373 928
373 937
373 954
373 956
374 400
374 441
374 486
374 514
374 529
374 573
374 596
374 600
374 640
374 649
374 683
374 714
374 795
374 804
374 815
374 850
374 853
374 857
374 921
374 987
374 988
375 475
375 503
375 538
375 540
375 569
375 571
375 590
375 643
375 697
375 724
375 754
375 865
375 910
375 921
375 929
376 391
376 442
376 480
376 482
376 489
376 511
376 889
377 402
377 410
377 431
377 557
377 564
377 633
377 735
377 781
377 782
377 797
377 911
378 495
378 527
378 538
378 595
378 641
378 687
378 803
378 839
378 859
378 863
378 901
379 411
379 419
379 446
379 448
379 522
379 535
379 628
379 681
379 694
379 798
379 803
379 948
379 975
380 420
380 424
380 452
380 602
380 674
380 771
380 890
381 388
381 441
381 516
381 581
381 706
381 749
381 757
381 889
382 386
382 440
382 473
382 498
382 540
382 564
382 582
382 678
382 704
382 711
382 931
382 941
382 972
383 415
383 416
383 421
383 427
383 430
383 464
383 473
383 529
383 536
383 538
383 596
383 608
383 650
383 678
383 751
383 774
383 786
383 812
383 852
383 873
383 898
383 915
383 951
383 952
384 403
384 449
384 461
384 465
384 483
384 495
384 511
384 531
384 612
384 639
384 641
384 642
384 657
384 696
384 701
384 709
384 726
384 742
384 781
384 836
384 849
384 902
384 947
384 969
385 422
385 426
385 432
385 458
385 470
385 481
385 494
385 509
385 547
385 551
385 581
385 610
385 645
385 682
385 688
385 697
385 705
385 744
385 761
385 763
385 792
385 796
385 818
385 819
385 847
385 851
385 858
385 871
385 880
385 898
385 907
385 943
385 961
385 970
385 974
385 980
386 415
386 421
386 427
386 430
386 454
386 473
386 538
386 565
386 582
386 659
386 678
386 680
386 682
386 694
386 697
386 700
386 704
386 706
386 707
386 720
386 753
386 757
386 790
386 803
386 862
386 885
386 896
386 951
386 952
387 416
387 432
387 443
387 491
387 498
387 550
387 553
387 573
387 584
387 618
387 637
387 691
387 695
387 710
387 726
387 769
387 773
387 784
387 801
387 861
387 866
387 878
387 918
387 952
387 983
388 400
388 415
388 467
388 527
388 607
388 755
388 782
388 827
388 889
388 891
389 410
389 430
389 478
389 493
389 530
389 532
389 541
389 557
389 610
389 611
389 631
389 651
389 692
389 713
389 722
389 747
389 750
389 779
389 870
389 918
389 985
390 405
390 494
390 500
390 527
390 553
390 554
390 580
390 586
390 606
390 647
390 667
390 735
390 783
390 789
390 809
390 921
390 935
390 949
390 962
390 983
391 405
391 451
391 488
391 557
391 793
391 980
391 1000
392 393
392 487
392 540
392 602
392 648
392 650
392 697
392 739
392 788
392 825
392 829
392 854
392 861
393 493
393 594
393 615
393 627
393 651
393 665
393 698
393 704
393 722
393 814
393 815
393 827
393 862
393 976
393 985
394 426
394 470
394 547
394 588
394 625
394 719
394 816
394 844
394 880
394 883
394 892
394 923
394 967
395 414
395 429
395 485
395 534
395 563
395 634
395 646
395 819
395 906
396 402
396 446
396 474
396 537
396 580
396 602
396 614
396 648
396 709
396 738
396 784
396 823
396 824
396 920
397 434
397 492
397 524
397 645
397 694
397 725
397 727
397 747
397 798
397 845
397 884
397 963
397 968
397 977
397 986
397 998
398 479
398 509
398 577
398 640
398 656
398 785
398 819
398 825
398 832
398 903
398 940
398 944
398 971
398 980
399 465
399 495
399 508
399 583
399 610
399 673
399 676
399 725
399 728
399 785
399 860
399 951
399 958
400 449
400 487
400 544
400 579
400 645
400 651
400 663
400 674
400 834
400 861
401 404
401 436
401 496
401 655
401 672
401 684
401 818
401 872
401 874
401 909
401 913
402 457
402 469
402 529
402 552
402 631
402 637
402 717
402 730
402 824
402 829
402 854
402 877
402 905
402 928
403 450
403 523
403 712
403 733
403 742
403 819
403 896
403 964
404 415
404 443
404 647
404 690
404 716
404 903
404 916
404 981
405 496
405 555
405 593
405 729
405 745
405 824
405 836
405 906
405 971
405 995
406 434
406 446
406 451
406 470
406 485
406 489
406 544
406 567
406 570
406 592
406 612
406 687
406 689
406 696
406 698
406 711
406 714
406 724
406 741
406 820
406 832
406 849
406 856
406 860
406 893
406 941
406 945
406 955
406 956
406 960
406 963
406 964
406 965
406 984
406 999
407 424
407 482
407 547
407 630
407 761
407 767
407 780
407 867
407 869
407 931
408 535
408 607
408 643
408 696
408 780
408 801
408 805
408 865
408 903
409 414
409 466
409 510
409 526
409 530
409 646
409 653
409 732
409 746
409 776
409 802
409 806
409 903
409 950
410 437
410 451
410 464
410 491
410 494
410 591
410 823
410 876
411 423
411 459
411 479
411 548
411 557
411 559
411 566
411 600
411 679
411 729
411 805
411 828
411 907
411 911
411 981
412 440
412 486
412 583
412 608
412 685
412 736
412 880
412 902
412 919
413 458
413 472
413 499
413 695
413 703
413 933
413 971
414 421
414 473
414 602
414 625
414 657
414 681
414 715
414 717
414 719
414 764
414 767
414 826
414 840
414 877
414 937
414 960
415 421
415 424
415 454
415 463
415 473
415 489
415 498
415 506
415 534
415 538
415 565
415 600
415 608
415 621
415 659
415 678
415 680
415 686
415 694
415 704
415 720
415 743
415 747
415 762
415 803
415 831
415 902
415 915
415 951
415 966
416 427
416 613
416 695
416 746
416 856
416 899
416 937
417 459
417 474
417 482
417 488
417 499
417 609
417 617
417 629
417 741
417 756
417 762
417 827
417 861
417 873
417 909
417 925
417 989
418 456
418 457
418 488
418 503
418 515
418 629
418 640
418 660
418 851
418 868
418 940
418 975
418 996
419 448
419 535
419 634
419 658
419 681
419 694
419 836
419 842
419 885
420 474
420 488
420 522
420 532
420 602
420 639
420 648
420 685
420 693
420 733
420 839
420 864
420 911
420 953
420 968
420 974
421 473
421 497
421 536
421 565
421 615
421 678
421 707
421 769
421 790
421 840
421 842
421 862
421 915
421 980
421 985
422 424
422 434
422 467
422 470
422 578
422 588
422 625
422 654
422 719
422 748
422 793
422 802
422 833
422 844
422 847
422 854
422 880
422 974
423 469
423 499
423 542
423 569
423 622
423 704
423 746
423 758
423 773
423 797
423 842
423 881
423 976
424 427
424 474
424 519
424 573
424 677
424 694
424 763
424 883
424 920
424 937
424 968
424 974
424 978
425 474
425 479
425 482
425 546
425 780
425 849
425 891
425 960
426 432
426 447
426 481
426 529
426 572
426 588
426 612
426 625
426 642
426 645
426 654
426 670
426 676
426 687
426 688
426 697
426 744
426 774
426 798
426 818
426 847
426 871
426 880
426 898
426 907
426 927
427 430
427 454
427 504
427 550
427 622
427 678
427 803
427 830
427 834
427 849
427 856
427 861
427 915
427 934
427 952
428 461
428 473
428 487
428 655
428 712
429 433
429 443
429 444
429 451
429 489
429 497
429 538
429 567
429 616
429 626
429 669
429 687
429 696
429 724
429 731
429 741
429 778
429 786
429 800
429 820
429 832
429 863
429 872
429 927
429 941
429 945
429 955
429 956
429 961
429 966
430 508
430 511
430 536
430 543
430 659
430 830
430 855
430 864
430 923
430 964
431 591
431 617
431 678
431 735
431 746
431 778
431 781
431 782
431 806
431 911
431 969
431 993
432 435
432 442
432 547
432 556
432 625
432 688
432 696
432 703
432 818
432 819
432 980
433 448
433 473
433 485
433 519
433 544
433 617
433 661
433 687
433 741
433 777
433 864
433 882
433 924
433 927
433 955
433 966
434 492
434 725
434 727
434 769
434 817
434 975
434 983
435 488
435 531
435 554
435 574
435 599
435 672
435 676
435 719
435 734
435 799
435 815
435 882
435 883
435 900
435 946
435 972
436 475
436 494
436 637
436 672
436 756
436 866
436 914
437 464
437 486
437 494
437 530
437 563
437 612
437 728
437 787
437 807
437 910
438 484
438 624
438 652
438 704
438 712
438 766
438 778
438 873
438 874
438 908
438 967
439 493
439 592
439 690
439 752
439 761
439 779
439 801
439 806
440 442
440 445
440 590
440 663
440 702
440 710
440 777
440 781
440 890
440 934
440 978
441 442
441 491
441 550
441 567
441 599
441 603
441 620
441 715
441 743
441 753
441 756
441 801
441 802
441 803
441 818
441 849
441 878
441 881
441 933
441 972
441 973
442 467
442 549
442 550
442 561
442 596
442 676
442 685
442 693
442 696
442 704
442 715
442 718
442 735
442 753
442 801
442 834
442 841
442 849
442 900
442 933
442 946
442 960
442 965
442 972
442 975
443 483
443 534
443 553
443 584
443 603
443 627
443 648
443 653
443 669
443 679
443 716
443 720
443 721
443 731
443 779
443 978
444 461
444 464
444 561
444 770
444 805
444 854
444 894
444 957
444 980
445 452
445 480
445 524
445 543
445 547
445 626
445 660
445 757
445 774
445 839
445 862
445 920
445 929
446 466
446 473
446 510
446 535
446 674
446 694
446 761
446 789
446 902
446 941
446 948
447 509
447 627
447 698
447 721
447 768
447 794
447 800
447 844
447 987
448 486
448 489
448 535
448 681
448 758
448 782
448 948
448 971
449 465
449 573
449 594
449 641
449 701
449 708
449 751
449 781
449 786
449 836
449 902
449 948
449 957
449 959
449 961
449 975
449 995
450 452
450 503
450 523
450 666
450 694
450 807
450 916
450 929
450 930
450 931
451 473
451 485
451 489
451 508
451 534
451 569
451 575
451 610
451 645
451 674
451 683
451 687
451 689
451 704
451 715
451 724
451 731
451 735
451 740
451 741
451 777
451 800
451 832
451 841
451 844
451 885
451 907
451 924
451 927
451 945
451 964
451 966
451 993
452 453
452 480
452 493
452 498
452 522
452 543
452 582
452 589
452 604
452 610
452 619
452 621
452 626
452 641
452 642
452 660
452 679
452 696
452 729
452 732
452 739
452 774
452 823
452 837
452 839
452 846
452 854
452 862
452 897
452 965
452 983
452 1000
453 480
453 580
453 589
453 614
453 626
453 660
453 736
453 742
453 757
453 774
453 786
453 812
453 837
453 839
453 857
453 963
453 965
453 969
454 473
454 678
454 803
454 915
454 916
455 495
455 525
455 545
455 635
455 661
455 664
455 801
455 844
455 890
455 901
455 940
455 993
456 553
456 554
456 606
456 641
456 667
456 772
456 780
456 809
456 935
456 962
456 991
457 466
457 467
457 475
457 506
457 508
457 531
457 563
457 567
457 680
457 684
457 717
457 732
457 738
457 778
457 789
457 797
457 810
457 842
457 962
458 486
458 529
458 568
458 661
458 673
458 688
458 719
458 730
458 775
458 808
458 814
458 834
458 850
458 854
458 926
458 936
459 461
459 519
459 532
459 609
459 660
459 675
459 752
459 762
459 842
459 907
459 928
459 966
459 971
459 973
459 989
460 550
460 561
460 641
460 715
460 753
460 796
460 824
460 901
460 932
460 933
460 972
461 466
461 475
461 508
461 512
461 540
461 582
461 656
461 718
461 755
461 761
461 781
461 789
461 797
461 815
461 853
461 895
461 901
461 910
461 981
462 491
462 498
462 521
462 535
462 553
462 565
462 584
462 669
462 671
462 800
462 977
463 536
463 562
463 563
463 565
463 582
463 641
463 693
463 715
463 721
463 753
463 806
463 815
463 824
463 827
463 845
463 849
463 932
464 494
464 513
464 690
464 762
464 787
464 883
464 894
464 957
464 960
465 500
465 642
465 676
465 693
465 701
465 708
465 759
465 765
465 777
465 871
465 902
465 957
466 542
466 582
466 660
466 698
466 750
466 789
466 797
466 800
467 479
467 500
467 546
467 563
467 628
467 682
467 695
467 702
467 732
467 752
467 788
467 797
467 807
467 810
467 813
467 853
467 900
467 919
467 981
468 559
468 580
468 641
468 780
468 821
468 873
469 538
469 600
469 695
469 704
469 714
469 737
469 816
469 842
469 849
469 905
469 954
470 473
470 516
470 547
470 588
470 603
470 622
470 634
470 643
470 645
470 671
470 676
470 688
470 707
470 719
470 797
470 874
470 880
470 918
470 936
470 970
471 529
471 595
471 602
471 625
471 648
471 662
471 664
471 788
471 849
471 893
471 912
471 973
472 482
472 542
472 578
472 607
472 687
472 698
472 738
472 842
472 906
472 910
472 976
473 511
473 536
473 561
473 608
473 622
473 637
473 704
473 707
473 790
473 803
473 911
473 914
473 915
473 952
474 538
474 573
474 602
474 614
474 615
474 616
474 622
474 635
474 657
474 670
474 682
474 698
474 733
474 751
474 764
474 784
474 791
474 820
474 882
474 920
474 933
474 968
474 979
474 988
475 663
475 709
475 732
475 825
475 929
475 991
476 522
476 547
476 550
476 634
476 728
476 758
476 821
476 859
476 860
476 905
476 906
476 931
476 964
477 488
477 611
477 688
477 707
477 764
477 765
477 769
477 800
477 910
477 946
478 633
478 641
478 651
478 670
478 722
478 767
478 915
479 504
479 526
479 528
479 548
479 559
479 566
479 576
479 652
479 671
479 707
479 709
479 825
479 828
479 867
479 983
480 510
480 533
480 543
480 571
480 589
480 604
480 608
480 629
480 642
480 660
480 682
480 695
480 702
480 726
480 739
480 748
480 757
480 774
480 801
480 839
480 857
480 862
480 965
480 983
480 1000
481 486
481 537
481 547
481 580
481 588
481 593
481 645
481 719
481 724
481 819
481 844
482 532
482 561
482 702
482 780
482 848
482 891
482 934
482 935
482 966
483 507
483 508
483 567
483 588
483 599
483 661
483 789
483 808
483 883
483 931
484 491
484 535
484 557
484 864
485 489
485 502
485 505
485 558
485 567
485 589
485 592
485 630
485 674
485 683
485 696
485 711
485 724
485 731
485 741
485 746
485 786
485 789
485 800
485 820
485 821
485 927
485 966
486 529
486 567
486 568
486 575
486 582
486 587
486 596
486 600
486 627
486 641
486 644
486 647
486 649
486 661
486 673
486 695
486 709
486 714
486 747
486 764
486 790
486 799
486 823
486 863
486 932
486 973
486 978
486 987
487 649
487 660
487 663
487 669
487 731
487 781
487 788
487 859
487 861
487 875
487 892
487 898
487 979
487 996
488 519
488 609
488 619
488 696
488 768
488 779
488 848
488 873
489 558
489 567
489 600
489 601
489 603
489 626
489 628
489 687
489 696
489 709
489 724
489 726
489 741
489 786
489 790
489 800
489 820
489 832
489 845
489 861
489 886
489 896
489 924
489 927
489 945
489 956
489 971
490 725
490 727
490 730
490 832
490 861
490 928
490 963
490 975
490 977
490 986
490 998
490 1000
491 503
491 521
491 532
491 550
491 570
491 584
491 618
491 663
491 688
491 695
491 727
491 742
491 751
491 827
491 829
491 836
491 859
491 893
491 904
491 918
491 949
491 954
491 958
491 960
491 997
491 998
492 636
492 725
492 773
492 811
492 817
492 852
492 967
492 977
493 561
493 615
493 641
493 678
493 692
493 724
493 887
493 888
493 919
494 665
494 711
494 727
494 751
494 761
494 787
494 945
494 959
494 968
494 986
495 501
495 520
495 554
495 563
495 572
495 597
495 694
495 746
495 815
495 855
495 890
495 901
495 993
496 526
496 590
496 594
496 655
496 672
496 827
496 874
496 879
496 909
496 914
497 515
497 534
497 537
497 560
497 562
497 608
497 692
497 726
497 822
498 553
498 638
498 723
498 738
498 856
498 866
498 868
498 885
498 943
498 949
498 971
498 978
498 997
499 511
499 533
499 536
499 559
499 575
499 577
499 578
499 607
499 627
499 635
499 694
499 698
499 699
499 738
499 773
499 814
499 842
499 847
499 850
499 874
499 913
499 949
500 509
500 536
500 539
500 540
500 629
500 757
500 763
500 769
500 807
500 850
500 898
500 922
500 947
500 975
501 629
501 638
501 699
501 827
501 915
501 925
501 943
502 536
502 543
502 591
502 605
502 749
502 806
502 875
502 925
502 943
503 511
503 588
503 635
503 646
503 651
503 757
503 849
503 880
504 522
504 533
504 597
504 626
504 640
504 706
504 708
504 837
505 515
505 520
505 559
505 582
505 635
505 716
505 717
505 771
505 808
505 940
505 944
505 960
505 996
506 526
506 602
506 648
506 674
506 882
507 552
507 599
507 616
507 674
507 728
507 842
507 844
507 903
508 667
508 718
508 732
508 789
508 800
508 810
508 815
509 540
509 541
509 629
509 654
509 789
509 807
509 811
509 843
509 908
509 922
509 926
509 928
509 994
510 537
510 644
510 664
510 680
510 802
510 843
510 984
511 520
511 531
511 602
511 634
511 659
511 673
511 697
511 717
511 804
511 829
511 854
511 897
511 905
511 907
511 928
512 590
512 643
512 827
512 864
512 894
512 916
512 948
513 522
513 579
513 634
513 664
513 709
513 721
513 767
513 819
513 821
513 838
513 851
513 953
513 981
514 529
514 549
514 568
514 571
514 587
514 595
514 596
514 597
514 600
514 649
514 661
514 673
514 701
514 714
514 764
514 797
514 808
514 831
514 833
514 840
514 849
514 850
514 856
514 863
514 866
514 927
514 973
514 978
514 987
515 553
515 674
515 822
515 836
515 917
515 938
515 948
515 981
516 684
516 686
516 749
516 750
516 757
516 770
516 804
516 824
516 835
516 889
516 959
516 961
516 963
517 528
517 625
517 715
517 744
517 802
517 874
517 978
517 980
518 674
518 709
518 791
518 801
518 829
518 837
518 862
518 865
518 956
518 966
519 609
519 613
519 617
519 619
519 666
519 756
519 762
519 839
519 903
519 961
519 970
519 989
520 537
520 618
520 634
520 637
520 687
520 723
520 784
520 804
520 819
520 854
520 863
520 905
520 924
520 928
520 954
520 976
520 984
521 547
521 553
521 669
521 690
521 708
521 769
521 800
521 935
521 958
521 999
522 663
522 724
522 783
522 829
522 899
522 906
522 914
522 965
522 994
523 530
523 625
523 735
523 785
523 788
523 790
523 955
524 615
524 674
524 698
524 883
524 922
524 971
525 561
525 582
525 735
525 758
525 774
525 837
525 867
525 873
525 876
525 996
526 530
526 615
526 628
526 632
526 763
526 903
526 904
526 950
527 563
527 619
527 633
527 676
527 747
527 761
527 766
527 896
528 541
528 559
528 602
528 617
528 734
528 791
528 987
529 555
529 568
529 569
529 583
529 587
529 596
529 649
529 661
529 678
529 704
529 734
529 764
529 774
529 850
529 981
529 987
530 560
530 633
530 703
530 718
530 739
530 763
530 862
530 901
530 916
530 950
530 984
531 553
531 650
531 652
531 708
531 735
531 812
531 835
531 908
531 967
532 631
532 750
532 780
532 786
532 803
532 853
532 891
532 904
533 621
533 626
533 660
533 862
533 911
534 613
534 723
534 772
534 785
534 808
534 829
534 876
535 579
535 597
535 662
535 691
535 753
535 854
535 926
535 957
536 643
536 659
536 678
536 743
536 771
536 787
536 790
536 803
537 562
537 595
537 609
537 668
537 732
537 798
537 822
537 823
537 852
537 912
537 913
537 942
538 588
538 613
538 660
538 704
538 803
538 810
538 856
538 915
539 540
539 541
539 625
539 629
539 652
539 705
539 740
539 807
539 811
539 813
539 829
539 957
539 981
540 541
540 626
540 629
540 696
540 740
540 803
540 807
540 811
540 878
540 913
540 922
540 926
540 966
540 967
541 629
541 740
541 770
541 777
541 807
541 868
541 893
541 922
541 926
542 559
542 686
542 687
542 709
542 772
542 773
542 842
542 846
542 853
542 890
542 913
542 941
542 976
543 573
543 574
543 583
543 589
543 604
543 626
543 642
543 700
543 757
543 767
543 774
543 825
543 839
543 846
543 862
543 895
543 965
543 998
544 574
544 592
544 632
544 649
544 687
544 693
544 696
544 800
544 822
544 882
544 923
544 945
544 955
545 549
545 550
545 715
545 722
545 753
545 801
545 825
545 926
546 550
546 613
546 678
546 702
546 747
546 833
546 919
546 982
547 560
547 588
547 603
547 613
547 625
547 665
547 697
547 712
547 719
547 748
547 798
547 818
547 832
547 844
547 847
547 871
547 880
547 898
547 907
547 974
547 993
548 566
548 576
548 579
548 679
548 696
548 722
548 734
548 768
548 998
549 561
549 564
549 579
549 661
549 693
549 705
549 753
549 801
549 841
549 849
549 857
550 558
550 561
550 567
550 571
550 641
550 664
550 670
550 687
550 693
550 699
550 704
550 708
550 726
550 753
550 814
550 824
550 827
550 830
550 847
550 865
550 870
550 890
550 928
550 932
550 933
550 942
550 946
550 972
550 984
551 590
551 613
551 757
551 805
551 827
551 835
551 876
551 902
551 921
551 929
552 578
552 590
552 610
552 622
552 627
552 698
552 700
552 709
552 723
552 738
552 746
552 794
552 814
552 841
552 842
552 875
552 902
552 910
552 913
552 915
553 695
553 707
553 748
553 776
553 828
553 866
553 872
553 921
553 960
554 606
554 610
554 647
554 667
554 719
554 809
554 888
554 962
555 707
555 798
555 844
555 877
555 891
555 915
556 575
556 646
556 673
556 778
556 789
556 794
556 835
556 851
556 999
557 582
557 616
557 618
557 624
557 728
557 730
557 735
557 771
557 781
557 782
557 820
557 834
557 888
557 911
557 970
558 567
558 592
558 687
558 688
558 711
558 724
558 732
558 741
558 801
558 806
558 832
558 864
558 922
558 927
559 566
559 576
559 617
559 641
559 736
559 899
559 959
560 577
560 640
560 656
560 691
560 755
560 822
560 825
560 914
560 944
560 979
560 989
560 999
560 1000
561 579
561 641
561 693
561 712
561 715
561 753
561 801
561 849
561 877
561 878
561 932
561 933
561 936
561 964
561 967
561 984
561 992
562 595
562 674
562 714
562 895
562 923
562 925
563 582
563 628
563 635
563 641
563 718
563 750
563 797
563 844
563 853
564 576
564 598
564 629
564 710
564 735
564 778
564 781
564 782
564 909
564 911
564 947
564 964
564 988
565 607
565 659
565 662
565 675
565 704
565 707
565 723
565 803
565 804
565 830
565 831
565 880
565 902
565 994
566 713
566 718
566 734
566 758
566 828
566 917
567 687
567 696
567 715
567 880
567 945
567 964
567 966
568 587
568 588
568 600
568 625
568 649
568 667
568 673
568 709
568 714
568 724
568 742
568 760
568 797
568 849
568 850
568 863
568 884
568 987
569 590
569 622
569 743
569 762
569 765
569 805
569 855
569 865
569 921
569 947
569 980
570 584
570 609
570 769
570 797
570 875
570 965
571 603
571 670
571 715
571 742
571 744
571 846
571 849
571 880
571 932
572 610
572 854
572 901
572 921
572 993
573 578
573 708
573 741
573 759
573 762
573 769
573 787
573 798
573 836
573 902
573 915
573 957
574 774
574 819
575 578
575 611
575 629
575 648
575 668
575 679
575 709
575 716
575 746
575 773
575 842
575 870
575 910
575 986
575 996
576 734
576 739
576 828
576 845
576 980
577 655
577 656
577 825
577 860
577 944
578 595
578 709
578 773
578 842
578 918
579 592
579 626
579 650
579 664
579 746
579 751
579 767
579 772
579 799
579 808
579 876
579 886
580 586
580 647
580 678
580 922
580 933
580 955
580 962
581 590
581 622
581 665
581 705
581 709
581 746
581 748
581 757
581 786
581 810
581 838
582 633
582 687
582 718
582 750
582 759
582 761
582 789
582 797
582 809
582 810
582 884
582 975
582 981
583 695
583 719
583 804
583 864
583 867
584 652
584 664
584 671
584 691
584 712
584 719
584 769
584 777
584 843
584 856
584 857
584 866
584 912
584 947
584 949
584 958
584 960
585 618
585 698
585 719
585 726
585 727
585 753
585 786
585 803
585 805
585 963
586 602
586 606
586 647
586 667
586 876
586 907
586 910
586 927
586 963
586 999
587 632
587 661
587 670
587 714
587 804
587 832
587 850
587 925
587 969
588 601
588 613
588 625
588 688
588 712
588 719
588 813
588 847
588 962
589 636
589 660
589 697
589 727
589 773
589 837
589 839
589 889
589 927
589 965
590 624
590 635
590 695
590 724
590 754
590 777
590 787
590 805
590 865
590 873
590 929
591 685
591 730
591 735
591 782
591 911
592 668
592 684
592 696
592 711
592 750
592 800
592 815
592 828
592 924
592 927
592 946
592 965
592 966
593 732
593 740
593 789
593 797
593 815
593 867
593 918
593 950
594 604
594 611
594 645
594 654
594 722
594 842
594 871
594 964
595 608
595 668
595 822
595 844
595 912
595 914
595 917
595 923
595 942
596 600
596 637
596 644
596 673
596 850
596 884
597 703
597 808
597 919
598 619
598 626
598 645
598 702
598 789
598 839
598 878
599 664
599 755
599 777
599 780
599 785
599 808
599 867
599 876
599 917
599 933
599 967
600 610
600 649
600 661
600 673
600 701
600 715
600 741
600 754
600 761
600 776
600 850
600 856
600 882
600 913
600 942
600 962
600 987
601 645
601 682
601 708
601 715
601 721
601 725
601 872
601 913
602 613
602 614
602 617
602 648
602 657
602 674
602 676
602 677
602 714
602 733
602 744
602 772
602 784
602 800
602 836
602 882
602 904
602 936
602 942
602 947
602 972
603 636
603 641
603 645
603 726
603 824
603 854
603 942
604 722
604 739
604 774
604 862
604 959
604 964
604 971
604 983
605 634
605 711
605 804
605 854
605 858
605 886
605 902
605 905
605 928
606 667
606 669
606 827
606 929
606 971
606 978
606 991
607 693
607 730
607 746
607 913
608 612
608 652
608 670
608 694
608 747
608 757
608 905
608 916
608 936
608 951
608 985
609 612
609 617
609 619
609 750
609 756
609 797
609 821
609 857
609 885
609 955
609 970
610 636
610 641
610 645
610 648
610 666
610 757
610 823
610 871
610 897
610 948
610 967
611 722
611 729
611 931
612 625
612 648
612 652
612 683
612 847
612 880
612 883
612 898
612 980
613 625
613 660
613 675
613 688
613 697
613 720
613 728
613 743
613 780
613 818
613 844
613 847
613 865
613 871
613 950
614 648
614 674
614 696
614 734
614 747
614 861
614 862
614 873
614 938
614 942
614 953
614 978
614 991
615 665
615 682
615 704
615 722
615 872
615 898
615 915
615 950
615 977
616 654
616 687
616 724
616 773
616 786
616 832
616 872
616 880
616 903
616 979
617 619
617 695
617 703
617 706
617 801
617 804
617 854
617 903
617 957
618 669
618 692
618 695
618 751
618 934
618 960
619 663
619 762
619 820
619 825
619 966
620 626
620 650
620 793
620 905
620 928
620 945
621 626
621 640
621 710
621 781
621 808
621 862
621 883
621 890
622 625
622 698
622 746
622 815
622 842
622 850
622 855
622 912
622 956
623 630
623 661
623 710
623 742
623 833
623 918
623 959
623 969
624 735
624 778
624 781
624 782
624 806
624 909
624 911
625 627
625 645
625 666
625 667
625 679
625 682
625 688
625 713
625 720
625 724
625 748
625 753
625 767
625 792
625 818
625 819
625 847
625 864
625 871
625 880
625 907
625 934
625 970
625 980
626 642
626 660
626 688
626 739
626 757
626 758
626 789
626 796
626 810
626 839
626 840
626 857
626 862
626 898
626 965
626 983
626 1000
627 641
627 721
627 735
627 755
627 794
627 809
627 937
627 955
627 978
628 715
628 738
628 766
628 789
628 810
628 883
628 945
629 649
629 740
629 807
629 811
629 922
629 926
629 943
629 953
630 772
630 780
630 821
630 831
630 951
630 977
631 725
631 731
631 776
631 790
631 798
631 817
631 843
631 922
632 680
632 751
632 802
632 916
632 966
633 686
633 692
633 723
633 802
633 831
633 888
633 916
633 950
633 966
634 637
634 692
634 705
634 739
634 854
634 899
634 928
635 723
635 779
635 876
635 943
635 958
635 965
635 990
636 671
636 718
636 759
636 774
636 783
636 790
636 804
636 925
636 937
636 943
636 956
637 852
637 854
637 862
637 928
638 650
638 711
638 745
638 848
639 770
639 779
639 799
639 926
639 933
639 987
640 730
640 755
640 782
640 825
641 715
641 753
641 776
641 801
641 827
641 841
641 859
641 877
641 913
641 932
641 937
641 946
641 973
641 981
642 652
642 660
642 718
642 739
642 748
642 757
642 805
642 839
642 853
642 862
642 965
642 982
642 983
642 1000
643 688
643 820
643 862
643 869
644 649
644 661
644 673
644 717
644 850
644 886
644 987
645 654
645 682
645 688
645 694
645 697
645 700
645 710
645 719
645 728
645 744
645 748
645 791
645 819
645 847
645 850
645 871
645 898
645 905
645 907
645 933
645 970
645 974
645 989
646 678
646 795
646 906
646 925
647 667
647 703
647 775
647 784
647 796
647 814
647 847
647 876
647 935
647 962
648 657
648 677
648 678
648 733
648 763
648 784
648 791
648 882
648 885
648 953
649 711
649 750
649 760
649 792
649 850
649 915
649 925
649 951
649 966
649 971
650 706
650 713
650 728
650 745
650 786
650 798
650 823
650 852
650 879
650 885
650 964
650 971
651 660
651 665
651 670
651 722
651 834
651 888
651 924
651 930
652 686
652 757
652 766
652 854
652 889
652 949
653 706
653 742
653 763
653 837
653 904
654 667
654 673
654 688
654 705
654 719
654 766
654 789
654 818
654 819
654 844
654 858
654 978
654 980
655 684
655 712
655 776
655 836
655 847
655 909
655 914
656 678
656 697
656 755
656 766
656 825
656 902
656 905
656 944
656 986
656 998
657 673
657 674
657 677
657 705
657 706
657 733
657 747
657 784
657 791
657 802
657 882
657 903
657 920
657 951
657 966
658 682
658 721
658 794
658 874
658 879
658 1000
659 678
659 680
659 743
659 764
659 788
659 803
659 874
659 915
659 951
659 957
660 739
660 757
660 774
660 833
660 837
660 839
660 862
660 887
660 897
660 903
660 923
660 955
660 957
660 965
660 983
661 673
661 704
661 714
661 730
661 752
661 756
661 762
661 764
661 774
661 850
661 856
661 863
661 898
661 946
661 987
662 693
662 775
662 802
662 803
662 916
662 946
662 950
662 957
663 732
663 752
663 791
663 855
663 861
663 875
663 912
663 965
664 672
664 678
664 688
664 721
664 785
664 799
664 808
664 832
664 883
664 884
664 901
664 991
665 726
665 765
665 785
665 801
665 915
666 795
666 802
666 837
666 914
666 930
666 959
667 679
667 694
667 746
667 809
667 836
667 935
667 991
668 684
668 698
668 822
668 896
668 912
668 923
668 930
668 942
669 671
669 693
669 716
669 753
669 836
669 935
669 943
669 960
669 964
669 974
669 993
669 997
670 693
670 703
670 715
670 753
670 773
670 792
670 799
670 801
670 817
670 827
670 933
670 941
670 972
671 674
671 695
671 769
671 997
672 684
672 786
672 831
672 874
672 885
672 909
672 914
673 774
673 787
673 831
673 835
673 846
673 850
673 945
673 978
674 733
674 769
674 809
674 828
674 829
674 920
674 937
675 683
675 736
675 856
675 898
675 934
676 741
676 757
676 758
676 848
676 933
677 746
677 751
677 769
677 883
677 918
677 932
677 955
677 966
678 691
678 704
678 707
678 712
678 732
678 743
678 767
678 783
678 790
678 803
678 830
678 880
678 882
678 890
678 946
678 951
678 952
678 984
678 994
679 682
679 698
679 734
679 738
679 861
679 897
679 975
679 992
680 707
680 726
680 729
680 763
680 790
680 803
680 877
681 859
681 948
682 688
682 846
682 847
682 858
682 887
682 970
682 980
683 687
683 696
683 741
683 911
683 927
683 953
684 707
684 769
684 842
684 856
684 874
684 909
684 912
684 914
684 981
685 736
685 760
685 845
685 862
686 688
686 749
686 827
686 831
686 852
686 959
686 961
687 689
687 696
687 705
687 724
687 731
687 741
687 791
687 800
687 809
687 820
687 845
687 847
687 862
687 924
687 927
687 945
687 956
687 964
687 966
688 697
688 753
688 754
688 819
688 898
688 922
688 947
688 974
688 980
689 731
689 741
689 800
689 822
689 832
689 945
689 955
689 966
689 973
689 985
690 754
691 695
691 769
691 776
692 696
692 800
692 929
692 938
692 964
693 714
693 753
693 824
693 836
693 839
693 877
693 878
693 933
694 732
694 775
694 782
694 866
694 946
695 727
695 737
695 740
695 763
695 812
695 866
695 874
695 908
695 918
695 958
695 960
695 971
695 978
695 988
695 989
696 711
696 724
696 731
696 741
696 758
696 777
696 785
696 786
696 817
696 820
696 927
696 965
696 966
697 719
697 720
697 785
697 844
697 847
697 851
697 936
698 699
698 709
698 715
698 723
698 726
698 731
698 738
698 746
698 773
698 814
698 850
698 872
698 886
699 746
699 753
699 808
699 814
699 842
699 865
699 884
699 978
699 980
700 701
700 711
700 747
701 711
701 761
701 822
701 873
701 886
701 902
701 931
702 722
702 819
702 928
703 753
703 855
703 916
703 950
703 987
704 780
704 790
704 797
704 803
704 824
704 884
704 888
704 914
704 915
704 952
705 942
705 944
706 713
706 742
706 747
706 772
706 798
706 823
706 851
706 852
706 870
706 885
706 903
706 947
706 971
706 982
706 1000
707 737
707 816
707 867
707 915
707 917
707 952
708 777
708 902
708 947
708 957
708 959
709 716
709 727
709 746
709 750
709 764
709 769
709 773
709 775
709 785
709 789
709 803
709 814
709 815
709 859
709 910
709 967
709 976
709 988
710 742
710 800
710 838
710 844
710 919
711 724
711 741
711 771
711 786
711 846
711 861
711 877
711 895
711 902
711 924
711 927
711 945
711 955
711 966
712 756
712 844
712 862
712 880
712 914
712 970
712 999
713 742
713 780
713 823
713 855
713 902
713 971
714 904
714 930
714 949
715 726
715 746
715 826
715 834
715 842
715 849
715 877
715 878
715 881
715 891
715 899
715 926
715 932
715 937
715 973
715 984
716 734
716 776
716 852
716 928
716 980
716 981
717 731
717 803
717 804
717 845
717 928
717 955
717 975
718 720
718 732
718 746
718 789
718 797
718 810
718 813
718 815
718 846
718 871
718 922
718 942
719 744
719 749
719 774
719 805
719 819
719 844
719 850
719 858
719 898
719 912
719 928
719 974
720 743
720 785
720 789
720 790
720 803
720 960
721 765
721 840
721 874
721 978
722 779
722 821
722 900
722 919
722 954
722 961
722 985
722 988
723 803
723 904
723 910
723 911
724 776
724 786
724 800
724 820
724 832
724 852
724 854
724 895
724 924
724 955
724 966
725 727
725 777
725 817
725 826
725 843
725 951
725 963
725 977
725 988
725 990
725 998
726 782
726 801
726 824
726 856
726 894
726 933
726 937
726 960
726 972
727 818
727 963
727 970
727 975
727 977
727 986
727 998
728 759
728 760
728 802
728 890
728 900
728 907
728 942
728 948
728 951
728 973
729 732
729 832
729 914
730 735
730 778
730 781
730 823
730 857
730 888
730 911
730 969
731 741
731 780
731 800
731 802
731 820
731 847
731 867
731 908
731 911
731 915
731 964
731 966
732 750
732 757
732 789
732 797
732 815
732 863
732 900
732 989
732 991
733 829
733 844
734 770
734 828
734 885
734 947
734 948
734 1000
735 772
735 778
735 819
735 904
735 911
735 957
735 979
735 988
736 751
736 753
736 761
736 916
737 742
737 745
737 771
737 778
737 803
737 806
737 848
737 885
737 943
737 970
738 746
738 748
738 757
738 814
738 842
738 913
738 961
738 984
739 761
739 768
739 774
739 862
739 898
739 983
739 996
740 753
740 807
740 876
740 926
741 760
741 784
741 786
741 832
741 834
741 837
741 862
741 889
741 914
741 924
741 927
741 933
741 955
741 966
742 767
742 772
742 798
742 819
742 846
742 852
742 853
742 865
742 870
742 879
742 906
742 907
742 965
742 971
742 982
743 815
744 753
744 773
744 782
744 819
744 823
744 842
744 961
745 810
746 838
746 839
746 846
746 852
746 864
746 890
746 940
746 951
746 967
746 976
747 788
747 791
747 804
747 823
747 852
747 910
747 916
747 966
747 971
747 977
747 979
748 818
748 844
748 872
748 880
749 767
749 795
749 831
749 924
749 959
749 960
750 764
750 789
750 797
750 903
750 905
750 948
750 970
751 857
751 935
751 946
752 773
752 800
752 861
752 891
752 955
753 768
753 787
753 801
753 811
753 819
753 827
753 841
753 849
753 881
753 933
753 946
753 972
753 973
753 975
753 984
754 805
754 873
754 880
754 913
754 968
755 784
755 786
755 825
755 842
756 873
756 895
756 929
757 763
757 837
757 839
757 846
757 883
757 909
757 941
758 762
758 816
758 819
758 846
759 843
759 852
760 822
760 845
760 862
760 866
760 931
760 981
761 839
761 885
762 867
762 886
762 938
762 989
763 801
763 903
763 904
763 916
764 850
764 886
764 981
765 786
765 808
765 854
765 897
765 967
765 971
765 988
766 809
766 812
766 835
766 842
766 897
766 967
767 806
767 823
767 913
768 794
768 805
768 880
768 887
768 968
769 821
769 918
769 949
769 960
769 981
769 983
769 991
769 997
770 852
770 887
770 931
771 859
771 883
771 885
771 996
771 1000
772 785
772 796
772 819
772 876
772 883
772 884
772 890
772 946
772 963
772 987
773 788
773 814
773 863
773 976
773 995
774 837
774 839
774 846
774 857
774 862
774 918
774 925
774 965
775 785
775 795
775 992
776 811
776 952
776 960
777 836
777 912
777 945
777 947
777 957
778 782
778 851
778 911
778 988
779 811
779 843
779 971
779 978
780 782
780 789
780 821
780 829
780 869
780 891
780 892
780 921
781 782
781 832
781 888
781 911
781 931
781 954
781 961
782 798
782 823
782 911
782 988
782 994
782 999
783 791
783 915
783 919
783 925
783 989
784 791
784 970
785 796
785 799
785 808
785 824
785 855
785 876
785 883
785 884
785 981
786 800
786 820
786 919
786 924
786 964
786 966
787 793
787 812
787 945
788 800
788 855
788 861
788 875
789 797
789 813
789 822
789 853
789 860
789 895
789 900
789 922
789 928
789 943
789 947
789 981
789 989
790 800
790 803
790 825
790 845
790 915
790 997
791 862
791 876
791 921
791 968
792 825
792 867
792 925
793 810
793 820
793 951
794 819
794 970
795 850
795 906
796 799
796 915
796 971
797 800
797 810
797 815
797 895
797 900
797 910
797 995
798 852
799 876
799 883
799 913
799 1000
800 832
800 845
800 865
800 873
800 916
800 924
800 927
800 937
800 941
800 955
800 956
800 966
800 973
800 984
801 824
801 827
801 832
801 838
801 849
801 877
801 878
801 891
801 933
801 940
801 946
801 984
802 818
802 903
802 916
802 925
802 950
803 862
803 907
803 915
803 950
803 983
803 992
803 994
804 829
804 838
804 843
804 872
804 874
804 928
804 954
805 929
805 968
806 911
806 925
806 941
807 922
808 847
808 876
808 883
808 884
809 858
809 879
809 884
809 935
809 962
809 990
810 815
810 824
810 851
810 995
811 817
811 836
811 866
811 922
811 926
811 953
811 954
811 962
811 967
812 856
812 897
812 972
813 815
813 945
813 987
814 842
814 847
814 913
814 943
814 959
814 976
815 823
815 897
815 981
815 991
816 835
816 951
816 965
816 971
817 839
817 893
817 963
817 977
817 986
817 990
818 819
818 834
818 880
818 898
818 938
818 971
818 974
819 844
819 847
819 916
819 974
819 978
819 980
820 928
820 956
820 977
821 894
821 928
822 842
822 917
822 923
822 942
822 944
823 851
823 852
823 879
823 885
823 887
823 941
823 971
823 975
824 827
824 927
824 933
824 946
825 915
825 944
826 963
826 968
827 834
827 877
827 923
827 933
827 937
827 942
827 946
828 877
828 925
829 905
829 921
830 862
832 850
832 862
832 945
832 955
832 966
832 984
833 838
833 850
833 929
834 849
834 883
834 929
834 933
835 847
835 852
835 889
835 925
835 958
836 896
836 902
836 957
836 980
836 981
837 839
837 850
837 862
837 884
837 949
837 965
837 973
838 873
838 898
838 907
838 969
839 846
839 862
839 870
840 919
841 896
841 924
841 933
841 937
842 877
842 878
842 910
842 965
842 976
843 847
843 905
844 847
844 858
844 876
844 880
844 923
844 964
844 966
844 970
844 980
845 927
845 945
845 948
845 949
845 955
845 966
846 847
846 887
846 965
846 995
847 858
847 907
847 968
847 970
847 980
848 878
848 915
849 896
849 933
849 964
849 973
849 986
849 988
850 853
850 856
850 863
850 892
850 905
850 914
850 918
850 942
850 987
851 948
851 971
852 875
852 885
852 917
852 965
852 971
852 982
853 929
854 886
854 900
854 903
854 905
854 971
856 891
856 901
856 936
856 987
857 862
857 911
857 971
859 861
859 920
860 922
860 946
861 875
861 877
861 883
861 892
861 954
861 979
862 873
862 950
862 965
862 977
862 981
862 983
863 929
863 987
864 927
864 938
865 921
865 929
866 936
867 880
867 938
867 995
868 994
868 996
869 908
869 969
870 971
871 880
872 928
873 980
874 914
874 935
874 952
874 956
874 967
875 937
876 877
876 883
876 884
876 921
877 927
878 932
879 971
880 907
880 916
880 970
881 923
881 975
882 916
882 968
882 986
883 884
883 908
883 983
884 914
885 904
885 971
885 981
886 927
886 959
887 889
888 911
888 946
888 988
889 959
889 961
890 908
890 927
890 993
891 961
892 936
892 965
893 996
894 911
894 930
895 968
896 937
896 981
897 908
897 918
897 954
897 967
897 978
898 907
898 951
898 974
899 917
900 984
902 947
902 957
903 965
903 978
904 916
904 950
905 916
905 928
905 954
905 984
906 910
906 936
907 908
907 950
907 970
907 980
908 925
908 967
908 998
909 952
909 966
910 918
910 966
911 926
911 943
911 998
912 917
912 923
912 928
912 942
913 928
913 930
913 967
914 935
914 984
915 951
915 952
915 990
915 994
917 923
917 928
917 932
917 942
917 965
918 926
918 980
919 998
921 929
922 926
923 940
924 971
924 973
924 980
925 943
927 955
927 966
927 979
928 954
928 956
929 945
929 950
929 983
929 995
930 960
930 977
931 932
931 941
932 971
933 944
933 948
933 972
933 973
935 962
935 991
937 946
937 980
939 992
940 996
942 972
943 960
944 948
945 966
946 987
947 957
948 985
949 960
951 977
954 990
957 972
957 998
958 960
958 989
962 963
962 991
963 977
965 972
965 982
967 993
969 990
969 996
970 974
970 976
970 982
971 982
972 980
972 984
972 996
975 977
975 988
975 995
975 998
977 990
979 992
981 984
983 987
983 989
983 1000
990 998
993 996
999 1000
