# LFR benchmark graph: regime=S mu=0.4 realization=1
# undirected, unweighted; 1-based node ids; each edge listed once.
1 2
1 74
1 82
1 95
1 109
1 139
1 235
1 236
1 240
1 305
1 337
1 359
1 392
1 444
1 465
1 496
1 504
1 549
1 577
1 584
1 588
1 600
1 643
1 646
1 652
1 715
1 727
1 737
1 758
1 760
1 775
1 818
1 860
1 870
1 913
1 947
1 972
1 989
1 996
2 56
2 80
2 85
2 95
2 97
2 127
2 138
2 178
2 191
2 192
2 263
2 279
2 292
2 301
2 334
2 373
2 503
2 551
2 565
2 627
2 640
2 653
2 669
2 711
2 791
2 810
2 934
2 995
3 51
3 104
3 131
3 162
3 200
3 203
3 211
3 254
3 265
3 267
3 362
3 366
3 409
3 418
3 426
3 428
3 434
3 451
3 488
3 646
3 651
3 697
3 813
3 872
3 891
3 919
3 958
3 962
3 991
4 9
4 16
4 30
4 62
4 93
4 161
4 162
4 223
4 238
4 250
4 288
4 295
4 398
4 415
4 418
4 547
4 649
4 675
4 754
4 789
4 808
5 83
5 332
5 413
5 421
5 435
5 452
5 617
5 667
5 787
5 837
5 872
5 876
6 37
6 124
6 143
6 151
6 155
6 162
6 262
6 270
6 303
6 499
6 513
6 558
6 603
6 629
6 634
6 663
6 685
6 713
6 747
6 756
6 791
6 802
6 819
6 896
6 938
7 44
7 58
7 69
7 103
7 176
7 214
7 243
7 306
7 339
7 385
7 398
7 439
7 474
7 484
7 551
7 610
7 644
7 676
7 698
7 700
7 766
7 843
7 849
7 982
8 111
8 117
8 130
8 238
8 261
8 334
8 336
8 345
8 400
8 516
8 547
8 555
8 730
8 768
8 886
8 891
9 30
9 93
9 104
9 134
9 288
9 546
9 586
9 649
9 675
9 690
9 693
9 807
9 808
9 827
10 50
10 73
10 137
10 142
10 203
10 242
10 362
10 373
10 381
10 421
10 441
10 451
10 518
10 684
10 774
10 785
10 876
10 902
11 17
11 70
11 112
11 179
11 201
11 326
11 373
11 446
11 456
11 591
11 607
11 615
11 639
11 665
11 690
11 720
12 39
12 47
12 63
12 84
12 140
12 173
12 180
12 199
12 229
12 240
12 245
12 281
12 303
12 326
12 331
12 357
12 410
12 535
12 587
12 663
12 762
12 780
12 822
12 838
12 973
12 976
13 15
13 35
13 36
13 67
13 159
13 173
13 189
13 196
13 203
13 206
13 220
13 249
13 254
13 289
13 313
13 338
13 341
13 346
13 386
13 390
13 411
13 455
13 466
13 477
13 550
13 559
13 563
13 567
13 571
13 598
13 611
13 645
13 655
13 721
13 730
13 737
13 770
13 804
13 806
13 823
13 864
13 882
13 893
13 896
13 908
13 926
13 944
13 954
13 971
13 975
13 994
14 51
14 216
14 246
14 343
14 356
14 480
14 517
14 558
14 712
14 718
14 790
14 799
14 802
14 817
14 942
15 17
15 70
15 103
15 188
15 203
15 206
15 212
15 276
15 306
15 342
15 390
15 481
15 542
15 567
15 569
15 623
15 645
15 684
15 699
15 764
15 868
15 893
15 918
15 1000
16 22
16 52
16 75
16 87
16 119
16 210
16 263
16 355
16 357
16 359
16 363
16 380
16 391
16 428
16 446
16 530
16 548
16 549
16 570
16 600
16 635
16 642
16 666
16 716
16 724
16 730
16 742
16 757
16 768
16 793
16 810
16 835
16 838
16 842
16 860
16 862
16 865
16 935
16 938
16 940
16 966
16 979
17 54
17 127
17 181
17 210
17 211
17 255
17 263
17 319
17 344
17 354
17 375
17 432
17 435
17 594
17 610
17 992
18 37
18 326
18 368
18 379
18 453
18 493
18 545
18 645
18 647
18 663
18 745
18 770
18 771
18 787
18 835
18 874
18 891
18 903
18 911
18 919
18 980
19 113
19 203
19 214
19 255
19 283
19 287
19 386
19 400
19 424
19 657
19 886
19 904
20 123
20 127
20 208
20 217
20 230
20 241
20 268
20 298
20 311
20 342
20 386
20 445
20 495
20 510
20 553
20 655
20 745
20 761
20 780
20 810
20 837
20 846
20 929
20 931
20 967
20 980
21 61
21 150
21 151
21 241
21 259
21 273
21 341
21 371
21 383
21 389
21 427
21 444
21 489
21 496
21 620
21 662
21 674
21 707
21 721
21 749
21 758
21 759
21 766
21 776
21 862
21 933
22 103
22 113
22 122
22 161
22 203
22 212
22 251
22 280
22 336
22 346
22 362
22 381
22 483
22 514
22 528
22 551
22 588
22 597
22 676
22 693
22 725
22 726
22 736
22 757
22 781
22 792
22 855
22 881
22 887
22 891
22 908
22 918
22 924
22 935
22 955
22 977
22 991
22 993
23 24
23 53
23 104
23 143
23 213
23 218
23 253
23 255
23 321
23 343
23 471
23 511
23 532
23 551
23 604
23 666
23 698
23 738
23 748
23 763
23 949
23 952
24 31
24 70
24 91
24 186
24 213
24 313
24 326
24 342
24 346
24 385
24 395
24 418
24 502
24 528
24 604
24 605
24 685
24 764
24 797
24 896
24 934
24 962
25 83
25 291
25 323
25 403
25 503
25 528
25 546
25 682
25 705
25 775
25 886
25 937
25 961
25 997
26 99
26 102
26 103
26 175
26 196
26 216
26 249
26 250
26 285
26 292
26 303
26 331
26 335
26 399
26 409
26 485
26 532
26 534
26 552
26 555
26 578
26 593
26 594
26 668
26 670
26 674
26 715
26 724
26 734
26 744
26 745
26 821
26 822
26 826
26 928
27 34
27 217
27 276
27 282
27 322
27 411
27 456
27 457
27 463
27 514
27 554
27 558
27 610
27 636
27 690
27 903
27 909
27 930
27 972
28 74
28 242
28 332
28 333
28 344
28 489
28 520
28 530
28 633
28 663
28 710
28 746
28 822
28 825
28 906
29 30
29 48
29 114
29 116
29 123
29 171
29 216
29 234
29 294
29 342
29 451
29 465
29 559
29 630
29 719
29 726
29 748
29 780
29 816
29 837
29 844
29 846
29 931
29 937
30 62
30 71
30 157
30 195
30 205
30 223
30 238
30 274
30 288
30 322
30 348
30 393
30 649
30 675
30 808
30 871
30 974
30 982
31 38
31 50
31 66
31 70
31 75
31 91
31 96
31 119
31 165
31 167
31 274
31 425
31 482
31 483
31 512
31 598
31 603
31 606
31 674
31 854
31 997
32 113
32 143
32 358
32 374
32 438
32 460
32 462
32 570
32 589
32 591
32 739
32 744
32 761
32 925
33 60
33 71
33 111
33 170
33 303
33 379
33 544
33 589
33 665
33 758
33 793
33 824
33 855
33 927
34 48
34 70
34 75
34 89
34 91
34 96
34 106
34 115
34 207
34 210
34 214
34 280
34 295
34 313
34 335
34 377
34 378
34 403
34 420
34 440
34 441
34 482
34 510
34 560
34 598
34 601
34 606
34 633
34 651
34 695
34 699
34 730
34 737
34 761
34 852
34 854
34 856
34 871
34 913
34 923
34 942
34 949
35 38
35 73
35 96
35 126
35 161
35 171
35 220
35 269
35 276
35 287
35 290
35 303
35 331
35 335
35 352
35 358
35 372
35 375
35 409
35 411
35 412
35 423
35 425
35 505
35 545
35 552
35 555
35 577
35 586
35 593
35 594
35 628
35 631
35 654
35 681
35 691
35 701
35 703
35 770
35 813
35 822
35 830
35 885
35 902
35 927
35 935
35 937
35 938
35 979
36 38
36 91
36 96
36 106
36 117
36 295
36 374
36 440
36 445
36 579
36 582
36 598
36 606
36 621
36 662
36 703
36 721
36 758
36 811
36 824
36 831
36 891
36 968
36 976
37 79
37 124
37 136
37 143
37 193
37 204
37 205
37 249
37 252
37 262
37 279
37 368
37 407
37 413
37 484
37 496
37 499
37 513
37 545
37 547
37 549
37 629
37 634
37 641
37 647
37 685
37 699
37 733
37 751
37 761
37 776
37 787
37 819
37 833
37 855
37 877
37 947
37 948
38 46
38 75
38 82
38 96
38 115
38 208
38 210
38 245
38 254
38 283
38 401
38 440
38 481
38 606
38 625
38 679
38 800
38 811
38 824
38 854
38 872
38 942
39 174
39 185
39 199
39 229
39 232
39 236
39 245
39 262
39 281
39 341
39 505
39 529
39 535
39 574
39 660
39 816
39 893
39 916
39 938
39 946
39 973
40 44
40 143
40 213
40 295
40 320
40 361
40 370
40 451
40 503
40 519
40 544
40 631
40 641
40 647
40 787
40 819
40 822
40 823
40 863
40 891
40 947
41 68
41 150
41 153
41 161
41 198
41 299
41 310
41 315
41 320
41 327
41 339
41 354
41 362
41 445
41 501
41 515
41 582
41 605
41 642
41 718
41 729
41 841
41 926
41 952
42 58
42 60
42 81
42 108
42 157
42 175
42 178
42 188
42 229
42 251
42 254
42 314
42 335
42 362
42 376
42 385
42 435
42 491
42 543
42 566
42 575
42 626
42 659
42 755
42 782
42 798
42 832
42 863
42 950
42 986
43 62
43 103
43 104
43 214
43 379
43 513
43 596
43 636
43 805
43 843
43 844
43 892
43 957
43 992
44 46
44 67
44 143
44 158
44 213
44 241
44 258
44 473
44 526
44 644
44 647
44 694
44 750
44 761
44 880
44 886
44 907
45 50
45 51
45 145
45 162
45 167
45 254
45 282
45 316
45 336
45 346
45 418
45 434
45 458
45 485
45 549
45 618
45 651
45 656
45 678
45 700
45 783
45 856
45 932
45 951
45 962
45 965
46 69
46 70
46 188
46 242
46 256
46 287
46 295
46 426
46 440
46 482
46 598
46 600
46 625
46 679
46 732
46 778
46 804
46 824
46 849
46 852
46 854
46 862
46 891
46 930
46 942
46 945
46 997
47 98
47 131
47 139
47 140
47 180
47 229
47 410
47 426
47 444
47 464
47 473
47 587
47 657
47 702
47 746
47 791
47 835
47 847
47 865
47 899
47 939
47 991
48 53
48 109
48 137
48 191
48 263
48 313
48 349
48 362
48 381
48 390
48 400
48 421
48 462
48 515
48 518
48 548
48 577
48 656
48 657
48 661
48 698
48 757
48 797
48 902
48 922
49 77
49 91
49 112
49 134
49 181
49 212
49 249
49 374
49 448
49 491
49 574
49 588
49 614
49 706
49 713
49 720
49 816
49 865
49 965
50 99
50 104
50 134
50 162
50 171
50 197
50 215
50 217
50 219
50 223
50 245
50 282
50 293
50 321
50 322
50 330
50 336
50 357
50 377
50 412
50 433
50 457
50 518
50 534
50 636
50 669
50 680
50 705
50 714
50 766
50 774
50 909
50 939
50 949
50 962
50 974
50 998
51 76
51 104
51 147
51 165
51 200
51 218
51 242
51 272
51 284
51 336
51 366
51 402
51 409
51 426
51 434
51 436
51 452
51 551
51 651
51 656
51 678
51 683
51 793
51 795
51 879
51 884
51 904
51 932
51 958
51 962
52 76
52 77
52 79
52 119
52 138
52 164
52 167
52 176
52 180
52 231
52 236
52 263
52 312
52 329
52 339
52 357
52 360
52 363
52 380
52 438
52 476
52 502
52 503
52 505
52 524
52 549
52 563
52 570
52 593
52 666
52 676
52 683
52 687
52 688
52 709
52 716
52 724
52 740
52 752
52 768
52 775
52 779
52 793
52 810
52 824
52 858
52 860
52 869
52 897
52 912
52 917
52 927
52 940
52 949
52 968
52 998
53 55
53 59
53 63
53 103
53 110
53 156
53 173
53 187
53 198
53 200
53 203
53 212
53 229
53 253
53 289
53 328
53 356
53 365
53 390
53 455
53 459
53 474
53 493
53 514
53 525
53 548
53 594
53 620
53 645
53 770
53 785
53 819
53 820
53 823
53 852
53 911
53 926
53 944
54 188
54 213
54 220
54 227
54 271
54 345
54 503
54 528
54 562
54 573
54 574
54 692
54 799
54 825
54 914
54 956
54 977
55 70
55 174
55 373
55 471
55 477
55 545
55 597
55 629
55 690
55 709
55 791
55 937
55 988
56 65
56 118
56 174
56 194
56 256
56 373
56 416
56 426
56 484
56 706
56 783
56 937
57 58
57 63
57 160
57 172
57 176
57 344
57 381
57 420
57 433
57 448
57 491
57 590
57 598
57 657
57 661
57 689
57 706
57 733
57 735
57 814
57 845
57 902
57 982
58 77
58 86
58 112
58 116
58 134
58 201
58 213
58 235
58 236
58 265
58 289
58 291
58 299
58 322
58 353
58 371
58 398
58 408
58 427
58 448
58 468
58 471
58 484
58 497
58 550
58 551
58 580
58 588
58 614
58 715
58 718
58 765
58 833
58 849
58 851
58 923
58 949
58 956
58 965
58 980
59 112
59 281
59 291
59 329
59 372
59 409
59 449
59 452
59 522
59 577
59 610
59 624
59 653
59 685
59 805
59 833
59 906
59 933
59 940
59 977
59 995
60 63
60 174
60 181
60 243
60 311
60 337
60 353
60 364
60 401
60 476
60 594
60 647
60 856
60 905
60 919
61 243
61 267
61 298
61 337
61 384
61 442
61 447
61 493
61 610
61 686
61 733
61 856
61 951
62 96
62 203
62 223
62 283
62 288
62 436
62 468
62 547
62 622
62 649
62 675
62 793
62 824
62 839
62 890
62 917
63 65
63 70
63 115
63 130
63 164
63 173
63 206
63 220
63 249
63 268
63 328
63 365
63 455
63 477
63 550
63 559
63 567
63 594
63 599
63 602
63 606
63 645
63 715
63 730
63 734
63 743
63 770
63 817
63 827
63 843
63 852
63 884
63 901
63 908
63 926
63 944
63 954
64 199
64 230
64 323
64 473
64 527
64 617
64 667
64 700
64 766
64 768
64 860
64 862
64 933
64 938
65 69
65 73
65 117
65 136
65 197
65 277
65 284
65 318
65 419
65 427
65 441
65 486
65 502
65 520
65 563
65 582
65 585
65 607
65 618
65 620
65 652
65 707
65 708
65 773
65 795
65 835
65 846
65 850
65 870
65 874
65 946
65 954
65 959
66 182
66 198
66 301
66 341
66 418
66 443
66 445
66 465
66 471
66 480
66 489
66 535
66 731
66 771
66 988
67 117
67 178
67 254
67 283
67 284
67 320
67 429
67 465
67 502
67 561
67 568
67 582
67 602
67 618
67 660
67 672
67 708
67 714
67 730
67 737
67 795
67 835
67 850
67 874
67 932
67 961
68 200
68 309
68 327
68 364
68 386
68 408
68 422
68 455
68 576
68 578
68 599
68 605
68 636
68 819
68 848
68 858
68 861
68 928
68 931
68 936
68 952
68 987
69 73
69 77
69 93
69 103
69 127
69 259
69 351
69 422
69 443
69 448
69 511
69 536
69 549
69 576
69 600
69 608
69 617
69 650
69 729
69 748
69 841
69 843
69 859
69 873
69 880
69 908
69 954
69 961
69 982
70 75
70 91
70 96
70 106
70 128
70 155
70 159
70 165
70 190
70 221
70 234
70 266
70 346
70 348
70 424
70 482
70 483
70 545
70 565
70 575
70 598
70 699
70 804
70 811
70 852
70 863
70 871
70 891
70 920
70 934
70 942
70 961
70 968
70 997
71 169
71 191
71 273
71 307
71 316
71 331
71 349
71 352
71 379
71 443
71 480
71 529
71 554
71 569
71 572
71 577
71 590
71 591
71 607
71 619
71 644
71 649
71 654
71 656
71 685
71 691
71 714
71 741
71 786
71 801
71 812
71 834
71 836
71 862
71 915
71 919
71 922
71 936
71 948
71 963
71 964
71 986
72 74
72 271
72 381
72 396
72 402
72 412
72 429
72 544
72 566
72 583
72 629
72 698
72 809
72 961
73 83
73 175
73 287
73 306
73 354
73 409
73 411
73 423
73 508
73 552
73 665
73 786
73 870
73 885
73 891
73 897
73 938
74 83
74 165
74 191
74 210
74 312
74 414
74 456
74 584
74 637
74 645
74 646
74 737
74 767
75 91
75 92
75 128
75 146
75 165
75 186
75 201
75 209
75 210
75 292
75 295
75 300
75 302
75 311
75 409
75 461
75 552
75 579
75 597
75 598
75 606
75 679
75 693
75 824
75 843
75 854
75 863
75 880
75 891
75 906
75 920
75 925
75 942
75 952
76 234
76 372
76 380
76 406
76 418
76 425
76 551
76 552
76 570
76 593
76 682
76 810
76 847
76 860
76 912
76 930
76 949
76 991
77 94
77 116
77 134
77 144
77 159
77 168
77 208
77 213
77 214
77 215
77 239
77 255
77 322
77 371
77 382
77 426
77 427
77 468
77 484
77 497
77 550
77 573
77 574
77 584
77 585
77 614
77 678
77 803
77 808
77 816
77 833
77 851
77 859
77 865
77 908
77 936
77 979
78 175
78 204
78 260
78 265
78 292
78 305
78 325
78 402
78 588
78 656
78 665
78 717
78 723
78 756
78 789
78 805
78 939
78 965
78 994
79 112
79 141
79 372
79 433
79 452
79 522
79 593
79 665
79 702
79 906
79 913
79 933
79 995
80 234
80 271
80 344
80 373
80 381
80 399
80 518
80 534
80 540
80 705
80 797
80 876
80 886
80 902
80 940
80 989
81 154
81 159
81 206
81 291
81 299
81 563
81 645
81 721
81 770
81 787
81 823
81 896
81 915
81 938
81 943
81 956
81 958
82 95
82 135
82 139
82 150
82 169
82 194
82 213
82 240
82 242
82 267
82 412
82 453
82 464
82 469
82 494
82 504
82 587
82 610
82 643
82 658
82 772
82 802
82 803
82 870
82 913
82 919
82 967
82 989
82 996
82 997
83 100
83 125
83 126
83 127
83 161
83 201
83 205
83 249
83 274
83 276
83 277
83 303
83 335
83 354
83 358
83 382
83 399
83 411
83 423
83 439
83 463
83 483
83 490
83 492
83 505
83 532
83 534
83 545
83 555
83 593
83 594
83 642
83 670
83 681
83 691
83 695
83 701
83 703
83 714
83 821
83 836
83 867
83 916
83 938
83 947
83 970
84 93
84 97
84 197
84 245
84 362
84 369
84 373
84 384
84 402
84 426
84 461
84 469
84 474
84 483
84 515
84 528
84 545
84 626
84 653
84 668
84 674
84 701
84 781
84 827
84 842
84 843
84 844
84 881
84 918
84 921
84 936
84 951
84 955
84 977
84 990
84 991
84 993
85 221
85 224
85 258
85 259
85 292
85 314
85 348
85 383
85 397
85 398
85 401
85 407
85 417
85 448
85 467
85 521
85 531
85 587
85 588
85 639
85 931
85 960
85 974
86 92
86 101
86 113
86 134
86 145
86 181
86 185
86 200
86 234
86 254
86 255
86 272
86 298
86 369
86 376
86 400
86 448
86 458
86 486
86 499
86 506
86 574
86 614
86 633
86 645
86 652
86 667
86 707
86 713
86 719
86 734
86 737
86 738
86 797
86 854
86 901
86 936
87 114
87 155
87 180
87 242
87 290
87 311
87 372
87 385
87 451
87 458
87 519
87 580
87 601
87 656
87 674
87 745
87 748
87 780
87 837
87 846
87 864
87 916
87 929
87 931
87 961
87 971
87 981
88 226
88 239
88 322
88 435
88 487
88 493
88 504
88 660
88 719
88 744
88 761
88 824
88 836
88 839
88 866
88 997
89 97
89 127
89 130
89 143
89 162
89 167
89 173
89 176
89 181
89 218
89 351
89 427
89 456
89 512
89 544
89 551
89 565
89 581
89 595
89 598
89 627
89 684
89 697
89 711
89 750
89 753
89 770
89 791
89 794
89 806
89 807
89 813
89 815
89 828
89 847
89 901
89 908
89 910
89 925
89 957
89 970
89 982
89 984
89 986
89 992
90 126
90 177
90 343
90 431
90 450
90 498
90 505
90 545
90 552
90 555
90 631
90 666
90 674
90 828
90 830
90 843
90 871
90 962
91 96
91 165
91 166
91 190
91 210
91 277
91 298
91 302
91 319
91 339
91 440
91 465
91 467
91 477
91 492
91 518
91 521
91 553
91 576
91 579
91 598
91 615
91 628
91 659
91 674
91 679
91 699
91 713
91 748
91 763
91 785
91 804
91 811
91 824
91 833
91 854
91 900
91 901
91 906
91 938
91 962
91 995
92 107
92 172
92 189
92 285
92 326
92 362
92 391
92 397
92 411
92 599
92 648
92 673
92 709
92 736
92 831
92 839
92 853
92 861
92 886
93 238
93 275
93 279
93 301
93 315
93 359
93 392
93 415
93 547
93 649
93 660
93 676
93 685
93 693
93 808
93 962
94 105
94 126
94 142
94 148
94 256
94 378
94 381
94 426
94 447
94 462
94 490
94 538
94 743
94 831
94 878
94 994
95 108
95 118
95 120
95 121
95 135
95 139
95 240
95 242
95 263
95 289
95 311
95 329
95 392
95 433
95 443
95 465
95 469
95 473
95 504
95 505
95 522
95 539
95 570
95 588
95 638
95 661
95 684
95 701
95 703
95 737
95 740
95 758
95 760
95 780
95 790
95 812
95 818
95 854
95 860
95 870
95 913
95 942
95 947
95 958
95 972
95 989
95 996
96 115
96 132
96 137
96 190
96 199
96 205
96 210
96 215
96 260
96 290
96 295
96 298
96 310
96 367
96 463
96 481
96 482
96 517
96 570
96 599
96 656
96 679
96 699
96 716
96 724
96 805
96 811
96 824
96 838
96 847
96 852
96 871
96 891
96 899
96 958
96 968
96 997
97 125
97 127
97 167
97 186
97 389
97 412
97 470
97 504
97 567
97 569
97 581
97 584
97 594
97 669
97 697
97 706
97 728
97 731
97 737
97 761
97 791
97 797
97 877
97 890
97 898
97 910
97 957
98 132
98 147
98 149
98 331
98 354
98 388
98 512
98 520
98 529
98 592
98 656
98 762
98 854
98 939
98 948
98 964
99 249
99 399
99 423
99 505
99 520
99 533
99 541
99 593
99 594
99 608
99 681
99 695
99 703
99 708
99 801
99 899
99 914
99 925
99 935
99 944
100 164
100 183
100 200
100 235
100 264
100 269
100 448
100 459
100 481
100 502
100 731
100 784
100 828
100 856
100 971
101 136
101 137
101 241
101 458
101 462
101 470
101 483
101 538
101 590
101 649
101 654
101 831
101 991
102 134
102 144
102 232
102 237
102 388
102 404
102 419
102 467
102 560
102 564
102 598
102 603
102 739
102 762
102 879
102 891
102 983
102 993
103 110
103 156
103 174
103 176
103 214
103 218
103 266
103 391
103 406
103 447
103 454
103 471
103 567
103 573
103 575
103 707
103 729
103 735
103 739
103 794
103 798
103 808
103 843
103 859
103 860
103 873
103 970
103 973
104 108
104 148
104 162
104 200
104 247
104 254
104 306
104 336
104 350
104 426
104 434
104 441
104 442
104 504
104 561
104 602
104 641
104 648
104 651
104 652
104 678
104 744
104 772
104 780
104 850
104 872
104 904
104 932
104 962
104 973
105 150
105 378
105 456
105 462
105 481
105 554
105 636
105 643
105 831
105 845
105 958
105 961
105 994
106 165
106 306
106 374
106 420
106 440
106 481
106 493
106 598
106 664
106 891
107 112
107 124
107 203
107 240
107 326
107 436
107 470
107 480
107 505
107 656
107 732
107 739
107 750
107 782
107 829
107 881
107 966
108 143
108 179
108 200
108 213
108 254
108 304
108 306
108 426
108 497
108 515
108 609
108 768
108 778
108 911
108 931
108 958
108 962
109 139
109 235
109 242
109 361
109 392
109 469
109 478
109 494
109 504
109 531
109 654
109 758
109 808
109 822
109 870
109 953
109 986
109 989
110 298
110 330
110 393
110 405
110 422
110 432
110 489
110 717
110 836
110 892
110 904
111 118
111 144
111 152
111 211
111 249
111 284
111 385
111 386
111 573
111 650
111 653
111 667
111 727
111 742
111 891
111 920
111 987
112 132
112 142
112 169
112 179
112 194
112 222
112 247
112 257
112 267
112 274
112 285
112 301
112 317
112 372
112 392
112 439
112 443
112 452
112 498
112 522
112 525
112 563
112 584
112 591
112 610
112 631
112 665
112 702
112 734
112 746
112 765
112 788
112 789
112 800
112 804
112 808
112 867
112 871
112 906
112 911
112 931
112 933
112 963
112 974
112 975
112 995
113 234
113 258
113 280
113 309
113 336
113 354
113 427
113 512
113 599
113 716
113 842
113 844
113 918
113 970
113 991
114 123
114 234
114 241
114 294
114 342
114 448
114 495
114 500
114 510
114 513
114 553
114 554
114 578
114 609
114 630
114 634
114 690
114 726
114 736
114 745
114 768
114 780
114 813
114 837
114 846
114 851
114 875
114 878
114 916
114 923
114 931
114 937
114 950
114 960
114 968
114 981
114 986
115 128
115 142
115 210
115 265
115 286
115 302
115 335
115 380
115 440
115 452
115 528
115 541
115 584
115 595
115 598
115 601
115 611
115 806
115 824
115 891
115 954
115 962
116 134
116 176
116 359
116 462
116 585
116 623
116 652
116 676
116 850
116 865
116 900
116 985
117 118
117 311
117 319
117 343
117 345
117 400
117 473
117 525
117 768
117 786
117 789
117 797
117 869
117 883
117 926
117 990
118 121
118 132
118 135
118 139
118 144
118 161
118 172
118 182
118 235
118 272
118 392
118 451
118 452
118 719
118 818
118 870
118 895
118 944
118 979
118 987
118 989
118 998
119 141
119 142
119 145
119 202
119 227
119 238
119 256
119 266
119 278
119 333
119 358
119 363
119 365
119 394
119 440
119 446
119 532
119 545
119 570
119 624
119 636
119 652
119 661
119 666
119 695
119 716
119 724
119 728
119 742
119 748
119 752
119 768
119 793
119 810
119 824
119 860
119 869
119 876
119 895
119 909
119 912
119 925
119 926
119 927
119 949
119 951
119 959
119 979
120 264
120 333
120 392
120 442
120 534
120 535
120 572
120 733
120 778
120 856
120 929
121 135
121 139
121 235
121 242
121 379
121 392
121 399
121 465
121 509
121 615
121 782
121 813
121 989
122 307
122 349
122 435
122 460
122 470
122 527
122 538
122 569
122 643
122 757
122 762
122 773
122 810
122 863
122 984
123 234
123 236
123 241
123 258
123 268
123 279
123 309
123 342
123 451
123 455
123 510
123 588
123 639
123 707
123 745
123 778
123 780
123 846
123 929
123 930
123 931
123 967
124 143
124 154
124 173
124 262
124 323
124 453
124 565
124 568
124 572
124 647
124 663
124 685
124 726
124 761
124 772
124 776
124 819
124 823
124 835
124 952
125 267
125 296
125 312
125 368
125 378
125 390
125 398
125 463
125 487
125 517
125 519
125 621
125 658
125 669
125 679
125 713
125 717
125 735
125 764
125 832
125 838
125 903
125 942
125 1000
126 146
126 161
126 171
126 235
126 249
126 312
126 364
126 434
126 439
126 505
126 545
126 552
126 556
126 577
126 622
126 627
126 636
126 663
126 672
126 681
126 691
126 737
126 913
126 935
126 973
126 982
127 140
127 166
127 167
127 176
127 180
127 192
127 198
127 223
127 225
127 269
127 279
127 286
127 352
127 412
127 413
127 440
127 453
127 455
127 499
127 503
127 516
127 565
127 581
127 584
127 680
127 681
127 684
127 696
127 719
127 724
127 726
127 738
127 740
127 786
127 794
127 807
127 813
127 815
127 877
127 893
127 934
127 946
127 957
127 965
128 361
128 448
128 598
128 688
128 804
128 809
128 822
128 854
128 875
128 891
128 901
128 942
128 977
128 997
129 254
129 282
129 315
129 372
129 379
129 567
129 575
129 636
129 707
129 774
129 798
129 923
129 984
130 150
130 170
130 203
130 221
130 275
130 292
130 361
130 398
130 458
130 521
130 531
130 547
130 561
130 593
130 672
130 882
131 169
131 255
131 300
131 428
131 432
131 435
131 448
131 454
131 536
131 541
131 573
131 628
131 654
131 793
131 826
131 842
131 907
131 912
131 960
132 169
132 183
132 257
132 260
132 267
132 282
132 290
132 317
132 372
132 381
132 401
132 416
132 452
132 457
132 498
132 524
132 540
132 664
132 665
132 678
132 800
132 836
132 849
132 906
132 912
132 974
133 134
133 184
133 250
133 280
133 313
133 384
133 528
133 691
133 716
133 847
133 977
133 981
133 991
133 999
134 135
134 140
134 181
134 239
134 255
134 317
134 371
134 388
134 392
134 399
134 422
134 430
134 444
134 448
134 468
134 474
134 484
134 497
134 501
134 508
134 548
134 570
134 574
134 612
134 613
134 614
134 622
134 652
134 664
134 677
134 713
134 740
134 793
134 806
134 807
134 816
134 833
134 851
134 853
134 865
134 874
134 965
134 978
135 203
135 235
135 236
135 296
135 346
135 367
135 381
135 389
135 392
135 422
135 469
135 493
135 509
135 546
135 556
135 579
135 588
135 643
135 684
135 740
135 767
135 776
135 786
135 787
135 838
135 853
135 882
135 898
135 910
135 913
135 951
135 996
136 143
136 155
136 284
136 301
136 320
136 340
136 384
136 391
136 415
136 422
136 568
136 618
136 672
136 708
136 725
136 764
136 835
136 850
136 888
136 932
136 938
136 946
136 964
137 138
137 147
137 172
137 303
137 381
137 421
137 432
137 438
137 513
137 518
137 548
137 576
137 638
137 661
137 672
137 689
137 738
137 749
137 797
137 834
137 871
137 872
137 876
137 902
137 924
137 931
138 185
138 186
138 234
138 499
138 518
138 657
138 661
138 749
138 758
138 809
138 821
138 876
138 894
138 906
138 924
138 931
138 959
138 998
139 162
139 182
139 191
139 203
139 233
139 235
139 242
139 271
139 287
139 329
139 354
139 392
139 398
139 465
139 466
139 478
139 504
139 509
139 512
139 528
139 539
139 586
139 588
139 589
139 633
139 643
139 714
139 737
139 740
139 758
139 761
139 874
139 881
139 954
139 970
139 972
139 976
139 989
139 996
140 199
140 213
140 229
140 245
140 281
140 374
140 384
140 386
140 393
140 410
140 413
140 446
140 540
140 598
140 601
140 785
140 870
141 151
141 158
141 170
141 259
141 302
141 383
141 427
141 492
141 507
141 598
141 620
141 685
141 686
141 730
141 749
141 759
141 766
141 833
141 935
141 936
142 199
142 254
142 306
142 344
142 381
142 428
142 446
142 464
142 535
142 567
142 637
142 653
142 657
142 661
142 689
142 691
142 731
142 797
142 845
142 902
142 924
142 962
143 219
143 228
143 258
143 262
143 316
143 325
143 356
143 407
143 445
143 453
143 459
143 496
143 513
143 602
143 603
143 607
143 609
143 641
143 647
143 663
143 685
143 730
143 751
143 761
143 787
143 819
143 828
143 876
143 947
143 990
144 213
144 232
144 408
144 409
144 493
144 505
144 507
144 509
144 519
144 523
144 560
144 614
144 770
144 832
144 854
144 879
144 909
144 983
145 150
145 182
145 195
145 280
145 282
145 346
145 373
145 406
145 445
145 505
145 584
145 688
145 706
145 711
145 789
145 816
145 863
145 898
145 982
145 988
146 168
146 230
146 319
146 462
146 470
146 563
146 722
146 737
146 752
146 764
146 783
146 801
146 942
146 961
147 208
147 294
147 405
147 412
147 432
147 435
147 469
147 609
147 811
148 225
148 322
148 340
148 380
148 487
148 516
148 549
148 667
148 760
148 822
148 886
149 259
149 323
149 387
149 400
149 458
149 527
149 704
149 718
149 737
149 874
149 958
149 991
149 994
150 151
150 203
150 210
150 266
150 427
150 444
150 449
150 492
150 507
150 522
150 591
150 594
150 620
150 636
150 662
150 683
150 705
150 749
150 759
150 766
150 772
150 906
151 178
151 206
151 259
151 273
151 307
151 348
151 379
151 383
151 399
151 427
151 492
151 571
151 578
151 749
151 750
151 759
151 772
151 774
152 202
152 277
152 286
152 297
152 304
152 331
152 379
152 414
152 459
152 473
152 512
152 529
152 556
152 618
152 652
152 656
152 659
152 664
152 687
152 700
152 741
152 748
152 751
152 773
152 786
152 801
152 812
152 866
152 905
152 925
152 950
152 986
153 327
153 379
153 396
153 422
153 436
153 451
153 535
153 543
153 579
153 600
153 605
153 671
153 714
153 723
153 870
153 987
154 230
154 316
154 322
154 348
154 352
154 379
154 414
154 434
154 440
154 504
154 529
154 575
154 631
154 656
154 660
154 801
154 812
154 922
154 986
155 278
155 308
155 318
155 320
155 385
155 445
155 543
155 577
155 582
155 585
155 618
155 624
155 628
155 653
155 708
155 710
155 835
155 850
155 884
155 995
156 203
156 273
156 299
156 306
156 317
156 328
156 463
156 531
156 543
156 547
156 548
156 592
156 645
156 781
156 823
156 884
156 889
156 953
156 954
156 963
157 188
157 215
157 230
157 251
157 293
157 322
157 328
157 379
157 385
157 405
157 457
157 491
157 514
157 543
157 557
157 575
157 604
157 607
157 669
157 721
157 724
157 743
157 798
157 853
157 880
157 891
157 909
157 929
157 941
158 219
158 243
158 278
158 326
158 443
158 495
158 682
158 701
158 839
158 861
158 891
159 173
159 200
159 203
159 249
159 378
159 419
159 645
159 721
159 730
159 770
159 837
159 838
159 853
159 989
159 991
160 277
160 342
160 400
160 478
160 491
160 516
160 531
160 561
160 571
160 640
160 659
160 886
160 898
160 911
160 913
160 927
161 249
161 264
161 409
161 423
161 429
161 437
161 443
161 505
161 532
161 541
161 545
161 593
161 594
161 681
161 703
161 709
161 759
161 885
161 916
161 956
161 962
162 195
162 200
162 216
162 254
162 279
162 306
162 331
162 336
162 421
162 426
162 488
162 538
162 551
162 676
162 678
162 686
162 744
162 812
162 872
162 883
162 930
162 962
162 994
163 217
163 222
163 251
163 276
163 278
163 307
163 336
163 417
163 464
163 466
163 475
163 484
163 497
163 507
163 528
163 539
163 626
163 653
163 655
163 680
163 692
163 731
163 859
163 896
163 908
163 921
163 930
163 939
163 944
163 962
163 975
163 999
164 198
164 229
164 263
164 329
164 464
164 513
164 570
164 709
164 724
164 793
164 823
164 882
164 927
164 948
164 949
165 206
165 210
165 302
165 336
165 481
165 565
165 598
165 804
165 824
165 854
165 887
165 891
165 954
165 997
166 239
166 316
166 331
166 379
166 410
166 480
166 483
166 491
166 529
166 639
166 656
166 711
166 718
166 727
166 786
166 801
166 862
166 866
166 913
166 928
166 997
167 181
167 196
167 279
167 286
167 316
167 326
167 356
167 366
167 411
167 412
167 444
167 503
167 513
167 527
167 544
167 557
167 581
167 609
167 627
167 640
167 653
167 669
167 672
167 684
167 697
167 745
167 746
167 750
167 753
167 786
167 791
167 794
167 813
167 815
167 847
167 890
167 896
167 904
167 924
167 957
167 962
167 969
167 972
167 984
167 992
168 383
168 401
168 405
168 448
168 497
168 517
168 603
168 613
168 702
168 713
168 760
168 806
168 833
168 865
168 891
168 930
168 946
168 950
169 260
169 372
169 468
169 505
169 522
169 527
169 610
169 665
169 701
169 702
169 774
169 906
169 962
169 995
170 184
170 195
170 267
170 372
170 375
170 383
170 427
170 449
170 469
170 483
170 492
170 572
170 578
170 609
170 613
170 620
170 754
170 766
170 772
170 792
170 880
170 950
171 191
171 195
171 253
171 278
171 285
171 287
171 299
171 303
171 358
171 393
171 399
171 409
171 411
171 423
171 439
171 479
171 499
171 541
171 577
171 594
171 679
171 686
171 687
171 701
171 703
171 779
171 793
171 819
171 836
171 872
171 941
172 188
172 205
172 331
172 344
172 381
172 411
172 421
172 518
172 555
172 779
172 831
172 865
172 902
172 919
172 924
172 946
173 212
173 268
173 284
173 423
173 506
173 567
173 607
173 638
173 666
173 671
173 757
173 779
173 813
173 830
173 902
173 908
173 954
174 194
174 246
174 301
174 321
174 347
174 373
174 376
174 410
174 433
174 445
174 450
174 471
174 485
174 489
174 505
174 544
174 553
174 624
174 635
174 689
174 706
174 709
174 726
174 771
174 818
174 850
174 863
174 867
174 903
174 937
174 944
174 985
174 988
175 194
175 235
175 256
175 373
175 518
175 552
175 561
175 639
175 717
175 789
175 820
175 823
175 905
175 937
176 205
176 253
176 269
176 286
176 299
176 412
176 415
176 422
176 451
176 460
176 462
176 475
176 544
176 551
176 566
176 572
176 581
176 595
176 607
176 642
176 653
176 654
176 669
176 684
176 696
176 697
176 750
176 777
176 778
176 779
176 784
176 794
176 807
176 813
176 815
176 847
176 867
176 870
176 877
176 890
176 912
176 934
176 957
176 992
176 998
177 185
177 187
177 188
177 307
177 394
177 533
177 546
177 558
177 669
177 713
177 719
177 930
178 376
178 377
178 385
178 491
178 512
178 514
178 659
178 746
178 751
178 773
178 808
179 194
179 275
179 293
179 352
179 511
179 546
179 596
179 642
179 645
179 673
179 699
179 716
179 827
179 895
179 920
180 200
180 228
180 256
180 281
180 410
180 452
180 457
180 535
180 630
180 838
180 982
180 990
181 185
181 255
181 262
181 385
181 405
181 408
181 430
181 448
181 495
181 543
181 568
181 594
181 614
181 713
181 763
181 833
181 865
181 874
181 936
181 969
182 184
182 194
182 246
182 256
182 301
182 332
182 358
182 373
182 433
182 489
182 575
182 590
182 607
182 887
182 899
182 937
182 955
182 973
183 204
183 243
183 260
183 265
183 325
183 402
183 458
183 552
183 581
183 614
183 628
183 640
183 651
183 682
183 706
183 728
183 756
183 909
183 955
184 199
184 263
184 304
184 476
184 505
184 519
184 570
184 582
184 712
184 794
184 862
184 947
185 233
185 256
185 275
185 431
185 447
185 472
185 484
185 542
185 674
185 719
185 754
185 897
185 899
185 918
186 250
186 291
186 298
186 343
186 395
186 406
186 458
186 491
186 526
186 542
186 603
186 606
186 731
186 738
186 771
186 777
186 813
186 824
186 835
186 893
186 941
186 953
187 194
187 245
187 301
187 373
187 465
187 479
187 559
187 567
187 590
187 688
187 789
187 963
187 988
188 270
188 302
188 309
188 385
188 491
188 493
188 504
188 533
188 539
188 710
188 778
188 990
189 196
189 197
189 392
189 413
189 562
189 678
189 692
189 710
189 786
189 816
189 829
189 858
189 935
189 938
189 956
189 991
190 210
190 233
190 237
190 383
190 391
190 481
190 567
190 593
190 598
190 657
190 666
190 684
190 690
190 704
190 731
190 768
190 824
190 872
190 878
190 891
190 942
190 986
191 259
191 292
191 312
191 332
191 343
191 598
191 654
191 678
191 723
191 727
191 767
191 950
192 295
192 352
192 362
192 379
192 412
192 565
192 653
192 670
192 684
192 789
192 866
192 874
192 910
192 957
193 198
193 254
193 387
193 415
193 438
193 478
193 527
193 606
193 752
193 852
193 933
194 195
194 196
194 216
194 220
194 236
194 256
194 272
194 296
194 299
194 301
194 308
194 347
194 358
194 361
194 363
194 384
194 394
194 445
194 470
194 489
194 561
194 586
194 590
194 596
194 614
194 635
194 663
194 688
194 713
194 789
194 805
194 851
194 863
194 878
194 918
194 937
194 966
194 988
194 998
195 256
195 276
195 301
195 373
195 375
195 378
195 415
195 431
195 445
195 457
195 471
195 476
195 489
195 624
195 718
195 768
195 789
195 820
195 856
195 890
195 909
195 939
195 980
195 988
195 990
196 260
196 265
196 305
196 315
196 325
196 335
196 400
196 418
196 526
196 532
196 564
196 628
196 682
196 741
196 756
196 780
196 901
196 929
196 981
197 230
197 281
197 385
197 426
197 513
197 614
197 900
197 905
197 911
198 203
198 206
198 212
198 277
198 322
198 328
198 369
198 390
198 445
198 451
198 563
198 770
198 823
198 889
198 954
198 974
199 229
199 245
199 393
199 406
199 504
199 512
199 538
199 539
199 587
199 645
199 770
199 776
199 808
199 822
199 863
199 878
199 931
199 973
200 295
200 306
200 336
200 339
200 366
200 393
200 400
200 414
200 426
200 488
200 560
200 563
200 569
200 591
200 651
200 678
200 766
200 841
200 904
200 931
200 980
201 307
201 322
201 477
201 484
201 497
201 501
201 520
201 555
201 645
201 721
201 759
201 825
201 833
201 846
201 874
201 935
202 315
202 328
202 333
202 357
202 511
202 524
202 529
202 552
202 656
202 665
202 671
202 750
202 786
202 824
202 834
202 862
202 905
202 928
202 950
202 986
203 209
203 212
203 228
203 249
203 268
203 292
203 299
203 328
203 330
203 346
203 373
203 406
203 516
203 532
203 563
203 592
203 610
203 645
203 651
203 671
203 685
203 691
203 764
203 797
203 817
203 828
203 836
203 858
203 873
203 887
203 908
203 943
203 954
203 962
203 1000
204 206
204 212
204 260
204 265
204 305
204 319
204 325
204 402
204 404
204 539
204 564
204 679
204 682
204 748
204 756
204 784
204 960
205 207
205 290
205 334
205 388
205 463
205 621
205 653
205 658
205 665
205 717
205 832
205 854
205 900
205 903
206 289
206 310
206 313
206 314
206 347
206 390
206 404
206 415
206 419
206 441
206 459
206 473
206 526
206 548
206 567
206 592
206 597
206 645
206 715
206 721
206 730
206 740
206 812
206 893
206 896
206 907
206 952
206 954
206 969
206 970
206 973
206 994
207 481
207 509
207 598
207 611
207 642
207 824
207 891
207 892
207 943
207 952
208 306
208 363
208 367
208 392
208 440
208 473
208 607
208 645
208 646
208 650
208 665
209 227
209 266
209 368
209 415
209 434
209 463
209 513
209 563
209 639
209 757
209 764
209 806
209 812
209 832
209 835
209 900
209 903
209 926
210 243
210 247
210 306
210 333
210 410
210 419
210 420
210 425
210 616
210 679
210 703
210 824
210 861
210 863
210 867
210 928
210 949
210 983
211 241
211 321
211 386
211 423
211 469
211 505
211 589
211 650
211 670
211 708
211 851
211 855
211 893
211 937
212 220
212 286
212 304
212 313
212 342
212 346
212 377
212 390
212 398
212 414
212 415
212 470
212 500
212 548
212 567
212 592
212 671
212 677
212 715
212 730
212 743
212 770
212 801
212 803
212 860
212 884
212 921
212 944
212 954
212 959
213 235
213 311
213 371
213 406
213 408
213 439
213 448
213 450
213 484
213 486
213 501
213 504
213 532
213 545
213 580
213 612
213 625
213 651
213 713
213 735
213 736
213 747
213 766
213 795
213 806
213 833
213 851
213 867
213 874
213 896
213 906
213 936
213 937
213 965
214 348
214 415
214 559
214 626
214 656
214 703
214 843
214 946
215 217
215 274
215 329
215 407
215 417
215 457
215 532
215 582
215 615
215 658
215 784
215 896
215 905
215 909
215 982
216 254
216 259
216 334
216 439
216 518
216 545
216 552
216 706
216 918
216 989
216 1000
217 219
217 282
217 333
217 344
217 414
217 457
217 466
217 645
217 659
217 661
217 690
217 705
217 756
217 762
217 780
217 843
217 909
217 930
217 939
217 947
217 980
218 234
218 241
218 252
218 311
218 355
218 408
218 451
218 461
218 478
218 528
218 619
218 745
218 780
218 837
218 846
218 914
218 929
218 931
218 937
218 989
219 229
219 276
219 322
219 396
219 459
219 462
219 568
219 569
219 625
219 636
219 678
219 774
219 787
220 226
220 368
220 419
220 671
220 730
220 817
220 821
220 823
220 860
220 907
220 954
220 995
221 292
221 314
221 373
221 398
221 407
221 458
221 478
221 510
221 521
221 569
221 720
221 877
221 882
221 936
221 971
222 276
222 282
222 440
222 457
222 500
222 514
222 636
222 774
222 788
222 888
222 900
222 909
222 954
222 986
223 238
223 288
223 353
223 365
223 415
223 547
223 587
223 649
223 675
223 683
223 808
223 906
223 943
224 247
224 346
224 347
224 397
224 478
224 521
224 608
224 623
224 627
224 681
224 714
224 734
224 858
225 309
225 360
225 381
225 519
225 537
225 587
225 666
225 695
225 720
225 744
225 768
225 814
225 860
225 912
225 949
226 286
226 372
226 432
226 444
226 495
226 613
226 652
226 708
226 761
226 910
227 286
227 308
227 507
227 508
227 509
227 621
227 675
227 717
227 729
227 764
227 777
227 881
227 900
227 903
227 980
227 1000
228 346
228 480
228 513
228 647
228 663
228 685
228 761
228 787
228 843
228 947
228 948
228 986
229 245
229 281
229 286
229 298
229 367
229 393
229 398
229 410
229 412
229 456
229 484
229 556
229 666
229 776
229 822
229 838
229 929
229 966
229 971
229 983
229 992
230 319
230 341
230 351
230 376
230 482
230 491
230 493
230 514
230 526
230 543
230 550
230 575
230 604
230 622
230 695
230 811
230 822
230 990
231 309
231 327
231 373
231 502
231 590
231 615
231 684
231 773
231 938
231 988
232 237
232 290
232 304
232 320
232 403
232 404
232 501
232 535
232 560
232 623
232 636
232 683
232 684
232 713
232 730
232 770
232 834
232 923
232 925
232 945
232 983
233 235
233 290
233 393
233 394
233 400
233 428
233 429
233 507
233 526
233 583
233 666
233 692
233 763
233 774
233 882
234 256
234 294
234 311
234 317
234 326
234 451
234 465
234 553
234 623
234 644
234 735
234 769
234 774
234 780
234 846
234 929
234 930
234 931
234 967
235 240
235 242
235 244
235 270
235 297
235 333
235 340
235 354
235 392
235 465
235 469
235 484
235 504
235 509
235 539
235 559
235 575
235 582
235 643
235 658
235 737
235 740
235 789
235 818
235 836
235 839
235 859
235 863
235 913
235 919
235 989
235 997
236 240
236 242
236 330
236 392
236 398
236 469
236 471
236 504
236 509
236 515
236 588
236 708
236 739
236 746
236 771
236 780
236 818
236 842
236 870
236 874
236 913
236 930
237 297
237 304
237 308
237 518
237 532
237 560
237 623
237 795
237 826
237 839
237 842
237 897
237 983
238 267
238 274
238 288
238 385
238 415
238 448
238 658
238 772
239 265
239 266
239 419
239 432
239 435
239 465
239 711
239 748
239 913
240 242
240 248
240 265
240 322
240 329
240 349
240 379
240 392
240 410
240 457
240 504
240 509
240 539
240 555
240 588
240 705
240 713
240 740
240 758
240 782
240 822
240 870
240 895
240 918
240 924
240 945
240 990
241 294
241 311
241 322
241 448
241 451
241 456
241 500
241 510
241 513
241 630
241 689
241 739
241 745
241 755
241 780
241 826
241 846
241 929
241 931
241 967
241 981
241 994
242 253
242 329
242 435
242 465
242 469
242 509
242 526
242 532
242 539
242 588
242 613
242 643
242 666
242 669
242 674
242 696
242 735
242 737
242 740
242 754
242 758
242 760
242 810
242 811
242 818
242 835
242 883
242 913
242 916
242 923
242 929
242 930
242 965
242 972
242 989
242 997
243 264
243 350
243 351
243 426
243 447
243 627
243 733
243 745
243 971
244 276
244 396
244 397
244 511
244 570
244 666
244 841
244 843
244 844
244 903
245 260
245 281
245 393
245 410
245 461
245 516
245 688
245 755
245 763
245 773
245 828
245 838
245 894
245 916
245 930
245 943
245 967
245 973
246 362
246 471
246 536
246 554
246 590
246 593
246 619
246 636
246 638
246 757
246 937
246 988
247 336
247 366
247 401
247 426
247 479
247 487
247 495
247 535
247 538
247 598
247 728
247 737
247 887
247 899
248 292
248 315
248 378
248 386
248 456
248 462
248 498
248 528
248 582
248 596
248 631
248 888
248 994
249 274
249 298
249 319
249 325
249 330
249 352
249 411
249 415
249 429
249 439
249 442
249 462
249 465
249 481
249 499
249 505
249 528
249 530
249 534
249 545
249 552
249 594
249 650
249 653
249 665
249 681
249 686
249 691
249 703
249 734
249 742
249 780
249 836
249 883
249 935
249 938
249 949
249 952
249 1000
250 311
250 480
250 485
250 535
250 658
250 771
250 825
250 991
251 284
251 319
251 374
251 385
251 431
251 442
251 470
251 473
251 491
251 493
251 571
251 575
251 641
251 670
251 705
251 717
251 798
251 810
251 962
251 977
251 990
252 312
252 324
252 355
252 377
252 530
252 637
252 665
252 724
252 802
252 866
252 877
253 281
253 333
253 395
253 465
253 481
253 505
253 526
253 642
253 648
253 658
253 671
253 771
253 991
254 265
254 273
254 280
254 306
254 315
254 336
254 350
254 409
254 411
254 418
254 426
254 434
254 471
254 485
254 486
254 487
254 488
254 561
254 640
254 651
254 678
254 744
254 753
254 800
254 836
254 904
254 925
254 932
254 958
255 291
255 312
255 345
255 348
255 385
255 399
255 408
255 448
255 468
255 474
255 484
255 501
255 506
255 550
255 574
255 580
255 611
255 613
255 627
255 652
255 680
255 713
255 816
255 851
255 865
255 874
255 930
255 936
256 298
256 307
256 356
256 373
256 426
256 432
256 468
256 489
256 500
256 534
256 561
256 562
256 622
256 624
256 636
256 669
256 688
256 792
256 805
256 820
256 824
256 907
256 920
256 937
256 949
256 966
257 267
257 274
257 275
257 372
257 383
257 439
257 452
257 518
257 540
257 557
257 610
257 665
257 677
257 728
257 748
257 800
257 828
257 867
257 933
257 936
257 947
257 951
257 974
258 262
258 310
258 512
258 513
258 602
258 647
258 685
258 751
258 761
258 819
258 882
258 947
259 266
259 313
259 383
259 389
259 427
259 444
259 483
259 492
259 496
259 519
259 530
259 578
259 620
259 621
259 656
259 662
259 688
259 749
259 759
259 766
259 795
259 808
259 910
259 935
259 937
259 939
259 954
260 305
260 325
260 413
260 436
260 502
260 528
260 593
260 628
260 682
260 720
260 725
260 736
260 755
260 756
261 288
261 300
261 356
261 537
261 541
261 556
261 573
261 663
261 697
261 736
261 808
261 826
261 844
261 888
261 892
261 907
261 908
261 933
261 960
262 277
262 284
262 326
262 419
262 421
262 434
262 451
262 453
262 486
262 496
262 499
262 629
262 631
262 641
262 647
262 685
262 734
262 751
262 787
262 819
262 880
262 989
263 351
263 353
263 359
263 363
263 406
263 438
263 442
263 476
263 497
263 533
263 552
263 570
263 653
263 667
263 686
263 737
263 768
263 775
263 788
263 793
263 810
263 842
263 860
263 861
263 894
263 912
263 941
263 959
263 979
264 295
264 337
264 351
264 364
264 432
264 441
264 447
264 454
264 466
264 481
264 496
264 510
264 513
264 536
264 571
264 602
264 655
264 733
264 834
264 856
264 911
265 305
265 325
265 372
265 402
265 414
265 465
265 535
265 611
265 628
265 639
265 652
265 656
265 682
265 720
265 976
266 278
266 313
266 353
266 383
266 389
266 396
266 412
266 427
266 439
266 449
266 471
266 577
266 578
266 615
266 621
266 673
266 759
266 942
266 949
266 953
266 970
267 285
267 289
267 336
267 372
267 401
267 416
267 449
267 483
267 610
267 624
267 648
267 665
267 702
267 709
267 773
267 800
267 906
267 921
268 299
268 303
268 553
268 563
268 567
268 671
268 688
268 730
268 736
268 743
268 926
268 961
268 994
269 306
269 331
269 404
269 412
269 413
269 445
269 461
269 464
269 469
269 551
269 574
269 627
269 653
269 699
269 711
269 713
269 720
269 807
269 813
269 815
269 847
269 877
269 879
269 909
269 934
269 957
269 959
269 969
269 988
270 330
270 448
270 468
270 708
270 735
270 736
270 824
270 840
270 846
270 954
271 320
271 399
271 526
271 582
271 690
271 696
271 707
271 709
271 719
271 723
271 726
271 858
271 895
271 902
272 275
272 345
272 472
272 480
272 617
272 642
272 663
272 673
272 677
272 685
272 764
272 839
272 892
272 895
272 918
272 954
272 972
272 990
273 307
273 316
273 327
273 379
273 419
273 434
273 452
273 473
273 478
273 512
273 522
273 529
273 534
273 640
273 656
273 707
273 769
273 786
273 801
273 807
273 812
273 834
273 847
273 905
273 933
273 950
273 963
273 991
274 279
274 287
274 347
274 372
274 452
274 459
274 470
274 504
274 510
274 522
274 533
274 540
274 610
274 665
274 706
274 798
274 855
274 867
274 939
274 954
274 995
275 345
275 375
275 408
275 546
275 614
275 673
275 694
275 761
275 791
275 892
275 895
275 971
276 278
276 282
276 457
276 464
276 475
276 508
276 632
276 636
276 637
276 655
276 705
276 711
276 733
276 764
276 774
276 784
276 788
276 824
276 840
276 909
276 917
276 930
276 969
276 970
276 979
276 986
276 991
276 994
277 315
277 331
277 346
277 400
277 401
277 403
277 424
277 492
277 517
277 525
277 574
277 590
277 639
277 647
277 733
277 792
277 810
277 812
277 883
277 886
277 973
278 282
278 293
278 417
278 445
278 457
278 459
278 462
278 518
278 539
278 624
278 636
278 707
278 718
278 738
278 743
278 773
278 860
278 874
278 959
279 412
279 413
279 448
279 468
279 525
279 551
279 565
279 598
279 653
279 664
279 669
279 684
279 686
279 697
279 725
279 750
279 765
279 769
279 784
279 794
279 814
279 846
279 847
279 934
279 957
279 971
279 989
279 993
280 310
280 362
280 369
280 384
280 438
280 461
280 467
280 471
280 473
280 483
280 528
280 579
280 592
280 611
280 632
280 655
280 689
280 706
280 747
280 750
280 774
280 781
280 808
280 820
280 836
280 842
280 864
280 869
280 881
280 918
280 951
280 977
280 985
280 991
281 328
281 365
281 381
281 393
281 410
281 428
281 468
281 484
281 509
281 511
281 645
281 671
281 672
281 767
281 776
281 801
281 822
281 949
282 290
282 293
282 315
282 322
282 373
282 375
282 417
282 457
282 549
282 629
282 636
282 680
282 690
282 713
282 787
282 796
282 805
282 811
282 856
282 861
282 875
282 885
282 897
282 906
282 909
282 911
282 917
282 930
282 983
283 303
283 400
283 425
283 434
283 494
283 506
283 516
283 597
283 616
283 729
283 803
283 864
283 886
283 959
284 291
284 307
284 318
284 320
284 340
284 359
284 394
284 441
284 477
284 502
284 520
284 523
284 569
284 582
284 601
284 606
284 629
284 691
284 708
284 728
284 773
284 789
284 794
284 837
284 848
284 855
284 915
284 931
284 941
284 946
284 958
285 291
285 372
285 406
285 443
285 445
285 468
285 534
285 557
285 585
285 610
285 644
285 663
285 665
285 829
285 906
285 950
285 995
286 373
286 456
286 479
286 496
286 540
286 653
286 685
286 697
286 834
286 847
286 870
286 934
286 957
286 985
287 303
287 330
287 424
287 534
287 545
287 567
287 594
287 621
287 681
287 745
287 836
287 882
287 909
287 938
287 991
288 299
288 415
288 449
288 468
288 529
288 649
288 693
288 730
288 758
288 800
288 843
289 299
289 353
289 390
289 563
289 615
289 645
289 721
289 722
289 776
289 812
289 983
289 989
289 995
290 319
290 378
290 420
290 456
290 462
290 470
290 525
290 538
290 709
290 831
290 908
291 450
291 452
291 467
291 549
291 557
291 610
291 624
291 664
291 678
291 713
291 741
291 746
291 801
291 823
291 902
291 906
291 926
291 933
291 974
291 995
292 314
292 397
292 398
292 407
292 412
292 458
292 478
292 521
292 582
292 642
292 723
292 744
292 761
292 778
292 882
292 885
292 937
292 956
293 326
293 391
293 400
293 474
293 690
293 705
293 707
293 760
293 788
293 801
293 868
293 896
293 909
293 911
293 930
293 934
293 966
294 303
294 311
294 325
294 388
294 441
294 495
294 510
294 553
294 614
294 682
294 686
294 745
294 780
294 804
294 837
294 846
294 873
294 929
294 981
294 994
295 330
295 365
295 370
295 387
295 420
295 422
295 475
295 482
295 484
295 560
295 598
295 625
295 686
295 762
295 861
295 891
295 909
295 968
295 996
295 997
296 347
296 429
296 433
296 478
296 505
296 509
296 561
296 590
296 706
296 715
296 789
296 794
296 805
296 820
296 863
296 884
296 914
296 919
296 937
296 966
296 988
296 998
297 346
297 379
297 438
297 529
297 542
297 560
297 569
297 605
297 656
297 666
297 706
297 708
297 786
297 801
297 803
297 856
297 905
297 922
297 925
297 948
297 977
297 986
298 396
298 506
298 517
298 529
298 566
298 597
298 757
298 809
298 939
298 941
298 971
299 322
299 328
299 333
299 338
299 365
299 390
299 483
299 516
299 529
299 532
299 563
299 567
299 631
299 645
299 682
299 683
299 699
299 715
299 721
299 743
299 766
299 770
299 873
299 893
299 896
299 928
299 933
300 306
300 356
300 461
300 537
300 573
300 614
300 654
300 725
300 762
300 769
300 779
300 826
300 844
300 884
300 907
300 933
300 960
301 414
301 444
301 445
301 451
301 472
301 675
301 688
301 696
301 774
301 789
301 819
301 829
301 863
301 933
301 937
301 979
301 988
302 414
302 440
302 481
302 500
302 579
302 598
302 601
302 606
302 612
302 624
302 651
302 661
302 690
302 693
302 750
302 759
302 824
302 852
302 854
302 871
302 891
302 929
302 938
302 958
302 968
302 982
302 983
302 997
303 342
303 409
303 411
303 451
303 492
303 527
303 549
303 552
303 566
303 607
303 701
303 707
303 730
303 776
303 796
303 836
303 882
303 885
303 978
304 307
304 341
304 383
304 404
304 437
304 447
304 467
304 477
304 489
304 491
304 603
304 711
304 777
304 781
304 907
304 983
305 325
305 402
305 459
305 631
305 738
305 756
305 757
305 793
305 805
305 891
306 336
306 350
306 366
306 368
306 418
306 426
306 434
306 487
306 493
306 505
306 515
306 531
306 630
306 631
306 651
306 678
306 744
306 753
306 788
306 835
306 861
306 875
306 904
306 962
306 973
306 991
307 331
307 458
307 524
307 529
307 610
307 647
307 656
307 700
307 741
307 786
307 801
307 830
307 862
307 915
307 918
307 928
307 946
307 950
307 990
308 320
308 337
308 397
308 502
308 504
308 708
308 744
308 746
308 762
308 773
308 835
309 327
309 338
309 354
309 431
309 436
309 477
309 510
309 576
309 634
309 658
309 675
309 687
309 696
309 718
309 881
309 977
310 312
310 350
310 403
310 422
310 423
310 430
310 431
310 479
310 504
310 572
310 597
310 605
310 758
310 788
310 898
310 944
310 952
311 366
311 399
311 405
311 422
311 447
311 451
311 495
311 510
311 540
311 553
311 609
311 630
311 675
311 678
311 685
311 725
311 745
311 765
311 778
311 780
311 801
311 820
311 846
311 929
311 931
311 981
312 332
312 365
312 410
312 411
312 456
312 497
312 530
312 637
312 730
312 765
312 815
312 827
312 941
313 328
313 465
313 565
313 567
313 614
313 662
313 732
313 770
313 778
313 817
313 823
313 954
313 997
314 324
314 354
314 373
314 398
314 407
314 452
314 470
314 521
314 529
314 531
314 570
314 577
314 730
314 770
314 875
314 976
315 319
315 324
315 456
315 462
315 470
315 523
315 663
315 664
315 705
315 706
315 722
315 812
316 379
316 393
316 400
316 473
316 524
316 529
316 538
316 540
316 554
316 569
316 606
316 621
316 639
316 656
316 700
316 708
316 775
316 801
316 831
316 864
316 922
316 932
317 372
317 430
317 452
317 522
317 552
317 610
317 665
317 702
317 709
317 770
317 800
317 857
317 906
317 934
317 995
318 326
318 356
318 392
318 417
318 436
318 440
318 485
318 502
318 538
318 708
318 736
318 894
318 984
319 324
319 378
319 419
319 462
319 470
319 538
319 542
319 588
319 722
319 752
319 761
319 769
319 831
319 833
319 854
319 877
319 931
320 340
320 415
320 416
320 428
320 441
320 486
320 502
320 520
320 553
320 579
320 595
320 607
320 634
320 672
320 693
320 694
320 718
320 727
320 736
320 768
320 773
320 840
320 848
320 864
320 874
320 887
320 930
321 347
321 447
321 586
321 616
321 789
321 834
321 947
321 990
322 327
322 385
322 447
322 454
322 457
322 466
322 673
322 705
322 774
322 785
322 788
322 819
322 832
322 909
322 917
322 930
322 939
322 964
322 975
322 977
323 556
323 648
323 704
323 709
323 756
323 793
323 923
324 378
324 470
324 471
324 538
324 662
324 730
324 761
324 769
324 988
325 350
325 452
325 628
325 664
325 682
325 713
325 720
325 734
325 770
325 788
325 866
325 916
325 977
326 374
326 391
326 405
326 589
326 599
326 615
326 644
326 646
326 663
326 688
326 721
326 732
326 739
326 782
326 839
326 844
326 851
326 853
326 861
326 871
326 975
326 981
326 984
327 388
327 436
327 446
327 485
327 569
327 576
327 670
327 695
327 718
327 727
327 826
327 898
327 951
327 952
327 966
327 970
328 346
328 359
328 380
328 425
328 455
328 463
328 502
328 544
328 548
328 551
328 563
328 592
328 611
328 613
328 677
328 695
328 705
328 770
328 782
328 801
328 817
328 820
328 834
328 868
328 871
328 884
328 896
328 908
328 926
328 953
328 975
329 363
329 392
329 477
329 493
329 504
329 509
329 539
329 595
329 621
329 643
329 737
329 760
329 770
329 870
329 969
329 989
330 335
330 348
330 505
330 509
330 519
330 535
330 545
330 571
330 631
330 670
330 734
330 804
330 833
330 848
330 859
330 883
330 941
330 949
330 983
331 352
331 381
331 389
331 414
331 422
331 473
331 480
331 512
331 528
331 569
331 587
331 619
331 648
331 652
331 656
331 661
331 727
331 801
331 834
331 854
331 858
331 862
331 891
331 902
331 922
331 948
331 950
331 964
332 361
332 518
332 630
332 774
332 794
332 801
332 827
332 927
333 357
333 359
333 446
333 449
333 570
333 672
333 745
333 754
333 793
333 810
333 840
333 949
334 346
334 530
334 620
334 881
334 892
334 982
335 347
335 360
335 410
335 415
335 418
335 448
335 453
335 497
335 504
335 505
335 509
335 567
335 644
335 721
335 768
335 783
335 885
335 909
335 915
336 362
336 434
336 487
336 488
336 491
336 500
336 505
336 516
336 548
336 578
336 678
336 683
336 701
336 744
336 753
336 769
336 774
336 855
336 932
336 958
337 483
337 609
337 624
337 643
337 699
337 721
337 889
338 469
338 559
338 645
338 715
338 721
338 746
338 756
338 817
338 823
339 419
339 497
339 561
339 693
339 701
339 739
339 777
340 458
340 502
340 505
340 541
340 708
340 773
340 965
341 344
341 355
341 395
341 474
341 483
341 528
341 529
341 611
341 676
341 702
341 737
341 779
341 819
341 842
341 872
341 881
341 909
341 938
341 955
341 970
341 977
341 995
342 390
342 443
342 466
342 502
342 521
342 594
342 630
342 700
342 780
342 841
342 912
342 929
343 395
343 406
343 565
343 604
343 658
343 745
343 770
343 771
343 777
344 358
344 421
344 427
344 489
344 518
344 605
344 661
344 689
344 731
344 778
344 797
344 806
344 876
344 877
344 902
344 908
344 958
345 362
345 422
345 546
345 582
345 599
345 637
345 673
345 677
345 740
345 829
345 920
345 964
345 965
346 501
346 545
346 548
346 697
346 743
346 764
346 823
346 926
346 947
346 957
347 390
347 471
347 590
347 693
347 757
347 820
347 842
347 890
347 910
348 359
348 367
348 450
348 491
348 511
348 608
348 617
348 620
348 622
348 708
348 710
348 713
348 729
348 735
348 841
348 843
348 849
348 859
348 863
348 873
348 887
348 933
349 414
349 427
349 445
349 458
349 480
349 512
349 554
349 569
349 641
349 667
349 680
349 765
349 801
349 830
349 834
349 838
349 905
349 950
349 980
349 986
350 426
350 451
350 454
350 491
350 575
350 581
350 863
350 905
350 926
350 936
350 958
351 353
351 366
351 442
351 476
351 482
351 570
351 582
351 585
351 645
351 666
351 682
351 687
351 709
351 716
351 768
351 774
351 779
351 793
351 810
351 834
351 860
351 879
351 887
351 905
351 924
351 940
351 949
352 392
352 529
352 590
352 709
352 711
352 751
352 801
352 833
352 834
352 866
352 915
352 956
353 381
353 392
353 407
353 428
353 515
353 619
353 666
353 746
353 842
353 860
353 909
353 949
354 421
354 426
354 441
354 515
354 536
354 614
354 653
354 952
354 968
354 982
354 988
355 359
355 373
355 473
355 545
355 705
355 753
355 793
355 864
355 901
355 912
355 922
355 949
356 428
356 447
356 470
356 496
356 519
356 525
356 537
356 541
356 573
356 577
356 587
356 653
356 654
356 725
356 826
356 844
356 907
356 939
357 358
357 380
357 429
357 552
357 559
357 582
357 589
357 614
357 716
357 728
357 729
357 768
357 846
357 851
357 862
357 927
357 949
358 423
358 439
358 462
358 505
358 545
358 552
358 607
358 780
358 824
359 360
359 363
359 380
359 431
359 446
359 549
359 570
359 586
359 606
359 626
359 666
359 671
359 673
359 681
359 716
359 735
359 742
359 768
359 770
359 775
359 810
359 860
359 874
359 876
359 922
359 949
359 959
359 965
359 969
359 986
359 999
360 382
360 409
360 446
360 551
360 709
360 779
360 789
360 793
360 810
360 837
361 375
361 378
361 391
361 462
361 470
361 478
361 508
361 596
361 666
361 775
361 789
361 831
361 912
361 958
361 981
362 461
362 474
362 483
362 525
362 533
362 619
362 632
362 750
362 818
362 842
362 843
362 864
362 874
362 889
362 921
362 977
362 991
363 773
363 803
363 812
363 860
363 874
363 940
363 949
363 979
364 431
364 456
364 529
364 856
364 892
364 981
365 445
365 450
365 563
365 589
365 595
365 631
365 671
365 730
365 773
365 809
365 823
365 843
365 886
365 926
365 954
365 965
365 989
365 997
366 397
366 426
366 679
366 872
366 932
366 962
367 406
367 420
367 425
367 427
367 440
367 468
367 680
367 779
367 782
367 824
367 891
367 952
367 968
368 416
368 436
368 446
368 447
368 463
368 519
368 621
368 702
368 717
368 764
368 858
368 900
368 903
368 960
368 1000
369 528
369 540
369 609
369 708
369 842
369 930
369 954
369 970
370 400
370 456
370 470
370 529
370 538
370 566
370 655
370 769
370 778
370 942
371 451
371 574
371 614
371 732
371 818
371 833
371 936
371 957
371 965
372 375
372 378
372 401
372 416
372 443
372 452
372 461
372 489
372 498
372 505
372 522
372 540
372 562
372 610
372 629
372 648
372 665
372 702
372 703
372 744
372 746
372 800
372 824
372 834
372 867
372 906
372 910
372 912
372 974
372 995
372 1000
373 408
373 489
373 500
373 558
373 569
373 590
373 594
373 598
373 660
373 665
373 715
373 737
373 797
373 829
373 850
373 883
373 937
373 966
373 973
373 988
374 391
374 478
374 491
374 599
374 628
374 732
374 739
374 744
374 853
374 888
374 925
374 937
374 969
375 378
375 462
375 494
375 608
375 663
375 839
375 961
375 994
375 997
376 385
376 398
376 471
376 493
376 552
376 556
376 575
376 610
376 622
376 659
376 798
376 990
377 433
377 517
377 575
377 577
377 614
377 622
377 778
377 790
377 906
378 407
378 462
378 538
378 671
378 722
378 736
378 769
378 787
378 823
378 831
378 838
378 845
378 873
378 883
378 961
378 994
378 996
379 414
379 436
379 453
379 473
379 512
379 528
379 554
379 569
379 574
379 656
379 700
379 741
379 743
379 748
379 775
379 786
379 801
379 812
379 834
379 862
379 890
379 905
379 915
379 948
379 950
379 963
379 982
379 988
380 395
380 446
380 473
380 511
380 551
380 612
380 709
380 757
380 806
380 810
380 860
380 882
380 927
380 940
380 949
380 988
381 421
381 464
381 467
381 496
381 518
381 520
381 657
381 658
381 661
381 669
381 689
381 695
381 727
381 770
381 773
381 845
381 856
381 902
381 924
381 929
381 953
381 981
382 391
382 400
382 485
382 554
382 779
382 863
382 886
382 951
382 990
383 389
383 392
383 427
383 444
383 507
383 538
383 578
383 625
383 628
383 677
383 695
383 719
383 759
383 772
383 845
383 908
383 965
383 971
384 470
384 483
384 528
384 782
384 842
384 977
384 997
385 392
385 405
385 415
385 491
385 503
385 505
385 529
385 533
385 542
385 543
385 575
385 585
385 599
385 607
385 616
385 622
385 639
385 659
385 689
385 695
385 721
385 723
385 747
385 748
385 754
385 755
385 778
385 798
385 803
385 814
385 880
385 900
385 926
385 990
386 529
386 531
386 570
386 613
386 637
386 665
386 835
386 855
387 455
387 502
387 551
387 556
387 571
387 572
387 653
387 704
387 723
387 764
387 904
388 404
388 422
388 462
388 523
388 603
388 622
388 640
388 757
388 774
388 879
388 937
389 397
389 403
389 415
389 444
389 448
389 595
389 620
389 749
389 759
389 766
389 772
389 877
389 922
389 937
389 954
390 398
390 419
390 451
390 462
390 470
390 691
390 708
390 721
390 753
390 770
390 802
390 823
390 954
391 423
391 589
391 712
391 769
391 801
391 906
391 992
392 424
392 426
392 434
392 443
392 449
392 465
392 469
392 509
392 539
392 582
392 588
392 640
392 680
392 733
392 737
392 740
392 758
392 760
392 786
392 818
392 846
392 854
392 870
392 913
392 972
392 973
392 989
393 432
393 535
393 573
393 587
393 686
393 692
393 704
393 709
393 822
393 838
393 903
393 916
393 970
393 973
393 978
394 429
394 437
394 472
394 542
394 713
394 754
394 894
394 988
395 406
395 473
395 542
395 597
395 658
395 771
395 924
396 429
396 506
396 559
396 566
396 575
396 635
396 698
396 736
396 748
396 867
397 398
397 404
397 407
397 458
397 521
397 531
397 536
397 544
397 688
397 702
397 807
397 860
397 863
397 873
397 882
397 995
398 444
398 468
398 478
398 496
398 521
398 531
398 571
398 589
398 764
398 882
398 937
398 996
399 456
399 475
399 494
399 505
399 534
399 577
399 582
399 594
399 656
399 670
399 684
399 685
399 703
399 734
399 771
399 821
399 933
400 403
400 444
400 525
400 530
400 554
400 561
400 679
400 688
400 856
400 898
400 945
400 950
400 964
400 977
401 443
401 452
401 514
401 522
401 610
401 665
401 750
401 875
401 933
401 938
401 994
401 995
402 530
402 548
402 562
402 588
402 606
402 730
402 783
402 836
402 961
402 990
403 411
403 540
403 639
403 668
403 683
403 835
403 883
403 886
403 923
403 945
403 955
404 467
404 502
404 574
404 623
404 643
404 879
404 942
404 983
405 491
405 575
405 778
405 803
405 814
405 896
405 990
406 483
406 491
406 526
406 552
406 581
406 604
406 608
406 618
406 642
406 700
406 709
406 738
406 763
406 766
406 988
407 458
407 498
407 505
407 531
407 554
407 557
407 669
407 675
407 882
407 893
407 942
408 435
408 448
408 594
408 713
408 820
408 824
408 830
408 841
408 885
408 894
408 907
408 931
408 932
409 454
409 505
409 532
409 534
409 545
409 552
409 555
409 557
409 594
409 634
409 701
409 757
409 821
409 836
409 921
409 938
410 478
410 522
410 535
410 563
410 587
410 612
410 688
410 690
410 739
410 776
410 789
410 802
410 822
410 838
410 950
410 960
411 425
411 505
411 537
411 577
411 590
411 601
411 630
411 656
411 670
411 681
411 691
411 712
411 808
411 821
411 828
411 846
411 870
411 885
411 912
411 967
412 459
412 483
412 544
412 555
412 565
412 581
412 595
412 627
412 640
412 653
412 697
412 791
412 794
412 813
412 821
412 879
412 890
412 896
412 905
412 920
412 927
412 943
412 968
413 497
413 544
413 565
413 584
413 653
413 696
413 717
413 811
413 812
413 870
413 992
414 467
414 524
414 529
414 601
414 786
414 801
414 876
414 905
414 928
414 963
415 547
415 675
415 693
415 761
415 787
415 808
415 851
416 452
416 522
416 610
416 648
416 665
416 702
416 852
416 906
416 960
416 981
416 988
416 995
417 557
417 636
417 660
417 774
417 796
417 906
417 930
417 939
417 991
418 426
418 434
418 460
418 528
418 678
418 691
418 905
418 958
418 962
418 978
419 474
419 507
419 567
419 645
419 656
419 665
419 721
419 770
419 791
419 823
419 884
419 949
420 437
420 579
420 598
420 636
420 700
420 772
420 820
420 886
420 923
420 928
420 997
421 516
421 518
421 560
421 576
421 582
421 641
421 657
421 687
421 763
421 823
421 832
421 845
421 896
421 902
421 924
421 926
421 956
421 974
422 536
422 639
422 718
422 721
422 770
422 780
422 940
422 987
423 426
423 532
423 534
423 577
423 593
423 605
423 631
423 795
423 813
423 878
423 914
423 935
423 991
423 993
424 516
424 584
424 674
424 759
424 783
424 865
424 889
424 930
424 965
424 995
425 440
425 481
425 482
425 574
425 598
425 699
425 734
425 824
425 844
425 874
425 942
425 997
426 434
426 485
426 488
426 516
426 563
426 651
426 660
426 666
426 678
426 744
426 820
426 872
426 904
426 932
426 958
426 961
426 962
426 991
426 998
427 444
427 472
427 492
427 507
427 578
427 580
427 620
427 642
427 662
427 683
427 717
427 749
427 759
427 766
427 772
427 824
427 865
427 885
427 955
427 980
427 993
428 453
428 471
428 537
428 541
428 573
428 614
428 647
428 682
428 725
428 810
428 844
428 890
428 905
428 907
428 994
429 442
429 457
429 506
429 592
429 609
429 635
429 698
429 757
429 809
429 823
429 827
429 843
429 846
429 906
429 926
430 432
430 448
430 497
430 574
430 601
430 698
430 713
430 806
430 811
430 856
430 921
430 971
431 480
431 489
431 536
431 548
431 585
431 598
431 653
431 705
431 816
431 824
432 590
432 633
432 869
433 445
433 489
433 612
433 628
433 688
433 706
433 730
433 851
433 977
433 988
434 448
434 545
434 567
434 647
434 652
434 667
434 778
434 825
434 833
434 877
434 881
434 904
435 466
435 476
435 692
435 767
435 978
436 479
436 515
436 536
436 567
436 642
436 683
436 707
436 742
436 766
436 771
436 777
436 811
436 891
436 901
436 928
436 952
437 491
437 583
437 607
437 662
437 764
437 788
437 862
437 899
437 941
437 947
438 446
438 570
438 648
438 666
438 699
438 709
438 716
438 784
438 810
438 860
438 912
439 505
439 532
439 552
439 593
439 665
439 807
439 828
439 833
439 885
439 994
440 481
440 556
440 598
440 811
440 822
440 860
440 866
440 880
440 891
440 894
440 899
440 968
440 972
440 998
441 455
441 483
441 496
441 568
441 582
441 598
441 626
441 708
441 714
441 762
441 766
441 835
441 848
441 850
441 860
441 951
442 447
442 576
442 604
442 647
442 685
442 971
443 452
443 522
443 540
443 554
443 610
443 635
443 665
443 708
443 871
443 874
443 905
443 906
443 910
443 965
443 969
443 995
444 645
444 729
444 749
444 766
444 792
444 904
445 449
445 469
445 471
445 552
445 561
445 623
445 624
445 636
445 679
445 682
445 742
445 762
445 768
445 805
445 819
445 820
445 863
445 895
445 925
445 945
445 988
446 476
446 502
446 666
446 686
446 707
446 709
446 724
446 730
446 763
446 767
446 775
446 779
446 793
446 808
446 835
446 860
446 873
446 949
447 448
447 501
447 602
447 773
447 784
447 856
447 875
447 971
448 484
448 486
448 525
448 544
448 574
448 580
448 609
448 619
448 652
448 703
448 710
448 713
448 833
448 843
448 851
448 865
448 906
448 936
448 943
448 952
448 965
448 977
448 987
449 534
449 578
449 653
449 749
449 759
449 818
449 881
449 974
450 517
450 598
450 701
450 712
450 772
450 790
450 810
450 814
450 939
450 944
450 949
451 488
451 495
451 541
451 551
451 609
451 630
451 761
451 780
451 837
451 846
451 929
451 931
451 981
452 479
452 522
452 527
452 540
452 557
452 610
452 615
452 626
452 648
452 652
452 660
452 665
452 672
452 725
452 759
452 800
452 860
452 867
452 933
452 954
452 960
452 974
452 995
453 477
453 496
453 513
453 617
453 641
453 644
453 647
453 784
453 846
453 943
454 457
454 497
454 541
454 577
454 629
454 677
454 732
454 826
454 846
454 853
454 883
454 907
454 960
454 982
455 488
455 501
455 567
455 570
455 715
455 770
455 773
455 777
455 900
455 939
456 457
456 462
456 463
456 470
456 504
456 516
456 538
456 541
456 680
456 769
456 817
456 831
456 931
456 949
456 959
456 961
456 994
457 464
457 467
457 475
457 495
457 542
457 557
457 567
457 586
457 621
457 623
457 630
457 636
457 638
457 651
457 672
457 678
457 698
457 743
457 774
457 870
457 906
457 909
457 912
457 917
457 930
458 521
458 531
458 705
458 721
458 937
458 979
459 541
459 654
459 721
459 823
459 826
459 842
459 844
459 865
459 880
459 908
459 909
459 915
459 917
459 920
459 960
459 982
460 573
460 702
460 712
460 725
460 793
460 811
460 835
460 854
460 920
460 923
461 465
461 479
461 502
461 528
461 542
461 640
461 837
461 842
461 862
461 918
462 470
462 490
462 505
462 538
462 568
462 596
462 597
462 644
462 675
462 722
462 769
462 811
462 831
462 896
462 927
462 931
462 932
462 950
462 961
462 976
462 990
462 994
463 508
463 542
463 568
463 673
463 832
463 878
463 900
463 902
463 903
463 980
463 1000
464 599
464 702
464 774
464 788
464 884
464 909
464 929
464 930
464 933
464 947
464 957
465 469
465 488
465 509
465 539
465 582
465 588
465 648
465 660
465 689
465 716
465 737
465 740
465 758
465 759
465 760
465 791
465 818
465 857
465 870
465 941
465 943
465 972
465 989
465 996
466 610
466 636
466 666
466 705
466 713
466 774
466 787
466 837
467 560
467 751
467 888
467 906
467 922
467 946
468 484
468 486
468 491
468 550
468 580
468 614
468 653
468 663
468 705
468 715
468 717
468 773
468 775
468 779
468 816
468 830
468 833
468 874
468 905
468 929
469 504
469 539
469 588
469 653
469 667
469 691
469 705
469 711
469 714
469 720
469 737
469 740
469 741
469 756
469 758
469 774
469 785
469 799
469 818
469 845
469 870
469 913
469 936
469 957
469 996
470 537
470 538
470 542
470 579
470 594
470 596
470 632
470 636
470 669
470 702
470 713
470 728
470 769
470 864
470 956
470 961
470 969
470 994
471 489
471 506
471 522
471 561
471 623
471 703
471 726
471 731
471 763
471 789
471 825
471 831
471 883
471 890
471 911
471 946
471 966
471 986
471 988
472 545
472 583
472 607
472 661
472 709
472 819
472 872
472 878
472 915
472 957
473 524
473 529
473 554
473 569
473 604
473 656
473 683
473 694
473 721
473 801
473 812
473 834
473 840
473 862
473 907
473 928
473 950
473 985
473 986
474 483
474 528
474 619
474 723
474 732
474 737
474 747
474 754
474 843
474 863
474 942
474 977
474 991
475 510
475 788
475 863
475 909
475 930
476 614
476 671
476 675
476 678
476 709
476 711
476 768
476 793
476 812
476 817
476 924
477 570
477 630
477 645
477 715
477 721
477 770
477 775
477 782
477 939
477 949
478 504
478 522
478 531
478 598
478 757
478 781
478 782
478 938
479 505
479 515
479 536
479 538
479 665
479 683
479 718
479 807
479 833
479 837
479 847
479 862
479 885
479 922
479 967
480 494
480 495
480 524
480 529
480 554
480 579
480 584
480 610
480 642
480 656
480 660
480 724
480 731
480 786
480 812
480 830
480 834
480 859
480 864
480 865
480 905
480 915
480 928
480 947
480 950
480 964
480 988
481 547
481 569
481 579
481 584
481 598
481 615
481 643
481 672
481 688
481 699
481 718
481 753
481 757
481 804
481 814
481 824
481 845
481 874
481 891
481 942
482 528
482 529
482 598
482 771
482 773
482 787
482 804
482 811
482 852
482 997
483 502
483 528
483 544
483 555
483 569
483 585
483 589
483 609
483 664
483 708
483 735
483 803
483 864
483 916
483 918
483 955
483 961
483 970
484 614
484 708
484 824
484 827
485 488
485 641
485 766
485 788
485 799
485 829
485 957
485 962
486 506
486 574
486 614
486 630
486 652
486 812
486 870
486 911
486 936
487 553
487 587
487 716
487 733
487 812
487 962
488 523
488 621
488 716
488 897
488 962
489 491
489 500
489 558
489 561
489 575
489 610
489 622
489 662
489 681
489 706
489 820
489 821
489 863
489 878
489 902
489 918
489 937
489 962
489 969
489 988
489 993
489 995
489 998
490 504
490 511
490 538
490 593
490 692
490 789
490 934
490 952
490 961
491 493
491 498
491 509
491 514
491 533
491 575
491 594
491 622
491 626
491 639
491 659
491 695
491 707
491 712
491 738
491 740
491 747
491 763
491 778
491 785
491 814
491 830
491 839
491 868
491 880
491 901
491 931
491 938
491 990
492 507
492 511
492 551
492 707
492 749
492 751
492 766
492 776
492 823
492 865
492 949
492 954
492 966
492 998
493 514
493 543
493 575
493 587
493 616
493 622
493 626
493 645
493 659
493 668
493 755
493 778
493 803
493 842
493 863
493 872
493 911
493 958
493 990
494 511
494 517
494 712
494 718
494 790
494 799
494 802
494 835
494 850
494 965
495 515
495 555
495 563
495 630
495 683
495 709
495 758
495 780
495 837
495 846
495 876
495 914
495 931
495 962
495 990
496 647
496 662
496 663
496 744
496 761
496 787
496 850
497 550
497 574
497 614
497 640
497 654
497 707
497 746
497 768
497 801
497 816
497 948
497 962
497 965
497 992
498 522
498 540
498 557
498 578
498 665
498 835
498 838
498 906
498 912
498 995
499 566
499 570
499 647
499 661
499 761
499 812
499 947
500 642
500 693
500 706
500 715
500 829
500 865
500 872
500 880
500 904
500 937
500 986
501 614
501 645
501 658
501 660
501 713
501 816
501 965
502 520
502 568
502 582
502 595
502 607
502 616
502 625
502 672
502 679
502 708
502 710
502 725
502 736
502 762
502 795
502 817
502 838
502 840
502 854
502 857
502 928
502 930
502 950
502 967
503 562
503 710
503 767
503 805
503 832
504 509
504 539
504 588
504 627
504 637
504 643
504 655
504 656
504 658
504 707
504 737
504 818
504 870
504 885
504 907
504 913
504 957
504 972
504 989
505 545
505 552
505 555
505 592
505 627
505 668
505 670
505 681
505 686
505 691
505 725
505 727
505 734
505 838
505 847
505 850
505 859
505 905
505 935
506 565
506 573
506 698
506 750
506 757
506 787
506 809
506 871
506 902
507 608
507 826
507 858
507 869
507 934
508 513
508 582
508 587
508 596
508 621
508 764
508 784
508 795
508 900
508 903
508 945
508 1000
509 543
509 555
509 610
509 758
509 760
509 934
509 944
509 972
509 989
509 996
510 526
510 553
510 652
510 709
510 830
510 837
510 846
510 866
510 909
510 912
510 913
510 926
510 931
510 938
510 967
511 535
511 562
511 608
511 617
511 735
511 748
511 789
511 857
511 901
511 935
511 956
512 601
512 650
512 660
512 708
512 768
512 776
512 798
512 801
512 812
512 834
512 922
512 933
512 982
513 586
513 611
513 629
513 641
513 663
513 685
513 725
513 767
513 787
513 791
513 801
513 819
513 834
513 846
513 897
513 947
513 992
514 533
514 575
514 591
514 622
514 639
514 659
514 662
514 695
514 710
514 724
514 736
514 747
514 762
514 803
514 804
514 814
514 990
514 997
515 536
515 576
515 613
515 661
515 683
515 710
515 718
515 801
515 821
515 883
515 949
515 952
515 987
516 674
516 681
516 698
516 724
516 769
516 864
516 886
516 924
516 949
516 954
517 712
517 799
517 948
518 558
518 657
518 661
518 689
518 701
518 731
518 776
518 797
518 842
518 845
518 876
518 897
518 924
518 952
519 590
519 621
519 669
519 710
519 717
519 764
519 776
519 832
519 900
519 903
519 919
519 980
520 541
520 568
520 582
520 607
520 618
520 626
520 647
520 679
520 706
520 707
520 708
520 728
520 795
520 835
520 841
520 845
521 530
521 531
521 681
521 713
521 805
521 986
522 557
522 610
522 631
522 665
522 693
522 702
522 812
522 850
522 865
522 875
522 894
522 908
522 933
522 944
523 573
523 576
523 623
523 639
523 664
523 679
523 808
523 888
524 536
524 554
524 612
524 646
524 656
524 660
524 801
524 862
524 875
524 905
524 922
524 926
524 928
524 950
524 986
525 661
525 828
525 886
525 931
526 604
526 658
526 719
526 771
526 995
527 555
527 664
527 704
527 723
527 773
527 872
527 986
528 530
528 606
528 632
528 645
528 697
528 726
528 733
528 753
528 781
528 842
528 844
528 846
528 847
528 881
528 904
528 918
528 921
528 922
528 925
528 948
528 951
528 954
528 970
528 985
528 991
528 993
529 556
529 569
529 571
529 575
529 656
529 660
529 700
529 731
529 740
529 741
529 743
529 768
529 786
529 801
529 867
529 870
529 876
529 905
529 915
529 922
529 928
529 938
529 947
529 950
529 962
529 963
529 986
530 565
530 637
530 737
530 767
530 770
530 785
530 807
530 961
531 584
531 723
531 733
531 803
532 534
532 545
532 552
532 555
532 650
532 670
532 789
532 790
532 870
532 938
532 965
533 554
533 575
533 593
533 796
533 814
533 818
533 905
533 914
533 989
534 545
534 571
534 717
534 749
534 758
534 816
534 836
534 946
534 1000
535 541
535 571
535 587
535 686
535 705
535 812
535 822
535 838
535 916
535 957
535 992
536 661
536 710
536 738
536 766
536 952
537 541
537 573
537 687
537 721
537 907
537 960
537 988
537 994
538 577
538 596
538 606
538 619
538 628
538 651
538 706
538 770
538 815
538 831
538 968
538 976
538 994
539 551
539 588
539 643
539 653
539 679
539 685
539 769
539 847
539 851
539 853
540 541
540 610
540 648
540 665
540 674
540 707
540 714
540 736
540 746
540 763
540 779
540 838
540 856
540 865
540 867
540 931
540 933
540 950
540 974
540 995
541 564
541 573
541 577
541 638
541 654
541 722
541 723
541 725
541 822
541 826
541 844
541 907
541 908
541 952
541 960
542 583
542 684
542 702
542 816
542 819
542 874
542 890
542 957
542 985
543 626
543 672
543 681
543 764
543 778
543 798
543 837
543 990
544 564
544 565
544 603
544 621
544 684
544 750
544 765
544 781
544 782
544 791
544 813
544 823
544 847
544 870
544 890
544 910
544 952
544 957
544 992
544 994
545 555
545 577
545 580
545 593
545 594
545 631
545 642
545 681
545 688
545 703
545 787
545 821
545 841
545 896
545 914
545 919
545 938
545 963
545 983
546 564
546 580
546 642
546 673
546 677
546 694
546 701
546 816
546 855
546 861
546 865
546 892
546 895
546 954
546 983
547 606
547 675
547 693
547 743
547 808
547 810
547 988
548 567
548 658
548 729
548 730
548 770
548 805
548 823
548 836
548 894
548 954
549 570
549 620
549 640
549 724
549 860
549 866
549 877
549 880
549 894
549 949
549 979
550 562
550 574
550 751
550 816
550 833
550 897
550 936
550 965
550 991
551 581
551 584
551 614
551 653
551 669
551 689
551 711
551 739
551 794
551 815
551 863
551 912
551 957
552 586
552 615
552 701
552 766
552 813
552 846
552 878
552 935
552 937
553 599
553 609
553 619
553 630
553 700
553 742
553 756
553 780
553 833
553 846
553 922
553 929
553 931
553 972
553 981
553 988
554 590
554 660
554 705
554 763
554 764
554 786
554 801
554 812
554 830
554 842
554 898
554 900
554 922
554 928
554 986
555 578
555 593
555 594
555 687
555 703
555 783
555 864
555 886
555 905
555 938
556 704
556 715
557 570
557 599
557 610
557 653
557 787
557 788
557 810
557 865
557 898
557 919
558 583
558 609
558 656
558 780
558 787
558 792
558 898
558 930
558 947
558 966
559 563
559 617
559 634
559 654
559 684
559 730
559 748
559 789
559 798
559 868
559 896
559 922
559 944
559 954
560 706
560 872
560 949
560 951
561 574
561 587
561 662
561 688
561 706
561 805
561 901
561 937
561 965
561 988
562 634
562 693
562 749
562 875
562 890
562 977
563 592
563 595
563 627
563 638
563 645
563 664
563 721
563 770
563 780
563 823
563 868
563 893
563 935
563 954
564 568
564 628
564 636
564 637
564 682
564 756
564 800
564 862
564 946
564 950
564 969
565 581
565 584
565 634
565 640
565 653
565 660
565 675
565 697
565 721
565 743
565 753
565 791
565 794
565 798
565 807
565 813
565 849
565 877
565 934
565 950
565 976
565 992
566 594
566 631
566 636
566 652
566 757
566 762
566 766
566 811
566 832
566 924
566 939
566 941
567 645
567 707
567 715
567 721
567 722
567 730
567 747
567 752
567 769
567 770
567 817
567 884
567 908
567 926
567 940
567 943
567 954
567 957
567 994
568 582
568 594
568 607
568 618
568 672
568 691
568 708
568 714
568 752
568 773
568 787
568 846
568 963
569 591
569 610
569 638
569 646
569 656
569 688
569 700
569 723
569 731
569 736
569 801
569 814
569 830
569 834
569 843
569 862
569 866
569 905
569 915
569 928
569 964
569 986
570 583
570 596
570 678
570 712
570 716
570 742
570 752
570 754
570 775
570 783
570 793
570 828
570 846
570 890
570 949
570 979
571 607
571 643
571 888
572 634
572 890
572 905
572 923
572 956
573 589
573 614
573 647
573 715
573 907
573 908
573 960
573 988
574 582
574 612
574 614
574 645
574 652
574 657
574 677
574 713
574 733
574 754
574 765
574 775
574 818
574 824
574 833
574 851
574 865
574 913
574 936
574 938
574 965
575 595
575 626
575 639
575 659
575 695
575 720
575 723
575 747
575 753
575 778
575 795
575 798
575 803
575 814
575 852
575 877
575 880
575 925
575 935
576 587
576 640
576 683
576 723
576 769
576 800
576 813
576 908
576 924
576 987
576 991
577 631
577 668
577 686
577 703
577 724
577 754
577 809
577 828
577 836
577 867
577 900
577 925
577 938
578 620
578 662
578 730
578 766
578 837
578 887
578 985
579 657
579 702
579 719
579 732
579 748
579 811
579 823
579 869
580 703
580 705
580 814
580 833
580 924
580 936
580 965
581 605
581 647
581 653
581 748
581 768
581 791
581 807
581 829
581 934
581 957
581 962
582 607
582 640
582 653
582 708
582 762
582 770
582 773
582 824
582 840
582 842
582 850
582 861
582 905
582 946
582 994
582 996
583 627
583 719
583 734
583 754
583 797
583 836
583 888
583 897
583 899
584 597
584 653
584 669
584 684
584 793
584 813
584 902
584 957
584 996
585 707
585 708
585 749
585 762
585 773
585 774
585 833
585 835
585 907
586 647
586 665
586 702
586 706
586 713
586 773
586 937
586 989
587 653
587 760
587 822
587 838
587 902
587 950
587 974
588 643
588 702
588 704
588 705
588 740
588 786
588 818
588 828
588 832
588 845
588 937
588 972
588 996
589 591
589 615
589 619
589 622
589 644
589 671
589 720
589 782
589 828
589 853
589 925
589 930
589 966
590 624
590 625
590 664
590 688
590 706
590 733
590 769
590 818
590 863
590 886
590 961
590 995
591 615
591 703
591 739
591 741
591 782
591 793
591 851
591 902
592 645
592 730
592 770
592 782
592 817
592 924
592 954
593 594
593 692
593 727
593 745
593 778
593 829
593 836
593 956
594 641
594 686
594 688
594 774
594 796
594 799
594 821
594 828
594 935
594 956
594 979
595 640
595 653
595 696
595 794
595 934
595 939
595 980
595 998
596 603
596 640
596 694
596 827
596 907
596 969
596 977
596 994
597 752
597 769
597 954
597 961
597 994
598 601
598 623
598 641
598 695
598 747
598 804
598 824
598 830
598 832
598 849
598 852
598 854
598 871
598 893
598 903
598 915
598 934
598 942
598 968
598 987
598 997
599 615
599 862
599 925
600 608
600 681
600 805
600 843
600 940
600 972
600 982
601 699
601 780
601 795
601 804
601 823
601 916
602 709
602 768
602 784
602 856
602 865
602 895
603 724
603 770
603 793
603 801
603 833
603 928
603 934
603 983
604 617
604 627
604 713
604 737
604 762
604 763
604 777
604 796
604 949
605 683
605 706
605 718
605 754
605 771
605 774
605 815
605 878
605 952
605 958
605 966
606 699
606 857
606 867
606 942
606 997
607 612
607 618
607 625
607 680
607 687
607 694
607 702
607 707
607 708
607 736
607 762
607 777
607 799
607 835
607 840
607 848
607 850
607 865
607 878
607 880
607 893
607 930
607 942
607 945
607 988
608 779
608 812
608 843
608 898
608 902
609 610
609 630
609 764
609 771
609 837
609 846
609 858
609 885
609 931
610 640
610 648
610 665
610 675
610 702
610 730
610 746
610 800
610 821
610 851
610 908
610 913
610 933
610 945
610 960
610 971
610 974
610 995
611 681
611 726
611 803
611 825
611 881
611 977
612 614
612 660
612 790
612 865
612 890
612 900
613 614
613 620
613 774
613 806
613 836
613 846
613 952
614 639
614 644
614 652
614 655
614 659
614 684
614 758
614 795
614 796
614 824
614 838
614 857
614 873
614 891
614 936
614 944
614 991
615 644
615 747
615 782
615 800
615 839
615 861
615 871
615 967
616 693
616 733
616 831
616 856
616 954
616 979
617 818
617 832
617 841
617 886
617 957
617 982
618 707
618 708
618 835
618 886
619 641
619 651
619 681
619 707
619 874
619 891
619 913
619 921
619 935
619 951
619 970
619 974
619 991
619 997
620 662
620 668
620 749
620 839
620 880
620 944
621 642
621 717
621 764
621 776
621 830
621 832
621 900
621 903
621 904
621 966
621 980
622 672
622 809
622 914
622 990
622 992
623 624
623 644
623 704
623 707
623 763
623 790
623 820
623 879
623 881
623 888
623 983
623 991
623 998
624 688
624 741
624 866
624 871
624 937
624 982
624 995
625 685
625 708
625 721
625 759
625 773
625 834
625 847
625 870
625 990
626 641
626 651
626 659
626 663
626 825
626 844
626 881
626 965
626 990
627 653
627 729
627 807
627 813
627 936
627 957
627 960
627 981
627 985
628 682
628 714
628 718
628 756
628 787
628 833
628 860
628 863
628 904
629 663
629 690
629 746
629 761
629 787
629 820
629 864
629 910
629 947
630 745
630 773
630 780
630 810
630 823
630 837
630 869
630 886
630 917
630 929
630 931
631 648
631 681
631 810
631 828
631 836
632 718
632 839
632 842
632 942
632 950
632 977
633 681
633 715
633 730
633 735
633 923
634 647
634 685
634 730
634 759
634 787
634 907
635 644
635 680
635 681
635 713
635 730
635 809
635 892
635 913
635 941
636 655
636 690
636 705
636 761
636 774
636 784
636 789
636 796
636 824
636 861
636 887
636 890
636 899
636 909
636 917
636 930
636 965
636 975
637 723
637 780
637 802
637 902
637 950
637 972
638 760
638 809
638 857
638 902
638 941
638 962
639 729
639 747
639 758
639 798
639 822
639 872
639 888
639 918
639 949
639 990
639 998
640 653
640 673
640 684
640 711
640 794
640 813
640 822
640 846
640 890
640 932
640 937
640 976
640 992
641 647
641 741
641 761
641 787
641 791
642 677
642 842
642 895
643 740
643 748
643 758
643 760
643 931
643 941
643 989
644 762
644 839
644 960
645 659
645 701
645 720
645 721
645 732
645 743
645 770
645 817
645 823
645 888
645 896
645 908
645 926
645 930
645 943
645 953
646 690
646 742
646 760
646 789
646 906
646 909
646 911
646 926
646 963
647 663
647 696
647 751
647 761
647 772
647 787
647 813
647 819
647 855
647 886
647 903
647 917
647 937
647 975
647 988
648 665
648 702
648 711
648 786
648 798
648 864
648 865
648 906
648 933
649 653
649 675
649 690
649 693
649 762
649 822
649 848
649 849
649 859
649 957
650 667
650 757
650 770
650 775
650 855
650 860
650 912
650 913
650 939
650 946
650 950
651 678
651 736
651 764
651 962
652 680
652 692
652 713
652 765
652 790
652 804
652 806
652 833
652 865
652 874
652 957
653 669
653 697
653 713
653 750
653 791
653 794
653 807
653 813
653 890
653 910
653 916
653 934
653 961
654 732
654 844
654 889
654 907
654 938
654 960
655 658
655 659
655 705
655 774
655 884
655 909
655 930
655 992
656 661
656 705
656 721
656 741
656 786
656 801
656 812
656 830
656 834
656 888
656 915
656 922
656 924
656 926
656 928
656 942
656 948
656 950
656 986
657 661
657 721
657 751
657 936
657 949
657 987
657 988
658 682
658 771
658 777
658 936
658 953
659 695
659 768
659 785
659 814
659 906
659 990
660 669
660 725
660 801
660 842
660 866
660 905
660 915
660 948
660 950
661 706
661 750
661 793
661 797
661 902
661 904
662 749
662 759
662 766
662 773
662 824
662 981
663 670
663 685
663 761
663 779
663 787
663 810
663 861
663 947
664 704
665 746
665 754
665 763
665 767
665 822
665 862
665 866
665 867
665 875
665 906
665 933
665 974
665 988
665 995
666 670
666 687
666 707
666 709
666 715
666 752
666 768
666 775
666 783
666 793
666 810
666 860
666 864
666 912
666 927
666 949
666 995
666 999
667 725
667 730
667 756
667 812
667 837
667 843
667 901
667 923
667 935
667 943
667 995
668 681
668 720
668 811
668 856
668 990
668 991
669 791
669 831
669 910
669 957
669 988
670 681
670 787
670 823
671 686
671 705
671 715
671 721
671 731
671 743
671 748
671 823
671 884
671 893
671 954
672 690
672 708
672 717
672 736
672 754
672 762
672 835
672 850
673 784
673 846
673 861
673 920
674 783
674 883
674 886
675 681
675 712
675 752
675 786
675 808
675 835
675 854
675 967
676 777
676 842
676 862
676 865
676 870
676 960
677 721
677 726
677 835
677 842
677 892
677 895
677 911
678 744
678 762
678 928
678 948
678 979
678 989
679 745
679 752
679 807
679 811
679 833
679 871
679 891
679 997
680 838
680 930
681 686
681 777
681 798
681 889
681 931
681 947
681 950
681 999
682 694
682 698
682 720
682 723
682 736
682 742
682 756
682 818
682 848
682 918
682 929
682 930
683 836
683 851
683 860
684 697
684 790
684 791
684 794
684 807
684 841
684 912
684 939
684 957
684 991
684 992
685 751
685 785
685 787
685 832
685 866
685 872
685 877
685 878
685 947
686 687
686 703
686 722
686 780
686 819
686 820
686 834
686 870
686 938
687 702
687 708
687 721
687 742
687 768
687 793
687 815
687 842
687 850
687 860
687 949
687 989
688 706
688 743
688 789
688 805
688 937
688 952
688 958
688 966
689 789
689 792
689 793
689 902
689 924
690 721
690 773
690 774
690 801
690 805
690 930
691 706
691 721
691 808
691 918
691 938
692 752
692 821
692 823
692 845
692 878
692 917
692 928
692 933
692 956
693 739
693 784
693 808
693 829
693 903
694 733
694 779
694 791
694 794
694 817
694 878
694 892
694 907
694 920
694 989
695 758
695 779
695 798
695 803
695 828
695 904
695 906
695 990
696 751
696 757
696 791
696 815
696 819
696 847
696 939
697 777
697 884
697 939
697 957
698 768
698 809
698 886
698 941
698 951
698 972
699 804
699 824
699 907
699 968
699 969
700 812
700 826
700 834
700 862
700 881
700 892
700 941
700 948
701 815
701 919
701 954
702 766
702 800
702 841
702 867
702 941
702 974
702 989
702 995
703 750
703 787
703 828
703 832
703 860
703 942
703 992
704 925
705 780
705 784
705 788
705 911
705 917
706 721
706 738
706 752
706 789
706 795
706 809
706 820
706 829
706 840
706 863
706 898
706 937
706 977
706 998
707 708
707 751
707 848
707 944
707 953
708 714
708 727
708 728
708 736
708 769
708 781
708 800
708 835
708 840
708 848
708 850
708 873
708 902
708 931
708 955
709 724
709 726
709 752
709 779
709 793
709 810
709 815
709 824
709 860
709 901
709 912
709 959
710 788
710 825
710 858
710 920
710 963
711 784
711 791
711 803
711 807
711 867
711 890
711 934
711 987
712 718
712 792
712 802
712 880
712 887
713 724
713 821
713 833
713 847
713 863
713 865
713 874
713 936
713 969
714 773
714 802
714 835
714 839
714 846
714 849
715 730
715 743
715 823
716 752
716 760
716 768
716 778
716 835
716 860
716 879
716 936
716 940
716 944
716 949
716 999
717 779
717 799
717 832
717 900
717 903
717 922
717 936
717 953
717 980
717 984
717 1000
718 864
718 952
718 964
718 996
719 790
719 928
719 959
719 995
720 794
720 881
720 919
720 972
721 735
721 762
721 770
721 877
721 896
721 913
721 915
721 926
721 943
721 944
721 986
721 987
722 831
722 843
722 871
722 961
722 992
722 994
723 755
723 874
723 931
723 947
724 725
724 752
724 793
724 801
724 813
724 818
724 843
724 864
724 899
724 912
724 927
724 939
724 940
724 949
725 752
725 826
725 844
725 993
726 781
726 842
726 881
726 918
726 970
726 993
727 740
727 747
727 848
728 773
728 791
728 835
728 988
728 991
729 891
729 937
730 770
730 778
730 791
730 846
730 884
730 895
730 908
730 932
730 944
730 949
730 954
730 991
730 998
731 741
731 776
731 781
731 812
731 834
731 866
731 905
731 986
731 989
732 736
732 739
732 818
732 833
732 839
732 1000
733 833
733 875
733 919
733 930
733 936
734 780
734 852
734 929
734 938
735 762
735 779
735 824
735 841
735 866
735 901
735 921
735 983
736 748
736 854
736 860
736 954
736 985
737 740
737 758
737 760
737 794
737 818
737 833
737 851
737 912
737 989
737 996
737 997
738 771
738 927
738 940
738 950
738 974
739 782
739 921
739 930
739 947
739 1000
740 762
740 818
741 759
741 774
741 793
741 807
741 922
742 862
742 912
742 954
742 964
742 977
743 774
743 793
743 823
743 880
743 909
743 948
744 783
744 893
744 899
744 959
744 962
745 780
745 837
745 846
745 887
745 929
745 931
745 967
746 796
746 869
746 871
746 885
746 906
746 957
746 995
747 778
747 803
747 880
747 966
747 990
748 841
748 901
748 902
748 905
749 766
749 804
749 819
749 927
749 944
749 997
750 807
750 858
750 890
750 910
750 973
751 761
751 787
751 819
751 882
752 768
752 860
752 885
752 901
752 927
752 942
753 761
753 778
753 860
753 886
753 932
753 936
753 962
754 773
754 810
754 822
754 946
754 957
755 768
755 787
755 803
755 936
755 990
756 819
756 824
756 906
756 933
756 951
757 809
757 941
758 810
758 821
758 860
758 913
758 946
758 989
759 766
759 772
759 809
759 834
759 869
759 962
759 965
759 980
760 776
760 818
760 913
760 921
760 925
760 936
761 787
761 803
761 811
761 819
761 854
761 858
761 947
762 771
762 773
762 778
762 795
762 816
762 835
762 860
763 777
763 863
763 872
763 932
763 953
764 813
764 826
764 832
764 887
764 900
764 903
764 936
764 950
765 774
765 817
765 834
765 896
765 919
765 970
766 771
766 772
766 864
766 916
766 934
767 918
767 992
768 775
768 793
768 860
768 869
768 888
768 904
768 912
768 927
768 940
768 949
768 959
768 971
768 979
768 990
768 993
769 813
769 833
769 834
769 961
769 994
770 823
770 868
770 887
770 893
770 908
770 926
770 938
770 944
770 954
770 967
770 998
771 839
771 850
771 866
771 960
771 988
772 815
772 918
772 922
773 795
773 798
773 804
773 835
773 840
773 848
773 857
773 862
773 901
773 946
774 784
774 788
774 793
774 796
774 799
774 811
774 816
774 844
774 885
774 909
774 911
774 917
774 930
774 975
774 984
775 783
775 793
775 825
775 860
775 869
775 912
775 949
775 959
775 999
776 822
776 843
776 964
776 995
776 997
777 825
777 857
777 989
777 994
777 1000
778 798
778 880
778 881
778 922
778 990
779 780
779 793
779 810
779 824
779 912
780 837
780 846
780 916
780 929
780 931
780 963
780 981
780 986
781 825
781 842
781 879
781 895
781 921
781 977
781 991
782 839
782 876
782 918
782 925
782 994
783 886
784 788
784 800
784 829
784 835
784 909
784 930
784 958
784 986
784 990
785 786
785 889
785 925
785 949
785 955
786 862
786 915
786 922
786 948
786 963
786 995
787 819
787 860
787 865
787 900
787 929
787 956
787 957
788 796
788 813
788 891
788 906
788 911
788 939
788 975
789 820
789 863
789 878
789 898
789 923
789 930
789 937
789 965
789 966
789 970
789 988
789 996
790 819
790 830
790 886
790 995
791 877
792 926
792 931
792 981
793 837
793 838
793 860
793 869
793 896
793 912
793 927
793 949
793 959
793 979
794 807
794 813
794 851
794 877
794 890
794 906
794 957
795 886
796 905
796 930
796 931
796 952
797 801
797 837
797 902
797 924
797 972
798 880
798 884
798 888
798 988
799 867
799 869
799 985
800 896
800 906
800 930
800 942
800 995
801 807
801 812
801 825
801 830
801 834
801 862
801 866
801 914
801 920
801 922
801 926
801 950
801 964
801 986
801 997
802 857
802 928
803 938
803 990
804 824
805 820
805 898
805 933
805 980
805 988
806 816
806 865
806 873
806 874
806 936
806 944
806 965
806 974
806 1000
807 877
807 896
807 899
807 934
807 977
808 982
808 991
809 895
809 941
810 831
810 847
810 927
810 932
810 933
810 943
810 949
810 959
811 871
811 942
811 954
811 977
812 862
812 865
812 876
812 905
812 915
812 922
812 928
812 950
812 963
812 986
813 890
813 910
814 922
814 926
814 977
815 821
815 854
815 890
815 934
815 957
815 986
816 829
816 833
816 874
816 936
816 939
816 965
817 822
817 882
817 892
817 936
817 953
817 981
817 982
817 993
818 827
818 841
818 870
818 913
818 951
818 972
818 980
818 996
819 856
819 930
819 947
819 978
819 999
820 874
820 937
820 953
820 966
820 988
821 832
821 909
821 938
822 838
822 897
822 973
823 839
823 856
823 868
823 884
823 893
823 896
823 908
823 927
823 944
823 954
823 962
823 991
823 995
823 1000
824 871
824 926
824 942
824 966
824 997
825 842
825 914
826 844
826 926
826 954
827 834
827 866
827 922
827 963
828 935
828 938
829 925
829 937
829 961
829 966
829 977
829 988
830 905
830 932
831 842
831 902
831 924
831 961
831 976
831 994
832 900
832 903
832 976
832 1000
833 865
833 909
833 936
833 944
833 965
834 865
834 915
834 928
834 947
834 964
835 840
835 850
835 857
835 939
835 946
836 843
836 876
836 957
836 976
837 846
837 890
837 891
837 929
837 931
837 960
837 967
837 977
837 981
838 849
838 902
838 914
838 950
839 994
840 860
840 905
840 991
841 843
841 904
841 969
841 982
842 864
842 874
842 881
842 902
842 906
842 915
842 918
842 930
842 951
842 955
842 964
842 977
842 991
842 993
843 859
843 861
843 926
843 982
844 853
844 907
844 960
844 991
845 902
845 924
845 952
846 868
846 912
846 928
846 929
846 931
846 967
846 969
846 981
847 910
847 925
847 955
847 984
847 986
849 897
849 917
849 941
850 918
851 926
851 962
851 998
852 955
853 894
853 909
853 925
854 871
854 901
854 924
854 959
854 964
854 990
855 926
855 953
856 896
856 919
856 952
856 971
856 977
857 918
857 978
858 938
858 990
859 862
859 863
860 864
860 869
860 892
860 912
860 920
860 927
860 949
860 959
860 999
861 867
861 978
861 984
861 999
862 915
862 919
862 921
862 928
862 945
862 950
862 964
862 986
862 999
863 937
863 949
863 968
863 988
863 997
864 885
864 938
864 945
864 977
864 991
864 993
865 910
865 930
865 936
866 950
866 964
866 970
867 879
867 906
868 954
869 871
869 912
869 927
870 891
870 954
870 989
870 999
871 942
871 993
871 995
872 984
874 898
874 900
874 915
874 938
874 961
875 939
877 957
878 932
878 937
878 988
879 950
879 983
880 906
880 962
880 965
880 990
881 909
881 918
881 970
881 977
882 944
882 949
884 954
885 918
885 922
885 935
885 940
885 949
885 980
886 891
886 901
886 920
886 942
887 995
888 930
888 941
888 962
888 984
890 915
890 934
890 943
890 969
890 996
891 925
891 942
891 968
891 985
891 997
892 895
892 920
892 951
892 965
893 948
893 954
893 996
895 905
895 920
895 931
895 998
896 905
896 924
896 970
897 915
897 926
897 944
897 978
898 966
900 903
900 907
900 937
900 940
901 910
901 961
901 994
902 924
902 925
903 905
903 910
903 959
903 980
904 924
904 962
905 914
905 922
905 928
905 950
905 963
905 964
905 965
905 981
905 986
905 998
906 933
906 974
907 913
907 960
907 965
907 967
908 954
908 962
909 911
909 917
909 930
909 939
909 975
909 993
909 998
910 957
910 986
911 979
912 949
913 989
914 941
914 956
915 922
915 936
915 939
915 950
915 986
915 991
915 995
916 942
917 933
917 937
917 955
918 977
918 991
919 930
920 967
920 999
922 928
922 948
922 964
922 986
923 999
924 930
924 990
925 952
926 954
926 980
927 929
927 942
927 975
927 979
928 950
928 986
929 931
930 970
930 975
931 967
931 981
931 994
932 962
933 937
933 995
934 957
935 965
936 948
936 999
937 949
937 966
937 988
937 998
938 954
940 949
940 977
942 957
942 997
944 996
945 957
947 963
947 994
948 950
948 964
948 986
949 959
949 983
949 994
950 982
950 986
951 976
951 977
952 990
952 997
954 992
955 957
957 977
957 992
957 999
958 962
958 996
959 984
959 999
961 980
961 991
961 994
962 983
963 970
963 986
963 987
963 991
965 978
965 993
966 988
969 994
970 991
974 983
974 995
976 994
977 985
977 988
977 991
978 994
982 983
983 988
984 986
985 991
991 993
