# LFR benchmark graph: regime=S mu=0.5 realization=3
# undirected, unweighted; 1-based node ids; each edge listed once.
1 37
1 78
1 105
1 122
1 123
1 125
1 147
1 173
1 268
1 283
1 387
1 404
1 407
1 435
1 450
1 486
1 580
1 583
1 592
1 614
1 642
1 664
1 717
1 756
1 778
1 799
1 823
1 845
1 878
1 879
1 880
1 910
1 912
1 923
1 940
1 969
1 997
2 91
2 107
2 149
2 166
2 190
2 330
2 338
2 346
2 363
2 415
2 540
2 574
2 610
2 720
2 749
2 754
2 777
2 965
2 995
3 14
3 70
3 78
3 82
3 182
3 186
3 188
3 201
3 209
3 255
3 273
3 284
3 393
3 401
3 404
3 438
3 480
3 526
3 566
3 598
3 612
3 614
3 654
3 676
3 722
3 757
3 781
3 799
3 843
3 871
3 914
3 958
3 964
4 198
4 237
4 282
4 285
4 311
4 338
4 346
4 404
4 407
4 409
4 452
4 563
4 572
4 574
4 648
4 649
4 716
4 734
4 831
4 875
4 909
4 920
5 11
5 27
5 102
5 111
5 418
5 452
5 477
5 549
5 610
5 630
5 657
5 660
5 681
5 743
5 823
5 861
5 872
5 956
6 11
6 70
6 87
6 104
6 115
6 140
6 157
6 228
6 269
6 283
6 287
6 329
6 394
6 395
6 413
6 488
6 526
6 671
6 694
6 770
6 777
6 903
6 905
6 913
6 914
6 938
6 944
7 48
7 95
7 111
7 176
7 178
7 335
7 359
7 393
7 538
7 546
7 646
7 658
7 670
7 697
7 797
7 818
7 984
8 42
8 79
8 120
8 140
8 171
8 184
8 219
8 260
8 273
8 299
8 313
8 321
8 332
8 340
8 392
8 420
8 473
8 508
8 660
8 678
8 681
8 698
8 714
8 768
8 781
8 797
8 819
8 821
8 826
8 904
8 942
8 952
8 975
8 990
8 999
9 27
9 69
9 77
9 93
9 178
9 348
9 363
9 367
9 424
9 470
9 682
9 705
9 913
10 32
10 42
10 50
10 92
10 103
10 200
10 209
10 220
10 234
10 249
10 252
10 329
10 355
10 407
10 501
10 504
10 538
10 571
10 620
10 626
10 689
10 710
10 815
10 859
10 934
10 985
10 991
11 12
11 57
11 90
11 148
11 184
11 274
11 409
11 502
11 551
11 647
11 652
11 669
11 673
11 747
11 817
11 832
11 854
11 856
11 937
12 44
12 98
12 99
12 137
12 156
12 166
12 171
12 208
12 212
12 272
12 290
12 362
12 368
12 394
12 396
12 419
12 457
12 493
12 527
12 528
12 542
12 549
12 555
12 558
12 586
12 588
12 618
12 640
12 671
12 673
12 702
12 712
12 738
12 744
12 750
12 787
12 793
12 800
12 803
12 804
12 807
12 821
12 832
12 833
12 836
12 853
12 876
12 898
12 933
12 950
12 952
13 67
13 103
13 108
13 187
13 199
13 262
13 273
13 289
13 308
13 315
13 399
13 441
13 453
13 523
13 596
13 618
13 664
13 671
13 803
13 886
13 891
13 896
13 898
13 899
13 937
13 940
14 44
14 61
14 64
14 77
14 107
14 121
14 133
14 149
14 170
14 209
14 260
14 331
14 363
14 510
14 567
14 577
14 735
14 738
14 755
14 762
14 814
14 839
14 900
14 988
14 992
15 30
15 32
15 84
15 158
15 185
15 251
15 319
15 380
15 388
15 426
15 484
15 565
15 623
15 697
15 698
15 713
15 783
15 800
15 826
15 867
15 946
15 959
15 976
16 29
16 36
16 53
16 70
16 89
16 107
16 173
16 254
16 404
16 416
16 466
16 492
16 567
16 569
16 610
16 775
16 802
16 808
17 27
17 37
17 56
17 212
17 230
17 234
17 251
17 281
17 327
17 345
17 400
17 410
17 416
17 465
17 466
17 495
17 498
17 516
17 554
17 617
17 716
18 46
18 63
18 87
18 102
18 124
18 159
18 176
18 335
18 372
18 406
18 435
18 443
18 577
18 590
18 598
18 634
18 725
18 836
19 51
19 67
19 104
19 143
19 146
19 262
19 265
19 289
19 295
19 304
19 312
19 315
19 317
19 326
19 361
19 441
19 635
19 675
19 726
19 727
19 773
19 831
19 881
19 899
19 936
19 940
19 942
19 972
19 979
20 32
20 100
20 102
20 194
20 209
20 237
20 265
20 282
20 293
20 495
20 587
20 592
20 610
20 628
20 662
20 731
20 809
20 855
20 869
20 930
20 960
20 998
21 37
21 83
21 215
21 413
21 464
21 465
21 516
21 561
21 611
21 731
21 788
21 829
21 857
22 38
22 122
22 147
22 204
22 259
22 298
22 377
22 433
22 442
22 495
22 520
22 522
22 591
22 645
22 725
22 795
23 109
23 124
23 234
23 259
23 289
23 379
23 402
23 543
23 872
23 907
24 26
24 28
24 37
24 51
24 93
24 175
24 223
24 234
24 255
24 261
24 319
24 383
24 410
24 425
24 459
24 486
24 497
24 528
24 556
24 664
24 679
24 685
24 734
24 755
24 764
24 819
24 826
24 851
24 898
25 54
25 119
25 176
25 493
25 537
25 596
25 652
25 700
25 702
25 725
25 741
25 772
25 783
25 797
25 826
25 828
25 875
25 879
25 981
26 27
26 38
26 132
26 150
26 179
26 191
26 258
26 266
26 339
26 368
26 391
26 410
26 480
26 498
26 500
26 511
26 519
26 573
26 636
26 658
26 688
26 740
26 808
26 809
26 837
26 854
26 927
26 989
27 37
27 60
27 84
27 118
27 132
27 136
27 166
27 179
27 222
27 234
27 266
27 268
27 319
27 370
27 383
27 391
27 395
27 405
27 433
27 473
27 498
27 507
27 515
27 525
27 530
27 534
27 550
27 558
27 643
27 652
27 696
27 700
27 741
27 750
27 758
27 760
27 774
27 829
27 866
27 870
27 871
27 887
27 898
27 900
27 942
27 946
27 956
27 969
27 989
27 991
27 999
28 33
28 38
28 74
28 79
28 97
28 111
28 123
28 161
28 186
28 208
28 219
28 226
28 245
28 268
28 278
28 300
28 330
28 344
28 357
28 370
28 375
28 426
28 457
28 465
28 477
28 484
28 523
28 530
28 548
28 601
28 649
28 652
28 663
28 727
28 736
28 767
28 792
28 812
28 827
28 849
28 866
28 898
28 906
28 991
29 52
29 58
29 82
29 198
29 226
29 262
29 267
29 288
29 512
29 553
29 694
29 707
29 741
29 911
29 922
29 923
30 77
30 138
30 146
30 158
30 167
30 191
30 219
30 236
30 240
30 249
30 273
30 277
30 279
30 299
30 404
30 427
30 471
30 512
30 605
30 623
30 683
30 709
30 748
30 760
30 769
30 795
30 806
30 814
30 844
30 848
30 865
30 872
30 931
30 949
30 951
30 967
31 95
31 102
31 163
31 198
31 220
31 308
31 347
31 367
31 465
31 480
31 500
31 593
31 660
31 667
31 696
31 707
31 711
31 731
31 775
31 787
31 807
31 826
31 878
31 904
31 937
31 984
32 37
32 44
32 63
32 68
32 122
32 149
32 155
32 156
32 160
32 161
32 197
32 220
32 250
32 256
32 260
32 265
32 267
32 280
32 287
32 328
32 333
32 335
32 356
32 369
32 402
32 409
32 426
32 452
32 458
32 462
32 502
32 518
32 555
32 613
32 636
32 672
32 702
32 713
32 715
32 719
32 766
32 848
32 862
32 876
32 893
32 900
32 904
32 916
32 926
32 994
33 39
33 62
33 70
33 74
33 97
33 113
33 115
33 134
33 148
33 157
33 158
33 227
33 257
33 269
33 300
33 313
33 357
33 370
33 393
33 405
33 415
33 483
33 488
33 597
33 680
33 709
33 815
33 927
33 965
33 973
33 984
34 36
34 105
34 125
34 143
34 147
34 178
34 305
34 373
34 486
34 488
34 493
34 495
34 561
34 563
34 583
34 659
34 671
34 675
34 798
34 905
34 937
34 949
34 991
35 52
35 95
35 243
35 259
35 260
35 273
35 313
35 387
35 555
35 602
35 641
35 679
35 786
35 864
36 71
36 147
36 170
36 287
36 318
36 326
36 363
36 420
36 486
36 503
36 526
36 552
36 565
36 632
36 635
36 642
36 664
36 665
36 684
36 805
36 865
36 878
36 910
36 912
36 957
36 997
37 112
37 145
37 253
37 307
37 330
37 391
37 410
37 413
37 495
37 498
37 618
37 661
37 707
37 798
37 872
37 901
37 913
38 99
38 133
38 189
38 259
38 269
38 286
38 313
38 486
38 495
38 590
38 657
38 681
38 715
38 753
38 814
38 904
38 923
39 67
39 125
39 168
39 264
39 313
39 357
39 483
39 498
39 506
39 529
39 548
39 552
39 597
39 644
39 663
39 714
39 755
39 849
39 857
39 874
39 887
39 958
40 98
40 133
40 141
40 164
40 284
40 285
40 293
40 326
40 330
40 390
40 572
40 788
40 863
40 922
40 962
40 987
41 182
41 226
41 251
41 270
41 428
41 435
41 444
41 537
41 575
41 690
41 694
41 703
41 739
41 791
41 849
41 872
41 883
41 896
41 901
42 82
42 162
42 216
42 226
42 243
42 335
42 341
42 343
42 346
42 348
42 418
42 442
42 553
42 591
42 596
42 599
42 723
42 759
42 770
42 825
42 872
42 908
42 911
42 990
43 50
43 74
43 79
43 98
43 111
43 113
43 127
43 140
43 150
43 178
43 235
43 247
43 271
43 296
43 309
43 363
43 415
43 450
43 465
43 468
43 471
43 475
43 484
43 507
43 549
43 573
43 600
43 606
43 619
43 644
43 650
43 664
43 665
43 674
43 688
43 735
43 753
43 760
43 785
43 857
43 861
43 866
43 876
43 890
43 914
43 930
43 989
43 996
44 149
44 166
44 173
44 502
44 508
44 509
44 518
44 584
44 715
44 737
44 778
44 807
44 900
44 926
44 960
44 979
44 1000
45 65
45 93
45 106
45 107
45 138
45 149
45 163
45 165
45 184
45 197
45 198
45 201
45 232
45 272
45 286
45 298
45 361
45 366
45 408
45 412
45 420
45 439
45 478
45 495
45 509
45 542
45 551
45 578
45 591
45 611
45 615
45 627
45 631
45 636
45 703
45 723
45 732
45 806
45 811
45 812
45 820
45 876
45 882
45 890
45 955
45 956
45 966
45 999
46 55
46 62
46 194
46 233
46 259
46 261
46 265
46 278
46 294
46 336
46 398
46 410
46 429
46 433
46 476
46 483
46 496
46 563
46 576
46 632
46 635
46 659
46 668
46 727
46 772
46 835
46 844
46 976
47 73
47 94
47 140
47 258
47 283
47 508
47 533
47 560
47 632
47 713
47 728
47 754
47 795
47 830
47 990
48 49
48 61
48 72
48 88
48 116
48 124
48 175
48 180
48 187
48 302
48 329
48 349
48 361
48 398
48 403
48 426
48 479
48 509
48 539
48 567
48 635
48 672
48 686
48 697
48 777
48 806
48 829
48 836
48 869
48 877
48 896
48 948
48 955
48 956
48 981
48 999
49 91
49 130
49 170
49 224
49 278
49 290
49 403
49 439
49 440
49 460
49 461
49 513
49 537
49 635
49 646
49 802
49 828
49 913
49 979
50 67
50 121
50 123
50 149
50 178
50 191
50 206
50 208
50 227
50 294
50 321
50 324
50 342
50 394
50 412
50 435
50 437
50 443
50 446
50 456
50 457
50 485
50 488
50 520
50 531
50 562
50 567
50 596
50 607
50 637
50 721
50 728
50 740
50 815
50 820
50 828
50 832
50 833
50 867
50 885
50 888
50 927
50 932
50 953
50 972
50 973
51 73
51 79
51 124
51 135
51 149
51 180
51 226
51 386
51 448
51 487
51 512
51 603
51 645
51 703
51 764
51 809
51 997
52 126
52 219
52 265
52 291
52 308
52 470
52 473
52 521
52 532
52 609
52 621
52 665
52 685
52 769
52 775
52 815
52 857
52 968
53 90
53 102
53 134
53 191
53 276
53 293
53 457
53 635
53 762
53 802
53 827
53 881
53 882
53 900
53 910
53 911
53 957
53 988
54 86
54 134
54 145
54 160
54 265
54 271
54 317
54 348
54 390
54 401
54 412
54 504
54 621
54 873
54 882
54 983
55 72
55 82
55 97
55 146
55 164
55 191
55 299
55 371
55 389
55 404
55 419
55 460
55 488
55 501
55 607
55 795
55 806
55 946
56 84
56 159
56 172
56 213
56 330
56 377
56 529
56 548
56 549
56 587
56 644
56 742
56 788
56 857
56 858
56 901
56 914
56 958
57 59
57 87
57 114
57 129
57 130
57 233
57 253
57 384
57 463
57 516
57 549
57 577
57 591
57 621
57 635
57 682
57 735
57 834
57 851
57 910
57 912
57 915
57 924
57 952
57 965
58 88
58 120
58 123
58 131
58 163
58 187
58 201
58 248
58 288
58 329
58 340
58 343
58 349
58 350
58 358
58 367
58 376
58 388
58 420
58 438
58 483
58 498
58 542
58 555
58 588
58 607
58 663
58 680
58 686
58 687
58 696
58 701
58 714
58 762
58 798
58 856
58 860
58 867
58 930
58 946
58 976
58 999
59 101
59 207
59 233
59 294
59 325
59 330
59 346
59 351
59 416
59 457
59 468
59 481
59 493
59 504
59 511
59 522
59 567
59 572
59 598
59 601
59 624
59 666
59 706
59 718
59 731
59 734
59 755
59 777
59 796
59 815
59 825
59 829
59 832
59 843
59 915
59 922
59 927
59 938
59 958
59 962
59 968
59 991
59 995
60 178
60 191
60 201
60 234
60 266
60 267
60 331
60 359
60 391
60 410
60 433
60 468
60 498
60 616
60 621
60 684
60 725
60 729
60 898
61 107
61 108
61 128
61 147
61 153
61 170
61 210
61 253
61 279
61 432
61 435
61 459
61 465
61 473
61 500
61 593
61 622
61 646
61 694
61 729
61 741
61 762
61 827
61 842
61 870
61 881
61 897
61 978
61 984
61 991
61 992
62 89
62 107
62 397
62 460
62 476
62 522
62 546
62 574
62 658
62 673
62 810
62 826
62 833
62 879
62 971
63 101
63 140
63 141
63 146
63 151
63 200
63 225
63 234
63 269
63 277
63 290
63 308
63 330
63 365
63 394
63 434
63 442
63 443
63 508
63 554
63 567
63 633
63 649
63 670
63 693
63 750
63 780
63 789
63 797
63 799
63 802
63 934
63 970
63 982
64 156
64 186
64 203
64 210
64 234
64 265
64 275
64 291
64 325
64 355
64 364
64 500
64 516
64 529
64 593
64 730
64 751
64 781
64 791
64 800
64 984
64 993
65 78
65 117
65 126
65 144
65 175
65 184
65 223
65 264
65 279
65 367
65 407
65 416
65 452
65 458
65 477
65 586
65 589
65 677
65 699
65 728
65 741
65 780
65 807
65 848
65 855
65 876
65 887
65 929
65 937
66 77
66 136
66 157
66 162
66 183
66 196
66 229
66 252
66 334
66 369
66 372
66 373
66 380
66 387
66 402
66 410
66 428
66 434
66 464
66 509
66 548
66 550
66 560
66 584
66 587
66 590
66 592
66 648
66 727
66 759
66 764
66 794
66 802
66 850
66 855
66 934
66 937
66 951
66 960
66 995
67 127
67 199
67 218
67 262
67 289
67 304
67 315
67 408
67 437
67 461
67 547
67 575
67 597
67 643
67 717
67 767
67 940
67 949
67 954
68 135
68 172
68 281
68 445
68 493
68 512
68 549
68 594
68 603
68 610
68 645
68 703
68 748
68 754
68 757
68 777
68 811
68 968
68 999
69 82
69 188
69 190
69 233
69 246
69 250
69 268
69 291
69 376
69 380
69 441
69 494
69 725
69 786
69 813
69 897
69 913
69 967
69 989
70 146
70 166
70 182
70 191
70 272
70 288
70 338
70 354
70 356
70 374
70 383
70 386
70 475
70 479
70 515
70 537
70 562
70 644
70 670
70 681
70 688
70 705
70 754
70 756
70 777
70 823
70 835
70 841
70 872
70 880
70 889
70 891
70 892
70 895
70 914
70 935
70 947
70 959
70 978
70 984
70 989
70 992
70 993
71 77
71 107
71 133
71 260
71 277
71 357
71 408
71 473
71 500
71 600
71 610
71 646
71 698
71 734
71 761
71 839
71 855
71 922
71 991
72 126
72 320
72 325
72 326
72 333
72 353
72 356
72 429
72 431
72 464
72 525
72 551
72 572
72 674
72 771
72 806
72 818
73 91
73 125
73 157
73 192
73 200
73 203
73 229
73 313
73 504
73 509
73 563
73 641
73 650
73 652
73 665
73 682
73 687
73 700
73 755
73 780
73 807
73 882
73 906
74 111
74 167
74 248
74 264
74 309
74 312
74 375
74 435
74 443
74 470
74 500
74 547
74 578
74 585
74 628
74 630
74 648
74 652
74 735
74 792
74 832
74 864
74 931
74 935
74 958
74 979
75 131
75 132
75 135
75 161
75 346
75 400
75 414
75 445
75 469
75 486
75 502
75 603
75 638
75 652
75 714
75 742
75 764
75 885
75 899
75 970
75 983
76 89
76 99
76 158
76 188
76 309
76 337
76 516
76 543
76 554
76 593
76 599
76 648
76 812
76 979
76 994
77 81
77 93
77 176
77 243
77 249
77 331
77 340
77 347
77 373
77 434
77 438
77 459
77 476
77 503
77 506
77 586
77 587
77 592
77 602
77 607
77 640
77 659
77 662
77 663
77 702
77 743
77 850
77 855
77 869
77 891
77 893
77 898
77 901
77 986
78 93
78 107
78 133
78 139
78 154
78 222
78 233
78 260
78 408
78 416
78 500
78 503
78 504
78 646
78 665
78 775
78 803
78 839
78 988
79 100
79 174
79 299
79 350
79 400
79 473
79 505
79 550
79 559
79 564
79 615
79 683
79 698
79 714
79 910
79 937
79 979
80 164
80 227
80 255
80 336
80 410
80 437
80 438
80 460
80 465
80 572
80 735
80 790
80 870
80 939
80 975
80 979
81 330
81 358
81 391
81 414
81 450
81 602
81 610
81 693
81 719
81 867
82 90
82 119
82 158
82 172
82 198
82 232
82 267
82 302
82 335
82 400
82 405
82 409
82 418
82 447
82 493
82 505
82 552
82 560
82 596
82 609
82 615
82 666
82 676
82 698
82 707
82 741
82 818
82 875
82 886
82 907
82 908
82 927
82 984
83 124
83 156
83 161
83 166
83 202
83 208
83 390
83 418
83 427
83 450
83 479
83 485
83 533
83 579
83 593
83 624
83 644
83 688
83 701
83 713
83 837
83 854
83 855
83 947
83 959
83 960
83 993
84 94
84 117
84 131
84 174
84 191
84 219
84 253
84 286
84 313
84 388
84 508
84 528
84 565
84 587
84 623
84 664
84 698
84 709
84 722
84 783
84 803
84 826
84 912
84 945
84 946
84 999
85 157
85 163
85 166
85 226
85 246
85 256
85 304
85 325
85 340
85 416
85 417
85 649
85 671
85 683
85 708
85 719
85 894
85 946
86 93
86 137
86 238
86 329
86 415
86 650
86 698
86 741
86 756
86 814
86 823
86 944
86 952
87 101
87 194
87 264
87 351
87 359
87 374
87 460
87 467
87 489
87 493
87 660
87 757
87 804
87 807
87 810
87 838
88 145
88 163
88 260
88 294
88 432
88 447
88 514
88 518
88 548
88 594
88 622
88 722
88 831
88 834
88 910
88 969
89 155
89 156
89 175
89 188
89 269
89 278
89 334
89 390
89 417
89 459
89 463
89 514
89 515
89 548
89 561
89 725
89 729
89 962
89 989
90 107
90 114
90 144
90 153
90 160
90 183
90 196
90 198
90 216
90 232
90 234
90 267
90 292
90 302
90 326
90 333
90 334
90 341
90 371
90 377
90 420
90 432
90 441
90 442
90 447
90 459
90 476
90 484
90 490
90 495
90 498
90 501
90 519
90 550
90 553
90 596
90 601
90 609
90 661
90 666
90 690
90 707
90 741
90 756
90 789
90 815
90 848
90 854
90 862
90 905
90 907
90 911
90 928
90 930
90 976
90 988
90 999
91 94
91 108
91 267
91 277
91 284
91 348
91 350
91 479
91 577
91 610
91 867
91 956
91 959
91 984
92 99
92 188
92 224
92 255
92 357
92 398
92 403
92 412
92 555
92 620
92 633
92 636
92 657
92 791
92 829
92 954
93 96
93 99
93 104
93 131
93 212
93 254
93 257
93 286
93 296
93 358
93 370
93 506
93 537
93 544
93 569
93 573
93 595
93 650
93 663
93 665
93 673
93 690
93 704
93 761
93 824
93 874
93 932
93 950
93 956
93 967
93 973
93 975
93 994
94 126
94 159
94 247
94 269
94 289
94 366
94 374
94 383
94 440
94 547
94 554
94 665
94 693
94 766
94 930
94 942
94 963
95 115
95 124
95 218
95 228
95 235
95 272
95 278
95 300
95 318
95 331
95 393
95 394
95 395
95 456
95 548
95 579
95 612
95 625
95 626
95 630
95 661
95 770
95 806
95 829
95 834
95 864
95 872
95 880
95 923
95 959
95 980
96 105
96 156
96 212
96 254
96 296
96 400
96 462
96 650
96 734
96 755
96 849
96 852
96 967
96 974
96 993
96 995
97 115
97 130
97 228
97 375
97 437
97 469
97 483
97 537
97 597
97 649
97 663
97 695
97 731
97 833
97 904
97 984
97 988
98 136
98 194
98 222
98 236
98 286
98 446
98 502
98 576
98 746
98 776
98 784
98 958
99 140
99 153
99 247
99 278
99 320
99 414
99 443
99 498
99 513
99 554
99 597
99 634
99 648
99 649
99 696
99 714
99 748
99 754
99 819
99 944
99 969
100 129
100 144
100 184
100 187
100 272
100 287
100 294
100 313
100 332
100 351
100 447
100 473
100 590
100 599
100 633
100 674
100 683
100 714
100 770
100 779
100 781
100 790
100 801
100 821
100 840
100 875
100 988
101 151
101 172
101 181
101 197
101 244
101 277
101 291
101 299
101 303
101 325
101 345
101 371
101 414
101 419
101 439
101 451
101 455
101 457
101 464
101 469
101 475
101 496
101 497
101 511
101 554
101 569
101 574
101 602
101 633
101 648
101 725
101 746
101 789
101 799
101 813
101 817
101 827
101 828
101 837
101 854
101 880
101 884
101 949
101 960
101 970
101 976
102 125
102 144
102 219
102 229
102 260
102 273
102 275
102 293
102 346
102 377
102 403
102 423
102 492
102 502
102 504
102 505
102 510
102 554
102 559
102 617
102 648
102 660
102 684
102 722
102 805
102 834
102 848
102 888
102 900
102 903
102 918
102 920
102 934
103 110
103 133
103 199
103 343
103 426
103 652
103 668
103 673
103 770
103 771
103 792
103 889
103 995
104 133
104 137
104 194
104 195
104 233
104 241
104 246
104 253
104 280
104 353
104 358
104 404
104 414
104 425
104 472
104 529
104 534
104 562
104 565
104 588
104 615
104 640
104 655
104 666
104 702
104 712
104 738
104 760
104 799
104 803
104 807
104 912
104 940
104 942
104 944
104 952
104 958
105 149
105 186
105 208
105 344
105 438
105 462
105 508
105 583
105 652
105 664
105 742
105 908
105 919
105 990
106 125
106 156
106 214
106 222
106 239
106 308
106 321
106 441
106 462
106 686
106 770
106 781
106 800
106 911
106 956
106 989
106 999
107 115
107 118
107 132
107 133
107 157
107 161
107 164
107 170
107 179
107 210
107 223
107 260
107 262
107 266
107 278
107 302
107 421
107 422
107 465
107 494
107 500
107 543
107 549
107 646
107 669
107 714
107 721
107 731
107 752
107 770
107 779
107 805
107 835
107 872
107 881
107 892
107 898
107 917
107 924
107 950
107 958
107 977
107 984
107 988
108 133
108 170
108 254
108 260
108 309
108 340
108 352
108 397
108 500
108 511
108 567
108 691
108 729
108 735
108 798
108 913
108 966
109 117
109 153
109 200
109 221
109 237
109 304
109 324
109 327
109 352
109 360
109 401
109 403
109 437
109 442
109 480
109 484
109 517
109 664
109 733
109 737
109 740
109 770
109 828
109 845
109 890
109 912
109 916
109 920
109 946
110 123
110 128
110 138
110 189
110 239
110 283
110 285
110 287
110 329
110 342
110 382
110 422
110 430
110 435
110 452
110 485
110 533
110 545
110 570
110 580
110 588
110 610
110 681
110 754
110 778
110 808
110 861
110 865
110 866
110 867
110 872
110 874
110 875
110 878
110 946
110 959
110 973
110 974
110 983
111 154
111 163
111 212
111 476
111 482
111 523
111 543
111 582
111 600
111 678
111 681
111 691
111 693
111 714
111 839
111 868
111 899
111 954
111 966
111 974
112 129
112 138
112 179
112 182
112 188
112 196
112 210
112 301
112 355
112 404
112 428
112 446
112 487
112 513
112 533
112 536
112 540
112 604
112 607
112 626
112 674
112 676
112 785
112 800
112 874
112 891
112 951
112 961
113 133
113 174
113 223
113 283
113 335
113 363
113 415
113 451
113 483
113 490
113 495
113 558
113 641
113 749
113 896
113 926
114 178
114 229
114 328
114 384
114 436
114 454
114 533
114 635
114 684
114 685
114 686
114 732
114 766
114 839
114 994
115 129
115 162
115 220
115 238
115 295
115 320
115 323
115 348
115 379
115 414
115 443
115 467
115 513
115 522
115 526
115 590
115 699
115 777
115 815
115 816
115 834
115 853
115 913
115 943
115 966
115 974
115 986
116 157
116 163
116 187
116 223
116 329
116 353
116 482
116 511
116 638
116 809
116 895
116 897
116 974
116 999
117 174
117 176
117 325
117 388
117 390
117 469
117 558
117 581
117 596
117 623
117 735
117 783
117 792
117 797
117 833
117 878
117 946
117 947
117 962
117 982
118 203
118 305
118 365
118 379
118 482
118 495
118 577
118 742
118 743
118 759
118 799
118 981
119 139
119 190
119 198
119 227
119 269
119 286
119 361
119 375
119 485
119 643
119 650
119 689
119 700
119 772
119 812
119 829
119 882
119 902
119 931
119 953
119 976
120 184
120 198
120 251
120 286
120 324
120 389
120 504
120 590
120 681
120 714
120 759
120 812
120 821
120 907
120 921
120 947
121 137
121 152
121 190
121 220
121 222
121 235
121 245
121 292
121 359
121 424
121 512
121 521
121 601
121 610
121 625
121 679
121 740
121 760
121 979
122 289
122 443
122 467
122 502
122 569
122 713
122 913
122 957
122 965
122 979
122 989
123 127
123 151
123 194
123 302
123 446
123 479
123 501
123 512
123 526
123 550
123 598
123 707
123 731
123 776
124 163
124 186
124 306
124 353
124 363
124 393
124 396
124 403
124 435
124 501
124 523
124 529
124 543
124 621
124 626
124 715
124 721
124 722
124 726
124 770
124 813
124 815
124 864
124 954
124 995
124 999
125 147
125 169
125 191
125 210
125 220
125 253
125 320
125 377
125 384
125 447
125 450
125 521
125 538
125 552
125 583
125 592
125 642
125 664
125 800
125 836
125 846
125 864
125 878
125 910
125 912
125 952
125 962
126 140
126 176
126 251
126 261
126 276
126 282
126 292
126 297
126 323
126 331
126 336
126 347
126 385
126 418
126 545
126 546
126 567
126 580
126 591
126 600
126 614
126 648
126 659
126 664
126 764
126 784
126 786
126 799
126 805
126 816
126 882
126 890
126 904
126 937
126 960
126 981
126 997
127 211
127 274
127 285
127 299
127 330
127 333
127 334
127 349
127 389
127 390
127 463
127 514
127 527
127 532
127 567
127 588
127 621
127 709
127 733
127 833
127 869
127 924
127 979
128 133
128 138
128 182
128 211
128 229
128 283
128 287
128 387
128 435
128 475
128 484
128 533
128 727
128 838
128 850
128 861
128 865
128 867
128 988
129 145
129 239
129 327
129 340
129 395
129 399
129 458
129 505
129 590
129 642
129 678
129 681
129 714
129 732
129 821
129 911
129 985
129 987
130 209
130 234
130 246
130 253
130 268
130 314
130 324
130 360
130 371
130 400
130 558
130 676
130 688
130 694
130 759
130 760
130 793
130 819
130 831
130 916
130 917
130 938
130 956
131 137
131 141
131 165
131 193
131 205
131 261
131 263
131 265
131 284
131 364
131 365
131 468
131 476
131 510
131 535
131 538
131 544
131 557
131 582
131 584
131 606
131 640
131 798
131 846
131 896
132 144
132 157
132 206
132 273
132 307
132 320
132 386
132 557
132 652
132 670
132 675
132 708
132 785
132 789
132 810
132 898
132 984
133 141
133 170
133 195
133 210
133 223
133 228
133 323
133 364
133 393
133 414
133 423
133 465
133 484
133 500
133 543
133 549
133 586
133 602
133 606
133 729
133 762
133 787
133 836
133 839
133 842
133 858
133 881
133 929
133 950
133 964
133 992
134 170
134 213
134 289
134 291
134 375
134 438
134 459
134 469
134 518
134 570
134 585
134 610
134 641
134 645
134 652
134 663
134 746
134 792
134 797
134 809
134 877
134 947
135 234
135 275
135 307
135 370
135 445
135 502
135 512
135 555
135 603
135 645
135 693
135 791
135 842
135 854
135 855
135 889
136 137
136 191
136 195
136 211
136 262
136 281
136 340
136 345
136 352
136 358
136 364
136 377
136 386
136 404
136 449
136 463
136 494
136 503
136 508
136 511
136 541
136 546
136 558
136 612
136 630
136 646
136 692
136 697
136 705
136 735
136 777
136 787
136 851
136 860
136 917
137 157
137 241
137 298
137 335
137 393
137 414
137 464
137 484
137 492
137 529
137 602
137 621
137 636
137 660
137 702
137 784
137 795
137 820
137 828
137 834
137 942
137 958
138 154
138 163
138 216
138 239
138 267
138 276
138 283
138 285
138 293
138 347
138 382
138 422
138 435
138 611
138 762
138 839
138 867
138 875
138 882
138 965
138 991
139 146
139 178
139 187
139 265
139 314
139 362
139 447
139 508
139 643
139 646
139 664
139 693
139 700
139 724
139 781
139 797
139 963
140 157
140 177
140 215
140 250
140 339
140 366
140 380
140 403
140 467
140 489
140 497
140 504
140 526
140 541
140 549
140 576
140 595
140 619
140 635
140 671
140 694
140 713
140 792
140 815
140 865
140 912
140 913
140 956
140 963
140 968
140 979
140 986
140 993
140 999
141 143
141 152
141 158
141 167
141 169
141 179
141 204
141 252
141 261
141 289
141 319
141 359
141 376
141 387
141 397
141 406
141 408
141 422
141 448
141 644
141 645
141 680
141 712
141 779
141 809
141 817
141 854
141 868
141 870
141 879
141 918
141 931
141 980
142 146
142 150
142 164
142 167
142 235
142 273
142 279
142 299
142 301
142 315
142 403
142 404
142 458
142 500
142 513
142 659
142 683
142 699
142 709
142 754
142 759
142 806
142 811
142 861
142 941
142 998
143 209
143 214
143 231
143 252
143 261
143 324
143 334
143 387
143 393
143 406
143 408
143 422
143 429
143 446
143 507
143 516
143 532
143 567
143 568
143 577
143 615
143 629
143 653
143 666
143 675
143 715
143 741
143 742
143 784
143 796
143 834
143 885
143 888
143 891
143 892
143 913
143 918
143 921
143 931
143 932
143 986
144 236
144 252
144 276
144 313
144 393
144 564
144 605
144 649
144 778
144 904
144 928
144 937
144 981
145 168
145 202
145 242
145 394
145 580
145 622
145 672
145 756
145 773
145 785
145 792
145 794
145 818
145 820
145 884
145 892
145 895
145 909
145 916
145 998
146 158
146 167
146 240
146 269
146 273
146 279
146 299
146 301
146 360
146 402
146 404
146 408
146 424
146 436
146 455
146 458
146 470
146 476
146 506
146 530
146 540
146 550
146 605
146 635
146 679
146 683
146 696
146 709
146 728
146 762
146 778
146 795
146 806
146 811
146 822
146 946
146 955
146 959
147 239
147 327
147 347
147 503
147 521
147 640
147 664
147 746
147 781
147 864
147 874
147 910
147 920
147 926
147 961
147 987
147 997
148 243
148 264
148 281
148 300
148 357
148 370
148 372
148 375
148 380
148 509
148 566
148 580
148 597
148 599
148 621
148 663
148 718
148 736
148 741
148 742
148 852
148 870
148 879
149 155
149 159
149 161
149 178
149 206
149 218
149 256
149 287
149 310
149 328
149 333
149 335
149 356
149 357
149 366
149 369
149 396
149 402
149 422
149 447
149 449
149 452
149 462
149 502
149 514
149 515
149 518
149 521
149 528
149 532
149 534
149 544
149 555
149 565
149 577
149 610
149 613
149 636
149 719
149 736
149 832
149 900
149 915
149 919
149 922
149 926
149 939
150 156
150 214
150 239
150 256
150 261
150 292
150 309
150 408
150 479
150 500
150 546
150 567
150 652
150 668
150 691
150 762
150 792
150 800
150 882
150 888
150 935
150 978
150 997
151 163
151 186
151 189
151 205
151 262
151 270
151 277
151 378
151 419
151 556
151 569
151 657
151 680
151 687
151 688
151 692
151 693
151 707
151 725
151 746
151 757
151 802
151 926
152 227
152 230
152 244
152 261
152 317
152 335
152 357
152 408
152 422
152 425
152 501
152 567
152 704
152 764
152 785
152 913
152 918
152 927
152 931
152 984
153 216
153 226
153 290
153 335
153 341
153 357
153 363
153 371
153 459
153 491
153 666
153 707
153 793
153 921
154 178
154 180
154 426
154 464
154 470
154 516
154 714
154 739
154 799
154 814
154 815
154 913
154 997
155 161
155 169
155 174
155 348
155 402
155 452
155 469
155 502
155 518
155 521
155 534
155 544
155 554
155 616
155 636
155 665
155 715
155 766
155 908
155 913
156 239
156 280
156 330
156 356
156 385
156 391
156 410
156 498
156 625
156 641
156 651
156 760
156 772
156 969
157 203
157 231
157 278
157 290
157 337
157 344
157 351
157 362
157 370
157 405
157 427
157 443
157 448
157 487
157 490
157 513
157 520
157 523
157 525
157 526
157 543
157 559
157 576
157 606
157 610
157 619
157 626
157 635
157 675
157 694
157 700
157 739
157 761
157 777
157 816
157 828
157 833
157 853
157 882
157 911
157 925
157 967
157 979
158 165
158 279
158 299
158 338
158 349
158 366
158 390
158 404
158 543
158 709
158 822
158 916
158 941
158 964
159 163
159 198
159 234
159 353
159 367
159 401
159 518
159 631
159 820
159 848
159 934
160 198
160 210
160 291
160 444
160 473
160 487
160 507
160 570
160 667
160 707
160 779
160 786
160 927
161 178
161 193
161 202
161 256
161 333
161 356
161 369
161 402
161 452
161 470
161 472
161 486
161 502
161 532
161 534
161 600
161 605
161 613
161 636
161 642
161 681
161 695
161 715
161 742
161 762
161 785
161 790
161 816
161 847
161 849
161 891
161 902
161 926
162 198
162 245
162 260
162 267
162 323
162 327
162 357
162 405
162 418
162 510
162 578
162 653
162 707
162 824
162 907
162 911
162 942
162 958
162 980
163 180
163 185
163 188
163 201
163 260
163 266
163 286
163 288
163 300
163 329
163 351
163 358
163 362
163 379
163 386
163 420
163 431
163 446
163 478
163 495
163 509
163 521
163 536
163 576
163 578
163 587
163 591
163 611
163 613
163 616
163 635
163 638
163 645
163 663
163 665
163 686
163 745
163 751
163 753
163 772
163 801
163 811
163 842
163 845
163 883
163 975
163 976
163 999
164 167
164 179
164 203
164 240
164 245
164 251
164 260
164 273
164 279
164 295
164 299
164 301
164 304
164 333
164 363
164 369
164 404
164 490
164 499
164 569
164 570
164 634
164 647
164 695
164 696
164 705
164 709
164 724
164 789
164 795
164 806
164 811
164 941
164 970
164 972
165 188
165 296
165 330
165 370
165 399
165 470
165 471
165 490
165 498
165 527
165 571
165 583
165 672
165 887
165 895
165 898
165 967
166 189
166 191
166 207
166 294
166 308
166 336
166 338
166 368
166 467
166 479
166 484
166 501
166 524
166 535
166 537
166 598
166 639
166 655
166 688
166 718
166 732
166 791
166 823
166 838
166 841
166 872
166 889
166 891
166 894
166 920
166 935
166 939
166 943
166 944
166 947
166 964
166 980
166 984
166 993
167 273
167 299
167 404
167 460
167 469
167 535
167 537
167 539
167 597
167 683
167 696
167 702
167 749
167 756
167 789
167 800
167 925
167 985
168 177
168 348
168 495
168 515
168 520
168 534
168 664
168 709
168 714
168 718
168 758
168 791
168 806
168 862
169 276
169 366
169 438
169 498
169 516
169 755
169 784
169 876
169 897
169 971
169 975
170 205
170 210
170 222
170 223
170 235
170 237
170 249
170 253
170 260
170 261
170 296
170 298
170 304
170 347
170 411
170 421
170 467
170 484
170 493
170 500
170 546
170 568
170 604
170 607
170 626
170 646
170 653
170 672
170 701
170 702
170 729
170 798
170 842
170 880
170 958
170 988
170 992
170 999
171 179
171 188
171 233
171 293
171 327
171 346
171 379
171 513
171 590
171 631
171 877
172 181
172 451
172 482
172 539
172 699
172 835
172 938
172 944
172 958
172 984
173 297
173 307
173 336
173 372
173 388
173 394
173 465
173 481
173 491
173 492
173 626
173 665
173 741
173 752
173 770
173 787
173 790
173 800
173 862
173 936
173 968
174 188
174 252
174 286
174 352
174 378
174 388
174 418
174 439
174 446
174 533
174 623
174 694
174 714
174 715
174 763
174 783
174 864
174 896
175 184
175 238
175 329
175 341
175 471
175 488
175 516
175 567
175 575
175 600
175 610
175 631
175 635
175 664
175 679
175 707
175 718
175 750
175 771
175 779
175 839
175 911
175 981
175 989
176 186
176 194
176 232
176 233
176 236
176 280
176 336
176 372
176 423
176 444
176 492
176 525
176 547
176 548
176 568
176 577
176 663
176 810
176 823
176 829
176 835
176 856
176 891
176 915
177 265
177 274
177 308
177 359
177 408
177 414
177 437
177 474
177 621
177 690
177 704
177 713
177 815
177 837
177 853
177 859
177 953
177 968
177 994
178 199
178 217
178 229
178 231
178 265
178 290
178 310
178 359
178 408
178 429
178 452
178 462
178 465
178 482
178 487
178 488
178 582
178 585
178 586
178 669
178 709
178 760
178 832
178 885
178 911
179 198
179 216
179 286
179 366
179 391
179 392
179 410
179 433
179 438
179 464
179 639
179 641
179 642
179 644
179 692
179 707
179 720
179 760
179 783
179 798
179 814
179 831
179 959
179 991
179 999
180 256
180 281
180 329
180 337
180 369
180 373
180 435
180 472
180 497
180 504
180 531
180 542
180 548
180 576
180 577
180 612
180 640
180 666
180 672
180 686
180 727
180 797
180 882
180 917
180 949
180 966
180 976
181 251
181 266
181 306
181 325
181 339
181 403
181 419
181 427
181 441
181 469
181 498
181 646
181 718
181 791
181 867
181 877
181 910
181 929
181 934
181 938
182 188
182 255
182 295
182 302
182 321
182 389
182 396
182 427
182 438
182 551
182 566
182 640
182 705
182 816
182 846
182 898
182 912
182 914
182 930
182 971
182 989
183 189
183 211
183 226
183 325
183 436
183 456
183 479
183 492
183 524
183 605
183 764
183 770
183 812
183 849
183 865
183 876
183 880
183 886
183 889
183 920
183 936
183 943
184 220
184 313
184 315
184 326
184 328
184 340
184 344
184 380
184 457
184 469
184 498
184 505
184 524
184 590
184 678
184 698
184 714
184 732
184 739
184 779
184 802
184 843
184 848
184 855
184 898
184 926
184 946
184 955
184 957
184 965
185 250
185 296
185 305
185 306
185 393
185 429
185 431
185 491
185 498
185 603
185 714
185 728
185 759
185 771
185 780
185 817
185 872
185 877
186 197
186 217
186 235
186 254
186 311
186 320
186 345
186 371
186 487
186 492
186 564
186 588
186 672
186 692
186 697
186 757
186 774
186 908
186 914
186 915
186 924
186 998
187 221
187 227
187 317
187 327
187 401
187 441
187 503
187 505
187 585
187 616
187 666
187 755
187 777
187 784
187 802
187 823
187 904
187 956
187 974
187 995
187 999
188 195
188 217
188 255
188 282
188 284
188 325
188 327
188 340
188 410
188 438
188 439
188 461
188 485
188 500
188 501
188 512
188 545
188 603
188 614
188 619
188 679
188 708
188 722
188 746
188 772
188 794
188 825
188 831
188 844
188 866
188 872
188 914
188 944
188 945
188 977
188 984
188 986
188 989
188 991
189 211
189 254
189 305
189 348
189 396
189 442
189 447
189 466
189 502
189 506
189 536
189 610
189 625
189 635
189 654
189 725
189 726
189 756
189 797
189 815
189 843
189 844
189 936
189 981
189 990
189 998
190 201
190 203
190 212
190 232
190 299
190 346
190 384
190 436
190 443
190 445
190 464
190 495
190 727
190 741
190 881
190 895
190 904
190 978
190 995
191 200
191 211
191 229
191 250
191 254
191 266
191 287
191 479
191 499
191 547
191 626
191 646
191 671
191 688
191 735
191 737
191 770
191 772
191 917
191 935
191 937
191 947
191 962
191 967
191 984
191 993
192 269
192 271
192 281
192 344
192 409
192 438
192 480
192 502
192 657
192 842
192 851
192 876
192 964
193 232
193 256
193 286
193 296
193 348
193 568
193 596
193 610
193 673
193 701
193 785
193 825
194 232
194 233
194 331
194 336
194 353
194 372
194 423
194 449
194 466
194 476
194 559
194 560
194 562
194 564
194 576
194 577
194 579
194 632
194 636
194 673
194 682
194 701
194 702
194 712
194 742
194 835
194 836
194 867
194 879
194 890
194 896
194 926
194 934
194 956
194 974
195 250
195 346
195 493
195 516
195 544
195 564
195 566
195 574
195 580
195 637
195 668
195 734
195 787
195 821
195 831
195 895
195 924
195 995
196 209
196 287
196 434
196 572
196 661
196 662
196 674
196 677
196 811
196 831
196 832
196 902
196 910
196 951
196 956
197 237
197 254
197 301
197 369
197 437
197 452
197 502
197 507
197 508
197 518
197 636
197 683
197 684
197 801
197 828
197 850
197 900
197 926
197 935
198 208
198 260
198 264
198 284
198 302
198 341
198 359
198 444
198 541
198 596
198 639
198 653
198 661
198 666
198 683
198 705
198 707
198 753
198 776
198 824
198 878
198 879
198 907
198 914
198 922
198 948
198 978
198 979
199 262
199 267
199 340
199 441
199 452
199 498
199 558
199 563
199 614
199 698
199 752
199 823
199 837
199 899
199 914
200 223
200 239
200 283
200 287
200 313
200 324
200 391
200 468
200 505
200 510
200 587
200 636
200 668
200 700
200 725
200 789
200 791
200 827
200 841
200 853
200 875
200 881
200 910
200 917
200 999
201 214
201 261
201 266
201 277
201 359
201 362
201 458
201 483
201 577
201 591
201 611
201 672
201 709
201 720
201 754
201 816
201 891
201 956
201 974
201 980
201 985
201 986
201 991
202 214
202 252
202 257
202 258
202 267
202 333
202 351
202 376
202 404
202 411
202 433
202 507
202 561
202 577
202 593
202 634
202 730
202 785
202 789
202 799
202 859
202 907
202 912
202 970
203 424
203 470
203 492
203 527
203 631
203 717
203 730
203 753
203 755
203 845
203 920
204 267
204 461
204 479
204 526
204 572
204 666
204 673
204 738
204 778
204 881
204 944
205 223
205 225
205 235
205 341
205 370
205 375
205 377
205 414
205 465
205 474
205 502
205 507
205 520
205 543
205 708
205 733
205 905
205 961
205 966
205 992
206 211
206 227
206 378
206 380
206 388
206 444
206 646
206 740
206 772
206 874
206 891
207 233
207 266
207 467
207 479
207 488
207 504
207 537
207 642
207 688
207 739
207 823
207 872
207 927
207 937
207 978
207 984
208 297
208 313
208 442
208 502
208 596
208 600
208 621
208 645
208 653
208 688
208 773
208 801
208 854
208 866
208 911
208 934
208 998
209 249
209 286
209 289
209 365
209 374
209 438
209 478
209 526
209 592
209 612
209 622
209 642
209 707
209 716
209 740
209 753
209 791
209 848
209 855
209 858
209 866
209 885
209 894
209 901
209 960
209 961
210 246
210 260
210 283
210 353
210 376
210 398
210 421
210 443
210 500
210 543
210 548
210 594
210 646
210 653
210 722
210 762
210 802
210 824
210 839
210 855
210 941
210 960
210 964
210 967
210 999
211 218
211 228
211 265
211 281
211 326
211 345
211 352
211 358
211 386
211 429
211 449
211 508
211 529
211 558
211 602
211 735
211 851
211 925
211 1000
212 247
212 263
212 271
212 296
212 307
212 327
212 342
212 386
212 415
212 419
212 440
212 449
212 478
212 484
212 504
212 524
212 569
212 577
212 586
212 588
212 593
212 619
212 665
212 704
212 706
212 726
212 733
212 766
212 778
212 793
212 802
212 838
212 861
212 872
212 914
212 939
212 967
212 990
212 993
213 224
213 290
213 343
213 401
213 458
213 554
213 565
213 716
213 806
213 884
213 979
214 261
214 265
214 400
214 408
214 418
214 535
214 624
214 789
214 856
215 254
215 333
215 340
215 365
215 446
215 474
215 597
215 630
215 733
215 755
215 787
215 832
215 855
215 862
215 998
216 267
216 361
216 362
216 418
216 435
216 438
216 446
216 502
216 574
216 646
216 653
216 661
216 670
216 707
216 732
216 735
216 782
216 858
216 962
217 255
217 318
217 339
217 340
217 438
217 443
217 467
217 495
217 504
217 638
218 224
218 255
218 274
218 414
218 544
218 601
218 682
218 837
218 852
218 934
218 942
219 304
219 308
219 310
219 437
219 577
219 601
219 615
219 621
219 685
219 690
219 699
219 775
219 794
219 815
219 830
219 837
219 939
219 949
219 958
219 978
219 994
220 364
220 401
220 407
220 571
220 582
220 707
220 761
220 810
220 855
220 897
220 936
220 980
220 983
221 255
221 262
221 320
221 336
221 393
221 423
221 469
221 665
221 912
221 978
222 227
222 237
222 343
222 541
222 555
222 783
222 805
222 810
222 887
222 888
223 260
223 266
223 267
223 346
223 350
223 410
223 471
223 493
223 585
223 643
223 646
223 762
223 771
223 811
223 837
223 879
223 988
224 259
224 269
224 303
224 443
224 458
224 490
224 580
224 705
224 757
224 799
224 871
224 883
224 893
224 926
225 312
225 362
225 402
225 408
225 438
225 497
225 517
225 546
225 569
225 614
225 678
225 692
225 789
225 813
225 839
225 849
225 928
225 929
225 943
225 949
225 964
225 965
226 232
226 268
226 292
226 302
226 335
226 392
226 396
226 405
226 411
226 489
226 504
226 526
226 551
226 553
226 596
226 605
226 609
226 616
226 707
226 726
226 776
226 883
226 911
226 922
226 946
226 959
227 229
227 259
227 265
227 269
227 321
227 324
227 330
227 343
227 358
227 396
227 410
227 446
227 477
227 488
227 493
227 499
227 516
227 543
227 578
227 595
227 596
227 624
227 627
227 637
227 654
227 710
227 734
227 775
227 822
227 847
227 853
227 855
227 887
227 888
227 973
227 979
227 987
228 281
228 300
228 338
228 339
228 352
228 356
228 364
228 375
228 386
228 444
228 508
228 600
228 705
228 713
228 830
228 928
229 241
229 249
229 379
229 459
229 509
229 560
229 587
229 638
229 656
229 727
229 777
229 837
229 849
229 883
229 951
229 960
229 978
230 277
230 283
230 375
230 490
230 577
230 633
230 642
230 694
230 768
230 857
230 879
230 911
231 269
231 293
231 313
231 435
231 445
231 526
231 633
231 797
231 806
231 978
232 267
232 277
232 292
232 302
232 335
232 346
232 410
232 414
232 489
232 567
232 651
232 653
232 660
232 670
232 702
232 734
232 769
232 799
232 830
232 951
232 956
232 989
232 997
233 261
233 263
233 336
233 342
233 384
233 403
233 421
233 423
233 432
233 433
233 444
233 489
233 533
233 553
233 577
233 616
233 676
233 690
233 733
233 768
233 769
233 773
233 803
233 806
233 890
233 906
233 920
233 924
233 956
233 964
234 235
234 237
234 254
234 258
234 266
234 271
234 319
234 348
234 356
234 383
234 384
234 391
234 409
234 410
234 419
234 460
234 499
234 536
234 556
234 558
234 601
234 610
234 631
234 636
234 641
234 646
234 708
234 760
234 765
234 774
234 838
234 849
234 883
234 914
234 955
234 977
234 983
235 260
235 432
235 605
235 646
235 682
235 762
235 813
235 814
235 909
235 929
235 988
236 248
236 269
236 500
236 540
236 702
236 715
236 771
236 793
236 806
236 868
237 254
237 323
237 324
237 330
237 337
237 341
237 346
237 351
237 387
237 436
237 448
237 457
237 462
237 477
237 478
237 482
237 493
237 518
237 542
237 564
237 572
237 602
237 615
237 653
237 720
237 722
237 734
237 760
237 775
237 812
237 825
237 826
237 831
237 856
237 884
237 895
237 957
237 995
238 331
238 336
238 377
238 389
238 392
238 488
238 496
238 593
238 617
238 776
238 802
238 806
238 808
238 865
238 887
238 902
238 938
239 283
239 291
239 360
239 385
239 405
239 406
239 426
239 602
239 662
239 754
239 760
239 761
239 834
239 846
239 867
239 873
239 892
240 299
240 358
240 368
240 404
240 435
240 444
240 563
240 573
240 715
240 806
240 833
240 855
240 879
241 284
241 395
241 525
241 600
241 630
241 682
241 686
241 776
242 274
242 373
242 390
242 527
242 536
242 548
242 575
242 631
242 642
242 691
242 750
242 775
242 779
242 831
242 934
242 962
243 253
243 320
243 329
243 335
243 380
243 426
243 459
243 587
243 676
243 708
243 775
243 855
243 939
244 388
244 460
244 567
244 685
244 686
244 703
244 904
244 922
244 931
245 264
245 357
245 370
245 414
245 425
245 652
245 663
245 671
245 688
245 700
245 895
245 947
245 959
245 991
245 999
246 255
246 261
246 263
246 330
246 425
246 450
246 452
246 463
246 515
246 532
246 605
246 719
246 727
246 770
246 780
246 822
246 845
246 993
246 995
247 357
247 480
247 490
247 541
247 596
247 805
248 261
248 266
248 286
248 291
248 421
248 445
248 478
248 532
248 578
248 596
248 686
248 724
248 725
248 769
248 784
248 864
248 948
248 966
249 276
249 308
249 380
249 424
249 440
249 459
249 470
249 477
249 539
249 552
249 587
249 629
249 662
249 673
249 706
249 731
249 832
249 854
249 890
249 892
249 913
249 942
249 951
249 960
250 273
250 303
250 417
250 429
250 436
250 472
250 514
250 525
250 537
250 581
250 639
250 642
250 647
250 817
250 855
250 887
250 890
251 499
251 519
251 601
251 608
251 660
251 667
251 762
251 772
251 774
251 861
251 883
251 896
251 928
251 959
252 288
252 397
252 408
252 519
252 540
252 599
252 602
252 677
252 768
252 770
252 800
252 947
253 260
253 283
253 300
253 404
253 414
253 465
253 466
253 497
253 500
253 522
253 546
253 640
253 646
253 686
253 708
253 740
253 747
253 756
253 762
253 770
253 830
253 884
253 939
253 952
253 970
254 261
254 392
254 396
254 481
254 483
254 518
254 603
254 610
254 612
254 682
254 692
254 721
254 726
254 790
254 793
254 821
254 862
254 863
254 933
254 936
254 961
255 308
255 319
255 331
255 377
255 438
255 446
255 492
255 511
255 534
255 541
255 646
255 763
255 767
255 779
255 791
255 846
255 855
255 864
255 938
255 964
255 984
256 312
256 346
256 361
256 369
256 414
256 436
256 452
256 462
256 469
256 502
256 516
256 528
256 534
256 553
256 613
256 636
256 715
256 754
256 759
256 841
256 846
256 891
256 901
256 903
256 926
256 940
256 994
257 264
257 344
257 370
257 374
257 375
257 381
257 404
257 456
257 493
257 517
257 549
257 596
257 601
257 652
257 694
257 777
257 828
257 909
257 974
258 266
258 298
258 356
258 377
258 530
258 558
258 573
258 576
258 662
258 729
258 758
258 774
258 889
258 953
259 375
259 377
259 383
259 389
259 407
259 472
259 484
259 495
259 720
259 769
259 810
259 826
259 847
259 891
259 923
259 934
259 956
260 282
260 334
260 339
260 398
260 421
260 440
260 456
260 465
260 486
260 500
260 573
260 583
260 613
260 646
260 659
260 661
260 671
260 675
260 729
260 762
260 763
260 778
260 837
260 839
260 864
260 881
260 890
260 935
260 947
260 966
260 987
260 988
260 992
260 1000
261 303
261 318
261 355
261 356
261 374
261 375
261 376
261 387
261 397
261 406
261 408
261 422
261 425
261 479
261 500
261 507
261 525
261 528
261 539
261 567
261 613
261 629
261 646
261 654
261 724
261 784
261 800
261 836
261 877
261 878
261 885
261 886
261 918
261 931
261 942
261 959
261 1000
262 279
262 289
262 315
262 345
262 380
262 386
262 441
262 460
262 469
262 480
262 504
262 581
262 594
262 595
262 603
262 658
262 790
262 837
262 906
262 954
262 1000
263 265
263 294
263 296
263 359
263 374
263 408
263 416
263 492
263 525
263 541
263 640
263 729
263 774
263 784
263 828
263 831
263 872
263 942
263 976
264 441
264 569
264 660
264 663
264 669
264 676
264 722
264 736
264 749
264 774
264 841
264 898
264 949
264 954
265 280
265 329
265 451
265 520
265 534
265 557
265 575
265 640
265 771
265 782
265 928
265 939
265 944
265 947
265 974
266 274
266 276
266 287
266 319
266 377
266 384
266 406
266 409
266 410
266 415
266 481
266 493
266 506
266 536
266 560
266 568
266 732
266 752
266 758
266 774
266 877
266 883
266 898
266 905
266 928
267 288
267 291
267 292
267 297
267 325
267 335
267 341
267 352
267 374
267 383
267 405
267 418
267 442
267 451
267 455
267 502
267 504
267 524
267 529
267 553
267 574
267 596
267 646
267 661
267 666
267 669
267 677
267 707
267 729
267 731
267 765
267 792
267 824
267 828
267 876
267 907
267 911
267 914
267 922
267 929
267 964
267 991
267 993
267 997
267 1000
268 283
268 312
268 327
268 422
268 444
268 526
268 714
268 731
268 791
268 896
268 998
269 329
269 372
269 397
269 443
269 446
269 448
269 468
269 473
269 476
269 489
269 492
269 497
269 513
269 552
269 632
269 638
269 668
269 681
269 692
269 700
269 719
269 750
269 755
269 775
269 777
269 790
269 797
269 802
269 862
269 882
269 925
269 944
269 979
269 982
270 276
270 287
270 290
270 367
270 380
270 394
270 524
270 530
270 609
270 696
270 714
270 760
270 808
270 968
271 296
271 343
271 366
271 457
271 550
271 656
271 672
271 678
271 694
271 724
271 728
271 797
271 827
271 914
271 977
272 280
272 290
272 298
272 393
272 576
272 754
272 983
272 987
273 299
273 301
273 327
273 432
273 482
273 529
273 683
273 696
273 709
273 744
273 806
273 811
273 822
273 835
273 865
273 870
273 941
273 968
273 976
273 982
274 296
274 330
274 334
274 375
274 379
274 463
274 485
274 492
274 494
274 516
274 525
274 527
274 575
274 639
274 755
274 775
274 847
275 343
275 377
275 392
275 516
275 548
275 578
275 616
275 797
275 850
275 997
276 293
276 295
276 312
276 319
276 322
276 344
276 346
276 347
276 367
276 385
276 399
276 400
276 413
276 417
276 485
276 494
276 504
276 536
276 539
276 542
276 563
276 615
276 648
276 649
276 678
276 682
276 786
276 790
276 797
276 805
276 823
276 825
276 848
276 869
276 887
276 889
276 904
276 922
276 926
276 937
276 952
276 986
277 278
277 291
277 303
277 312
277 328
277 339
277 346
277 379
277 391
277 394
277 428
277 431
277 437
277 455
277 489
277 506
277 513
277 536
277 538
277 546
277 554
277 569
277 575
277 579
277 589
277 619
277 633
277 657
277 681
277 693
277 718
277 724
277 738
277 750
277 766
277 789
277 802
277 813
277 848
277 854
277 857
277 875
277 913
277 916
277 949
277 972
277 983
278 287
278 291
278 370
278 419
278 506
278 531
278 554
278 600
278 648
278 725
278 750
278 813
278 837
278 923
278 988
279 299
279 337
279 378
279 404
279 688
279 709
279 789
279 795
279 822
279 941
280 296
280 302
280 314
280 353
280 363
280 422
280 543
280 548
280 640
280 675
280 799
280 904
280 969
281 299
281 364
281 386
281 425
281 431
281 494
281 508
281 511
281 518
281 572
281 574
281 577
281 598
281 602
281 668
281 735
281 851
282 308
282 387
282 514
282 591
282 698
282 854
282 868
282 995
283 285
283 322
283 328
283 346
283 382
283 405
283 430
283 435
283 478
283 503
283 518
283 533
283 607
283 654
283 673
283 747
283 754
283 757
283 778
283 790
283 808
283 819
283 850
283 864
283 865
283 867
283 874
283 875
284 325
284 349
284 436
284 438
284 459
284 466
284 677
284 899
284 914
284 929
285 335
285 430
285 435
285 441
285 504
285 593
285 629
285 636
285 746
285 865
285 867
285 874
285 894
285 896
285 978
286 288
286 296
286 324
286 347
286 362
286 375
286 412
286 420
286 421
286 454
286 477
286 478
286 483
286 492
286 503
286 504
286 509
286 542
286 551
286 591
286 611
286 616
286 640
286 641
286 660
286 677
286 686
286 687
286 721
286 815
286 830
286 873
286 875
286 876
286 883
286 914
286 955
286 959
286 971
286 974
286 976
286 1000
287 339
287 398
287 428
287 546
287 554
287 560
287 562
287 610
287 643
287 662
287 670
287 692
287 693
287 709
287 725
287 733
287 749
287 750
287 759
287 760
287 779
287 814
287 840
287 842
287 863
287 882
287 887
287 929
287 937
287 945
287 949
288 304
288 349
288 367
288 380
288 420
288 483
288 542
288 594
288 616
288 623
288 652
288 672
288 687
288 728
288 806
288 935
288 999
289 304
289 315
289 373
289 420
289 441
289 486
289 526
289 534
289 542
289 597
289 705
289 734
289 741
289 898
289 899
289 937
289 954
290 377
290 389
290 413
290 436
290 443
290 467
290 513
290 519
290 547
290 589
290 606
290 624
290 663
290 671
290 686
290 694
290 730
290 761
290 774
290 860
290 897
290 965
290 979
291 370
291 371
291 428
291 435
291 438
291 469
291 493
291 633
291 657
291 670
291 687
291 692
291 729
291 750
291 759
291 773
291 785
291 789
291 801
291 802
291 868
291 873
291 889
291 948
291 995
292 302
292 341
292 373
292 402
292 416
292 571
292 649
292 653
292 707
292 788
292 793
292 830
292 901
292 907
292 911
292 956
292 979
292 981
293 295
293 384
293 400
293 442
293 453
293 469
293 563
293 586
293 617
293 631
293 647
293 660
293 778
293 887
294 340
294 356
294 435
294 471
294 549
294 587
294 694
294 698
294 714
294 722
294 724
294 754
294 766
294 767
294 779
294 815
294 819
294 821
294 927
295 347
295 368
295 383
295 385
295 436
295 453
295 485
295 511
295 512
295 514
295 562
295 586
295 803
295 825
295 872
295 892
295 904
295 937
296 309
296 319
296 333
296 342
296 363
296 368
296 390
296 428
296 442
296 471
296 475
296 479
296 490
296 548
296 552
296 600
296 607
296 647
296 672
296 675
296 689
296 690
296 697
296 737
296 763
296 766
296 808
296 815
296 861
296 893
296 935
296 964
296 967
296 998
297 367
297 414
297 438
297 467
297 504
297 541
297 648
297 696
297 708
297 748
297 776
297 853
297 867
297 896
297 904
297 906
297 941
297 944
297 984
298 344
298 346
298 363
298 469
298 476
298 525
298 573
298 627
298 796
298 797
298 907
298 984
299 324
299 382
299 388
299 402
299 404
299 414
299 464
299 489
299 567
299 598
299 605
299 640
299 683
299 709
299 743
299 789
299 795
299 806
299 811
299 822
299 825
299 882
299 921
299 941
299 989
300 370
300 375
300 397
300 409
300 515
300 628
300 694
300 702
300 706
300 743
300 783
300 849
300 895
300 903
300 961
300 997
301 316
301 404
301 455
301 636
301 669
301 678
301 683
301 709
301 757
301 770
301 806
301 808
301 832
301 937
301 976
302 311
302 327
302 363
302 366
302 404
302 405
302 418
302 422
302 432
302 460
302 464
302 499
302 521
302 530
302 554
302 574
302 579
302 587
302 596
302 609
302 616
302 666
302 705
302 707
302 730
302 741
302 793
302 824
302 832
302 844
302 891
302 911
302 944
302 956
302 980
303 325
303 367
303 414
303 419
303 469
303 505
303 509
303 554
303 569
303 625
303 633
303 680
303 762
303 866
303 921
304 305
304 332
304 366
304 407
304 413
304 441
304 587
304 644
304 651
304 692
304 723
304 791
304 882
304 896
304 898
304 899
304 938
304 940
305 429
305 516
305 535
305 663
305 683
305 701
305 771
305 782
305 793
305 820
305 877
305 935
305 970
306 324
306 351
306 366
306 435
306 483
306 531
306 766
306 857
306 960
306 976
307 362
307 395
307 404
307 484
307 496
307 523
307 526
307 561
307 610
307 618
307 620
307 644
307 654
307 665
307 688
307 726
307 733
307 737
307 784
307 787
307 798
307 812
307 844
307 849
307 903
307 904
307 911
307 924
307 936
307 998
308 423
308 439
308 474
308 479
308 584
308 621
308 665
308 684
308 685
308 690
308 706
308 716
308 717
308 804
308 837
308 857
308 953
308 968
308 979
309 353
309 363
309 486
309 516
309 633
309 849
309 925
309 967
310 324
310 339
310 404
310 446
310 479
310 488
310 513
310 705
310 753
310 952
311 340
311 434
311 488
311 564
311 589
311 671
311 797
311 925
311 966
312 436
312 480
312 490
312 492
312 493
312 564
312 681
312 766
312 815
312 831
312 995
313 314
313 332
313 338
313 342
313 406
313 491
313 494
313 497
313 590
313 681
313 711
313 726
313 739
313 749
313 783
313 883
313 943
313 987
313 998
314 317
314 322
314 340
314 356
314 413
314 464
314 480
314 505
314 509
314 572
314 603
314 613
314 635
314 714
314 779
314 825
314 831
314 992
315 346
315 423
315 441
315 537
315 621
315 684
315 694
315 823
315 899
315 904
315 920
315 985
315 991
316 327
316 427
316 488
316 547
316 590
316 613
316 657
316 660
316 670
316 731
316 753
316 839
316 896
316 902
316 989
317 336
317 429
317 497
317 529
317 555
317 588
317 656
317 697
317 705
317 722
317 790
317 820
317 832
317 941
317 963
317 989
317 998
318 462
318 499
318 715
318 777
318 800
318 818
318 879
318 880
318 883
318 936
318 1000
319 414
319 438
319 550
319 573
319 660
319 685
319 806
319 833
319 929
320 389
320 519
320 523
320 525
320 606
320 646
320 701
320 771
320 814
320 817
320 863
320 914
321 434
321 446
321 478
321 542
321 707
321 727
321 740
321 748
321 763
321 809
321 846
321 927
321 958
321 988
322 452
322 471
322 483
322 539
322 563
322 757
322 798
322 832
322 904
322 944
322 985
323 375
323 378
323 404
323 526
323 547
323 560
323 565
323 583
323 635
323 638
323 705
323 754
323 755
323 759
323 835
323 852
323 900
323 913
323 982
324 335
324 446
324 488
324 498
324 508
324 522
324 539
324 611
324 659
324 715
324 738
324 755
324 879
324 884
324 890
324 930
324 973
324 984
325 345
325 412
325 416
325 420
325 461
325 482
325 574
325 640
325 648
325 657
325 670
325 681
325 693
325 717
325 718
325 722
325 789
325 802
325 854
325 863
325 909
325 913
325 918
325 921
325 970
326 330
326 515
326 539
326 634
326 657
326 712
326 754
326 786
326 830
326 867
326 869
326 911
326 958
327 340
327 381
327 382
327 414
327 438
327 441
327 482
327 485
327 491
327 514
327 522
327 577
327 580
327 598
327 613
327 618
327 632
327 667
327 704
327 713
327 722
327 739
327 744
327 763
327 771
327 773
327 779
327 791
327 793
327 851
327 911
327 912
327 914
327 919
327 989
327 996
328 446
328 550
328 621
328 649
328 759
328 949
329 348
329 349
329 427
329 428
329 470
329 505
329 542
329 575
329 622
329 688
329 709
329 751
329 827
330 334
330 390
330 406
330 487
330 514
330 527
330 534
330 553
330 575
330 610
330 616
330 652
330 830
330 884
330 962
330 973
330 991
331 408
331 411
331 421
331 485
331 501
331 514
331 614
331 656
331 697
331 701
331 708
331 730
331 776
331 815
331 833
331 905
331 914
331 964
331 984
332 380
332 409
332 416
332 714
332 720
332 732
332 803
332 847
332 898
332 924
332 932
332 934
333 358
333 413
333 426
333 452
333 501
333 502
333 534
333 574
333 627
333 633
333 636
333 793
333 864
333 887
333 900
334 335
334 382
334 384
334 483
334 527
334 548
334 617
334 641
334 674
334 686
334 912
334 937
334 977
334 988
334 992
335 353
335 371
335 405
335 432
335 433
335 444
335 541
335 574
335 596
335 602
335 653
335 709
335 741
335 824
335 834
335 868
335 871
335 911
335 938
335 948
335 984
336 372
336 374
336 394
336 414
336 442
336 479
336 544
336 548
336 577
336 665
336 682
336 713
336 810
337 346
337 423
337 436
337 493
337 531
337 580
337 588
337 669
337 677
337 699
337 831
337 887
337 963
337 978
337 995
338 433
338 479
338 482
338 533
338 596
338 615
338 657
338 731
338 789
338 840
338 872
338 984
339 340
339 383
339 495
339 569
339 683
339 693
339 721
339 777
339 789
339 817
339 827
339 852
339 929
339 949
339 976
339 987
340 343
340 465
340 505
340 508
340 529
340 585
340 587
340 590
340 669
340 681
340 698
340 701
340 703
340 714
340 739
340 815
340 821
340 882
340 897
340 965
340 980
340 984
340 985
341 469
341 539
341 567
341 596
341 698
341 707
341 811
341 911
341 929
341 995
342 363
342 498
342 563
342 659
342 694
342 741
342 747
342 858
342 861
342 868
342 951
342 985
343 364
343 505
343 658
343 681
343 714
343 955
344 357
344 375
344 476
344 484
344 496
344 584
344 597
344 819
344 848
344 857
344 867
344 904
344 979
344 985
345 386
345 430
345 508
345 602
345 650
345 659
345 682
345 735
345 823
345 831
345 935
345 993
346 347
346 351
346 383
346 386
346 436
346 474
346 493
346 531
346 532
346 535
346 564
346 624
346 651
346 659
346 664
346 685
346 734
346 736
346 742
346 769
346 780
346 831
346 843
346 874
346 890
346 906
346 977
346 995
347 404
347 436
347 527
347 705
347 887
347 937
348 352
348 368
348 381
348 424
348 448
348 456
348 463
348 467
348 505
348 539
348 540
348 580
348 599
348 652
348 659
348 716
348 769
348 820
348 864
348 910
348 918
348 938
348 946
348 967
348 978
349 376
349 406
349 413
349 466
349 474
349 477
349 483
349 607
349 666
349 672
349 682
349 699
349 821
349 999
350 383
350 444
350 516
350 526
350 544
350 635
350 637
350 643
350 671
350 698
350 712
350 748
350 775
350 901
350 905
350 916
350 944
350 981
351 380
351 414
351 429
351 436
351 633
351 749
351 769
351 831
351 904
351 931
352 386
352 435
352 449
352 511
352 622
352 629
352 659
352 662
352 734
352 735
352 745
352 778
352 851
352 898
352 915
352 917
353 393
353 544
353 545
353 548
353 566
353 610
353 630
353 639
353 694
353 834
353 984
354 413
354 415
354 418
354 458
354 484
354 512
354 520
354 537
354 646
354 673
354 704
354 745
354 823
354 834
354 984
355 383
355 425
355 449
355 479
355 495
355 581
355 732
355 747
355 765
355 878
355 896
355 909
355 981
356 402
356 452
356 461
356 483
356 502
356 518
356 532
356 534
356 606
356 636
356 686
356 715
356 725
356 821
356 823
356 858
356 895
356 926
356 959
356 986
357 369
357 370
357 375
357 382
357 399
357 417
357 426
357 457
357 476
357 495
357 497
357 516
357 524
357 535
357 598
357 601
357 611
357 628
357 652
357 653
357 693
357 701
357 717
357 742
357 744
357 765
357 792
357 828
357 837
357 849
357 859
357 917
357 920
357 965
357 972
358 414
358 437
358 454
358 463
358 468
358 529
358 532
358 539
358 542
358 589
358 627
358 661
358 685
358 748
358 832
358 836
358 847
358 862
358 899
358 932
359 411
359 418
359 550
359 568
359 682
359 745
359 800
359 879
359 918
359 949
360 395
360 416
360 417
360 462
360 484
360 499
360 517
360 532
360 534
360 589
360 810
360 832
360 915
360 952
360 987
360 990
361 417
361 478
361 542
361 545
361 688
361 797
361 899
361 927
361 932
361 956
362 367
362 388
362 412
362 528
362 576
362 578
362 626
362 645
362 685
362 712
362 739
362 823
362 837
362 956
363 400
363 437
363 442
363 500
363 504
363 533
363 544
363 565
363 583
363 586
363 593
363 651
363 675
363 678
363 692
363 704
363 746
363 787
363 790
363 841
363 856
363 861
363 933
363 949
363 954
363 959
363 963
363 975
363 982
363 993
363 999
364 401
364 425
364 490
364 508
364 511
364 539
364 659
364 735
364 760
364 777
364 802
364 823
364 845
364 978
364 988
365 367
365 404
365 516
365 545
365 563
365 582
365 587
365 595
365 615
365 742
365 799
365 814
365 826
365 843
365 934
365 938
365 944
366 369
366 411
366 522
366 597
366 690
366 693
366 696
366 766
366 793
366 882
366 943
367 399
367 400
367 415
367 431
367 448
367 464
367 496
367 523
367 575
367 617
367 631
367 648
367 677
367 679
367 694
367 711
367 731
367 749
367 781
367 786
367 904
367 909
367 937
367 974
367 975
368 446
368 464
368 562
368 647
368 688
368 780
368 833
368 906
368 938
368 940
369 372
369 416
369 421
369 452
369 502
369 518
369 520
369 593
369 636
369 710
369 715
369 808
369 913
369 926
370 418
370 463
370 483
370 484
370 531
370 578
370 628
370 652
370 736
370 792
370 884
370 888
370 902
370 936
370 946
371 386
371 410
371 609
371 642
371 705
371 707
371 740
371 762
371 911
372 388
372 455
372 486
372 579
372 586
372 610
372 621
372 682
372 707
372 727
372 743
372 816
372 879
372 880
372 921
372 975
373 652
373 662
373 686
373 831
373 855
373 867
373 896
373 944
373 947
374 415
374 479
374 537
374 571
374 683
374 688
374 780
374 802
374 823
374 845
374 947
374 959
374 984
375 384
375 426
375 522
375 533
375 551
375 555
375 559
375 652
375 653
375 663
375 736
375 785
375 790
375 952
375 954
375 984
375 993
376 404
376 426
376 526
376 579
376 646
376 700
376 966
377 529
377 537
377 542
377 590
377 650
377 665
377 719
377 749
377 786
377 827
377 840
377 890
377 941
378 388
378 623
378 656
378 707
378 713
378 760
378 783
378 826
378 889
378 935
378 946
378 984
378 998
379 398
379 414
379 427
379 444
379 467
379 514
379 614
379 653
379 676
379 703
379 731
379 790
379 845
379 913
379 961
380 391
380 414
380 434
380 459
380 662
380 673
380 679
380 690
380 714
380 731
380 759
380 830
380 841
380 951
381 419
381 439
381 444
381 467
381 469
381 502
381 505
381 526
381 541
381 542
381 569
381 597
381 644
381 704
381 757
381 802
381 827
381 851
381 913
382 498
382 557
382 754
382 813
382 863
382 867
382 874
382 875
383 410
383 450
383 482
383 499
383 502
383 526
383 625
383 644
383 659
383 742
383 760
383 898
383 901
383 926
384 505
384 511
384 581
384 592
384 593
384 617
384 626
384 698
384 737
384 740
384 760
384 853
384 856
384 980
385 419
385 456
385 464
385 541
385 599
385 602
385 623
385 739
385 831
385 864
385 887
386 427
386 460
386 465
386 494
386 498
386 504
386 508
386 602
386 659
386 681
386 698
386 735
386 809
386 851
386 915
386 958
387 502
387 516
387 567
387 570
387 629
387 663
387 784
387 897
387 901
387 904
387 947
387 990
387 995
388 577
388 586
388 607
388 623
388 697
388 713
388 826
388 900
388 946
388 963
388 975
389 410
389 412
389 413
389 443
389 468
389 504
389 529
389 561
389 564
389 676
389 819
389 834
389 860
389 861
389 863
389 979
389 980
389 991
389 996
390 425
390 433
390 463
390 467
390 515
390 586
390 626
390 629
390 669
390 726
390 740
390 959
390 962
391 410
391 484
391 496
391 498
391 526
391 556
391 606
391 610
391 614
391 641
391 645
391 663
391 760
391 779
391 791
391 859
391 898
391 905
391 944
391 979
391 988
392 455
392 462
392 487
392 557
392 579
392 640
392 674
392 677
392 714
392 799
393 400
393 480
393 490
393 523
393 531
393 546
393 552
393 581
393 586
393 596
393 602
393 626
393 627
393 630
393 636
393 641
393 646
393 656
393 665
393 675
393 680
393 696
393 788
393 864
393 881
393 899
393 909
393 927
393 949
393 953
394 413
394 414
394 416
394 489
394 494
394 504
394 627
394 641
394 646
394 648
394 770
394 832
394 866
394 867
394 911
394 998
395 448
395 461
395 526
395 546
395 570
395 626
395 641
395 646
395 721
395 801
395 832
395 848
395 925
395 968
395 977
395 979
396 443
396 466
396 492
396 524
396 584
396 610
396 624
396 662
396 703
396 726
396 768
396 772
396 787
396 812
396 844
396 874
396 875
396 877
396 900
396 924
396 983
396 998
397 567
397 577
397 628
397 661
397 729
397 803
397 855
397 935
397 978
398 443
398 468
398 481
398 488
398 513
398 523
398 541
398 564
398 638
398 657
398 666
398 685
398 797
398 827
398 897
398 963
398 979
399 537
399 550
399 686
399 762
399 775
399 887
399 894
399 904
400 463
400 564
400 571
400 647
400 833
400 898
400 904
400 908
400 937
400 942
400 949
401 449
401 465
401 469
401 473
401 503
401 508
401 558
401 590
401 602
401 659
401 731
401 735
401 800
401 851
401 906
401 917
401 927
401 929
401 961
402 404
402 406
402 452
402 455
402 462
402 518
402 532
402 534
402 555
402 580
402 636
402 654
402 675
402 678
402 707
402 780
402 831
402 900
402 926
402 941
402 954
402 994
402 995
403 407
403 411
403 443
403 536
403 555
403 557
403 587
403 596
403 608
403 652
403 709
403 734
403 736
403 760
403 812
403 839
403 921
403 926
403 970
404 467
404 502
404 527
404 536
404 548
404 635
404 649
404 683
404 696
404 707
404 709
404 710
404 762
404 795
404 806
404 811
404 830
404 833
404 941
404 975
405 408
405 518
405 694
405 751
405 802
405 836
405 882
406 408
406 492
406 567
406 574
406 673
406 684
406 905
406 958
407 412
407 451
407 471
407 501
407 560
407 571
407 580
407 599
407 604
407 614
407 620
407 631
407 641
407 882
407 985
408 422
408 431
408 534
408 567
408 674
408 698
408 701
408 714
408 724
408 731
408 800
408 836
408 844
408 847
408 852
408 887
408 913
408 924
408 931
408 932
408 961
409 459
409 494
409 498
409 641
409 683
409 749
409 772
409 855
409 982
409 993
410 433
410 441
410 451
410 489
410 493
410 498
410 499
410 531
410 533
410 544
410 548
410 554
410 622
410 641
410 675
410 677
410 694
410 731
410 758
410 760
410 770
410 774
410 830
410 844
410 870
410 898
410 908
410 961
410 970
411 415
411 482
411 584
411 602
411 614
411 652
411 684
412 446
412 569
412 665
412 676
412 677
412 707
412 717
412 889
412 900
412 985
413 443
413 454
413 470
413 493
413 518
413 526
413 586
413 598
413 611
413 635
413 645
413 663
413 665
413 721
413 797
413 816
413 860
413 888
413 897
413 910
413 926
413 946
413 949
413 952
413 978
413 979
414 421
414 470
414 477
414 508
414 588
414 673
414 702
414 712
414 723
414 777
414 784
414 799
414 819
414 834
414 850
414 950
415 427
415 477
415 483
415 593
415 595
415 600
415 646
415 704
415 769
415 789
415 806
415 827
415 830
415 872
415 923
415 926
415 958
415 966
415 988
415 998
416 531
416 542
416 558
416 594
416 639
416 640
416 670
416 674
416 782
416 827
416 872
416 928
417 431
417 432
417 471
417 587
417 606
417 657
417 660
417 678
417 689
417 830
417 848
417 887
417 937
417 955
418 443
418 505
418 553
418 574
418 625
418 637
418 648
418 661
418 739
418 792
418 793
418 871
418 872
418 874
418 888
418 911
418 918
418 927
419 443
419 469
419 670
419 708
419 723
419 802
419 826
419 840
419 854
419 869
419 948
419 951
420 438
420 440
420 539
420 542
420 557
420 578
420 582
420 675
420 715
420 760
420 811
420 814
420 818
420 836
420 848
420 978
420 987
420 999
421 480
421 488
421 500
421 583
421 589
421 644
421 646
421 763
421 793
421 872
422 430
422 596
422 658
422 666
422 683
422 764
422 834
422 849
422 931
423 464
423 543
423 548
423 747
423 774
423 811
423 879
423 899
423 907
424 438
424 583
424 650
424 764
424 865
424 873
424 923
424 998
425 437
425 459
425 535
425 540
425 557
425 561
425 632
425 639
425 722
425 739
425 752
425 788
425 887
425 906
426 428
426 464
426 484
426 522
426 601
426 652
426 663
426 693
426 712
426 796
426 817
426 865
426 874
426 936
427 443
427 449
427 454
427 471
427 504
427 508
427 512
427 618
427 777
427 797
427 913
427 927
428 467
428 504
428 567
428 569
428 636
428 657
428 692
428 718
428 726
428 789
428 800
428 802
428 852
428 868
428 887
428 938
428 949
428 970
429 431
429 498
429 564
429 594
429 605
429 658
429 701
429 771
429 776
429 806
429 817
429 825
429 877
429 887
429 910
429 993
430 435
430 468
430 495
430 499
430 529
430 578
430 685
430 724
430 754
430 759
430 778
430 789
430 805
430 867
430 874
430 981
431 469
431 687
431 707
431 771
431 851
431 858
431 877
431 987
432 447
432 577
432 653
432 658
432 707
432 708
432 740
432 907
432 911
432 981
433 455
433 456
433 584
433 633
433 714
433 718
433 760
433 792
433 998
434 459
434 548
434 572
434 581
434 587
434 633
434 697
434 781
434 809
434 843
434 848
434 850
434 872
434 893
434 901
435 469
435 526
435 578
435 586
435 634
435 663
435 672
435 754
435 778
435 797
435 808
435 866
435 867
435 874
435 875
435 876
435 887
435 890
435 959
435 980
436 444
436 445
436 479
436 550
436 557
436 564
436 624
436 625
436 644
436 671
436 723
436 728
436 733
436 820
436 825
436 831
436 843
436 846
436 856
436 862
436 890
436 895
436 898
436 900
436 908
436 920
436 928
436 945
436 977
436 991
436 995
437 644
437 848
437 893
437 913
438 451
438 466
438 545
438 568
438 581
438 601
438 607
438 610
438 621
438 661
438 674
438 708
438 722
438 764
438 823
438 833
438 839
438 855
438 864
438 870
438 871
438 945
438 949
438 959
438 979
439 550
439 602
439 607
439 621
439 685
439 690
439 699
439 749
439 815
439 939
439 968
440 467
440 830
440 833
440 885
440 900
441 525
441 531
441 662
441 800
441 812
441 830
441 954
441 956
441 974
441 985
441 999
442 446
442 447
442 459
442 489
442 524
442 596
442 640
442 664
442 705
442 726
442 793
442 810
442 848
442 922
442 976
443 461
443 468
443 504
443 508
443 517
443 523
443 526
443 546
443 547
443 563
443 570
443 606
443 635
443 638
443 639
443 659
443 685
443 694
443 698
443 708
443 731
443 816
443 882
443 894
443 895
443 929
443 942
443 952
443 961
443 982
444 459
444 503
444 512
444 516
444 544
444 574
444 608
444 667
444 751
444 755
444 791
444 794
444 810
444 813
444 883
444 967
445 525
445 572
445 603
445 631
445 633
445 637
445 645
445 724
445 764
445 885
445 904
446 475
446 488
446 513
446 518
446 538
446 548
446 571
446 582
446 586
446 637
446 669
446 676
446 689
446 702
446 710
446 721
446 728
446 740
446 766
446 773
446 832
446 838
446 847
446 886
446 912
446 918
446 948
446 957
446 972
446 973
447 481
447 490
447 505
447 512
447 532
447 553
447 574
447 577
447 653
447 661
447 666
447 703
447 707
447 741
447 823
447 836
447 842
447 853
447 866
447 882
447 907
447 911
447 916
447 921
447 954
448 458
448 467
448 468
448 496
448 504
448 657
448 685
448 777
448 790
448 879
448 979
449 494
449 502
449 508
449 519
449 618
449 629
449 664
449 712
449 735
449 747
449 851
449 917
449 975
450 455
450 480
450 482
450 627
450 648
450 664
450 770
450 787
450 829
450 855
450 873
450 910
450 914
450 944
450 952
450 956
451 669
451 678
451 785
451 793
451 861
451 969
452 463
452 476
452 502
452 513
452 532
452 534
452 555
452 613
452 620
452 630
452 636
452 686
452 707
452 715
452 719
452 758
452 863
452 879
452 891
452 895
452 900
452 924
452 926
452 938
452 975
452 991
452 994
452 1000
453 478
453 503
453 563
453 654
453 660
453 778
453 780
453 859
454 529
454 539
454 554
454 641
454 722
454 780
454 802
454 831
454 952
454 958
455 469
455 496
455 534
455 569
455 581
455 636
455 663
455 691
455 908
455 955
455 980
455 986
456 504
456 511
456 578
456 656
456 688
456 694
456 702
457 490
457 526
457 601
457 650
457 663
457 694
457 720
457 762
457 782
457 792
457 854
458 470
458 474
458 564
458 607
458 635
458 701
459 470
459 523
459 529
459 540
459 586
459 587
459 651
459 665
459 672
459 676
459 753
459 759
459 761
459 765
459 855
459 869
459 878
459 884
459 887
459 893
459 901
459 961
459 995
460 469
460 482
460 577
460 585
460 664
460 731
460 875
460 887
460 897
460 941
460 993
460 995
461 479
461 537
461 583
461 593
461 688
461 868
461 947
461 995
461 998
462 482
462 502
462 518
462 557
462 572
462 621
462 680
462 844
462 872
462 875
462 926
462 988
463 474
463 499
463 527
463 535
463 580
463 581
463 620
463 622
463 628
463 892
463 902
463 946
464 505
464 520
464 540
464 574
464 697
464 730
464 755
464 779
464 796
464 799
464 892
464 990
465 471
465 500
465 635
465 706
465 777
465 789
465 839
465 881
465 918
465 968
465 981
466 607
466 688
466 831
466 844
466 849
466 862
466 904
466 936
467 489
467 526
467 606
467 613
467 777
467 788
467 797
467 886
467 913
467 925
467 926
468 504
468 569
468 599
468 604
468 688
468 754
468 891
468 913
468 934
468 943
468 967
468 970
469 506
469 528
469 540
469 546
469 554
469 569
469 620
469 633
469 656
469 657
469 668
469 670
469 685
469 696
469 711
469 718
469 722
469 737
469 750
469 763
469 802
469 813
469 819
469 821
469 854
469 865
469 891
469 929
469 934
469 939
469 949
469 970
469 976
470 506
470 519
470 555
470 653
470 718
470 738
470 861
470 866
470 901
470 914
470 942
470 975
470 996
471 480
471 490
471 499
471 533
471 557
471 625
471 662
471 674
471 675
471 678
471 684
471 716
471 750
471 875
471 876
471 947
471 963
471 965
472 506
472 531
472 553
472 559
472 594
472 649
472 708
472 734
472 740
472 763
472 919
472 979
473 501
473 526
473 632
473 732
473 797
473 798
473 835
473 883
473 949
473 990
473 999
474 513
474 525
474 548
474 597
474 621
474 685
474 726
474 815
474 879
474 900
474 939
475 490
475 517
475 581
475 587
475 848
475 909
475 967
476 557
476 575
476 577
476 605
476 609
476 622
476 731
476 741
476 771
476 810
476 825
476 828
476 842
476 912
476 914
476 953
476 964
477 628
477 862
477 995
478 494
478 520
478 570
478 585
478 591
478 596
478 616
478 672
478 738
478 769
478 810
478 817
478 821
478 884
478 916
478 925
478 956
478 981
479 501
479 537
479 593
479 598
479 608
479 615
479 639
479 644
479 680
479 688
479 693
479 704
479 722
479 732
479 750
479 774
479 847
479 872
479 877
479 889
479 897
479 914
479 935
479 943
479 947
479 963
479 967
479 979
479 993
480 517
480 543
480 569
480 651
480 699
480 708
480 747
480 756
480 778
480 810
480 827
480 914
480 916
480 965
480 994
480 998
481 542
481 583
481 630
481 668
481 738
481 831
481 832
481 931
482 521
482 567
482 606
482 630
482 690
482 716
482 770
482 855
482 981
483 490
483 542
483 571
483 578
483 599
483 604
483 616
483 672
483 686
483 687
483 689
483 740
483 755
483 811
483 853
483 944
483 969
483 999
484 546
484 599
484 617
484 652
484 663
484 780
484 816
485 508
485 635
485 702
486 537
486 650
486 664
486 716
486 758
486 819
486 910
486 958
486 969
487 504
487 565
487 584
487 599
487 685
487 749
487 815
487 851
487 895
487 914
487 938
487 939
487 968
488 552
488 565
488 576
488 589
488 597
488 602
488 633
488 684
488 700
488 705
488 717
488 721
488 752
488 838
488 856
488 865
488 882
488 883
488 906
488 909
488 993
489 671
489 688
489 694
489 734
489 872
489 877
490 538
490 558
490 588
490 589
490 640
490 658
490 659
490 723
490 736
490 762
490 770
490 788
490 816
490 849
490 911
490 912
490 951
490 975
491 546
491 566
491 580
491 590
491 595
491 662
491 681
491 779
491 807
491 837
491 861
491 925
492 501
492 513
492 542
492 575
492 577
492 636
492 654
492 677
492 709
492 737
492 787
492 794
492 812
492 821
492 871
492 874
492 905
492 924
492 929
492 936
492 961
492 983
492 990
493 495
493 499
493 523
493 526
493 531
493 537
493 546
493 610
493 613
493 624
493 673
493 676
493 695
493 708
493 734
493 749
493 758
493 824
493 825
493 831
493 843
493 895
493 945
493 947
493 981
493 983
493 995
494 503
494 508
494 600
494 660
494 735
494 739
494 759
494 836
494 858
494 878
494 912
494 960
495 507
495 522
495 595
495 598
495 618
495 685
495 688
495 715
495 760
495 778
495 824
495 861
495 882
495 898
495 923
495 953
495 959
495 971
495 981
496 529
496 544
496 561
496 707
496 812
496 820
496 848
496 862
496 913
496 995
497 508
497 590
497 665
497 714
497 906
497 945
497 958
497 979
498 499
498 603
498 641
498 650
498 660
498 673
498 694
498 699
498 748
498 758
498 770
498 828
498 831
498 844
498 863
498 870
498 898
498 924
498 962
498 988
499 502
499 511
499 535
499 540
499 618
499 666
499 709
499 799
499 821
499 879
499 937
499 949
499 956
499 967
499 968
500 505
500 580
500 595
500 605
500 627
500 646
500 652
500 675
500 691
500 695
500 727
500 729
500 770
500 838
500 839
500 845
500 849
500 893
500 967
500 988
500 992
500 998
501 530
501 592
501 604
501 620
501 644
501 655
501 658
501 694
501 847
501 873
501 985
502 518
502 534
502 541
502 549
502 555
502 613
502 636
502 670
502 705
502 715
502 719
502 745
502 754
502 813
502 878
502 894
502 900
502 926
502 944
502 955
502 967
502 994
503 569
503 602
503 659
503 801
503 876
503 939
503 945
504 507
504 517
504 541
504 569
504 654
504 699
504 777
504 797
504 834
504 860
504 862
504 886
504 913
504 931
504 979
505 599
505 629
505 675
505 745
505 753
505 814
505 819
505 941
505 982
506 508
506 529
506 555
506 569
506 620
506 642
506 825
506 846
506 854
506 940
506 995
507 684
507 686
507 743
507 787
507 886
507 939
508 511
508 566
508 592
508 636
508 651
508 656
508 725
508 735
508 832
508 841
508 851
508 904
508 915
508 925
508 965
508 999
509 542
509 616
509 666
509 675
509 676
509 699
509 779
509 867
509 929
509 967
509 999
510 551
510 640
510 668
510 701
510 734
510 756
510 797
510 821
510 830
510 832
510 887
511 527
511 566
511 602
511 654
511 659
511 722
511 724
511 735
511 745
511 840
511 851
511 876
511 879
511 895
511 915
511 921
511 958
511 963
512 587
512 603
512 627
512 669
512 703
512 712
512 764
512 845
512 882
513 523
513 526
513 635
513 691
513 701
513 705
513 761
513 843
513 854
513 913
513 923
514 529
514 545
514 611
514 674
514 731
514 800
514 813
514 914
514 957
514 970
515 527
515 648
515 653
515 667
515 690
515 716
515 749
515 751
515 772
515 790
515 886
515 926
515 962
516 524
516 658
516 669
516 695
516 706
516 714
516 748
516 755
516 799
516 814
516 863
516 905
516 965
517 523
517 567
517 610
517 658
517 800
517 839
517 920
517 965
518 532
518 537
518 657
518 737
518 851
518 900
518 926
518 963
518 988
519 574
519 589
519 609
519 703
519 828
520 550
520 565
520 688
520 689
520 718
520 779
520 834
520 854
520 859
520 964
520 984
521 528
521 583
521 599
521 642
521 664
521 722
521 821
521 850
521 886
521 910
521 998
522 729
522 920
522 970
523 526
523 542
523 569
523 600
523 635
523 649
523 661
523 777
523 865
523 893
523 913
523 979
524 535
524 600
524 607
524 666
524 850
525 671
525 705
525 746
525 748
525 768
525 786
525 817
525 874
525 919
526 560
526 570
526 634
526 635
526 638
526 649
526 665
526 694
526 695
526 716
526 718
526 761
526 767
526 777
526 816
526 827
526 885
526 886
526 918
526 925
526 938
526 978
526 979
527 640
527 724
527 732
527 773
527 914
527 917
527 962
528 587
528 597
528 616
528 702
528 751
528 755
528 837
528 965
529 539
529 549
529 588
529 590
529 600
529 618
529 671
529 741
529 748
529 758
529 768
529 800
529 804
529 813
529 832
529 887
529 914
529 924
529 925
529 944
529 950
529 952
529 978
529 993
529 996
530 539
530 640
530 681
530 768
530 797
530 816
530 879
530 933
531 541
531 558
531 564
531 594
531 651
531 669
531 670
531 734
531 825
531 831
531 838
531 843
531 864
531 897
531 933
531 991
532 555
532 594
532 613
532 682
532 685
532 785
532 818
532 946
533 560
533 589
533 641
533 659
533 740
533 754
533 778
533 808
533 875
533 878
533 920
533 925
533 960
533 993
534 636
534 715
534 776
534 777
534 818
534 891
534 900
534 918
534 924
534 926
535 789
535 948
535 959
535 965
536 577
536 613
536 625
536 636
536 705
536 713
536 786
536 854
536 862
536 891
536 917
536 947
537 578
537 580
537 599
537 619
537 640
537 700
537 702
537 708
537 713
537 721
537 747
537 755
537 765
537 777
537 800
537 805
537 814
537 815
537 823
537 841
537 849
537 853
537 854
537 872
537 889
537 891
537 894
537 911
537 935
537 947
537 952
537 963
537 973
537 976
537 984
537 993
538 688
538 734
538 766
538 776
538 780
538 935
538 946
538 973
538 988
539 618
539 671
539 677
539 722
539 743
539 748
539 790
539 795
539 803
539 827
539 943
539 944
540 755
540 758
540 934
540 938
540 967
541 577
541 591
541 669
541 688
541 726
541 797
541 894
541 913
541 990
542 547
542 576
542 591
542 628
542 692
542 697
542 704
542 715
542 729
542 825
542 827
542 873
542 876
542 965
542 976
542 999
543 587
543 611
543 642
543 646
543 664
543 693
543 701
543 722
543 726
543 732
543 762
543 839
543 953
543 988
544 585
544 630
544 780
544 864
544 919
544 953
544 974
544 984
545 567
545 655
545 673
545 678
545 686
545 757
545 820
545 844
545 871
546 569
546 581
546 641
546 725
546 801
546 802
546 854
546 948
546 953
546 998
547 563
547 573
547 597
547 729
547 736
547 790
547 910
547 913
547 914
547 925
548 552
548 630
548 864
548 958
548 984
548 991
549 603
549 666
549 673
549 700
549 741
549 752
549 823
550 563
550 584
550 594
550 621
550 633
550 682
550 685
550 699
550 734
550 775
550 776
550 800
550 815
550 837
550 939
550 953
550 968
550 982
550 984
551 583
551 587
551 598
551 611
551 614
551 705
551 740
551 964
552 630
552 670
552 749
552 770
552 997
553 566
553 590
553 596
553 626
553 666
553 701
553 729
553 799
553 812
553 824
553 956
553 972
553 994
553 999
554 610
554 633
554 663
554 688
554 725
554 750
554 828
554 849
554 854
554 884
554 885
554 909
554 929
554 949
554 983
555 636
555 668
555 689
555 715
555 823
555 859
555 935
555 982
556 754
556 775
556 949
556 981
556 987
557 640
557 647
557 711
557 753
557 762
557 782
557 785
557 834
557 969
557 979
557 999
557 1000
558 586
558 607
558 634
558 801
558 898
558 900
558 913
559 577
559 590
559 653
559 682
559 714
559 790
559 915
559 959
560 577
560 631
560 636
560 682
560 770
560 910
561 580
561 614
561 656
561 667
561 722
561 735
561 736
561 768
561 773
561 820
561 867
561 910
561 960
562 569
562 613
562 694
562 817
562 880
562 891
562 998
563 568
563 647
563 648
563 652
563 711
563 733
563 754
563 775
563 805
563 848
563 849
563 885
563 904
563 972
564 567
564 589
564 650
564 673
564 707
564 723
564 733
564 734
564 749
564 758
564 830
564 841
564 865
564 906
564 934
564 945
564 946
564 980
564 995
565 623
565 632
565 710
565 717
565 783
565 946
565 948
565 951
566 593
566 611
566 630
566 772
566 821
567 585
567 645
567 668
567 745
567 784
567 800
567 809
567 832
567 848
567 851
567 918
567 932
567 933
567 958
567 979
567 991
568 580
568 662
568 665
568 887
568 937
568 977
568 994
569 585
569 599
569 617
569 637
569 647
569 683
569 685
569 692
569 693
569 746
569 750
569 812
569 854
569 907
569 917
569 926
569 934
569 938
569 948
569 955
569 970
570 690
570 714
570 777
570 797
570 910
571 604
571 620
571 664
571 689
571 694
571 741
571 952
571 985
571 989
572 676
572 734
572 749
572 780
572 831
572 854
572 895
572 898
572 907
572 977
573 587
573 625
573 641
573 665
573 698
573 714
573 743
573 760
573 786
573 861
573 864
574 641
574 651
574 661
574 667
574 687
574 694
574 741
574 871
574 891
574 907
574 922
574 936
574 940
574 984
574 1000
575 645
575 686
575 904
575 939
575 942
575 948
575 959
575 960
575 962
575 969
575 996
576 608
576 610
576 616
576 686
576 741
576 756
576 790
576 839
576 862
576 880
576 959
576 972
576 997
576 999
577 579
577 582
577 617
577 632
577 646
577 682
577 689
577 724
577 741
577 769
577 801
577 810
577 812
577 818
577 861
577 879
577 947
577 987
578 659
578 664
578 672
578 677
578 685
578 700
578 725
578 748
578 750
578 761
578 786
578 804
578 823
578 876
578 955
578 959
578 999
578 1000
579 596
579 601
579 634
579 781
579 914
579 958
580 592
580 602
580 618
580 648
580 699
580 754
580 789
580 813
580 820
580 861
580 866
580 889
580 894
580 896
580 918
580 939
580 993
581 615
581 685
581 789
581 802
581 827
581 840
581 848
581 870
581 917
581 930
581 940
581 959
581 976
582 621
582 653
582 721
582 936
582 953
582 987
583 586
583 599
583 642
583 664
583 771
583 776
583 791
583 825
583 831
583 910
583 912
584 609
584 666
584 678
584 685
584 716
584 775
584 780
584 821
584 845
584 897
584 914
584 968
585 672
585 738
585 823
585 931
585 938
585 956
585 999
586 607
586 677
586 703
586 726
586 778
586 874
586 958
586 999
587 592
587 654
587 655
587 662
587 676
587 686
587 727
587 731
587 732
587 734
587 749
587 759
587 761
587 772
587 790
587 804
587 855
587 858
587 866
587 893
587 901
587 951
587 960
587 971
588 597
588 602
588 673
588 685
588 747
588 827
588 931
588 944
589 596
589 692
589 696
589 707
589 753
589 828
589 954
590 594
590 653
590 673
590 681
590 685
590 714
590 754
590 779
590 802
590 821
590 862
590 867
590 924
590 949
590 953
590 965
590 978
590 981
591 610
591 691
591 803
591 827
591 835
591 939
591 946
591 974
591 976
591 977
591 999
592 611
592 635
592 731
592 838
592 855
592 914
592 951
593 617
593 666
593 767
593 791
593 823
593 846
593 868
593 894
593 920
593 947
593 992
593 993
594 664
594 717
594 732
594 736
594 774
594 792
594 840
594 898
594 981
594 986
595 621
595 673
595 729
595 882
595 883
595 981
595 984
596 682
596 745
596 770
596 790
596 796
596 824
596 875
596 920
596 922
596 951
597 613
597 663
597 665
597 736
597 740
597 792
597 831
597 893
597 940
598 725
598 737
598 754
598 775
598 848
598 878
598 895
598 903
599 601
599 652
599 663
599 673
599 767
599 851
599 880
599 974
600 630
600 640
600 654
600 711
600 836
600 844
600 845
600 882
600 922
600 947
600 979
600 1000
601 652
601 663
601 666
601 681
601 753
601 791
601 819
601 927
601 951
601 958
601 981
602 643
602 659
602 735
602 798
602 851
602 905
602 915
602 917
602 939
602 952
602 1000
603 645
603 711
603 795
603 800
603 806
603 864
603 898
603 978
604 812
604 837
604 908
604 973
604 985
605 627
605 630
605 653
605 744
605 748
605 834
605 835
605 864
605 919
606 617
606 635
606 658
606 677
606 714
606 773
606 775
606 964
606 999
607 621
607 655
607 680
607 742
607 823
607 864
607 921
607 938
607 967
608 631
608 672
608 682
608 754
608 802
608 887
608 889
608 895
608 896
608 900
608 993
609 616
609 709
609 754
609 907
610 647
610 654
610 656
610 669
610 685
610 694
610 722
610 724
610 726
610 752
610 782
610 787
610 800
610 812
610 829
610 837
610 844
610 849
610 868
610 924
610 926
611 658
611 672
611 686
611 707
611 826
611 869
611 878
611 966
612 614
612 630
612 647
612 703
612 766
612 813
612 853
612 984
613 636
613 715
613 751
613 763
613 817
614 627
614 662
614 684
614 688
614 693
614 708
614 763
614 849
614 906
615 636
615 663
615 718
615 734
615 836
615 848
616 627
616 636
616 804
616 829
616 848
616 912
616 932
616 949
616 966
617 642
617 660
617 699
617 714
617 816
617 821
617 836
617 844
617 913
617 929
617 937
617 954
617 967
618 633
618 803
618 827
618 862
618 985
618 1000
619 623
619 627
619 635
619 648
619 765
619 788
619 797
619 802
619 839
619 970
620 663
620 665
620 895
620 985
621 648
621 651
621 652
621 685
621 690
621 699
621 716
621 752
621 775
621 797
621 806
621 815
621 838
621 913
621 939
621 953
621 982
621 990
622 769
622 789
622 935
623 626
623 664
623 673
623 713
623 809
623 826
623 837
623 852
623 872
623 896
623 904
623 946
623 966
624 689
624 766
624 883
624 901
625 658
625 664
625 770
625 821
625 824
625 912
625 918
626 630
626 677
626 864
626 939
627 630
627 635
627 658
627 666
627 723
627 770
627 790
627 814
627 829
627 830
627 834
627 864
627 898
627 952
627 981
628 663
628 734
628 865
629 672
629 732
629 808
629 935
629 941
629 998
630 671
630 677
630 702
630 716
630 726
630 735
630 770
630 827
630 834
630 835
630 836
630 864
630 886
630 915
630 957
630 973
630 979
631 653
631 654
631 751
631 800
631 904
631 937
631 997
631 998
632 664
632 762
632 786
632 806
632 826
632 926
632 974
633 640
633 660
633 687
633 691
633 692
633 725
633 726
633 830
633 918
633 926
633 934
633 949
634 711
634 734
634 745
634 765
634 771
634 847
634 937
635 641
635 707
635 709
635 716
635 735
635 775
635 797
635 800
635 816
635 825
635 886
635 905
635 922
635 937
635 938
636 663
636 708
636 715
636 719
636 725
636 734
636 743
636 746
636 799
636 812
636 815
636 900
636 940
636 951
636 954
637 676
637 896
638 690
638 694
638 771
638 777
638 795
638 834
638 979
638 988
639 640
639 767
639 776
639 874
639 896
640 691
640 741
640 768
640 779
640 782
640 819
640 882
640 884
640 928
640 955
641 676
641 691
641 741
641 744
641 760
641 814
641 869
641 898
641 924
642 653
642 664
642 777
642 852
642 910
642 979
642 997
643 685
643 697
643 700
643 772
643 782
643 855
643 863
643 884
643 885
643 937
644 656
644 663
644 685
644 688
644 703
644 725
644 823
644 880
644 984
645 703
645 717
645 764
645 769
645 831
645 903
645 914
645 959
646 686
646 732
646 747
646 755
646 786
646 839
646 845
646 899
646 941
646 959
646 982
646 988
646 992
647 677
647 845
647 882
647 914
647 925
647 931
647 937
647 964
648 655
648 656
648 678
648 708
648 738
648 823
648 848
648 875
648 904
648 909
648 923
648 967
649 711
649 725
649 734
649 854
649 904
649 912
649 983
650 678
650 762
650 785
650 791
650 798
650 801
650 840
650 861
650 903
650 919
650 969
651 653
651 964
652 663
652 687
652 701
652 704
652 736
652 790
652 792
652 814
652 837
652 985
652 1000
653 673
653 694
653 699
653 707
653 734
653 741
653 799
653 875
653 910
653 936
653 989
654 742
654 803
654 812
654 872
654 936
654 973
654 998
655 666
655 702
655 709
655 790
655 803
655 813
655 949
656 680
656 694
656 773
656 818
656 860
656 863
656 881
656 883
656 892
656 928
656 995
657 663
657 670
657 751
657 789
657 801
657 802
657 813
657 929
657 934
657 935
657 951
657 965
658 880
658 899
658 981
658 982
658 989
659 680
659 735
659 760
659 781
659 812
659 829
659 855
659 875
659 915
660 677
660 771
660 824
660 887
660 920
661 664
661 707
661 741
661 742
661 779
661 805
661 873
661 909
661 911
661 936
661 938
662 710
662 731
662 760
662 855
662 857
662 873
662 893
662 921
662 950
663 679
663 716
663 735
663 752
663 794
663 795
663 849
663 902
663 935
663 973
663 985
664 683
664 822
664 853
664 880
664 885
664 905
664 909
664 910
664 912
664 913
665 951
666 793
666 824
666 899
666 911
666 927
666 984
667 694
667 705
667 773
667 776
667 833
667 896
667 966
667 989
668 874
668 883
669 692
669 747
669 772
669 775
669 832
669 911
670 680
670 777
670 787
670 802
670 839
670 854
670 925
670 929
670 949
670 980
671 697
671 804
671 820
671 827
671 869
671 929
671 945
672 794
672 846
672 900
672 955
672 976
672 982
673 691
673 694
673 709
673 738
673 748
673 762
673 804
673 853
673 903
673 911
673 944
673 950
673 958
673 961
673 973
673 996
674 678
674 828
674 897
674 898
674 967
674 991
675 716
675 738
675 773
675 873
675 949
676 700
676 708
676 720
676 731
676 855
676 901
676 924
676 960
676 961
676 974
677 726
677 785
677 840
677 887
677 904
677 922
678 757
678 835
678 907
678 920
678 959
678 964
678 969
679 732
679 897
679 933
679 988
680 688
680 709
680 720
680 776
680 801
680 815
680 823
680 863
680 936
680 978
680 984
681 685
681 687
681 698
681 714
681 779
681 784
681 935
681 957
682 745
682 769
682 818
682 902
682 984
683 725
683 750
683 806
683 864
683 980
683 993
684 766
684 823
685 690
685 699
685 707
685 716
685 735
685 775
685 815
685 833
685 837
685 840
685 895
685 903
685 939
685 953
685 964
685 968
685 974
685 981
685 982
686 687
686 696
686 727
686 757
686 814
686 817
686 837
686 873
686 897
686 917
686 966
686 967
686 999
687 717
687 722
687 850
687 958
687 982
688 709
688 745
688 781
688 819
688 823
688 883
688 889
688 891
688 894
688 902
688 904
688 947
688 978
688 995
689 774
689 783
689 823
689 832
689 839
689 938
690 716
690 754
690 758
690 815
690 837
690 870
690 893
690 1000
691 738
691 864
691 958
692 746
692 765
692 863
692 870
692 911
693 725
693 854
693 864
693 881
693 921
693 949
693 974
694 710
694 731
694 802
694 824
694 843
694 845
694 860
694 875
694 880
694 882
694 897
694 903
694 913
694 950
694 991
695 825
695 831
695 851
695 866
695 872
695 920
695 987
695 995
696 709
696 716
696 725
696 803
696 864
697 700
697 772
697 956
698 714
698 728
698 773
698 780
698 935
698 957
698 980
698 987
699 714
699 716
699 756
699 831
699 837
699 854
699 911
699 939
700 724
700 772
700 774
700 915
700 978
701 763
701 771
701 827
701 850
701 877
701 920
701 947
702 786
702 807
702 823
702 836
702 890
702 913
702 944
702 949
702 997
703 764
703 902
703 930
703 952
704 842
704 989
704 1000
705 707
705 803
705 902
705 907
706 806
706 840
706 943
706 944
706 995
707 708
707 739
707 741
707 753
707 769
707 778
707 824
707 868
707 886
707 896
707 907
707 910
707 918
707 933
707 948
708 774
708 812
708 965
708 989
709 723
709 767
709 795
709 941
709 959
709 997
710 740
710 777
710 833
710 838
710 845
710 966
711 792
711 825
711 871
711 898
711 904
711 982
712 760
712 775
712 831
712 879
712 910
712 913
712 926
712 944
712 958
713 773
713 887
713 898
713 933
713 946
714 715
714 732
714 753
714 779
714 803
714 858
714 866
714 910
714 965
715 767
715 774
715 778
715 789
715 863
715 881
715 883
715 887
715 926
715 956
715 957
715 959
715 994
716 717
716 728
716 740
716 775
716 789
716 805
716 815
716 864
716 887
716 904
716 968
716 982
716 984
717 723
717 730
717 743
717 765
717 931
717 947
717 978
718 725
718 738
718 751
718 789
718 836
718 854
718 921
718 929
718 965
719 769
719 900
719 926
719 992
719 994
720 729
720 740
720 749
720 791
720 934
720 962
720 971
720 981
721 730
721 734
721 802
721 832
721 867
721 990
722 724
722 735
722 762
722 876
722 897
722 914
722 929
722 944
722 965
722 982
723 734
723 747
723 749
723 776
723 777
723 831
723 991
723 995
724 844
724 851
724 894
724 939
725 750
725 796
725 827
725 835
725 862
725 863
725 903
725 905
725 921
725 945
725 989
725 992
726 752
726 760
726 870
726 901
726 936
726 938
726 955
726 974
727 746
727 755
727 764
727 964
727 984
728 841
728 844
728 927
729 733
729 741
729 762
729 779
729 837
729 950
730 799
730 833
730 949
730 979
731 747
731 759
731 778
731 810
731 839
731 855
731 863
731 869
731 884
731 931
731 959
731 961
731 999
732 755
732 779
732 819
732 821
732 843
732 859
732 879
732 955
732 972
732 973
732 987
733 749
733 779
733 799
733 854
733 887
733 945
734 756
734 770
734 779
734 816
734 843
734 865
734 879
734 882
734 895
734 927
734 945
734 973
734 995
735 740
735 746
735 822
735 877
735 898
735 915
735 947
735 948
735 961
735 968
735 996
736 828
736 867
736 879
736 952
737 762
737 828
737 995
738 743
738 805
738 929
738 950
738 961
738 993
739 769
739 819
739 839
739 854
740 782
740 784
740 832
740 835
741 742
741 862
741 872
741 886
741 911
741 913
741 922
742 755
742 780
742 812
742 832
742 875
743 815
743 869
743 893
743 944
744 780
744 790
744 796
744 855
744 891
744 895
744 974
745 766
745 911
746 777
746 789
746 802
746 813
746 854
746 905
746 921
746 949
746 990
747 750
747 764
747 828
747 869
747 916
748 783
748 944
749 795
749 806
749 825
749 831
749 843
749 855
749 895
749 927
749 930
749 964
749 995
750 762
750 802
750 822
750 921
750 949
751 804
751 895
751 916
751 930
751 988
752 773
752 862
752 936
753 794
754 808
754 809
754 849
754 862
754 865
754 867
754 874
755 799
755 878
755 889
755 902
755 951
756 786
756 825
756 840
756 858
756 877
756 878
756 910
756 911
756 912
756 914
756 980
757 898
757 914
757 916
757 980
758 887
758 913
759 802
759 812
759 829
759 951
759 984
760 776
760 802
760 818
760 904
760 990
761 777
761 799
761 835
761 913
761 979
761 980
761 989
762 765
762 790
762 833
762 839
762 885
762 951
762 974
762 983
762 988
762 992
763 787
763 946
764 812
764 821
764 926
764 967
765 907
765 932
765 947
765 996
766 900
766 931
766 933
767 800
767 819
767 879
767 895
767 937
768 896
768 928
768 938
768 969
768 989
769 836
769 879
769 921
770 812
770 834
770 843
770 864
770 867
770 879
770 887
770 898
770 941
770 974
771 817
771 877
771 884
771 896
771 961
772 852
772 872
773 949
774 827
774 848
774 906
774 956
775 815
775 816
775 837
775 841
775 929
775 939
775 953
775 965
775 968
775 999
776 902
776 920
776 958
777 791
777 797
777 816
777 818
777 859
777 860
777 882
777 886
777 897
777 920
777 950
777 979
777 996
778 785
778 865
778 867
778 874
779 780
779 944
779 970
779 987
780 790
780 796
780 840
780 958
780 984
780 992
781 844
781 856
781 879
781 887
781 900
781 904
781 919
781 948
782 861
782 880
782 887
782 930
782 987
783 794
783 860
783 911
783 914
784 919
785 797
785 821
785 906
786 937
787 812
787 831
787 924
787 931
787 936
787 983
788 827
788 895
789 795
789 824
789 900
789 902
789 912
789 914
789 918
789 929
789 968
790 804
790 808
790 810
790 829
790 836
790 842
790 902
790 944
790 958
790 983
790 990
790 1000
791 819
791 852
791 883
791 907
791 962
791 991
792 849
792 947
793 867
793 900
793 911
793 917
793 989
794 798
794 891
794 919
795 806
795 839
795 893
795 926
795 982
796 878
796 914
796 965
796 970
797 821
797 846
797 853
797 854
797 857
797 859
797 860
797 873
797 877
797 886
797 894
797 913
797 960
797 989
798 851
798 879
798 989
799 811
799 849
799 905
799 924
799 959
799 960
799 974
799 999
800 902
800 934
800 984
801 802
801 836
801 854
801 864
801 886
801 929
801 949
801 985
801 987
802 854
802 864
802 894
802 896
802 921
802 960
802 971
802 980
803 807
803 836
803 903
803 927
803 958
803 980
804 891
804 932
805 819
805 831
805 850
805 904
805 937
805 995
806 822
806 841
807 816
807 984
807 989
808 865
808 867
808 874
808 941
808 944
809 884
809 910
809 962
810 879
810 956
811 868
812 855
812 862
812 872
812 926
813 889
814 864
815 837
815 855
815 939
815 968
815 974
816 887
816 904
816 926
816 979
817 821
817 881
817 895
817 902
817 976
818 820
818 953
818 995
819 872
819 950
819 957
820 831
820 967
821 823
821 845
821 919
821 947
821 962
821 965
821 966
821 987
822 823
822 852
822 862
822 887
822 965
823 832
823 866
823 872
823 891
823 947
823 957
823 980
823 984
824 830
824 844
824 856
824 911
824 922
824 935
824 944
824 949
824 979
825 837
825 843
825 889
825 966
825 991
826 833
826 869
826 874
826 946
827 853
827 924
827 952
827 958
827 997
828 849
828 866
828 867
828 884
828 916
828 925
828 927
828 934
828 946
828 989
829 852
829 854
829 918
829 942
830 855
830 907
830 911
830 968
831 837
831 843
831 856
831 895
831 896
831 927
831 991
831 995
832 901
832 910
832 944
832 947
832 953
832 981
833 873
833 908
834 849
834 874
834 891
834 995
835 967
836 848
836 864
836 878
836 904
836 917
836 944
836 999
837 906
837 921
837 939
837 953
837 955
837 982
838 864
838 910
838 911
838 937
838 945
839 868
839 915
839 916
839 937
839 952
839 965
839 988
840 974
841 912
841 984
842 863
842 881
842 914
842 988
843 867
843 928
844 854
844 863
844 875
844 927
844 936
844 971
845 879
845 910
845 922
845 975
845 979
846 876
846 913
847 920
847 922
847 991
848 878
848 882
848 885
848 889
848 904
848 952
848 985
848 995
849 890
849 903
849 938
849 952
850 920
850 936
850 950
850 951
851 891
851 915
851 917
851 921
851 999
853 909
853 916
854 863
854 866
854 908
854 921
854 929
854 931
854 940
854 941
854 949
854 955
854 970
854 997
855 869
855 880
855 883
855 898
855 901
855 903
855 932
855 950
856 866
856 881
857 863
857 913
857 938
857 979
858 927
859 920
859 954
860 887
860 947
860 989
861 873
861 879
861 893
861 904
862 897
862 898
862 936
863 929
863 940
863 949
864 872
864 929
864 957
865 867
865 875
865 912
865 975
866 895
866 921
866 956
866 960
867 875
867 882
867 964
867 967
867 992
867 999
868 878
868 901
868 919
868 961
868 967
868 977
868 991
869 889
870 882
870 892
870 898
870 973
870 974
871 914
871 937
871 989
872 877
872 894
872 943
872 947
872 959
872 984
872 993
873 881
873 932
873 956
873 999
874 875
874 877
874 927
875 879
875 896
875 911
875 974
876 999
877 879
877 909
878 910
878 995
879 938
879 979
880 881
880 910
880 944
880 966
880 997
881 929
881 964
882 913
882 987
882 995
882 999
883 902
883 911
883 985
884 897
885 910
885 918
885 934
885 945
885 948
885 959
886 913
886 970
886 979
887 928
887 937
888 944
888 968
889 947
889 998
890 904
890 916
890 964
891 947
891 959
891 968
891 974
891 975
891 980
891 984
892 960
892 962
892 994
893 932
893 961
893 986
894 966
894 984
895 908
895 927
895 945
895 947
895 991
895 993
896 905
896 906
896 939
896 949
896 985
896 998
897 938
898 977
898 998
899 956
899 969
900 902
900 926
900 952
900 994
901 918
901 923
901 947
901 961
902 922
902 945
903 968
904 910
904 915
904 937
904 964
904 968
905 907
905 972
905 995
906 962
907 971
907 979
907 984
907 986
908 956
909 970
910 997
911 922
911 926
911 992
912 938
913 938
913 979
914 916
914 964
914 1000
915 946
917 921
917 938
918 946
919 925
919 926
919 980
920 928
920 979
921 929
921 973
923 967
923 976
924 979
924 998
925 938
925 952
926 978
927 995
928 986
929 946
929 949
929 962
929 990
930 980
930 992
932 998
933 934
933 949
933 958
934 948
934 949
934 970
935 977
936 957
936 968
936 973
936 998
937 952
937 958
937 959
937 991
937 1000
938 988
939 982
940 945
940 977
941 991
941 996
941 999
942 989
943 970
944 956
945 957
945 995
947 980
947 984
947 993
948 949
949 974
950 988
950 993
951 961
952 958
953 968
955 970
955 974
956 999
958 997
959 978
959 980
959 984
959 993
963 965
966 998
966 999
967 997
970 974
971 983
971 989
974 1000
975 999
975 1000
976 999
978 984
978 993
978 995
981 993
983 998
984 988
989 995
991 995
