# LFR benchmark graph: regime=S mu=0.6 realization=0
# undirected, unweighted; 1-based node ids; each edge listed once.
1 22
1 63
1 72
1 90
1 112
1 191
1 240
1 242
1 272
1 275
1 349
1 478
1 525
1 572
1 576
1 587
1 601
1 603
1 655
1 667
1 677
1 707
1 752
1 792
1 798
1 823
1 861
1 890
1 939
1 976
1 982
2 18
2 28
2 96
2 119
2 126
2 129
2 226
2 292
2 297
2 309
2 310
2 324
2 360
2 381
2 385
2 397
2 442
2 490
2 555
2 572
2 600
2 630
2 651
2 666
2 686
2 691
2 704
2 705
2 706
2 719
2 775
2 781
2 796
2 799
2 808
2 819
2 871
2 880
2 920
2 957
2 958
2 967
2 992
2 996
3 10
3 22
3 51
3 58
3 86
3 90
3 128
3 222
3 243
3 255
3 267
3 293
3 308
3 466
3 480
3 510
3 522
3 525
3 530
3 559
3 572
3 581
3 601
3 625
3 649
3 659
3 677
3 681
3 733
3 751
3 775
3 782
3 819
3 837
3 861
3 869
4 72
4 122
4 278
4 310
4 412
4 413
4 437
4 516
4 527
4 594
4 598
4 641
4 732
4 763
4 779
4 785
4 851
4 852
4 871
4 900
4 926
5 14
5 69
5 86
5 110
5 146
5 159
5 172
5 175
5 229
5 273
5 290
5 329
5 345
5 443
5 447
5 476
5 484
5 514
5 555
5 663
5 715
5 729
5 739
5 774
5 775
5 792
5 803
5 810
5 822
5 849
5 862
5 910
5 980
6 11
6 15
6 51
6 78
6 156
6 186
6 206
6 227
6 234
6 258
6 289
6 315
6 352
6 393
6 410
6 437
6 457
6 465
6 576
6 578
6 621
6 632
6 647
6 675
6 687
6 731
6 738
6 765
6 810
6 811
6 837
6 846
6 848
6 862
6 875
6 898
6 902
6 938
6 941
7 18
7 57
7 80
7 95
7 149
7 216
7 235
7 310
7 328
7 396
7 504
7 600
7 618
7 671
7 710
7 888
7 985
8 81
8 212
8 269
8 321
8 417
8 449
8 490
8 526
8 549
8 661
8 709
8 901
8 931
9 10
9 86
9 108
9 111
9 144
9 148
9 149
9 154
9 196
9 226
9 279
9 314
9 336
9 403
9 405
9 441
9 485
9 487
9 540
9 541
9 554
9 572
9 599
9 634
9 717
9 725
9 729
9 765
9 769
9 778
9 781
9 798
9 848
9 873
9 909
9 912
9 916
9 928
9 940
9 973
10 24
10 26
10 32
10 48
10 97
10 102
10 137
10 183
10 194
10 199
10 244
10 278
10 292
10 327
10 332
10 335
10 383
10 392
10 393
10 429
10 474
10 555
10 589
10 592
10 596
10 634
10 653
10 665
10 678
10 714
10 740
10 765
10 799
10 806
10 820
10 827
10 838
10 846
10 862
10 889
10 909
10 922
10 971
10 984
10 985
11 27
11 72
11 90
11 112
11 134
11 218
11 238
11 270
11 344
11 371
11 393
11 402
11 491
11 499
11 523
11 531
11 640
11 709
11 738
11 742
11 761
11 774
11 798
11 800
11 823
11 878
11 907
12 49
12 78
12 94
12 147
12 170
12 218
12 248
12 413
12 420
12 445
12 488
12 524
12 540
12 549
12 563
12 608
12 630
12 729
12 869
12 924
12 948
13 21
13 40
13 77
13 86
13 87
13 130
13 216
13 244
13 308
13 336
13 353
13 451
13 456
13 459
13 484
13 639
13 717
13 786
13 811
13 894
13 939
13 944
13 981
13 983
14 17
14 67
14 100
14 102
14 111
14 125
14 131
14 137
14 138
14 139
14 141
14 229
14 237
14 303
14 338
14 484
14 490
14 528
14 655
14 673
14 683
14 720
14 766
14 787
14 803
14 848
14 850
14 962
15 46
15 134
15 276
15 457
15 502
15 532
15 559
15 643
15 678
15 695
15 724
15 740
15 765
15 794
15 860
15 890
15 948
15 965
16 22
16 36
16 51
16 79
16 121
16 185
16 211
16 212
16 226
16 257
16 263
16 277
16 280
16 286
16 294
16 303
16 322
16 329
16 348
16 359
16 383
16 384
16 394
16 420
16 471
16 494
16 499
16 507
16 530
16 543
16 551
16 576
16 600
16 603
16 658
16 673
16 724
16 737
16 738
16 784
16 808
16 833
16 840
16 841
16 844
16 898
16 918
16 924
16 954
16 973
16 986
17 65
17 90
17 106
17 181
17 183
17 184
17 355
17 368
17 382
17 429
17 466
17 482
17 500
17 571
17 650
17 654
17 695
17 779
17 780
17 784
17 819
17 828
17 897
17 978
18 61
18 143
18 156
18 164
18 172
18 222
18 250
18 305
18 334
18 345
18 364
18 394
18 399
18 444
18 470
18 543
18 631
18 652
18 727
18 744
18 774
18 787
18 889
18 990
19 22
19 112
19 133
19 152
19 282
19 303
19 333
19 354
19 456
19 527
19 576
19 679
19 750
19 811
19 824
19 853
19 959
19 984
20 80
20 95
20 146
20 170
20 206
20 213
20 225
20 245
20 265
20 321
20 373
20 380
20 403
20 406
20 417
20 463
20 465
20 486
20 557
20 583
20 584
20 625
20 626
20 636
20 712
20 715
20 772
20 781
20 810
20 827
20 847
20 851
20 968
20 989
20 996
21 49
21 87
21 163
21 169
21 242
21 276
21 318
21 334
21 365
21 414
21 427
21 445
21 449
21 456
21 509
21 532
21 533
21 567
21 654
21 733
21 836
21 851
21 896
21 997
21 998
22 126
22 134
22 137
22 165
22 236
22 260
22 349
22 351
22 373
22 526
22 625
22 642
22 697
22 722
22 727
22 754
22 788
22 835
22 889
22 928
22 953
22 988
22 992
23 68
23 148
23 194
23 200
23 222
23 226
23 429
23 451
23 482
23 488
23 536
23 571
23 614
23 724
23 748
23 758
23 862
23 887
23 930
23 960
23 964
23 967
24 67
24 119
24 121
24 151
24 163
24 262
24 405
24 436
24 561
24 574
24 610
24 768
24 789
24 792
24 884
24 911
25 93
25 102
25 112
25 182
25 297
25 321
25 370
25 399
25 409
25 446
25 514
25 516
25 550
25 582
25 615
25 677
25 679
25 740
25 905
25 929
25 987
26 35
26 213
26 242
26 253
26 321
26 398
26 421
26 432
26 486
26 490
26 569
26 591
26 641
26 647
26 684
26 687
26 743
26 753
26 765
26 847
26 882
26 943
26 960
27 68
27 83
27 180
27 210
27 260
27 274
27 302
27 375
27 391
27 403
27 508
27 647
27 654
27 695
27 778
27 790
27 797
27 946
27 992
28 38
28 46
28 51
28 96
28 103
28 115
28 156
28 187
28 198
28 201
28 218
28 225
28 234
28 310
28 336
28 338
28 345
28 360
28 402
28 410
28 441
28 465
28 474
28 497
28 500
28 502
28 542
28 555
28 590
28 595
28 600
28 624
28 718
28 722
28 784
28 789
28 829
28 857
28 899
28 941
28 949
28 967
28 976
28 979
28 1000
29 30
29 49
29 58
29 163
29 172
29 183
29 382
29 402
29 403
29 458
29 461
29 506
29 519
29 583
29 597
29 622
29 656
29 710
29 787
29 817
29 831
29 845
29 877
29 891
29 943
29 953
30 69
30 157
30 165
30 190
30 212
30 293
30 317
30 341
30 369
30 441
30 540
30 633
30 715
30 719
30 720
30 758
30 777
30 787
30 800
30 954
31 70
31 96
31 124
31 252
31 294
31 450
31 482
31 635
31 639
31 747
31 752
31 829
31 870
31 881
31 916
31 959
31 973
32 108
32 172
32 260
32 372
32 441
32 442
32 472
32 545
32 572
32 579
32 588
32 630
32 654
32 678
32 693
32 767
32 776
32 803
32 834
32 850
32 897
33 58
33 117
33 194
33 236
33 428
33 454
33 472
33 486
33 571
33 580
33 817
33 896
33 939
34 45
34 100
34 146
34 262
34 270
34 275
34 320
34 322
34 351
34 363
34 431
34 472
34 497
34 510
34 638
34 676
34 699
34 700
34 736
34 780
34 812
34 833
34 889
34 921
34 977
34 991
35 145
35 213
35 227
35 290
35 429
35 494
35 577
35 615
35 647
35 673
35 791
35 974
36 65
36 92
36 134
36 154
36 161
36 222
36 237
36 258
36 285
36 437
36 589
36 692
36 713
36 740
36 823
36 952
36 953
37 114
37 154
37 177
37 189
37 215
37 221
37 226
37 236
37 274
37 329
37 352
37 410
37 455
37 527
37 553
37 580
37 615
37 622
37 624
37 667
37 693
37 726
37 727
37 748
37 753
37 771
37 838
37 860
37 912
37 917
38 41
38 76
38 122
38 275
38 286
38 306
38 319
38 320
38 387
38 432
38 448
38 456
38 460
38 481
38 482
38 506
38 520
38 542
38 569
38 572
38 607
38 621
38 625
38 676
38 700
38 710
38 734
38 740
38 762
38 769
38 772
38 786
38 800
38 828
38 839
38 854
38 889
38 894
38 959
39 53
39 77
39 93
39 147
39 157
39 197
39 206
39 209
39 248
39 261
39 402
39 430
39 499
39 548
39 562
39 575
39 578
39 627
39 636
39 639
39 651
39 681
39 817
39 991
40 61
40 211
40 279
40 321
40 389
40 444
40 556
40 595
40 741
40 964
40 992
41 58
41 59
41 75
41 83
41 146
41 212
41 324
41 386
41 387
41 392
41 446
41 515
41 526
41 596
41 694
41 714
41 734
41 808
41 833
41 890
41 918
41 991
42 52
42 92
42 96
42 172
42 182
42 187
42 272
42 293
42 371
42 377
42 424
42 464
42 520
42 527
42 562
42 601
42 606
42 656
42 682
42 714
42 747
42 817
42 954
42 966
43 46
43 47
43 71
43 88
43 90
43 128
43 132
43 140
43 206
43 242
43 293
43 300
43 308
43 349
43 354
43 366
43 436
43 453
43 499
43 516
43 630
43 651
43 658
43 661
43 686
43 714
43 735
43 738
43 760
43 777
43 786
43 815
43 824
43 842
43 845
43 857
43 883
43 894
43 895
43 896
43 904
43 966
43 971
43 991
44 81
44 142
44 176
44 240
44 405
44 432
44 445
44 495
44 508
44 538
44 540
44 619
44 650
44 659
44 697
44 900
44 977
45 65
45 147
45 159
45 161
45 180
45 182
45 193
45 208
45 283
45 334
45 373
45 431
45 450
45 492
45 675
45 698
45 861
45 879
45 907
45 910
45 931
45 948
46 62
46 89
46 178
46 234
46 247
46 253
46 277
46 361
46 371
46 456
46 467
46 470
46 506
46 540
46 572
46 683
46 755
46 802
46 817
46 927
46 932
46 977
46 984
47 54
47 124
47 143
47 183
47 223
47 225
47 275
47 331
47 486
47 821
47 912
48 74
48 124
48 137
48 143
48 219
48 456
48 537
48 637
48 733
48 765
48 777
48 802
48 971
48 991
49 178
49 214
49 290
49 349
49 356
49 357
49 371
49 411
49 539
49 559
49 633
49 663
49 682
49 738
49 768
49 884
49 898
49 916
49 976
50 60
50 90
50 279
50 295
50 536
50 615
50 616
50 651
50 684
50 687
50 690
50 697
50 724
50 765
50 900
50 905
50 963
50 989
51 182
51 188
51 233
51 240
51 263
51 268
51 322
51 324
51 331
51 360
51 462
51 466
51 511
51 536
51 547
51 567
51 594
51 602
51 656
51 667
51 685
51 689
51 708
51 748
51 749
51 797
51 906
51 925
51 936
51 962
52 103
52 118
52 129
52 189
52 193
52 209
52 241
52 291
52 303
52 320
52 333
52 367
52 402
52 407
52 415
52 416
52 420
52 439
52 564
52 587
52 649
52 673
52 686
52 734
52 748
52 786
52 816
52 818
52 844
52 847
52 867
52 939
52 944
52 972
52 987
53 181
53 192
53 209
53 304
53 360
53 368
53 399
53 417
53 590
53 595
53 615
53 904
53 981
53 997
54 179
54 180
54 193
54 279
54 333
54 374
54 459
54 467
54 510
54 520
54 576
54 677
54 761
54 802
54 807
54 814
54 821
54 886
54 902
55 98
55 113
55 180
55 182
55 199
55 209
55 276
55 316
55 357
55 438
55 457
55 577
55 631
55 636
55 673
55 740
55 793
55 850
55 868
55 890
55 911
55 934
56 114
56 270
56 275
56 309
56 315
56 416
56 429
56 431
56 478
56 488
56 529
56 592
56 595
56 630
56 694
56 700
56 881
56 929
56 948
56 976
56 978
56 992
56 997
57 72
57 132
57 182
57 187
57 200
57 337
57 394
57 446
57 459
57 494
57 585
57 734
57 740
57 808
57 850
57 857
57 881
57 932
58 62
58 122
58 156
58 207
58 225
58 242
58 267
58 293
58 320
58 324
58 326
58 328
58 337
58 342
58 352
58 372
58 374
58 391
58 428
58 476
58 492
58 498
58 540
58 547
58 548
58 579
58 581
58 597
58 626
58 630
58 693
58 716
58 720
58 732
58 744
58 758
58 771
58 809
58 840
58 858
58 916
58 929
58 932
58 972
58 978
59 77
59 95
59 162
59 199
59 244
59 300
59 306
59 538
59 560
59 635
59 722
59 831
59 840
59 890
59 907
59 909
60 72
60 109
60 142
60 184
60 185
60 233
60 235
60 249
60 267
60 298
60 299
60 327
60 329
60 380
60 426
60 435
60 626
60 630
60 634
60 727
60 749
60 806
60 840
60 879
60 928
60 995
61 165
61 274
61 319
61 321
61 485
61 630
61 633
61 675
61 713
61 768
61 796
61 835
61 889
61 896
61 919
62 157
62 171
62 320
62 345
62 494
62 548
62 550
62 695
62 709
62 719
62 730
62 867
62 897
62 953
63 173
63 196
63 240
63 268
63 289
63 295
63 377
63 525
63 530
63 580
63 603
63 615
63 643
63 704
63 743
63 898
63 931
64 149
64 152
64 206
64 385
64 410
64 769
64 803
64 872
64 910
64 926
64 951
65 115
65 158
65 168
65 195
65 203
65 207
65 244
65 252
65 261
65 292
65 314
65 318
65 339
65 357
65 358
65 395
65 407
65 415
65 446
65 451
65 483
65 488
65 497
65 526
65 540
65 567
65 568
65 584
65 649
65 651
65 680
65 707
65 719
65 782
65 786
65 789
65 826
65 865
65 867
65 875
65 884
65 932
65 942
66 142
66 150
66 170
66 356
66 408
66 448
66 575
66 651
66 658
66 678
66 707
66 814
66 824
66 833
66 841
66 973
67 102
67 117
67 219
67 226
67 245
67 344
67 360
67 459
67 506
67 637
67 670
67 759
67 798
67 848
67 852
67 947
67 975
68 193
68 199
68 215
68 243
68 280
68 312
68 323
68 326
68 328
68 354
68 405
68 465
68 486
68 508
68 560
68 596
68 643
68 670
68 693
68 753
68 813
68 848
68 895
68 903
68 918
68 933
68 941
69 121
69 151
69 192
69 199
69 334
69 492
69 531
69 558
69 630
69 653
69 706
69 727
69 783
69 881
69 895
70 95
70 291
70 368
70 402
70 639
70 666
70 673
70 681
70 682
70 791
70 916
70 978
71 84
71 102
71 136
71 199
71 295
71 341
71 385
71 391
71 407
71 468
71 617
71 654
71 884
71 891
71 902
71 906
71 917
71 943
72 90
72 112
72 121
72 165
72 182
72 210
72 218
72 225
72 240
72 272
72 297
72 351
72 369
72 373
72 376
72 388
72 448
72 460
72 478
72 480
72 498
72 505
72 510
72 514
72 578
72 607
72 646
72 650
72 651
72 690
72 709
72 719
72 742
72 753
72 764
72 775
72 778
72 798
72 815
72 823
72 894
72 925
72 931
72 966
72 996
73 82
73 126
73 190
73 194
73 202
73 226
73 237
73 243
73 260
73 275
73 375
73 413
73 417
73 462
73 636
73 743
73 796
73 819
73 908
74 227
74 256
74 258
74 283
74 348
74 356
74 368
74 381
74 467
74 502
74 517
74 531
74 607
74 612
74 617
74 643
74 661
74 665
74 674
74 676
74 687
74 688
74 705
74 756
74 770
74 802
74 878
74 919
75 265
75 351
75 483
75 511
75 637
75 654
75 671
75 682
75 733
75 754
75 807
75 869
75 920
76 80
76 146
76 260
76 441
76 514
76 621
76 666
76 711
76 712
76 820
76 957
76 992
77 106
77 159
77 193
77 236
77 239
77 240
77 241
77 257
77 287
77 369
77 378
77 383
77 388
77 403
77 462
77 463
77 475
77 506
77 521
77 560
77 579
77 606
77 607
77 638
77 696
77 710
77 750
77 810
77 819
77 833
77 869
77 877
77 881
77 925
77 926
77 938
77 961
77 968
77 971
78 308
78 477
78 478
78 525
78 627
78 631
78 778
78 785
78 831
78 871
78 895
78 973
79 100
79 168
79 193
79 225
79 244
79 261
79 313
79 409
79 436
79 486
79 550
79 586
79 763
79 881
79 907
79 908
79 949
79 953
80 171
80 179
80 236
80 245
80 284
80 505
80 553
80 579
80 637
80 669
80 737
80 778
80 824
80 854
80 932
80 948
81 106
81 118
81 182
81 207
81 214
81 226
81 236
81 245
81 303
81 358
81 377
81 622
81 661
81 670
81 682
81 738
81 829
81 848
81 979
81 982
81 1000
82 97
82 109
82 112
82 119
82 291
82 323
82 627
82 637
82 792
82 819
82 917
82 932
83 187
83 252
83 279
83 288
83 311
83 424
83 437
83 459
83 576
83 597
83 637
83 650
83 684
83 714
83 748
83 755
83 756
83 786
83 807
83 828
83 869
83 884
83 897
83 917
84 193
84 213
84 351
84 386
84 534
84 684
84 742
84 859
84 890
84 902
84 910
85 106
85 108
85 164
85 214
85 234
85 533
85 653
85 663
85 755
85 775
85 816
85 817
85 881
85 908
86 132
86 265
86 283
86 415
86 435
86 445
86 449
86 547
86 562
86 633
86 757
86 812
86 830
87 284
87 287
87 456
87 542
87 554
87 579
87 672
87 681
87 688
87 709
87 755
87 877
87 929
87 987
87 992
88 196
88 210
88 218
88 254
88 255
88 267
88 273
88 289
88 303
88 314
88 386
88 391
88 454
88 459
88 543
88 563
88 597
88 643
88 664
88 667
88 674
88 676
88 711
88 719
88 805
88 864
88 924
88 934
88 961
89 140
89 191
89 318
89 345
89 387
89 431
89 630
89 696
89 843
89 848
89 953
89 958
90 102
90 112
90 155
90 190
90 207
90 232
90 240
90 289
90 309
90 332
90 368
90 376
90 434
90 443
90 474
90 505
90 509
90 515
90 520
90 525
90 560
90 589
90 627
90 651
90 742
90 747
90 761
90 798
90 801
90 823
90 861
90 862
90 921
90 951
90 979
90 995
91 126
91 137
91 226
91 228
91 229
91 251
91 420
91 457
91 489
91 499
91 521
91 534
91 576
91 597
91 685
91 712
91 742
91 777
91 784
91 811
91 820
91 893
91 921
91 996
92 97
92 306
92 381
92 456
92 579
92 584
92 628
92 689
92 861
93 102
93 118
93 123
93 131
93 143
93 163
93 183
93 230
93 333
93 382
93 506
93 592
93 631
93 747
93 765
93 785
93 819
93 845
93 846
93 853
93 860
93 924
94 180
94 195
94 205
94 208
94 258
94 269
94 331
94 399
94 454
94 459
94 520
94 538
94 577
94 748
94 821
94 837
94 896
94 906
94 908
94 996
95 104
95 107
95 118
95 152
95 159
95 193
95 204
95 211
95 224
95 236
95 270
95 294
95 297
95 309
95 314
95 349
95 359
95 361
95 362
95 380
95 393
95 406
95 408
95 418
95 437
95 441
95 492
95 513
95 542
95 551
95 585
95 604
95 618
95 629
95 664
95 689
95 698
95 702
95 711
95 734
95 735
95 863
95 879
95 894
95 923
95 934
96 183
96 205
96 266
96 297
96 316
96 336
96 410
96 425
96 453
96 456
96 474
96 555
96 558
96 566
96 627
96 665
96 687
96 719
96 721
96 740
96 818
96 845
96 881
96 913
96 973
97 127
97 190
97 294
97 295
97 306
97 327
97 416
97 615
97 807
97 906
97 959
98 101
98 211
98 233
98 244
98 278
98 296
98 314
98 342
98 476
98 519
98 704
98 711
98 746
98 821
98 826
98 848
98 897
98 913
98 954
98 993
99 117
99 160
99 200
99 351
99 437
99 625
99 626
99 642
99 687
99 863
100 104
100 132
100 145
100 166
100 192
100 215
100 230
100 245
100 250
100 257
100 258
100 277
100 280
100 281
100 283
100 305
100 323
100 387
100 405
100 410
100 435
100 437
100 446
100 485
100 495
100 526
100 588
100 626
100 631
100 655
100 683
100 717
100 725
100 737
100 744
100 767
100 804
100 830
100 839
100 921
100 938
100 953
100 987
100 994
100 1000
101 175
101 240
101 315
101 404
101 436
101 456
101 490
101 506
101 520
101 572
101 574
101 580
101 606
101 804
101 872
101 932
101 947
102 137
102 162
102 171
102 177
102 193
102 197
102 200
102 243
102 373
102 382
102 402
102 415
102 474
102 487
102 514
102 526
102 560
102 599
102 628
102 633
102 642
102 645
102 739
102 796
102 836
102 837
102 845
102 889
102 986
102 998
103 138
103 183
103 210
103 211
103 326
103 351
103 431
103 491
103 613
103 800
103 887
103 890
103 904
103 917
103 987
104 124
104 191
104 203
104 256
104 370
104 546
104 558
104 606
104 761
104 867
104 869
104 894
104 992
105 247
105 254
105 293
105 345
105 371
105 580
105 619
105 690
105 723
105 741
105 884
105 898
105 899
105 919
106 317
106 323
106 324
106 355
106 363
106 447
106 501
106 519
106 546
106 584
106 601
106 635
106 667
106 757
106 775
106 794
106 830
106 910
106 991
106 993
107 179
107 182
107 239
107 356
107 379
107 403
107 507
107 518
107 541
107 549
107 562
107 683
107 953
108 172
108 432
108 475
108 597
108 616
108 798
108 811
108 817
108 968
108 980
109 182
109 213
109 280
109 289
109 303
109 320
109 334
109 394
109 402
109 454
109 477
109 509
109 549
109 615
109 643
109 674
109 790
109 798
109 799
109 849
109 868
110 133
110 149
110 168
110 174
110 203
110 210
110 242
110 268
110 280
110 289
110 472
110 494
110 655
110 659
110 681
110 697
110 766
110 800
110 801
110 830
110 902
110 908
110 919
111 194
111 247
111 381
111 403
111 413
111 430
111 503
111 672
111 684
111 762
111 910
111 919
111 936
111 949
112 119
112 129
112 169
112 175
112 218
112 240
112 342
112 350
112 362
112 376
112 393
112 409
112 448
112 464
112 478
112 501
112 505
112 525
112 537
112 541
112 543
112 573
112 578
112 629
112 668
112 670
112 699
112 709
112 723
112 742
112 761
112 774
112 798
112 816
112 823
112 832
112 852
112 861
112 925
112 953
113 252
113 301
113 324
113 387
113 408
113 409
113 465
113 526
113 676
113 706
113 715
113 734
113 744
113 748
113 783
113 846
113 857
113 969
113 973
113 998
114 139
114 191
114 226
114 255
114 333
114 403
114 406
114 473
114 511
114 527
114 631
114 638
114 675
114 707
114 736
114 740
114 766
114 874
114 889
114 961
114 965
115 162
115 176
115 188
115 309
115 365
115 368
115 591
115 680
115 696
115 908
116 148
116 509
116 557
116 591
116 597
116 765
116 819
116 889
116 911
116 914
116 932
117 159
117 197
117 364
117 420
117 437
117 482
117 560
117 566
117 596
117 638
117 744
117 745
117 747
117 847
117 908
117 975
118 130
118 133
118 170
118 171
118 187
118 241
118 248
118 260
118 315
118 325
118 373
118 408
118 433
118 453
118 465
118 483
118 554
118 591
118 676
118 711
118 727
118 738
118 793
118 805
118 826
118 833
118 859
118 865
118 866
118 882
118 886
118 901
118 918
118 944
118 967
118 975
118 983
119 133
119 140
119 149
119 163
119 166
119 190
119 193
119 239
119 262
119 285
119 287
119 297
119 307
119 329
119 330
119 333
119 384
119 400
119 440
119 442
119 454
119 504
119 517
119 521
119 522
119 535
119 536
119 550
119 557
119 568
119 569
119 593
119 598
119 668
119 686
119 704
119 756
119 787
119 796
119 807
119 823
119 836
119 840
119 855
119 881
119 886
119 911
119 942
119 954
119 963
119 971
120 145
120 332
120 382
120 501
120 506
120 511
120 557
120 699
120 775
120 869
120 993
121 129
121 145
121 216
121 233
121 366
121 370
121 375
121 429
121 459
121 488
121 490
121 520
121 527
121 567
121 579
121 860
121 874
121 917
121 967
122 206
122 393
122 601
122 695
122 770
122 803
122 848
122 869
122 890
122 900
122 979
123 140
123 145
123 176
123 253
123 318
123 336
123 474
123 531
123 589
123 629
123 631
123 710
123 714
123 736
123 751
123 796
123 856
124 296
124 333
124 337
124 354
124 375
124 382
124 432
124 443
124 482
124 551
124 576
124 604
124 610
124 675
124 691
124 722
124 726
124 729
124 734
124 755
124 782
124 815
124 846
124 892
124 908
124 934
124 965
124 972
124 983
125 219
125 240
125 324
125 349
125 369
125 373
125 482
125 556
125 594
125 605
125 668
125 789
125 846
125 976
126 189
126 204
126 259
126 297
126 378
126 383
126 427
126 432
126 524
126 591
126 653
126 663
126 669
126 681
126 709
126 714
126 755
126 775
126 794
126 815
126 819
126 841
126 972
126 989
127 169
127 234
127 250
127 255
127 357
127 361
127 384
127 505
127 520
127 588
127 597
127 630
127 671
127 682
127 685
127 707
127 860
127 876
127 881
127 922
127 951
128 137
128 146
128 182
128 202
128 260
128 362
128 410
128 456
128 495
128 523
128 525
128 591
128 651
128 718
128 731
128 769
129 183
129 194
129 226
129 227
129 330
129 351
129 377
129 382
129 413
129 443
129 475
129 488
129 490
129 563
129 578
129 583
129 630
129 656
129 667
129 670
129 673
129 791
129 798
129 898
129 902
130 145
130 252
130 259
130 386
130 436
130 446
130 476
130 700
130 845
130 878
130 935
130 966
130 972
130 986
131 284
131 306
131 330
131 420
131 460
131 471
131 487
131 495
131 615
131 675
131 766
131 813
131 855
131 897
131 928
131 976
131 984
132 170
132 175
132 222
132 351
132 359
132 373
132 438
132 676
132 799
132 819
132 890
132 925
132 941
132 957
132 972
132 976
132 986
133 172
133 199
133 200
133 209
133 247
133 266
133 375
133 417
133 546
133 578
133 589
133 595
133 705
133 707
133 754
133 803
133 850
133 998
134 174
134 182
134 187
134 236
134 267
134 299
134 313
134 330
134 334
134 400
134 412
134 436
134 445
134 465
134 479
134 496
134 524
134 527
134 532
134 549
134 558
134 615
134 617
134 648
134 649
134 677
134 696
134 699
134 749
134 769
134 794
134 821
134 889
134 900
134 966
134 971
134 987
134 988
135 356
135 392
135 437
135 592
135 594
135 665
135 748
135 801
135 898
135 949
136 142
136 175
136 282
136 291
136 306
136 332
136 358
136 386
136 417
136 530
136 555
136 578
136 597
136 719
137 197
137 211
137 243
137 277
137 390
137 411
137 413
137 447
137 452
137 521
137 628
137 689
137 725
137 765
137 777
137 811
137 909
137 953
138 206
138 492
138 525
138 527
138 540
138 769
138 880
138 954
138 978
139 186
139 195
139 197
139 202
139 213
139 309
139 395
139 416
139 435
139 450
139 492
139 531
139 576
139 588
139 616
139 667
139 790
140 224
140 232
140 282
140 285
140 287
140 368
140 403
140 421
140 435
140 451
140 569
140 595
140 738
140 748
140 815
140 846
140 876
140 953
140 978
141 209
141 296
141 331
141 333
141 337
141 481
141 673
141 693
141 765
141 931
141 978
142 147
142 161
142 164
142 196
142 262
142 279
142 324
142 326
142 357
142 378
142 383
142 508
142 517
142 579
142 628
142 656
142 688
142 703
142 772
142 810
142 890
142 908
142 942
142 950
143 164
143 270
143 288
143 293
143 307
143 320
143 354
143 364
143 399
143 414
143 455
143 584
143 588
143 611
143 676
143 702
143 719
143 757
143 776
143 782
143 799
143 834
143 837
143 847
143 905
143 909
143 916
143 970
144 149
144 159
144 235
144 305
144 407
144 513
144 521
144 655
144 670
144 699
144 935
145 179
145 198
145 238
145 289
145 296
145 302
145 323
145 358
145 367
145 396
145 500
145 519
145 591
145 609
145 626
145 660
145 674
145 724
145 775
145 791
145 830
145 850
145 879
145 928
145 930
145 970
145 994
146 180
146 234
146 242
146 358
146 481
146 505
146 572
146 622
146 658
146 715
146 757
146 923
146 967
147 156
147 169
147 177
147 209
147 233
147 299
147 332
147 452
147 490
147 507
147 531
147 622
147 641
147 676
147 681
147 730
147 737
147 745
147 753
147 759
147 774
147 852
147 886
147 888
147 915
147 932
148 177
148 212
148 291
148 332
148 359
148 484
148 486
148 577
148 779
148 809
148 845
148 931
148 957
149 179
149 182
149 187
149 240
149 292
149 389
149 408
149 681
149 710
149 805
149 817
149 905
149 936
149 984
150 159
150 246
150 252
150 282
150 285
150 355
150 369
150 384
150 470
150 626
150 653
150 734
150 738
150 904
150 920
151 190
151 214
151 244
151 319
151 354
151 387
151 393
151 430
151 434
151 436
151 486
151 758
151 769
151 820
151 842
151 923
151 928
151 937
151 942
152 189
152 278
152 334
152 432
152 459
152 477
152 482
152 508
152 518
152 545
152 639
152 651
152 711
152 740
152 762
152 872
152 998
153 160
153 162
153 187
153 219
153 289
153 317
153 326
153 359
153 428
153 448
153 602
153 608
153 629
153 638
153 684
153 689
153 772
153 775
153 782
153 812
153 822
153 833
153 838
153 942
153 953
154 191
154 238
154 288
154 297
154 303
154 340
154 368
154 374
154 375
154 411
154 417
154 428
154 445
154 493
154 499
154 526
154 540
154 551
154 569
154 578
154 600
154 631
154 662
154 692
154 715
154 742
154 748
154 749
154 753
154 799
154 824
154 965
154 969
155 160
155 191
155 194
155 196
155 210
155 289
155 297
155 303
155 326
155 335
155 358
155 407
155 430
155 459
155 497
155 523
155 608
155 641
155 643
155 724
155 792
155 799
155 864
155 890
155 893
155 916
155 962
156 214
156 392
156 490
156 525
156 651
156 681
156 691
156 805
156 837
156 894
156 935
156 976
156 991
157 183
157 278
157 280
157 447
157 467
157 484
157 517
157 523
157 597
157 619
157 662
157 691
157 714
157 718
157 731
157 732
157 749
157 846
157 917
158 216
158 219
158 236
158 291
158 321
158 488
158 505
158 708
158 772
158 778
158 871
158 942
158 959
159 179
159 240
159 273
159 387
159 442
159 449
159 535
159 546
159 579
159 598
159 625
159 666
159 673
159 682
159 686
159 724
159 735
159 760
159 792
159 795
159 803
159 824
159 849
159 859
159 881
159 956
160 164
160 194
160 235
160 270
160 280
160 288
160 293
160 372
160 399
160 417
160 429
160 438
160 528
160 577
160 580
160 594
160 629
160 637
160 710
160 755
160 819
160 828
160 975
160 987
160 991
161 171
161 173
161 191
161 341
161 349
161 385
161 386
161 586
161 594
161 616
161 617
161 652
161 681
161 719
161 763
161 789
161 824
161 897
161 898
161 951
162 221
162 240
162 308
162 326
162 383
162 407
162 458
162 459
162 508
162 514
162 539
162 650
162 664
162 814
162 817
162 869
162 878
162 906
162 938
162 953
162 960
162 972
162 985
162 986
163 240
163 312
163 330
163 348
163 402
163 417
163 489
163 506
163 531
163 560
163 568
163 606
163 710
163 762
163 828
163 837
163 845
163 856
163 1000
164 203
164 222
164 225
164 270
164 293
164 308
164 319
164 324
164 338
164 362
164 394
164 399
164 402
164 431
164 432
164 461
164 487
164 509
164 537
164 584
164 608
164 644
164 656
164 674
164 679
164 698
164 718
164 747
164 778
164 782
164 789
164 881
164 886
164 905
164 921
164 976
164 987
165 167
165 259
165 260
165 301
165 510
165 585
165 701
165 817
165 989
166 294
166 308
166 323
166 325
166 335
166 468
166 504
166 541
166 591
166 599
166 603
166 683
166 775
166 826
166 906
166 919
166 938
167 227
167 403
167 409
167 436
167 454
167 561
167 576
167 586
167 707
167 876
167 902
167 954
168 172
168 179
168 186
168 317
168 339
168 360
168 438
168 443
168 526
168 579
168 592
168 601
168 611
168 629
168 668
168 768
168 776
168 784
168 790
168 827
168 875
168 881
168 919
168 923
169 200
169 209
169 319
169 369
169 765
169 834
169 942
169 947
169 965
169 998
170 196
170 213
170 356
170 371
170 435
170 443
170 468
170 475
170 629
170 637
170 688
170 717
170 746
170 768
170 817
170 837
170 860
170 982
170 992
171 197
171 205
171 244
171 319
171 339
171 349
171 351
171 409
171 417
171 434
171 450
171 592
171 676
171 683
171 717
171 729
171 752
171 757
171 786
171 944
171 948
171 973
172 186
172 201
172 206
172 217
172 221
172 275
172 284
172 314
172 316
172 394
172 433
172 465
172 483
172 500
172 504
172 530
172 546
172 616
172 631
172 640
172 668
172 696
172 707
172 760
172 764
172 792
172 813
172 869
172 882
172 884
172 923
172 925
172 928
172 940
172 961
173 204
173 245
173 391
173 457
173 484
173 555
173 586
173 631
173 677
173 717
173 825
173 837
173 881
173 894
173 966
173 968
173 973
173 987
174 222
174 256
174 294
174 332
174 349
174 376
174 459
174 539
174 565
174 583
174 613
174 719
174 744
174 819
174 884
174 942
175 201
175 468
175 472
175 534
175 595
175 715
175 734
175 771
175 798
176 183
176 226
176 245
176 273
176 471
176 489
176 506
176 554
176 615
176 689
176 807
176 809
176 847
176 929
176 950
176 973
176 986
177 186
177 351
177 360
177 361
177 373
177 412
177 423
177 456
177 483
177 497
177 513
177 574
177 654
177 681
177 767
177 823
177 846
177 937
177 968
177 996
178 213
178 350
178 403
178 429
178 487
178 637
178 690
178 710
178 714
178 835
178 856
178 885
179 198
179 213
179 222
179 244
179 262
179 283
179 304
179 327
179 333
179 337
179 420
179 422
179 427
179 449
179 480
179 490
179 537
179 576
179 579
179 583
179 594
179 611
179 631
179 635
179 673
179 677
179 679
179 778
179 785
179 788
179 802
179 903
179 978
180 187
180 309
180 320
180 431
180 436
180 439
180 468
180 486
180 572
180 610
180 639
180 700
180 706
180 897
180 913
180 940
180 945
180 948
181 239
181 308
181 325
181 364
181 369
181 452
181 477
181 484
181 530
181 544
181 553
181 594
181 644
181 753
181 764
181 773
181 774
181 789
181 877
181 902
181 942
181 972
182 198
182 208
182 216
182 221
182 236
182 246
182 248
182 258
182 269
182 332
182 345
182 357
182 403
182 444
182 470
182 498
182 526
182 562
182 572
182 582
182 608
182 667
182 683
182 689
182 713
182 744
182 766
182 779
182 791
182 815
182 817
182 828
182 833
182 835
182 841
182 853
182 873
182 876
182 897
182 930
182 942
182 943
182 946
182 970
183 228
183 290
183 300
183 306
183 320
183 344
183 347
183 367
183 408
183 429
183 443
183 458
183 468
183 509
183 531
183 551
183 682
183 742
183 753
183 761
183 766
183 776
183 856
183 933
183 969
183 978
183 989
184 331
184 349
184 432
184 691
184 715
184 781
184 891
184 905
184 910
184 916
184 919
184 934
184 949
184 981
184 999
185 219
185 456
185 514
185 557
185 566
185 647
185 675
185 738
185 788
185 826
185 843
185 930
185 938
186 256
186 264
186 310
186 320
186 349
186 392
186 486
186 497
186 540
186 595
186 634
186 670
186 685
186 691
186 705
186 890
186 897
186 940
186 978
187 189
187 279
187 331
187 444
187 450
187 494
187 537
187 566
187 620
187 648
187 684
187 729
187 812
187 880
188 239
188 279
188 319
188 364
188 410
188 442
188 474
188 523
188 589
188 631
188 635
188 655
188 669
188 680
188 697
188 700
188 758
188 765
188 768
188 772
188 817
188 839
188 914
188 961
188 962
189 204
189 220
189 233
189 316
189 427
189 436
189 451
189 526
189 540
189 556
189 589
189 591
189 621
189 644
189 687
189 729
189 734
189 750
189 755
189 772
189 812
189 815
189 839
189 865
190 206
190 235
190 315
190 441
190 486
190 529
190 531
190 537
190 548
190 554
190 572
190 594
190 619
190 632
190 654
190 682
190 749
190 787
190 797
190 805
190 844
190 890
190 892
190 906
190 910
190 934
190 953
190 968
190 976
191 223
191 341
191 468
191 474
191 594
191 651
191 710
191 711
191 715
191 719
191 753
191 808
191 904
191 948
191 970
191 977
192 238
192 253
192 345
192 395
192 436
192 495
192 616
192 758
192 759
192 812
192 967
193 225
193 246
193 263
193 311
193 314
193 341
193 359
193 366
193 390
193 409
193 413
193 420
193 434
193 435
193 482
193 508
193 524
193 577
193 581
193 588
193 606
193 656
193 661
193 669
193 676
193 707
193 713
193 718
193 787
193 827
193 845
193 949
193 953
193 970
193 985
193 991
194 199
194 205
194 222
194 247
194 278
194 279
194 329
194 342
194 390
194 413
194 421
194 426
194 434
194 458
194 508
194 628
194 630
194 636
194 643
194 802
194 836
194 937
194 985
195 245
195 254
195 314
195 332
195 410
195 412
195 442
195 562
195 576
195 642
195 656
195 723
195 737
195 743
195 819
195 835
195 884
196 210
196 278
196 288
196 289
196 303
196 334
196 381
196 410
196 420
196 445
196 627
196 643
196 664
196 675
196 697
196 864
196 925
196 946
196 989
197 228
197 238
197 239
197 245
197 283
197 360
197 447
197 536
197 548
197 595
197 774
197 794
197 818
197 823
197 845
197 873
197 887
197 952
197 968
197 978
197 999
198 219
198 261
198 426
198 433
198 446
198 468
198 476
198 479
198 495
198 534
198 610
198 652
198 673
198 684
198 693
198 731
198 747
198 777
198 798
198 837
198 857
198 939
198 954
198 993
199 202
199 210
199 215
199 219
199 261
199 265
199 289
199 313
199 320
199 330
199 335
199 345
199 360
199 363
199 400
199 408
199 420
199 423
199 442
199 450
199 463
199 490
199 491
199 506
199 507
199 582
199 593
199 710
199 721
199 750
199 755
199 807
199 850
199 856
199 862
199 885
199 889
199 947
199 953
199 965
199 967
200 219
200 245
200 255
200 318
200 423
200 446
200 530
200 556
200 648
200 678
200 740
200 775
200 834
200 942
201 213
201 284
201 345
201 351
201 360
201 408
201 410
201 411
201 437
201 468
201 532
201 564
201 583
201 610
201 631
201 634
201 699
201 707
201 718
201 719
201 728
201 739
201 740
201 859
201 953
202 213
202 214
202 236
202 267
202 274
202 304
202 310
202 313
202 340
202 376
202 387
202 402
202 457
202 480
202 502
202 504
202 582
202 626
202 635
202 659
202 687
202 839
202 907
202 910
202 911
202 924
202 934
202 956
203 265
203 281
203 304
203 376
203 416
203 436
203 529
203 624
203 660
203 662
203 688
203 709
203 710
203 723
203 740
203 791
203 876
203 948
204 221
204 291
204 315
204 468
204 486
204 554
204 580
204 634
204 683
204 695
204 866
205 240
205 287
205 322
205 356
205 382
205 391
205 411
205 436
205 465
205 498
205 502
205 571
205 677
205 681
205 687
205 709
205 715
205 729
205 744
205 781
205 790
205 808
205 810
205 864
205 880
205 885
205 894
205 934
205 944
205 949
206 260
206 272
206 285
206 301
206 302
206 308
206 318
206 324
206 328
206 342
206 360
206 372
206 406
206 425
206 456
206 468
206 488
206 541
206 548
206 551
206 564
206 585
206 586
206 599
206 604
206 617
206 625
206 627
206 665
206 728
206 741
206 746
206 770
206 811
206 816
206 848
206 903
206 941
206 944
206 955
207 263
207 386
207 391
207 409
207 412
207 414
207 747
207 765
207 846
207 938
208 248
208 259
208 289
208 341
208 446
208 459
208 462
208 604
208 611
208 647
208 672
208 718
208 732
208 810
208 882
209 236
209 243
209 264
209 266
209 287
209 343
209 450
209 500
209 662
209 665
209 690
209 748
209 955
210 222
210 283
210 289
210 387
210 395
210 432
210 435
210 507
210 564
210 599
210 649
210 650
210 749
210 751
210 837
210 862
211 266
211 360
211 376
211 401
211 459
211 494
211 661
211 671
211 681
211 704
211 740
211 743
211 792
211 812
211 819
211 940
212 238
212 319
212 322
212 346
212 411
212 421
212 448
212 451
212 579
212 648
212 676
212 738
212 850
212 857
212 868
212 879
212 922
212 953
212 967
213 221
213 234
213 235
213 261
213 276
213 294
213 308
213 372
213 387
213 396
213 421
213 469
213 473
213 479
213 486
213 506
213 534
213 549
213 562
213 625
213 627
213 651
213 687
213 703
213 706
213 714
213 730
213 857
213 868
213 881
213 916
213 942
213 947
213 992
214 254
214 350
214 368
214 401
214 522
214 534
214 574
214 627
214 634
214 674
214 703
214 767
214 804
214 818
214 827
214 841
214 941
214 972
215 225
215 301
215 323
215 369
215 432
215 465
215 476
215 491
215 578
215 606
215 636
215 654
215 855
215 898
215 926
215 980
215 983
216 304
216 471
216 616
216 703
216 759
216 789
216 817
216 819
216 885
216 944
216 964
217 284
217 345
217 348
217 360
217 408
217 413
217 428
217 482
217 494
217 523
217 526
217 631
217 632
217 682
217 696
217 718
217 731
217 966
217 979
218 229
218 240
218 269
218 346
218 355
218 376
218 387
218 410
218 427
218 478
218 492
218 505
218 525
218 566
218 650
218 675
218 688
218 705
218 740
218 742
218 764
218 776
218 793
218 806
218 823
218 847
218 875
218 902
218 946
218 996
219 237
219 252
219 279
219 284
219 294
219 310
219 314
219 333
219 374
219 404
219 422
219 431
219 435
219 472
219 480
219 529
219 571
219 592
219 627
219 632
219 648
219 653
219 664
219 719
219 723
219 746
219 748
219 761
219 779
219 791
219 813
219 814
219 840
219 890
219 908
219 932
219 937
219 957
219 982
219 985
219 999
220 253
220 292
220 319
220 345
220 371
220 424
220 464
220 470
220 480
220 579
220 596
220 603
220 616
220 650
220 660
220 705
220 738
220 870
220 908
220 910
220 949
221 257
221 395
221 422
221 446
221 596
221 619
221 643
221 654
221 661
221 671
221 713
221 819
221 867
221 915
222 255
222 269
222 270
222 272
222 283
222 288
222 293
222 299
222 321
222 329
222 360
222 380
222 394
222 407
222 461
222 472
222 515
222 542
222 559
222 560
222 573
222 578
222 583
222 584
222 636
222 641
222 647
222 651
222 782
222 934
222 966
222 970
222 987
223 287
223 353
223 355
223 407
223 458
223 566
223 588
223 772
223 882
223 885
223 909
223 961
224 342
224 396
224 458
224 466
224 616
224 664
224 716
224 749
224 768
224 776
224 809
224 932
224 966
224 997
225 239
225 266
225 297
225 409
225 410
225 474
225 477
225 548
225 574
225 585
225 631
225 660
225 758
225 778
225 779
225 884
225 939
225 958
225 970
226 232
226 236
226 294
226 359
226 417
226 467
226 499
226 550
226 610
226 627
226 729
226 730
226 837
226 844
226 869
226 908
226 933
226 993
226 995
227 250
227 332
227 337
227 377
227 449
227 467
227 737
227 794
227 834
227 869
227 905
227 908
227 922
227 929
227 941
228 324
228 348
228 402
228 419
228 425
228 430
228 468
228 488
228 492
228 521
228 631
228 696
228 715
228 722
228 753
228 786
228 803
228 903
228 943
228 955
229 236
229 254
229 265
229 415
229 494
229 627
229 671
229 718
229 753
229 798
229 889
229 909
229 965
229 966
230 432
230 506
230 520
230 553
230 656
230 744
230 757
230 839
230 850
230 940
231 257
231 263
231 273
231 312
231 360
231 410
231 434
231 585
231 638
231 658
231 795
231 835
232 236
232 265
232 293
232 515
232 527
232 558
232 580
232 626
232 689
232 775
232 834
232 881
232 889
233 279
233 371
233 487
233 539
233 584
233 611
233 627
233 643
233 692
233 853
233 949
233 993
234 279
234 297
234 334
234 360
234 393
234 500
234 554
234 572
234 590
234 648
234 675
234 719
234 756
234 860
234 881
234 897
234 902
234 916
234 994
235 422
235 425
235 427
235 453
235 466
235 499
235 512
235 522
235 541
235 692
235 714
235 737
235 738
235 775
235 799
235 853
235 909
236 256
236 321
236 323
236 333
236 341
236 367
236 475
236 478
236 506
236 509
236 522
236 527
236 584
236 588
236 604
236 618
236 633
236 634
236 670
236 691
236 694
236 757
236 823
236 826
236 831
236 945
236 966
236 971
236 995
236 997
237 249
237 269
237 274
237 305
237 372
237 410
237 446
237 455
237 488
237 490
237 653
237 737
237 789
237 908
237 949
238 246
238 250
238 344
238 382
238 417
238 446
238 615
238 624
238 680
238 767
238 775
238 834
238 869
238 927
238 998
239 247
239 253
239 256
239 262
239 283
239 298
239 357
239 363
239 423
239 442
239 475
239 520
239 540
239 562
239 611
239 616
239 658
239 682
239 684
239 694
239 753
239 755
239 759
239 765
239 793
239 820
239 839
239 856
239 863
239 878
239 932
239 963
239 993
239 1000
240 243
240 251
240 278
240 360
240 363
240 366
240 376
240 388
240 401
240 505
240 525
240 532
240 550
240 562
240 616
240 644
240 657
240 660
240 687
240 691
240 698
240 701
240 708
240 709
240 720
240 742
240 790
240 798
240 812
240 823
240 861
240 880
241 338
241 428
241 639
241 669
241 689
241 715
241 821
241 861
241 934
241 935
241 953
241 968
242 319
242 456
242 548
242 595
242 636
242 646
242 683
242 820
242 845
242 981
243 251
243 269
243 278
243 314
243 353
243 469
243 474
243 487
243 509
243 545
243 560
243 584
243 616
243 638
243 654
243 679
243 685
243 690
243 697
243 722
243 747
243 783
243 865
243 872
243 875
243 878
243 893
243 911
243 967
243 995
244 258
244 308
244 326
244 341
244 403
244 406
244 446
244 504
244 559
244 566
244 684
244 686
244 731
244 744
244 766
244 783
244 820
244 848
244 909
244 922
244 926
244 930
245 248
245 250
245 258
245 272
245 274
245 276
245 284
245 329
245 380
245 487
245 556
245 563
245 589
245 597
245 598
245 629
245 652
245 706
245 777
245 846
245 850
245 864
245 901
245 923
245 942
245 945
245 978
245 1000
246 359
246 360
246 386
246 493
246 529
246 532
246 611
246 668
246 683
246 742
246 748
246 757
246 796
246 797
246 808
246 826
246 830
246 875
246 910
246 942
246 951
246 952
246 991
246 993
247 409
247 434
247 494
247 579
247 666
247 683
247 764
247 768
247 833
248 279
248 322
248 339
248 342
248 591
248 678
248 690
248 740
248 742
248 906
248 967
249 260
249 319
249 495
249 558
249 559
249 583
249 671
249 687
249 707
249 719
249 822
249 904
249 911
249 919
249 964
250 282
250 333
250 405
250 455
250 467
250 522
250 524
250 583
250 618
250 635
250 637
250 644
250 693
250 696
250 707
250 713
250 824
250 835
250 908
250 967
251 349
251 385
251 392
251 497
251 538
251 580
251 597
251 628
251 639
251 807
251 920
252 294
252 316
252 329
252 360
252 368
252 382
252 387
252 406
252 422
252 455
252 474
252 509
252 519
252 523
252 526
252 562
252 576
252 640
252 641
252 652
252 654
252 671
252 676
252 690
252 692
252 722
252 725
252 737
252 773
252 774
252 870
252 891
252 892
252 906
252 916
252 946
252 960
252 970
252 998
253 291
253 355
253 480
253 512
253 520
253 578
253 654
253 696
253 699
253 734
253 817
253 820
253 822
253 838
253 946
253 951
254 277
254 302
254 308
254 314
254 330
254 413
254 433
254 526
254 527
254 540
254 553
254 620
254 635
254 862
254 867
254 894
254 902
254 917
254 949
254 953
255 304
255 510
255 550
255 594
255 881
255 920
255 938
255 999
256 258
256 289
256 327
256 445
256 462
256 463
256 559
256 569
256 609
256 614
256 634
256 675
256 726
256 766
256 770
256 793
256 800
256 813
256 889
256 908
256 944
256 953
256 959
256 963
257 263
257 279
257 315
257 333
257 353
257 466
257 482
257 510
257 511
257 520
257 585
257 603
257 708
257 769
257 909
257 975
258 265
258 308
258 313
258 370
258 381
258 445
258 446
258 463
258 546
258 614
258 666
258 684
258 688
258 757
258 787
258 793
258 879
258 906
258 948
258 953
258 957
258 999
259 352
259 360
259 451
259 458
259 492
259 533
259 579
259 603
259 612
259 618
259 636
259 684
259 768
259 798
259 847
259 911
259 972
260 265
260 274
260 282
260 299
260 309
260 323
260 328
260 370
260 372
260 388
260 403
260 461
260 467
260 527
260 566
260 585
260 616
260 617
260 684
260 703
260 710
260 726
260 727
260 756
260 830
260 889
260 924
260 966
260 985
261 307
261 313
261 320
261 441
261 508
261 575
261 631
261 649
261 652
261 671
261 687
261 688
261 725
261 762
261 763
261 802
261 808
261 852
261 860
261 874
261 953
262 291
262 296
262 305
262 361
262 378
262 383
262 394
262 444
262 449
262 507
262 587
262 670
262 728
262 764
262 806
262 833
262 839
262 856
262 918
262 932
262 945
262 989
263 310
263 339
263 357
263 411
263 431
263 452
263 466
263 562
263 585
263 587
263 605
263 615
263 662
263 708
263 741
263 748
263 768
263 837
263 875
263 941
264 315
264 317
264 320
264 378
264 432
264 435
264 457
264 627
264 767
264 894
264 912
264 977
264 983
264 993
265 284
265 312
265 336
265 361
265 411
265 426
265 457
265 579
265 595
265 624
265 625
265 630
265 671
265 810
265 860
265 867
265 872
265 890
265 919
265 990
265 994
266 273
266 284
266 360
266 383
266 489
266 496
266 517
266 574
266 594
266 623
266 762
266 841
266 971
267 289
267 321
267 378
267 409
267 428
267 491
267 540
267 591
267 648
267 761
267 805
267 830
267 919
268 416
268 441
268 490
268 526
268 635
268 688
268 689
268 697
268 753
268 812
268 953
269 288
269 298
269 385
269 397
269 521
269 578
269 583
269 601
269 642
269 720
269 789
269 972
270 288
270 303
270 309
270 387
270 399
270 461
270 483
270 497
270 573
270 615
270 680
270 694
270 737
270 784
270 807
270 921
270 930
270 987
270 997
271 331
271 377
271 444
271 466
271 481
271 482
271 520
271 529
271 578
271 627
271 728
271 843
271 890
271 916
272 284
272 387
272 421
272 458
272 521
272 557
272 582
272 626
272 636
272 698
272 711
272 712
272 777
272 864
272 904
273 351
273 378
273 385
273 484
273 485
273 497
273 509
273 512
273 524
273 569
273 630
273 647
273 655
273 683
273 724
273 733
273 751
273 759
273 788
273 792
273 796
273 847
273 906
273 942
273 948
273 992
274 310
274 410
274 417
274 422
274 439
274 576
274 597
274 613
274 684
274 792
274 949
275 320
275 324
275 405
275 417
275 429
275 431
275 450
275 560
275 612
275 671
275 700
275 706
275 777
275 954
275 984
276 279
276 283
276 289
276 377
276 480
276 499
276 542
276 569
276 668
276 722
276 761
276 883
276 971
277 296
277 343
277 360
277 415
277 491
277 508
277 510
277 595
277 729
277 815
277 843
277 932
278 295
278 304
278 314
278 371
278 383
278 423
278 437
278 484
278 522
278 536
278 577
278 584
278 593
278 597
278 658
278 703
278 709
278 775
278 784
278 847
278 861
278 920
278 922
278 965
278 971
279 344
279 412
279 436
279 437
279 491
279 492
279 506
279 508
279 533
279 548
279 553
279 603
279 626
279 648
279 717
279 812
279 879
279 905
280 358
280 373
280 423
280 566
280 576
280 696
280 710
280 729
280 901
280 902
280 906
280 947
280 953
280 966
280 967
281 372
281 389
281 396
281 410
281 432
281 434
281 452
281 454
281 459
281 486
281 490
281 504
281 666
281 713
281 732
281 747
281 866
281 935
281 957
281 998
282 309
282 321
282 331
282 333
282 354
282 382
282 447
282 467
282 556
282 583
282 593
282 636
282 644
282 650
282 668
282 713
282 726
282 764
282 789
282 835
282 911
282 937
282 944
283 285
283 370
283 392
283 458
283 471
283 494
283 503
283 516
283 518
283 531
283 566
283 587
283 635
283 644
283 699
283 774
283 804
283 819
283 876
283 911
283 932
283 955
283 964
283 991
284 310
284 319
284 345
284 502
284 528
284 534
284 550
284 575
284 610
284 627
284 639
284 688
284 699
284 705
284 726
284 730
284 769
284 804
284 830
284 843
284 846
284 878
284 906
284 922
284 951
284 976
284 977
284 979
285 380
285 410
285 436
285 461
285 490
285 494
285 505
285 532
285 595
285 686
285 695
285 731
285 811
285 844
285 848
285 851
285 912
285 913
285 924
285 940
285 944
285 976
286 291
286 300
286 471
286 554
286 588
286 621
286 688
286 783
286 789
286 829
286 907
287 293
287 319
287 440
287 441
287 442
287 557
287 572
287 607
287 655
287 675
287 689
287 846
287 904
287 910
287 956
288 296
288 308
288 350
288 393
288 399
288 402
288 442
288 536
288 559
288 658
288 661
288 671
288 672
288 688
288 692
288 782
288 810
288 890
288 897
288 906
288 909
288 938
288 970
288 1000
289 339
289 350
289 502
289 578
289 579
289 593
289 605
289 673
289 674
289 714
289 715
289 787
289 805
289 883
289 919
289 957
289 979
290 314
290 377
290 438
290 470
290 577
290 738
290 739
290 756
290 819
290 846
290 859
291 297
291 310
291 344
291 383
291 384
291 388
291 467
291 469
291 471
291 527
291 563
291 568
291 569
291 622
291 624
291 646
291 675
291 787
291 845
291 877
291 1000
292 324
292 336
292 360
292 391
292 410
292 413
292 452
292 509
292 521
292 595
292 622
292 636
292 692
292 699
292 783
292 846
292 889
292 932
292 940
292 944
292 978
292 991
292 997
293 449
293 511
293 530
293 535
293 559
293 560
293 619
293 662
293 744
293 772
293 782
293 840
293 850
293 903
293 909
293 922
293 943
294 329
294 330
294 331
294 334
294 342
294 374
294 393
294 408
294 414
294 418
294 434
294 455
294 466
294 471
294 480
294 492
294 524
294 533
294 557
294 628
294 632
294 637
294 639
294 643
294 733
294 750
294 795
294 814
294 827
294 846
294 866
294 908
294 917
294 943
294 985
295 311
295 373
295 387
295 408
295 430
295 533
295 566
295 574
295 598
295 620
295 629
295 639
295 654
295 671
295 672
295 701
295 710
295 715
295 737
295 788
295 829
295 915
295 971
295 978
296 341
296 405
296 417
296 482
296 511
296 519
296 619
296 648
296 693
296 737
296 830
296 859
296 897
296 910
296 918
296 924
296 936
296 979
297 352
297 385
297 395
297 480
297 501
297 505
297 531
297 610
297 639
297 719
297 727
297 756
297 760
297 768
297 805
297 859
297 897
297 917
297 919
297 967
297 994
298 308
298 335
298 336
298 423
298 493
298 563
298 595
298 702
298 709
298 788
298 826
298 919
298 942
298 997
299 344
299 360
299 486
299 507
299 594
299 637
299 717
299 740
299 805
299 815
299 817
300 333
300 349
300 395
300 432
300 486
300 651
300 708
300 834
300 951
301 326
301 438
301 508
301 524
301 538
301 544
301 579
301 655
301 668
301 681
301 684
301 737
301 756
301 785
301 793
301 835
301 933
301 934
302 315
302 357
302 404
302 468
302 474
302 501
302 512
302 561
302 744
302 794
302 806
302 825
302 834
302 840
302 908
302 927
302 944
302 954
302 993
303 343
303 421
303 491
303 494
303 550
303 558
303 643
303 666
303 667
303 702
303 704
303 727
303 864
304 486
304 534
304 597
304 655
304 687
304 714
304 742
304 744
304 761
304 793
304 805
304 830
305 336
305 364
305 390
305 408
305 436
305 450
305 502
305 504
305 525
305 528
305 529
305 595
305 627
305 669
305 707
305 723
305 724
305 730
305 782
305 802
305 823
305 846
305 941
305 998
306 311
306 331
306 333
306 346
306 358
306 368
306 381
306 393
306 399
306 403
306 406
306 481
306 489
306 490
306 549
306 600
306 602
306 633
306 644
306 672
306 674
306 690
306 747
306 765
306 773
306 775
306 790
306 796
306 853
306 855
306 908
306 929
306 932
307 378
307 462
307 572
307 579
307 781
307 817
307 847
307 873
307 949
307 959
308 332
308 348
308 362
308 397
308 403
308 411
308 415
308 421
308 522
308 567
308 673
308 684
308 687
308 716
308 734
308 742
308 781
308 791
308 806
308 821
308 836
308 880
308 932
308 934
308 935
308 947
308 949
308 982
309 319
309 362
309 377
309 431
309 488
309 540
309 690
309 696
309 700
309 706
309 885
309 905
309 948
309 975
309 979
310 331
310 368
310 391
310 408
310 442
310 455
310 490
310 520
310 595
310 620
310 636
310 676
310 693
310 793
310 814
310 953
310 979
310 984
311 373
311 399
311 668
311 731
311 738
311 742
311 750
311 784
311 802
311 873
311 930
312 349
312 387
312 426
312 427
312 506
312 508
312 513
312 526
312 538
312 677
312 746
312 772
312 774
312 969
313 367
313 399
313 408
313 420
313 486
313 551
313 563
313 572
313 584
313 684
314 390
314 395
314 405
314 413
314 424
314 482
314 524
314 526
314 548
314 558
314 559
314 622
314 641
314 676
314 726
314 730
314 760
314 763
314 813
314 815
314 875
314 895
314 930
314 974
314 979
315 331
315 410
315 429
315 448
315 520
315 637
315 674
315 715
315 779
315 834
315 850
315 902
316 329
316 345
316 380
316 406
316 410
316 475
316 823
316 972
317 327
317 331
317 367
317 397
317 429
317 439
317 447
317 458
317 468
317 500
317 519
317 601
317 654
317 716
317 830
317 833
317 894
317 897
317 922
317 991
317 997
317 998
318 344
318 368
318 369
318 377
318 391
318 456
318 466
318 472
318 495
318 532
318 550
318 565
318 595
318 620
318 670
318 690
318 707
318 734
318 743
318 797
319 325
319 345
319 348
319 360
319 398
319 405
319 409
319 418
319 437
319 457
319 489
319 529
319 539
319 541
319 560
319 562
319 579
319 585
319 594
319 601
319 631
319 663
319 699
319 703
319 778
319 856
319 908
319 977
319 981
319 983
319 994
319 998
320 366
320 381
320 384
320 410
320 450
320 603
320 688
320 689
320 700
320 702
320 706
320 723
320 737
320 743
320 753
320 889
320 913
320 926
320 934
320 948
320 953
320 986
321 333
321 360
321 426
321 454
321 467
321 527
321 583
321 590
321 613
321 650
321 668
321 675
321 711
321 713
321 755
321 835
321 860
321 877
321 921
321 986
322 324
322 342
322 508
322 526
322 618
322 628
322 798
322 831
322 847
322 904
322 966
322 979
322 984
323 351
323 358
323 405
323 490
323 513
323 536
323 538
323 653
323 718
323 728
323 772
323 799
323 829
323 845
323 846
323 859
323 932
323 993
324 334
324 369
324 378
324 410
324 414
324 415
324 437
324 545
324 589
324 607
324 634
324 673
324 689
324 700
324 733
324 739
324 850
324 969
324 976
324 979
325 349
325 459
325 681
325 705
325 743
325 819
325 823
325 884
325 916
325 948
326 339
326 360
326 382
326 410
326 491
326 510
326 513
326 517
326 608
326 627
326 702
326 711
326 772
326 778
326 795
326 857
326 885
326 886
326 898
326 908
326 951
327 420
327 490
327 492
327 589
327 666
327 737
327 738
327 753
327 810
327 860
327 919
327 948
327 990
328 382
328 402
328 464
328 520
328 566
328 639
328 650
328 692
328 775
328 796
328 847
329 361
329 387
329 458
329 476
329 505
329 531
329 539
329 540
329 572
329 632
329 636
329 677
329 734
329 744
329 762
329 783
329 795
329 800
329 840
329 843
329 927
329 985
330 400
330 406
330 527
330 560
330 566
330 582
330 866
330 898
330 917
330 965
331 418
331 455
331 581
331 594
331 606
331 641
331 729
331 742
331 799
331 821
331 834
331 845
331 848
331 872
331 878
331 900
331 937
332 334
332 338
332 349
332 363
332 366
332 371
332 411
332 431
332 460
332 487
332 535
332 548
332 555
332 559
332 562
332 570
332 589
332 623
332 629
332 685
332 698
332 710
332 735
332 736
332 737
332 767
332 780
332 798
332 810
332 829
332 845
332 890
332 916
332 948
332 949
332 964
332 979
332 980
332 982
333 495
333 501
333 583
333 685
333 713
333 742
333 835
333 869
333 947
333 966
333 969
334 358
334 419
334 424
334 491
334 501
334 524
334 538
334 651
334 772
334 773
334 857
334 881
334 949
334 979
335 401
335 402
335 578
335 661
335 681
335 867
335 933
336 397
336 406
336 479
336 532
336 539
336 552
336 564
336 609
336 674
336 676
336 685
336 696
336 699
336 708
336 726
336 762
336 812
336 879
336 902
336 961
337 401
337 446
337 458
337 487
337 496
337 521
337 651
337 669
337 671
337 739
337 750
337 767
337 798
337 849
337 961
338 360
338 403
338 417
338 423
338 521
338 616
338 625
339 413
339 422
339 482
339 549
339 627
339 681
339 707
339 717
339 795
339 820
339 821
339 867
340 349
340 367
340 409
340 468
340 489
340 616
340 677
340 816
340 824
340 921
340 966
340 981
341 356
341 391
341 398
341 408
341 411
341 440
341 468
341 478
341 481
341 568
341 593
341 628
341 648
341 695
341 708
341 814
341 846
341 855
341 869
341 893
341 917
341 960
341 969
342 397
342 408
342 491
342 499
342 525
342 571
342 615
342 618
342 623
342 696
342 700
342 712
342 758
342 789
342 810
342 861
342 863
342 864
342 865
342 949
342 985
343 345
343 434
343 521
343 568
343 616
343 690
343 783
343 817
343 819
343 829
343 939
343 983
344 386
344 417
344 486
344 524
344 548
344 568
344 648
344 673
344 700
344 711
344 757
344 801
344 812
344 887
344 905
344 953
345 373
345 385
345 393
345 415
345 428
345 432
345 439
345 440
345 446
345 465
345 469
345 487
345 515
345 532
345 538
345 590
345 604
345 608
345 610
345 624
345 629
345 631
345 653
345 655
345 688
345 699
345 708
345 718
345 764
345 795
345 864
345 976
345 989
345 993
346 479
346 492
346 571
346 606
346 627
346 667
346 679
346 706
346 738
346 740
346 779
346 784
346 815
346 931
347 352
347 368
347 375
347 433
347 488
347 710
347 753
347 877
347 919
347 932
347 953
347 958
347 967
347 996
348 403
348 409
348 416
348 426
348 430
348 436
348 486
348 512
348 548
348 558
348 594
348 666
348 684
348 690
348 717
348 738
348 800
348 825
348 847
348 860
348 870
348 894
348 913
348 929
348 940
348 983
349 361
349 370
349 372
349 389
349 459
349 513
349 527
349 543
349 546
349 577
349 587
349 602
349 625
349 629
349 647
349 648
349 681
349 690
349 698
349 749
349 758
349 761
349 811
349 832
349 846
349 872
349 879
349 893
349 915
349 916
349 950
349 961
349 980
349 983
349 984
350 404
350 482
350 576
350 620
350 743
350 781
350 839
350 872
350 943
350 973
351 431
351 453
351 485
351 551
351 576
351 724
351 733
351 756
351 775
351 792
351 803
351 900
351 912
351 931
352 409
352 481
352 630
352 671
352 689
352 743
352 756
352 761
352 777
352 785
352 793
352 805
353 451
353 543
353 545
353 692
353 693
353 724
353 763
353 881
353 883
353 923
353 937
353 944
353 960
353 984
354 396
354 432
354 482
354 518
354 551
354 724
354 730
354 821
354 860
354 890
354 902
354 958
355 400
355 436
355 445
355 505
355 576
355 677
355 684
355 781
355 792
355 803
355 875
355 890
355 949
355 952
356 379
356 400
356 401
356 453
356 498
356 521
356 571
356 681
356 690
356 724
356 731
356 778
356 786
356 787
356 794
356 817
356 830
356 856
356 857
356 868
356 899
356 921
356 929
356 985
356 986
357 358
357 362
357 375
357 419
357 423
357 425
357 444
357 467
357 485
357 488
357 532
357 579
357 633
357 635
357 644
357 645
357 668
357 684
357 693
357 704
357 736
357 740
357 744
357 841
357 845
357 848
357 898
357 942
357 964
357 984
357 991
358 400
358 402
358 410
358 419
358 447
358 468
358 506
358 516
358 517
358 538
358 539
358 558
358 562
358 626
358 638
358 651
358 712
358 715
358 732
358 864
358 905
358 925
358 951
359 420
359 437
359 490
359 541
359 610
359 620
359 738
359 757
359 759
359 800
359 806
359 847
359 850
359 907
359 921
359 979
360 382
360 410
360 422
360 469
360 504
360 572
360 576
360 592
360 595
360 623
360 696
360 711
360 718
360 762
360 763
360 786
360 800
360 807
360 813
360 856
360 859
360 961
360 976
360 979
360 988
361 553
361 682
361 685
361 696
361 819
361 881
361 913
361 916
361 951
362 412
362 442
362 458
362 461
362 485
362 510
362 537
362 563
362 706
362 719
362 735
362 897
362 942
362 968
362 979
362 989
363 382
363 403
363 412
363 480
363 487
363 506
363 521
363 598
363 606
363 654
363 677
363 729
363 743
363 786
363 850
363 984
364 391
364 446
364 641
364 706
364 781
364 821
364 888
364 967
364 976
365 378
365 386
365 452
365 469
365 510
365 528
365 620
365 657
365 660
365 699
365 753
365 810
365 951
366 384
366 393
366 439
366 478
366 525
366 565
366 573
366 662
366 694
366 710
366 767
366 800
366 829
366 865
366 904
367 390
367 499
367 519
367 541
367 542
367 600
367 617
367 651
367 710
367 735
367 762
367 775
367 778
367 820
367 834
367 844
367 897
367 910
367 991
367 993
368 421
368 425
368 442
368 523
368 526
368 551
368 552
368 573
368 582
368 592
368 606
368 652
368 654
368 676
368 695
368 739
368 754
368 759
368 843
368 870
368 872
368 894
368 970
368 998
369 414
369 470
369 473
369 491
369 515
369 524
369 598
369 636
369 671
369 740
369 789
369 829
369 853
369 892
369 898
369 916
369 936
369 960
369 979
369 990
370 412
370 444
370 459
370 490
370 512
370 529
370 576
370 579
370 601
370 608
370 611
370 618
370 663
370 737
370 738
370 806
370 832
370 848
370 863
370 932
371 377
371 408
371 423
371 519
371 530
371 570
371 592
371 617
371 642
371 657
371 724
371 775
371 799
371 826
371 830
371 832
371 854
371 891
371 898
371 902
371 919
371 930
372 396
372 429
372 440
372 525
372 528
372 558
372 693
372 753
372 957
373 385
373 513
373 676
373 700
373 713
373 719
373 731
373 740
373 835
373 884
373 885
373 906
373 959
373 968
374 387
374 508
374 585
374 653
374 851
374 861
374 976
374 981
375 383
375 436
375 446
375 552
375 641
375 692
375 740
375 759
375 768
375 811
375 911
375 943
375 975
376 450
376 451
376 508
376 599
376 612
376 627
376 647
376 742
376 765
376 768
376 783
376 798
376 839
376 871
376 907
377 412
377 415
377 422
377 433
377 435
377 437
377 449
377 453
377 469
377 491
377 532
377 552
377 572
377 580
377 583
377 604
377 612
377 693
377 747
377 816
377 841
377 854
377 860
377 885
377 886
377 891
377 901
377 919
378 384
378 435
378 468
378 469
378 480
378 636
378 718
378 750
378 842
378 884
378 898
378 972
379 422
379 444
379 474
379 545
379 547
379 578
379 584
379 646
379 651
379 683
379 695
379 697
379 731
379 769
379 843
379 850
379 856
379 968
379 977
379 993
380 415
380 429
380 475
380 600
380 697
380 738
380 750
380 850
380 870
380 885
380 922
380 986
381 467
381 487
381 490
381 553
381 559
381 569
381 600
381 682
381 690
381 783
381 793
381 801
381 877
381 902
382 412
382 418
382 494
382 560
382 579
382 583
382 615
382 638
382 648
382 710
382 745
382 966
382 999
383 405
383 482
383 508
383 531
383 614
383 621
383 647
383 656
383 772
383 795
383 817
383 864
383 899
383 916
383 984
383 987
384 388
384 395
384 454
384 504
384 510
384 523
384 597
384 627
384 646
384 651
384 693
384 885
384 904
384 916
384 933
384 960
385 391
385 405
385 422
385 439
385 469
385 507
385 602
385 630
385 666
385 716
385 725
385 736
385 750
385 767
385 832
385 838
385 901
385 917
385 980
386 526
386 541
386 581
386 611
386 738
386 773
386 827
386 873
386 901
386 904
386 919
386 932
387 432
387 436
387 478
387 494
387 526
387 534
387 540
387 552
387 579
387 636
387 641
387 654
387 660
387 673
387 676
387 685
387 712
387 774
387 786
387 806
387 870
387 877
387 923
387 950
387 959
387 970
388 411
388 440
388 477
388 509
388 695
388 737
388 941
388 993
389 428
389 562
389 614
389 638
389 658
389 706
389 751
389 813
389 823
389 853
389 950
390 395
390 399
390 437
390 515
390 534
390 549
390 578
390 582
390 651
390 660
390 661
390 673
390 704
390 707
390 722
390 784
390 826
390 846
390 895
390 896
390 900
390 904
390 928
390 958
390 997
390 999
391 396
391 410
391 411
391 412
391 437
391 447
391 572
391 628
391 649
391 778
391 792
391 846
391 902
391 910
391 945
391 999
392 416
392 422
392 437
392 558
392 569
392 601
392 649
392 705
392 714
392 837
392 851
392 865
392 978
393 395
393 429
393 442
393 446
393 502
393 521
393 609
393 633
393 657
393 694
393 745
393 753
393 761
393 809
393 810
393 843
393 856
393 908
393 949
393 954
393 964
393 968
394 534
394 559
394 567
394 575
394 647
394 782
394 793
394 899
395 414
395 427
395 436
395 474
395 501
395 580
395 589
395 647
395 648
395 694
395 704
395 707
395 717
395 718
395 722
395 741
395 748
395 760
395 826
395 886
395 900
395 902
395 921
395 996
395 999
396 432
396 574
396 628
396 690
396 707
396 715
396 719
396 736
396 740
396 826
396 842
396 872
396 885
396 953
397 400
397 412
397 441
397 482
397 628
397 665
397 686
397 779
397 805
397 809
397 881
397 917
397 948
397 993
398 527
398 538
398 565
398 583
398 642
398 643
398 684
398 820
398 920
398 924
399 456
399 489
399 500
399 514
399 524
399 595
399 650
399 714
399 737
399 779
399 781
399 782
399 891
399 898
399 909
399 987
399 988
399 993
400 407
400 414
400 416
400 441
400 447
400 461
400 477
400 572
400 600
400 630
400 655
400 669
400 683
400 701
400 704
400 719
400 771
400 819
400 829
400 836
400 840
400 924
400 951
401 419
401 428
401 448
401 494
401 498
401 530
401 589
401 786
401 898
401 938
401 949
401 959
401 998
402 429
402 475
402 489
402 506
402 544
402 549
402 559
402 560
402 649
402 697
402 710
402 719
402 750
402 752
402 831
402 833
402 845
402 935
402 953
402 972
403 417
403 421
403 430
403 436
403 486
403 493
403 534
403 536
403 562
403 573
403 585
403 598
403 625
403 645
403 664
403 677
403 687
403 688
403 722
403 762
403 776
403 810
403 863
403 882
403 921
403 922
403 946
403 974
403 993
404 406
404 442
404 490
404 504
404 565
404 623
404 671
404 690
404 704
404 824
404 827
404 828
404 997
405 437
405 563
405 689
405 702
405 779
405 828
405 933
406 477
406 553
406 611
406 634
406 648
406 710
406 763
406 773
406 780
406 812
406 825
407 441
407 473
407 512
407 526
407 531
407 572
407 629
407 655
407 710
407 787
407 840
407 925
407 967
408 410
408 424
408 435
408 437
408 464
408 537
408 545
408 590
408 631
408 692
408 696
408 699
408 756
408 761
408 778
408 809
408 819
408 820
408 837
408 883
408 893
408 895
408 925
408 928
408 961
408 970
408 976
408 977
408 981
409 421
409 460
409 462
409 475
409 499
409 531
409 539
409 548
409 565
409 583
409 592
409 624
409 647
409 668
409 669
409 685
409 692
409 719
409 727
409 746
409 805
409 825
409 885
409 893
409 925
410 436
410 463
410 469
410 487
410 501
410 506
410 539
410 541
410 590
410 631
410 634
410 714
410 731
410 734
410 746
410 807
410 818
410 838
410 851
410 877
410 884
410 903
410 911
410 925
410 928
410 975
410 977
410 984
411 424
411 446
411 458
411 521
411 569
411 576
411 591
411 648
411 705
411 761
411 763
411 769
411 777
411 795
411 820
411 844
411 857
411 876
411 972
411 979
412 475
412 487
412 494
412 506
412 522
412 589
412 601
412 675
412 686
412 710
412 739
412 758
412 781
412 805
412 825
412 831
412 833
412 861
412 932
413 453
413 471
413 499
413 644
413 646
413 744
413 778
413 850
413 919
413 988
414 430
414 462
414 476
414 492
414 529
414 541
414 546
414 621
414 631
414 642
414 657
414 692
414 709
414 838
414 967
414 984
415 425
415 488
415 493
415 521
415 524
415 560
415 584
415 598
415 604
415 677
415 700
415 702
415 728
415 741
415 744
415 791
415 824
415 900
415 922
415 992
416 426
416 462
416 466
416 504
416 517
416 615
416 715
416 720
416 747
416 765
416 821
416 848
416 861
416 893
416 897
416 907
416 914
416 959
417 421
417 443
417 476
417 486
417 505
417 506
417 534
417 574
417 576
417 613
417 625
417 652
417 684
417 691
417 732
417 742
417 791
417 839
417 841
417 854
417 860
417 867
417 880
417 882
417 883
417 893
417 897
417 902
417 907
417 909
417 924
417 930
417 934
417 938
417 949
417 958
417 998
418 469
418 489
418 639
418 642
418 652
418 751
418 825
418 852
418 878
419 422
419 500
419 541
419 566
419 689
419 710
419 818
419 819
419 870
419 898
419 906
419 908
419 926
419 943
419 987
420 437
420 510
420 524
420 549
420 552
420 591
420 722
420 724
420 738
420 742
420 776
420 812
420 824
420 840
420 849
420 864
420 898
420 965
421 441
421 480
421 501
421 513
421 551
421 589
421 601
421 652
421 671
421 673
421 694
421 707
421 733
421 743
421 791
421 853
421 854
421 907
421 919
421 927
421 943
421 949
421 993
422 585
422 588
422 625
422 704
422 773
422 775
422 859
422 894
422 906
422 976
422 983
423 451
423 480
423 510
423 538
423 540
423 630
423 666
423 670
423 740
423 790
423 810
423 922
423 932
423 960
424 449
424 493
424 508
424 519
424 521
424 650
424 661
424 676
424 808
424 908
424 959
424 966
424 970
425 508
425 560
425 623
425 676
425 740
425 757
425 778
425 812
425 885
425 891
425 908
425 976
426 427
426 455
426 456
426 505
426 541
426 543
426 576
426 639
426 643
426 653
426 675
426 687
426 695
426 713
426 758
426 854
426 931
426 957
426 979
427 531
427 585
427 646
427 774
427 843
427 860
427 926
427 927
427 1000
428 477
428 492
428 526
428 586
428 625
428 649
428 693
428 787
428 804
428 826
428 901
429 468
429 490
429 494
429 511
429 524
429 531
429 549
429 558
429 562
429 635
429 637
429 639
429 678
429 695
429 712
429 715
429 745
429 787
429 793
429 797
429 855
429 870
429 899
429 933
429 960
429 968
429 969
429 978
429 991
430 434
430 542
430 547
430 768
430 786
430 890
430 926
430 959
430 994
431 563
431 565
431 628
431 683
431 700
431 741
431 770
431 773
431 814
431 817
431 825
431 856
431 948
431 998
432 451
432 465
432 469
432 501
432 503
432 515
432 534
432 544
432 546
432 559
432 566
432 573
432 615
432 636
432 682
432 706
432 737
432 743
432 776
432 777
432 847
432 865
432 926
432 943
432 953
432 988
432 991
432 1000
433 459
433 470
433 474
433 511
433 543
433 560
433 578
433 594
433 637
433 748
433 791
433 817
433 847
433 952
434 435
434 510
434 512
434 685
434 710
434 714
434 824
434 853
434 883
434 908
434 916
434 920
435 504
435 515
435 524
435 537
435 540
435 557
435 563
435 583
435 675
435 803
435 899
435 997
436 453
436 479
436 492
436 494
436 519
436 523
436 539
436 562
436 568
436 575
436 614
436 616
436 627
436 637
436 676
436 688
436 702
436 707
436 722
436 738
436 757
436 786
436 830
436 892
436 897
437 488
437 493
437 527
437 722
437 737
437 841
437 848
437 918
437 965
438 447
438 458
438 526
438 540
438 609
438 843
438 870
438 876
438 922
438 997
439 490
439 520
439 527
439 532
439 543
439 579
439 616
439 622
439 652
439 655
439 686
439 756
439 848
439 902
439 933
440 521
440 536
440 553
440 572
440 662
440 667
440 685
440 719
440 797
440 805
440 954
440 975
441 442
441 505
441 506
441 544
441 554
441 562
441 572
441 573
441 616
441 630
441 699
441 740
441 745
441 810
441 816
441 825
441 904
441 913
441 917
441 941
442 479
442 485
442 504
442 527
442 531
442 555
442 572
442 591
442 637
442 686
442 690
442 704
442 709
442 719
442 723
442 756
442 788
442 812
442 814
442 816
442 833
442 859
442 883
442 899
442 954
442 956
442 978
443 459
443 460
443 468
443 523
443 594
443 599
443 674
443 687
443 695
443 753
443 815
443 898
443 999
444 446
444 480
444 486
444 604
444 625
444 627
444 644
444 663
444 693
444 738
444 740
444 833
444 863
444 876
444 915
444 924
444 962
445 458
445 474
445 538
445 566
445 569
445 610
445 614
445 674
445 688
445 722
445 793
445 810
445 860
445 942
446 454
446 468
446 489
446 501
446 504
446 509
446 520
446 527
446 537
446 556
446 575
446 579
446 581
446 587
446 599
446 600
446 668
446 740
446 758
446 768
446 798
446 801
446 828
446 833
446 834
446 873
446 890
446 895
446 916
446 930
446 942
446 960
446 995
447 491
447 524
447 526
447 540
447 543
447 619
447 659
447 729
447 733
447 753
447 770
447 843
447 944
448 477
448 520
448 530
448 685
448 895
449 471
449 561
449 562
449 580
449 712
449 738
449 818
449 824
449 888
449 919
450 520
450 550
450 560
450 609
450 645
450 662
450 673
450 685
450 700
450 816
450 862
450 864
450 914
450 948
450 967
451 498
451 527
451 528
451 712
451 720
451 743
451 790
451 919
451 935
451 976
451 990
452 491
452 495
452 508
452 547
452 568
452 579
452 816
453 617
453 703
453 724
453 752
453 768
453 774
453 789
453 920
454 456
454 476
454 577
454 578
454 648
454 682
454 711
454 717
454 731
454 733
454 800
454 816
454 879
454 898
454 969
455 471
455 552
455 565
455 803
455 805
456 470
456 506
456 524
456 577
456 654
456 676
456 699
456 754
456 769
456 828
456 840
456 850
456 908
456 924
456 998
457 504
457 508
457 737
457 832
457 835
457 838
457 890
457 920
457 927
457 968
457 984
458 501
458 521
458 637
458 671
458 711
458 712
458 748
458 777
458 857
458 875
458 876
458 882
458 889
458 949
458 992
459 508
459 512
459 540
459 590
459 596
459 633
459 635
459 672
459 682
459 683
459 693
459 695
459 698
459 703
459 735
459 752
459 779
459 823
459 830
459 845
459 868
459 890
459 928
459 931
459 974
459 980
459 987
460 628
460 661
460 674
460 933
460 945
461 547
461 584
461 742
461 782
461 788
461 790
461 821
461 826
461 902
461 951
461 985
462 604
462 639
462 675
462 836
463 474
463 496
463 521
463 614
463 749
463 757
463 770
463 772
463 929
463 973
463 976
464 490
464 542
464 572
464 584
464 589
464 625
464 643
464 655
464 687
464 693
464 702
464 774
464 776
464 913
465 544
465 570
465 595
465 620
465 631
465 718
465 731
465 765
465 824
465 853
465 872
465 967
465 979
466 490
466 552
466 560
466 585
466 595
466 606
466 661
466 693
466 883
466 926
467 491
467 520
467 583
467 616
467 679
467 704
467 759
467 810
467 835
467 846
467 886
467 928
467 963
468 473
468 494
468 498
468 540
468 548
468 695
468 743
468 744
468 749
468 753
468 770
468 773
468 802
468 803
468 805
468 810
468 815
468 825
468 851
468 853
468 890
468 892
468 943
468 948
468 978
468 985
468 989
468 998
469 539
469 661
469 712
469 742
469 856
469 904
469 909
469 939
469 993
469 1000
470 471
470 500
470 552
470 566
470 682
470 684
470 824
470 879
470 932
471 532
471 549
471 631
471 681
471 730
471 762
471 798
471 804
471 813
471 856
471 894
471 952
471 968
471 997
472 527
472 949
472 963
473 628
473 712
473 753
473 806
473 902
473 916
473 925
474 476
474 478
474 488
474 506
474 560
474 587
474 589
474 625
474 696
474 697
474 739
474 760
474 837
474 845
474 866
474 889
474 893
474 971
474 1000
475 477
475 527
475 551
475 552
475 557
475 579
475 616
475 765
475 828
475 889
475 925
476 495
476 506
476 514
476 542
476 560
476 589
476 628
476 697
476 721
476 747
476 749
476 752
476 797
476 831
476 837
476 856
476 896
476 924
476 928
476 944
477 597
477 677
477 683
477 699
477 721
477 725
477 786
477 808
477 810
477 844
477 845
477 870
477 876
477 888
477 949
477 964
478 514
478 537
478 671
478 742
478 771
478 787
478 798
478 817
478 823
478 838
478 861
478 944
478 951
479 527
479 539
479 558
479 598
479 742
479 767
479 781
479 835
480 488
480 495
480 511
480 606
480 630
480 756
480 770
480 772
480 797
480 821
480 824
480 842
480 873
480 911
480 922
480 993
481 534
481 615
481 627
481 817
481 831
481 891
481 895
481 948
482 491
482 526
482 541
482 585
482 652
482 682
482 691
482 699
482 753
482 771
482 811
482 821
482 833
482 851
482 890
482 947
482 955
482 975
483 535
483 572
483 610
483 756
483 775
483 810
483 869
483 872
483 932
484 590
484 636
484 637
484 645
484 683
484 684
484 767
484 822
484 848
484 941
485 506
485 562
485 591
485 641
485 699
485 758
485 789
485 898
485 999
486 524
486 564
486 590
486 613
486 677
486 717
486 786
486 798
486 802
486 804
486 823
486 856
486 881
486 885
486 888
486 890
486 907
486 938
486 947
486 967
486 992
487 489
487 583
487 589
487 590
487 621
487 634
487 649
487 652
487 653
487 676
487 693
487 697
487 704
487 733
487 739
487 754
487 816
487 837
487 839
487 918
487 924
487 954
488 501
488 544
488 577
488 582
488 595
488 616
488 648
488 663
488 720
488 749
488 781
488 837
488 857
488 898
488 899
488 912
488 917
488 924
488 942
488 944
488 965
489 506
489 558
489 574
489 697
489 710
489 744
489 747
489 758
489 793
489 820
489 887
489 889
490 498
490 502
490 544
490 551
490 576
490 578
490 579
490 580
490 627
490 741
490 772
490 814
490 847
490 850
490 861
490 864
490 869
490 902
490 903
490 913
490 917
490 919
490 923
490 967
491 510
491 522
491 578
491 579
491 603
491 615
491 661
491 718
491 732
491 778
491 926
491 978
491 979
492 523
492 570
492 579
492 665
492 739
492 778
492 807
492 812
492 863
492 874
492 879
492 915
492 933
492 987
493 620
493 714
493 831
493 846
493 916
493 928
493 932
493 949
494 506
494 578
494 642
494 661
494 666
494 676
494 688
494 801
494 820
494 845
494 861
494 980
495 505
495 569
495 599
495 637
495 654
495 713
495 715
495 743
495 744
495 798
495 853
495 858
495 869
495 871
495 916
495 952
495 963
496 518
496 539
496 591
496 638
496 657
496 660
496 681
496 731
496 791
496 910
496 918
497 500
497 538
497 631
497 738
497 802
497 814
497 850
497 884
497 902
497 976
497 979
498 522
498 675
498 700
498 747
498 925
498 934
498 951
499 528
499 616
499 625
499 653
499 838
499 879
499 885
500 566
500 601
500 649
500 661
500 729
500 757
500 774
500 852
500 890
500 897
500 910
500 926
500 943
500 991
500 993
501 515
501 525
501 631
501 646
501 679
501 685
501 713
501 735
501 774
501 844
501 889
501 894
501 916
501 930
501 942
501 991
502 625
502 656
502 673
502 683
502 687
502 810
502 892
502 983
503 519
503 576
503 704
503 799
503 845
503 883
503 917
503 979
503 998
504 581
504 631
504 675
504 711
504 767
504 789
504 814
504 886
505 514
505 563
505 572
505 582
505 661
505 742
505 798
505 845
505 869
506 535
506 560
506 577
506 589
506 619
506 629
506 635
506 649
506 654
506 715
506 725
506 744
506 749
506 752
506 770
506 784
506 790
506 831
506 837
506 839
506 845
506 861
506 880
506 902
506 920
506 956
506 965
506 969
506 981
507 511
507 520
507 667
507 682
507 738
507 773
507 778
507 817
507 833
507 890
508 596
508 655
508 676
508 677
508 747
508 771
508 772
508 792
508 819
508 833
508 837
508 944
508 947
508 953
508 965
509 534
509 615
509 637
509 722
509 727
509 748
509 755
509 783
509 833
509 916
509 953
509 969
509 987
510 517
510 518
510 597
510 611
510 639
510 751
510 778
510 811
510 835
510 837
510 851
510 856
510 897
510 932
510 949
511 550
511 585
511 610
511 619
511 681
511 748
511 762
511 764
511 798
511 875
512 545
512 775
512 831
512 840
512 946
512 948
513 579
513 630
513 654
513 678
513 696
513 747
513 850
513 890
514 524
514 525
514 548
514 561
514 603
514 626
514 694
514 789
514 798
514 860
514 861
514 883
514 927
515 524
515 636
515 846
515 926
515 929
516 578
516 598
516 615
516 627
516 673
516 700
516 751
516 803
516 825
516 870
516 985
517 558
517 591
517 661
517 688
517 858
517 864
517 871
517 972
518 530
518 599
518 613
518 631
518 675
518 700
518 717
518 747
518 818
518 869
518 872
518 910
519 521
519 576
519 577
519 586
519 611
519 622
519 629
519 634
519 641
519 668
519 716
519 724
519 757
519 800
519 808
519 830
519 904
519 910
519 924
519 945
519 948
519 991
519 994
519 997
520 533
520 546
520 587
520 588
520 592
520 703
520 719
520 739
520 753
520 778
520 872
520 888
520 896
520 906
520 932
520 949
520 953
520 965
520 991
520 993
521 552
521 554
521 678
521 712
521 803
521 811
521 820
521 857
521 864
521 904
521 930
521 957
522 526
522 566
522 599
522 650
522 794
522 839
522 857
522 890
522 915
523 526
523 534
523 562
523 565
523 566
523 576
523 590
523 641
523 652
523 654
523 676
523 681
523 714
523 728
523 754
523 762
523 774
523 814
523 841
523 845
523 851
523 864
523 870
523 877
523 884
523 886
523 894
523 964
523 970
523 997
523 998
524 564
524 582
524 588
524 627
524 651
524 696
524 711
524 718
524 733
524 803
524 805
524 822
524 942
524 946
524 960
524 973
525 572
525 709
525 724
525 730
525 761
525 775
525 798
525 804
525 819
525 861
525 947
525 969
526 538
526 608
526 609
526 641
526 652
526 654
526 656
526 660
526 676
526 695
526 700
526 710
526 751
526 767
526 774
526 804
526 842
526 853
526 870
526 877
526 894
526 906
526 937
526 990
526 995
526 998
527 532
527 601
527 609
527 617
527 618
527 648
527 670
527 671
527 691
527 726
527 766
527 807
527 842
527 863
527 889
527 894
527 906
527 912
527 931
527 949
527 965
527 966
528 558
528 673
528 737
528 746
528 792
528 850
528 909
528 919
528 970
529 532
529 551
529 615
529 629
529 806
529 821
529 891
530 632
530 656
530 839
530 850
530 860
530 919
530 933
530 937
531 536
531 555
531 572
531 609
531 625
531 655
531 665
531 805
531 823
531 838
531 881
531 883
531 912
531 926
531 929
531 932
532 626
532 629
532 648
532 651
532 695
532 696
532 727
532 731
532 738
532 739
532 774
532 815
532 838
532 883
532 889
532 898
532 942
532 994
533 563
533 695
533 746
533 761
533 803
533 807
533 812
533 883
533 905
533 926
533 945
533 972
533 977
534 548
534 550
534 569
534 570
534 654
534 665
534 668
534 740
534 742
534 785
534 792
534 847
534 861
534 866
534 931
534 947
534 954
534 959
535 538
535 576
535 594
535 651
535 684
535 893
535 894
535 906
536 572
536 641
536 702
536 710
536 719
536 722
536 733
536 769
536 788
536 805
536 820
536 840
536 849
536 881
536 906
536 957
537 656
537 687
537 740
537 744
537 811
537 850
537 852
537 924
537 942
537 997
538 544
538 575
538 634
538 638
538 737
538 885
538 979
539 595
539 629
539 689
539 700
539 790
539 803
539 884
539 894
539 901
539 976
539 987
539 989
540 566
540 614
540 624
540 654
540 655
540 671
540 690
540 705
540 844
540 849
540 902
540 929
540 970
540 984
541 545
541 627
541 721
541 731
541 733
541 751
541 766
541 852
541 870
541 871
541 881
541 987
542 557
542 559
542 584
542 594
542 625
542 633
542 647
542 697
542 897
542 918
542 921
542 934
542 968
543 572
543 579
543 732
543 737
543 738
543 758
543 787
543 941
544 579
544 596
544 646
544 651
544 805
544 845
545 566
545 583
545 675
545 715
545 830
545 946
545 985
546 565
546 576
546 678
546 705
546 736
546 788
546 789
547 693
547 711
547 795
547 798
547 867
548 592
548 593
548 606
548 634
548 654
548 684
548 693
548 709
548 747
548 789
548 796
548 805
548 824
548 848
548 898
548 910
548 937
548 943
548 957
548 970
549 589
549 758
549 805
549 884
549 889
550 584
550 595
550 699
550 710
550 884
550 911
550 919
550 979
550 985
550 993
551 637
551 746
551 804
551 890
552 608
552 637
552 676
552 689
552 695
552 751
552 784
552 823
552 837
552 919
552 979
552 998
553 648
553 682
553 709
553 807
553 812
553 832
553 896
553 903
553 998
554 655
554 686
554 688
554 693
554 694
554 702
554 783
554 805
554 840
554 843
554 881
554 965
554 986
555 665
555 744
555 753
555 770
555 832
555 968
556 591
556 615
556 631
556 635
556 689
556 743
556 789
556 898
556 903
557 576
557 622
557 645
557 765
557 793
557 795
557 846
557 873
557 881
557 897
557 949
557 966
558 568
558 569
558 570
558 603
558 623
558 650
558 671
558 698
558 726
558 728
558 778
558 781
558 808
558 830
558 835
558 852
558 889
558 904
558 906
558 966
558 997
559 593
559 647
559 695
559 720
559 730
559 890
559 906
559 943
560 568
560 589
560 621
560 649
560 659
560 665
560 682
560 694
560 697
560 712
560 721
560 747
560 752
560 755
560 756
560 766
560 770
560 784
560 788
560 790
560 827
560 830
560 831
560 837
560 839
560 842
560 855
560 856
560 866
560 882
560 894
560 941
561 570
561 627
561 650
561 753
561 787
561 845
561 884
561 943
561 991
561 998
562 584
562 602
562 630
562 641
562 698
562 710
562 732
562 752
562 790
562 806
562 827
562 846
562 873
562 880
562 890
562 922
562 943
563 591
563 597
563 627
563 704
563 742
564 718
564 934
564 944
565 613
565 641
565 644
565 650
565 722
565 783
565 789
565 810
565 839
565 937
565 988
565 1000
566 576
566 652
566 683
566 714
566 789
566 820
566 864
566 876
566 887
566 905
566 908
566 935
566 942
567 571
567 658
567 749
567 856
567 949
567 955
568 750
568 787
568 839
568 850
568 852
568 943
569 589
569 738
569 770
569 793
569 870
569 886
569 916
569 986
569 998
569 999
570 711
570 861
570 897
570 916
570 993
570 997
571 633
571 811
571 819
571 838
571 860
571 887
571 944
571 991
572 605
572 628
572 634
572 642
572 655
572 663
572 678
572 706
572 719
572 729
572 749
572 773
572 779
572 787
572 800
572 829
572 836
572 843
572 860
572 869
572 905
572 945
572 954
572 963
572 965
572 991
573 773
573 781
573 921
573 922
574 616
574 671
574 689
574 730
574 763
574 810
574 820
574 869
574 942
574 949
575 578
575 589
575 692
575 696
575 737
575 779
575 859
575 889
575 930
575 942
576 579
576 595
576 607
576 608
576 616
576 620
576 629
576 656
576 679
576 706
576 714
576 766
576 780
576 826
576 840
576 850
576 861
576 863
576 880
576 897
576 898
576 917
576 934
576 967
576 975
576 993
577 663
577 679
577 704
577 748
577 769
577 770
577 819
577 902
577 916
577 947
577 953
577 965
577 966
578 580
578 608
578 612
578 637
578 642
578 656
578 696
578 771
578 788
578 886
578 891
578 898
578 902
578 905
578 932
578 934
578 986
578 998
579 580
579 588
579 665
579 673
579 686
579 714
579 715
579 771
579 777
579 827
579 850
579 856
579 892
579 913
579 914
579 917
579 933
579 943
579 944
579 953
579 985
580 591
580 656
580 695
580 757
580 898
581 585
581 635
581 710
581 713
582 628
582 672
582 687
582 695
582 727
582 740
582 745
582 752
582 765
582 898
582 903
582 912
582 932
582 942
582 965
583 650
583 660
583 787
583 833
583 835
583 928
583 940
583 975
584 590
584 778
584 784
584 889
584 925
584 936
585 614
585 682
585 758
585 775
585 788
585 793
585 850
585 878
585 880
585 935
585 941
586 614
586 689
586 812
586 891
586 900
586 986
587 626
587 674
587 716
587 795
587 850
587 906
587 951
588 685
588 778
588 795
588 819
588 834
588 845
588 882
588 907
588 909
588 923
588 942
588 945
588 981
589 603
589 621
589 707
589 710
589 731
589 738
589 739
589 740
589 747
589 752
589 793
589 837
589 845
589 853
589 867
589 909
589 943
589 985
590 607
590 645
590 740
590 753
590 792
590 884
590 901
590 927
590 941
590 966
590 976
591 597
591 631
591 657
591 693
591 703
591 747
591 765
591 798
591 829
591 915
591 918
591 949
591 957
591 960
592 634
592 726
592 740
592 783
592 787
592 798
592 799
592 807
592 819
592 864
592 866
592 889
593 748
593 815
593 848
594 619
594 622
594 637
594 678
594 680
594 717
594 723
594 781
594 809
594 822
594 824
594 842
594 886
594 912
594 969
594 970
594 976
595 699
595 716
595 718
595 731
595 734
595 781
595 804
595 809
595 838
595 839
595 903
595 906
595 940
595 969
595 976
595 999
596 615
596 690
596 717
596 750
596 752
596 755
596 785
596 898
596 908
596 916
596 929
596 948
596 965
596 970
597 658
597 671
597 702
597 724
597 786
597 817
597 819
597 831
597 834
597 843
597 863
597 877
597 888
597 920
597 943
597 948
597 964
597 992
598 616
598 732
598 765
598 796
598 805
598 810
598 837
598 952
599 635
599 673
599 689
599 696
599 789
599 798
600 651
600 657
600 717
600 719
600 744
600 787
600 852
600 859
600 875
600 891
600 914
600 964
601 611
601 622
601 639
601 684
601 719
601 749
601 800
601 866
601 897
601 910
601 924
601 943
601 991
601 993
602 615
602 666
602 690
602 737
602 740
602 770
602 782
602 792
602 847
602 856
602 927
602 932
602 991
602 998
603 665
603 704
603 714
603 767
603 803
603 851
603 944
604 671
604 704
604 823
604 889
605 614
605 653
605 707
605 740
605 800
605 815
605 828
605 886
605 933
606 672
606 701
606 734
606 782
606 807
606 817
606 852
606 863
606 941
606 943
606 996
607 642
607 686
607 711
607 793
607 845
607 967
607 979
608 723
608 738
608 893
609 634
609 682
609 697
609 705
609 869
609 946
609 981
610 631
610 675
610 737
610 739
610 765
610 859
610 863
610 910
610 950
611 673
611 897
611 910
611 924
611 963
611 991
612 631
612 639
612 689
612 738
612 753
612 850
612 967
612 973
612 991
613 661
613 687
613 699
613 761
613 778
613 869
613 913
613 959
613 978
614 673
614 752
614 770
614 793
614 826
614 929
614 949
615 627
615 634
615 636
615 651
615 652
615 666
615 668
615 689
615 690
615 692
615 752
615 758
615 795
615 832
615 888
615 893
615 910
615 919
615 953
615 994
616 619
616 661
616 676
616 681
616 697
616 709
616 714
616 724
616 750
616 762
616 789
616 817
616 844
616 870
616 874
616 944
616 973
617 809
617 813
617 829
617 998
618 668
618 671
618 753
618 821
618 856
618 881
618 966
618 976
618 991
618 993
619 792
619 824
619 844
619 925
619 931
620 661
620 735
620 829
620 997
621 626
621 632
621 654
621 697
621 704
621 728
621 740
621 742
621 747
621 753
621 814
621 820
621 859
621 867
621 897
622 643
622 656
622 674
622 682
622 817
622 952
623 644
623 769
623 776
623 845
623 874
623 916
623 954
623 988
624 888
624 894
624 919
625 684
625 770
625 778
625 783
625 789
625 802
625 845
625 877
625 958
625 989
626 713
626 770
626 859
626 926
626 927
626 934
626 956
626 968
627 656
627 671
627 681
627 697
627 751
627 810
627 829
627 830
627 831
627 853
627 869
627 876
627 878
627 888
627 906
627 931
627 942
627 975
627 983
628 674
628 753
628 840
628 859
628 862
628 902
628 954
629 636
629 647
629 693
629 763
629 828
629 858
629 914
630 652
630 670
630 683
630 704
630 711
630 719
630 756
630 758
630 764
630 793
630 836
630 843
630 850
630 873
631 635
631 637
631 672
631 722
631 743
631 772
631 817
631 860
631 901
631 925
631 928
631 937
631 940
632 693
632 709
632 922
632 944
633 672
633 869
633 872
633 880
633 980
634 676
634 708
634 711
634 719
634 748
634 765
634 773
634 775
634 776
634 794
634 801
634 812
634 837
634 843
634 848
634 922
634 957
634 971
634 998
635 733
635 769
635 833
635 910
635 979
636 652
636 695
636 707
636 729
636 733
636 737
636 749
636 782
636 811
636 836
636 901
636 908
636 926
636 955
637 678
637 683
637 684
637 704
637 708
637 817
637 830
637 895
637 966
637 977
637 986
638 684
638 694
638 738
638 775
638 797
638 839
638 896
638 898
638 908
638 936
638 966
639 645
639 659
639 737
639 777
639 811
639 823
639 876
639 879
639 918
639 981
639 996
640 677
640 681
640 687
640 697
640 737
640 869
640 872
640 906
641 654
641 676
641 682
641 712
641 722
641 751
641 774
641 775
641 782
641 790
641 801
641 889
641 943
641 970
641 981
641 998
642 644
642 713
642 921
642 924
642 976
642 984
643 648
643 661
643 674
643 683
643 711
643 771
643 776
643 794
643 816
643 892
643 936
643 993
644 648
644 651
644 668
644 749
644 814
644 826
644 876
644 941
644 951
645 692
645 845
645 869
645 885
645 901
645 919
645 939
645 943
645 967
646 672
646 697
646 723
646 835
646 891
646 908
647 744
647 761
647 767
647 773
647 840
647 846
647 895
647 939
647 954
647 986
647 987
648 777
648 782
648 807
648 808
648 812
648 870
648 873
648 905
648 956
648 978
649 747
649 754
649 819
649 845
649 881
649 910
649 941
649 944
649 995
650 703
650 706
650 806
650 814
650 824
650 835
650 910
651 653
651 655
651 658
651 705
651 707
651 722
651 725
651 744
651 760
651 765
651 770
651 811
651 814
651 826
651 836
651 957
651 981
651 999
652 654
652 658
652 660
652 668
652 676
652 751
652 774
652 819
652 825
652 851
652 870
652 901
652 951
652 961
652 966
652 970
652 979
652 997
652 998
653 675
653 676
653 707
653 734
653 744
653 750
653 761
653 773
653 774
653 792
653 826
653 866
653 908
653 926
653 953
653 960
653 964
653 965
653 969
654 676
654 697
654 704
654 705
654 716
654 720
654 870
654 894
654 970
654 998
655 689
655 709
655 734
655 808
655 843
655 859
655 881
655 951
655 967
656 659
656 710
656 738
656 793
656 848
656 850
656 916
656 919
656 938
656 952
656 960
656 967
656 971
657 723
657 724
657 749
657 834
657 850
657 902
657 963
657 998
658 707
658 722
658 734
658 760
658 846
658 904
658 927
658 949
658 996
659 670
659 671
659 681
659 700
659 881
659 887
659 897
660 750
660 774
660 832
660 870
660 878
660 901
660 926
660 930
660 958
660 998
661 679
661 697
661 698
661 716
661 732
661 735
661 754
661 814
661 831
661 852
661 879
661 904
661 916
661 953
662 695
662 790
662 922
663 837
663 963
664 689
664 693
664 700
664 835
664 846
664 884
665 676
665 704
665 727
665 802
665 803
665 843
665 881
665 889
665 891
665 906
665 908
665 919
665 963
665 998
666 689
666 737
666 768
666 797
666 819
666 922
666 954
667 694
667 775
667 897
667 924
667 970
667 988
668 689
668 835
668 839
668 914
668 949
668 984
669 741
669 810
669 886
669 908
670 775
670 807
670 869
670 907
670 932
670 991
671 693
671 726
671 765
671 803
671 818
671 828
671 837
671 845
671 857
671 889
671 898
671 922
671 971
671 992
671 995
672 743
672 747
672 949
672 990
673 722
673 764
673 780
673 802
673 815
673 833
673 879
673 884
673 949
673 982
674 740
674 760
674 813
674 901
674 982
675 703
675 730
675 737
675 741
675 770
675 773
675 797
675 845
676 712
676 736
676 751
676 763
676 774
676 836
676 872
676 890
676 894
676 961
676 962
676 970
676 972
676 988
676 992
676 998
676 999
677 684
677 877
677 885
677 908
677 911
677 927
677 935
677 946
677 949
677 973
678 774
678 805
678 942
678 987
679 699
679 738
679 756
679 760
679 845
679 890
679 914
679 937
679 954
680 699
680 714
680 765
680 932
680 949
680 977
681 683
681 735
681 756
681 761
681 786
681 793
681 818
681 854
681 858
681 869
681 931
681 957
681 962
681 973
682 730
682 751
682 848
682 868
682 906
682 916
682 953
683 700
683 727
683 817
683 885
683 927
683 958
683 965
684 701
684 706
684 715
684 751
684 755
684 775
684 781
684 791
684 796
684 810
684 847
684 871
684 941
684 947
684 949
684 959
684 963
684 972
685 719
685 792
685 911
685 932
685 955
685 972
686 719
686 809
686 857
686 881
686 888
686 941
686 981
686 992
687 694
687 716
687 745
687 771
687 791
687 794
687 821
687 847
687 851
687 860
687 873
687 921
687 923
687 927
687 932
687 933
687 991
687 994
688 793
688 819
688 824
688 967
688 997
689 693
689 709
689 751
689 763
689 813
689 826
689 934
689 950
690 724
690 738
690 765
690 821
690 850
690 947
690 974
691 717
691 734
692 753
692 791
692 799
692 875
692 889
692 956
692 984
693 710
693 720
693 721
693 727
693 728
693 734
693 797
693 800
693 848
693 882
693 950
693 951
693 953
693 965
694 729
694 854
694 906
695 715
695 743
695 753
695 766
695 825
695 853
695 883
695 888
695 916
695 943
695 968
696 719
696 812
696 838
696 879
696 881
696 976
697 710
697 731
697 741
697 752
697 773
697 778
697 794
697 796
697 837
697 838
697 839
697 855
697 856
697 890
697 910
697 940
697 986
698 833
698 845
698 861
698 891
698 916
699 744
699 766
699 791
699 792
699 815
699 931
699 933
699 946
699 961
699 965
699 979
700 778
700 792
700 829
700 832
700 863
700 948
701 729
701 844
701 865
701 926
702 752
702 796
702 862
702 873
702 996
703 729
703 776
703 859
703 910
703 919
704 719
704 756
704 783
704 865
704 879
704 920
704 983
705 763
705 798
705 920
705 939
706 758
706 778
706 817
706 841
706 843
706 870
706 948
707 722
707 730
707 749
707 815
707 915
707 918
707 943
707 962
707 997
708 727
708 731
708 778
708 824
708 837
708 859
708 886
708 892
708 1000
709 719
709 721
709 742
709 761
709 774
709 813
709 823
709 901
709 942
709 948
710 749
710 801
710 837
710 872
710 904
710 928
710 938
710 945
711 723
711 752
711 784
711 889
711 916
711 949
711 972
712 750
712 777
712 784
712 820
712 857
712 961
713 792
713 799
713 824
713 920
714 886
714 974
714 991
715 729
715 734
715 781
715 813
715 814
715 846
715 854
715 889
715 912
715 943
715 948
715 963
715 989
715 996
716 719
716 770
716 947
716 965
717 719
717 731
717 741
717 763
717 824
717 834
717 837
717 876
717 953
717 987
718 782
718 805
718 831
718 868
718 873
718 899
718 911
718 915
718 981
719 729
719 732
719 760
719 783
719 787
719 828
719 836
719 859
719 861
719 878
719 881
719 887
719 891
719 908
719 918
719 942
719 953
719 961
719 963
719 983
720 757
720 793
721 748
721 761
721 792
721 797
721 805
721 857
721 891
721 943
721 962
722 792
722 800
723 735
723 908
723 959
724 727
724 759
724 792
724 803
724 822
724 827
724 828
724 865
724 881
724 925
724 966
725 782
725 881
725 889
725 890
725 944
726 792
726 810
727 750
727 754
727 786
727 795
727 806
727 897
728 730
728 768
728 819
728 943
729 747
729 753
729 775
729 880
730 751
730 891
730 904
730 933
730 997
731 745
731 889
731 965
731 981
731 999
732 798
732 799
732 805
732 827
732 845
732 916
732 946
733 810
733 822
733 869
733 915
733 923
733 931
733 970
733 989
733 991
734 759
734 819
734 835
734 841
735 907
735 908
735 940
736 775
736 786
736 808
736 869
736 883
737 738
737 777
737 802
737 829
737 847
737 861
737 882
737 898
737 913
737 914
737 934
737 939
737 985
737 990
738 845
738 876
738 883
738 889
738 891
738 936
738 952
738 967
738 982
739 743
739 765
739 831
739 845
739 871
739 907
739 960
739 978
740 744
740 745
740 801
740 808
740 823
740 828
740 833
740 834
740 845
740 846
740 883
740 916
740 930
740 942
740 964
740 996
741 812
742 761
742 765
742 798
742 800
742 823
742 838
742 869
742 874
742 894
742 916
743 783
743 836
743 887
743 929
744 815
744 830
744 881
744 901
744 916
744 943
744 955
744 957
744 982
745 753
745 767
745 837
745 908
745 919
745 921
745 943
745 981
746 777
746 884
746 908
747 749
747 774
747 787
747 870
747 895
747 926
748 794
748 812
748 846
748 858
748 864
748 870
748 874
748 908
748 933
748 956
748 979
748 993
749 837
749 845
749 846
749 884
750 812
750 894
750 896
751 774
751 793
751 794
751 819
751 855
751 859
751 877
751 960
751 996
751 998
752 765
752 837
752 845
752 945
752 979
752 982
753 756
753 847
753 863
753 912
753 931
753 943
753 948
753 963
753 969
753 993
753 995
754 756
754 815
754 817
754 850
754 898
754 902
754 934
754 940
755 797
755 841
755 949
755 993
756 787
756 796
756 829
756 966
756 979
757 793
757 798
757 800
757 803
757 830
757 877
757 908
757 910
757 991
757 993
758 819
758 852
758 861
758 942
758 944
758 963
759 784
759 870
759 898
759 953
759 965
759 979
760 801
760 803
760 934
761 798
761 816
762 781
762 819
762 965
763 777
763 860
763 906
763 932
764 792
764 845
764 852
764 905
764 930
764 935
764 957
765 811
765 870
765 877
765 926
765 980
765 1000
766 870
766 889
766 964
767 792
767 808
767 819
767 839
767 858
767 903
767 943
767 987
768 798
768 822
768 891
768 959
769 819
769 864
769 885
769 970
770 775
770 827
770 854
770 857
770 991
771 959
771 991
772 811
772 935
772 982
773 775
773 810
773 835
773 850
773 932
773 942
774 791
774 870
774 877
774 885
774 896
774 944
774 953
774 998
775 780
775 869
775 872
775 896
775 912
775 917
775 925
775 932
775 972
775 994
776 787
776 813
776 825
776 993
776 997
777 811
777 824
777 857
777 887
777 906
778 779
778 780
778 783
778 789
778 823
778 858
778 866
778 920
778 947
778 949
779 833
779 839
779 980
780 885
780 889
780 890
780 934
780 967
780 970
780 976
781 889
781 903
781 934
781 949
782 806
782 822
782 845
782 872
782 909
782 930
782 981
782 987
783 787
783 789
783 881
783 958
783 997
783 998
784 828
784 837
784 919
784 980
785 845
785 847
785 880
785 935
785 978
786 861
786 986
787 836
787 851
787 919
787 964
788 828
788 915
788 978
789 820
789 907
789 983
789 987
790 827
790 842
790 921
790 949
790 953
791 852
791 878
791 907
791 934
791 938
791 949
791 952
792 836
792 896
792 978
793 933
793 949
793 985
793 997
794 837
794 845
794 856
794 882
794 887
794 890
794 914
794 933
794 957
795 810
795 914
795 934
796 811
796 874
796 877
796 881
796 991
797 802
797 805
797 813
797 824
797 874
797 943
797 965
797 985
798 823
798 834
798 853
798 861
798 871
798 888
798 890
798 929
798 936
798 947
798 965
798 991
799 919
799 968
800 910
800 924
800 991
800 993
801 882
801 919
801 940
801 942
801 948
801 997
802 839
802 840
802 916
802 926
802 940
803 843
803 936
803 948
803 988
804 916
805 806
805 812
805 871
805 881
805 940
805 954
806 890
806 927
806 965
807 860
807 889
807 905
807 980
808 850
808 851
809 835
809 869
809 957
810 829
810 846
810 859
810 876
810 888
810 899
810 926
810 933
810 935
810 937
810 948
811 820
811 873
811 957
812 860
812 899
812 902
812 905
812 923
812 925
812 954
813 869
813 884
814 879
814 919
814 994
815 836
815 852
815 895
815 904
815 941
815 997
816 839
816 943
816 972
817 824
817 831
817 842
817 844
817 846
817 885
817 894
817 898
817 920
817 951
818 858
818 884
818 916
818 945
818 973
819 829
819 843
819 884
819 898
819 899
819 922
819 931
819 960
819 980
820 857
820 880
820 901
820 979
821 829
821 873
821 891
821 980
821 998
822 988
823 844
823 857
823 859
823 916
823 942
823 976
824 844
824 859
824 882
824 898
824 903
824 934
824 935
824 962
824 984
824 990
825 930
825 937
825 957
825 966
826 906
826 958
826 972
826 988
827 869
827 885
827 910
828 858
828 910
828 968
829 907
829 985
830 852
830 909
830 910
830 924
830 929
830 988
830 991
830 993
831 837
832 833
832 834
832 854
832 869
832 930
832 942
833 834
833 881
833 922
833 923
833 930
834 850
834 876
834 899
834 923
834 944
834 997
835 907
835 916
835 942
836 881
836 999
837 845
837 865
837 872
837 944
837 973
837 974
838 898
838 906
838 956
838 967
838 973
838 979
838 981
839 891
839 909
839 953
840 843
840 859
840 868
840 869
840 881
840 890
841 877
842 932
842 951
843 875
843 881
843 993
844 877
844 960
844 993
845 856
845 894
845 895
845 926
845 938
845 967
845 971
846 860
846 906
846 908
846 921
846 944
846 974
846 984
847 873
847 887
847 905
847 965
847 969
848 907
848 919
848 926
848 940
848 951
848 982
849 855
849 898
849 910
849 919
849 970
850 883
850 893
850 898
850 904
850 910
850 919
850 967
851 911
851 943
851 949
851 959
851 965
851 979
851 986
852 858
852 861
852 869
852 932
852 995
853 958
854 870
854 881
854 904
854 908
854 1000
855 943
856 885
856 888
856 901
856 928
856 967
857 952
858 918
858 988
859 893
859 910
859 919
859 943
859 947
860 863
860 866
860 953
860 962
860 984
860 989
861 877
861 894
861 905
861 924
861 991
862 929
862 957
863 919
863 947
863 981
864 866
864 878
864 898
864 916
865 952
865 962
866 867
866 973
867 932
867 934
867 953
867 973
868 890
868 913
868 935
868 951
868 991
869 906
869 910
869 911
869 921
869 928
869 944
869 953
869 976
870 957
870 998
871 946
872 887
872 909
872 945
872 946
872 955
873 875
873 942
873 944
873 982
873 997
875 881
875 994
876 888
876 911
876 933
876 956
876 977
876 993
877 887
877 891
877 899
877 951
877 997
877 998
878 910
878 930
878 940
878 973
879 916
880 896
881 882
881 896
881 899
881 921
881 968
881 986
881 997
881 998
882 908
882 911
882 949
882 959
882 980
883 888
883 911
883 915
883 943
883 1000
884 905
884 928
884 938
884 940
884 947
884 956
884 976
884 979
885 896
885 941
885 971
886 891
886 979
887 898
887 911
887 959
888 952
889 892
889 894
889 901
889 914
889 921
889 925
889 948
889 965
889 987
890 892
890 901
890 909
890 949
890 975
890 983
891 906
891 944
891 949
891 982
892 908
894 928
894 954
894 958
894 960
894 970
894 998
895 904
896 898
896 932
896 952
896 973
897 910
897 924
897 959
897 964
897 975
897 991
897 993
898 902
898 905
898 906
898 914
898 919
898 978
898 985
899 908
899 963
900 911
900 932
900 956
900 991
901 997
903 910
903 911
903 938
903 942
904 925
904 956
904 974
906 937
906 946
906 949
906 979
907 921
907 934
907 979
907 992
908 925
908 952
908 981
909 964
909 978
910 920
910 924
910 947
910 955
910 961
910 991
910 993
911 938
911 950
911 980
912 944
912 983
913 949
914 930
914 972
916 920
916 941
916 951
917 980
917 993
918 938
918 979
919 967
919 969
919 986
920 998
921 949
921 956
921 981
922 930
922 990
922 991
923 927
923 957
924 951
924 967
924 990
924 991
924 992
924 993
926 976
926 998
927 931
927 946
927 949
927 976
928 953
928 976
929 999
930 935
930 936
930 944
930 956
931 949
933 966
934 935
934 946
934 947
934 949
934 969
934 973
934 995
935 988
936 946
936 984
937 949
937 988
938 959
938 996
939 941
939 951
942 944
942 950
942 961
942 962
942 964
942 971
942 974
942 989
943 962
943 966
943 976
944 951
944 962
944 997
944 999
945 957
945 973
945 984
946 990
947 949
947 959
947 979
947 981
948 963
948 979
948 984
949 959
949 991
949 992
950 985
951 962
951 990
951 995
951 997
952 973
954 979
959 963
959 970
959 991
961 964
962 973
964 979
965 966
966 990
966 996
967 981
967 996
968 996
968 999
969 978
969 999
970 993
970 998
974 997
979 981
979 993
983 986
986 991
987 996
991 993
996 998
