# LFR benchmark graph: regime=S mu=0.6 realization=4
# undirected, unweighted; 1-based node ids; each edge listed once.
1 18
1 51
1 99
1 109
1 119
1 155
1 157
1 160
1 172
1 268
1 269
1 294
1 357
1 412
1 479
1 494
1 553
1 583
1 609
1 656
1 669
1 706
1 730
1 785
1 792
1 814
1 819
1 886
1 956
1 972
1 994
2 6
2 43
2 191
2 236
2 271
2 284
2 377
2 400
2 427
2 695
2 761
2 762
2 800
2 817
2 840
2 854
3 30
3 145
3 161
3 187
3 196
3 238
3 292
3 305
3 308
3 369
3 378
3 447
3 469
3 492
3 518
3 526
3 634
3 674
3 693
3 743
3 750
3 771
3 825
3 829
3 897
3 929
3 943
4 43
4 58
4 110
4 125
4 129
4 188
4 243
4 273
4 350
4 359
4 361
4 363
4 370
4 389
4 392
4 420
4 428
4 482
4 524
4 537
4 546
4 590
4 596
4 612
4 614
4 628
4 638
4 663
4 684
4 734
4 793
4 808
4 810
4 817
4 843
4 854
4 867
4 868
4 917
4 929
4 949
4 986
5 34
5 53
5 101
5 144
5 147
5 156
5 185
5 191
5 217
5 237
5 280
5 304
5 330
5 398
5 412
5 468
5 475
5 490
5 494
5 495
5 544
5 548
5 551
5 566
5 613
5 620
5 641
5 653
5 680
5 684
5 694
5 756
5 784
5 790
5 814
5 824
5 917
5 961
5 974
6 11
6 129
6 211
6 217
6 269
6 368
6 370
6 568
6 656
6 667
6 715
6 719
6 861
6 996
7 12
7 13
7 41
7 69
7 75
7 91
7 116
7 123
7 129
7 169
7 199
7 215
7 225
7 226
7 240
7 266
7 273
7 281
7 282
7 283
7 296
7 343
7 363
7 372
7 385
7 441
7 466
7 482
7 504
7 519
7 533
7 550
7 558
7 595
7 603
7 608
7 656
7 717
7 758
7 764
7 789
7 801
7 826
7 829
7 841
7 856
7 866
7 878
7 886
7 889
7 914
7 1000
8 36
8 68
8 140
8 145
8 154
8 200
8 291
8 372
8 383
8 391
8 518
8 574
8 578
8 588
8 592
8 605
8 634
8 688
8 698
8 741
8 762
8 781
8 805
8 876
8 916
8 957
8 982
9 34
9 40
9 118
9 129
9 148
9 152
9 176
9 206
9 252
9 279
9 466
9 553
9 561
9 575
9 589
9 622
9 648
9 653
9 774
9 839
9 840
9 849
9 886
9 930
9 977
9 995
10 31
10 37
10 42
10 147
10 250
10 257
10 273
10 274
10 325
10 386
10 407
10 484
10 507
10 574
10 607
10 638
10 702
10 745
10 788
10 793
10 799
10 860
10 882
10 912
10 940
11 17
11 86
11 305
11 308
11 354
11 409
11 467
11 563
11 618
11 719
11 750
11 773
11 803
11 894
11 926
11 958
11 978
12 59
12 256
12 325
12 432
12 466
12 531
12 535
12 642
12 865
12 902
12 928
12 943
12 983
12 986
13 79
13 132
13 237
13 323
13 390
13 451
13 460
13 529
13 580
13 676
13 701
13 704
13 832
13 874
13 901
13 985
13 996
14 91
14 141
14 195
14 255
14 306
14 353
14 365
14 412
14 468
14 587
14 589
14 622
14 744
14 834
14 839
14 848
14 927
15 20
15 71
15 126
15 174
15 293
15 388
15 551
15 565
15 677
15 801
15 852
15 863
15 880
15 942
16 76
16 207
16 241
16 262
16 423
16 445
16 467
16 509
16 533
16 642
16 666
16 722
16 729
16 731
16 740
16 807
16 864
16 976
17 139
17 167
17 186
17 206
17 266
17 305
17 327
17 345
17 350
17 359
17 437
17 475
17 559
17 641
17 667
17 683
17 822
17 886
18 34
18 43
18 70
18 89
18 142
18 189
18 190
18 251
18 300
18 547
18 568
18 620
18 622
18 684
18 740
18 910
18 921
18 975
19 34
19 43
19 66
19 101
19 198
19 217
19 290
19 306
19 495
19 501
19 518
19 567
19 574
19 685
19 706
19 766
19 927
19 989
20 38
20 47
20 53
20 76
20 150
20 181
20 203
20 216
20 250
20 345
20 365
20 405
20 425
20 496
20 513
20 541
20 581
20 620
20 637
20 655
20 656
20 660
20 714
20 727
20 766
20 784
20 827
20 838
20 850
20 888
20 909
21 45
21 216
21 249
21 354
21 359
21 397
21 405
21 410
21 423
21 570
21 622
21 626
21 676
21 725
21 790
21 897
21 945
21 965
22 271
22 292
22 394
22 427
22 562
22 670
22 710
22 751
22 754
22 792
22 875
22 948
23 62
23 74
23 80
23 99
23 157
23 182
23 203
23 208
23 215
23 228
23 265
23 279
23 291
23 302
23 355
23 445
23 483
23 533
23 555
23 560
23 631
23 660
23 733
23 778
23 900
23 931
23 964
23 991
24 40
24 109
24 119
24 147
24 155
24 194
24 295
24 312
24 322
24 335
24 417
24 436
24 466
24 536
24 588
24 726
24 734
24 756
24 801
24 879
24 884
24 891
24 908
24 916
24 919
24 933
24 953
24 982
24 997
25 65
25 94
25 150
25 238
25 382
25 532
25 547
25 724
25 810
25 850
25 930
25 988
25 999
26 217
26 234
26 338
26 397
26 417
26 467
26 526
26 577
26 669
26 696
26 698
26 867
26 941
26 947
27 67
27 105
27 194
27 228
27 275
27 354
27 359
27 430
27 467
27 516
27 540
27 612
27 614
27 653
27 694
27 696
27 698
27 765
27 874
27 882
27 950
27 958
27 963
28 108
28 118
28 123
28 126
28 133
28 155
28 229
28 237
28 271
28 404
28 434
28 436
28 449
28 485
28 495
28 534
28 559
28 575
28 603
28 611
28 613
28 626
28 665
28 676
28 681
28 790
28 818
28 819
28 878
28 924
28 948
28 965
28 966
29 109
29 112
29 198
29 218
29 253
29 365
29 366
29 378
29 439
29 441
29 450
29 457
29 542
29 598
29 608
29 631
29 636
29 674
29 684
29 686
29 748
29 855
29 862
29 899
29 920
30 59
30 116
30 140
30 142
30 291
30 323
30 369
30 415
30 432
30 589
30 618
30 677
30 781
30 782
30 789
30 814
30 973
31 34
31 67
31 133
31 157
31 158
31 161
31 232
31 249
31 286
31 344
31 420
31 530
31 581
31 595
31 628
31 654
31 657
31 754
31 788
32 48
32 83
32 104
32 179
32 183
32 235
32 240
32 262
32 312
32 363
32 415
32 417
32 451
32 474
32 554
32 570
32 576
32 620
32 622
32 683
32 738
32 830
32 849
33 124
33 132
33 358
33 388
33 398
33 428
33 468
33 494
33 601
33 664
33 913
34 50
34 64
34 85
34 87
34 104
34 130
34 147
34 214
34 269
34 290
34 317
34 319
34 416
34 470
34 474
34 528
34 571
34 608
34 622
34 669
34 679
34 682
34 740
34 770
34 815
34 818
34 851
35 45
35 57
35 132
35 349
35 553
35 563
35 571
35 603
35 650
35 879
35 932
35 942
35 963
36 121
36 166
36 169
36 203
36 205
36 262
36 270
36 325
36 337
36 430
36 449
36 495
36 507
36 521
36 565
36 568
36 709
36 711
36 714
36 731
36 737
36 739
36 749
36 946
36 970
37 196
37 212
37 313
37 373
37 425
37 531
37 548
37 592
37 607
37 614
37 781
37 864
38 106
38 123
38 125
38 162
38 166
38 278
38 319
38 359
38 460
38 636
38 640
38 644
38 665
38 669
38 736
38 891
38 895
38 934
38 962
38 988
39 45
39 64
39 70
39 116
39 137
39 220
39 257
39 329
39 351
39 377
39 460
39 687
39 777
39 834
39 860
40 194
40 199
40 226
40 288
40 297
40 319
40 335
40 367
40 400
40 415
40 429
40 442
40 499
40 527
40 537
40 553
40 554
40 680
40 686
40 692
40 819
40 825
40 828
40 875
40 879
40 891
40 908
40 909
40 918
40 933
40 937
41 100
41 136
41 143
41 153
41 160
41 192
41 269
41 271
41 274
41 282
41 335
41 336
41 413
41 423
41 430
41 441
41 460
41 525
41 589
41 614
41 618
41 642
41 738
41 768
41 780
41 800
41 822
41 835
41 845
41 898
41 914
41 964
42 43
42 48
42 89
42 94
42 117
42 124
42 129
42 133
42 145
42 174
42 206
42 210
42 277
42 322
42 473
42 515
42 518
42 546
42 555
42 566
42 577
42 588
42 593
42 601
42 651
42 666
42 668
42 686
42 690
42 753
42 759
42 762
42 839
42 845
42 846
42 851
42 901
42 971
42 996
43 165
43 166
43 175
43 183
43 235
43 268
43 292
43 300
43 330
43 349
43 355
43 433
43 439
43 443
43 451
43 457
43 509
43 521
43 524
43 642
43 683
43 685
43 731
43 757
43 786
43 796
43 918
43 933
43 955
43 956
43 972
44 76
44 181
44 182
44 198
44 212
44 265
44 317
44 351
44 416
44 432
44 437
44 575
44 650
44 664
44 683
44 737
44 739
44 842
44 845
44 874
44 900
44 902
44 931
44 939
44 964
44 982
45 60
45 72
45 78
45 132
45 198
45 199
45 200
45 264
45 337
45 389
45 393
45 427
45 450
45 452
45 464
45 550
45 551
45 556
45 558
45 576
45 577
45 678
45 689
45 702
45 752
45 787
45 876
45 889
45 894
45 964
46 71
46 91
46 127
46 214
46 229
46 244
46 295
46 317
46 362
46 404
46 405
46 412
46 455
46 658
46 661
46 670
46 720
46 732
46 735
46 754
46 772
46 780
46 786
46 826
46 859
46 890
46 935
46 941
46 951
46 955
46 973
46 991
47 108
47 147
47 240
47 267
47 317
47 339
47 344
47 350
47 429
47 431
47 523
47 546
47 551
47 567
47 602
47 621
47 703
47 768
47 780
47 845
47 891
47 999
48 114
48 129
48 189
48 218
48 227
48 229
48 242
48 245
48 316
48 328
48 345
48 347
48 377
48 410
48 480
48 519
48 595
48 631
48 667
48 723
48 835
48 843
48 886
48 967
49 104
49 134
49 360
49 388
49 426
49 464
49 465
49 466
49 493
49 522
49 531
49 595
49 622
49 639
49 665
49 729
49 867
50 108
50 111
50 121
50 153
50 309
50 320
50 409
50 443
50 542
50 626
50 717
50 734
51 88
51 109
51 113
51 133
51 141
51 144
51 196
51 197
51 256
51 273
51 301
51 363
51 410
51 437
51 454
51 455
51 510
51 532
51 537
51 538
51 541
51 603
51 641
51 687
51 727
51 741
51 774
51 812
51 849
51 887
51 918
52 124
52 127
52 189
52 191
52 202
52 203
52 207
52 245
52 264
52 273
52 309
52 372
52 428
52 444
52 474
52 475
52 488
52 493
52 533
52 561
52 573
52 695
52 725
52 737
52 743
52 767
52 783
52 785
52 787
52 806
52 812
52 815
52 851
52 865
52 884
52 918
52 935
52 940
52 951
53 130
53 159
53 256
53 259
53 308
53 379
53 424
53 430
53 477
53 572
53 618
53 625
53 632
53 677
53 713
53 733
53 860
53 904
53 953
53 965
54 65
54 128
54 129
54 218
54 240
54 252
54 259
54 309
54 324
54 679
54 806
54 812
54 835
54 851
54 918
55 200
55 206
55 210
55 273
55 301
55 358
55 388
55 445
55 454
55 474
55 506
55 596
55 690
55 710
55 792
55 802
55 805
55 880
56 137
56 147
56 255
56 283
56 351
56 412
56 523
56 574
56 697
56 700
56 722
56 738
56 754
56 832
56 858
56 867
56 924
56 927
56 994
57 73
57 285
57 313
57 376
57 407
57 413
57 553
57 559
57 596
57 657
57 658
57 738
57 901
57 917
57 965
57 995
58 104
58 129
58 165
58 208
58 237
58 243
58 273
58 294
58 307
58 337
58 476
58 551
58 577
58 639
58 726
58 777
58 798
58 946
59 111
59 135
59 143
59 154
59 271
59 296
59 302
59 306
59 307
59 353
59 370
59 380
59 387
59 433
59 438
59 451
59 559
59 561
59 571
59 577
59 614
59 616
59 710
59 913
59 951
59 988
60 67
60 144
60 165
60 175
60 236
60 255
60 312
60 316
60 363
60 435
60 443
60 587
60 636
60 844
60 862
60 918
60 944
61 83
61 205
61 229
61 259
61 275
61 291
61 306
61 312
61 313
61 338
61 424
61 541
61 548
61 568
61 630
61 656
61 682
61 734
61 772
61 848
61 858
61 868
61 878
61 951
61 965
62 80
62 132
62 144
62 157
62 163
62 197
62 199
62 203
62 204
62 244
62 246
62 251
62 279
62 281
62 297
62 301
62 330
62 345
62 382
62 387
62 401
62 416
62 433
62 459
62 471
62 516
62 520
62 532
62 539
62 541
62 595
62 610
62 611
62 634
62 664
62 690
62 698
62 706
62 737
62 792
62 804
62 812
62 821
62 855
62 857
62 888
62 931
62 947
62 964
62 980
63 65
63 85
63 142
63 334
63 359
63 403
63 502
63 550
63 722
63 754
63 763
63 774
63 839
63 866
63 966
64 77
64 80
64 202
64 302
64 319
64 336
64 345
64 411
64 427
64 452
64 478
64 574
64 618
64 661
64 748
64 751
64 761
64 779
64 787
64 794
64 902
64 914
64 936
64 941
64 957
64 979
64 993
64 995
65 109
65 115
65 147
65 175
65 185
65 189
65 248
65 279
65 370
65 410
65 448
65 451
65 466
65 509
65 532
65 540
65 593
65 612
65 618
65 622
65 627
65 632
65 652
65 680
65 755
65 763
65 769
65 785
65 834
65 849
66 79
66 104
66 136
66 217
66 236
66 284
66 335
66 622
66 745
66 799
66 844
66 846
66 849
66 946
67 100
67 127
67 163
67 187
67 204
67 214
67 232
67 242
67 279
67 352
67 366
67 406
67 409
67 435
67 491
67 501
67 507
67 574
67 584
67 612
67 673
67 714
67 738
67 779
67 837
67 867
67 891
67 945
67 957
68 185
68 233
68 251
68 316
68 356
68 397
68 399
68 549
68 583
68 600
68 633
68 691
68 700
68 729
68 894
68 947
68 967
68 978
69 92
69 113
69 289
69 295
69 302
69 336
69 351
69 422
69 612
69 632
69 731
69 857
69 858
69 874
69 882
69 931
69 936
69 977
70 118
70 130
70 156
70 279
70 334
70 523
70 536
70 546
70 548
70 554
70 591
70 644
70 695
70 722
70 757
70 882
70 970
71 113
71 120
71 131
71 192
71 200
71 248
71 265
71 274
71 288
71 295
71 457
71 486
71 534
71 768
71 796
71 941
71 947
72 165
72 186
72 329
72 335
72 376
72 421
72 598
72 604
72 683
72 705
72 830
72 884
72 925
72 937
73 125
73 131
73 207
73 211
73 224
73 305
73 320
73 344
73 384
73 433
73 434
73 443
73 451
73 514
73 574
73 685
73 756
73 762
73 806
73 827
73 847
73 865
73 872
73 882
73 906
73 918
73 940
73 974
74 85
74 149
74 214
74 258
74 339
74 384
74 443
74 444
74 466
74 490
74 508
74 575
74 577
74 586
74 637
74 718
74 736
74 744
74 753
74 807
74 848
74 866
74 889
74 960
74 961
74 967
75 76
75 113
75 128
75 137
75 233
75 256
75 358
75 376
75 441
75 451
75 455
75 502
75 550
75 680
75 938
75 997
76 88
76 135
76 157
76 163
76 173
76 206
76 245
76 286
76 288
76 310
76 341
76 443
76 505
76 507
76 536
76 548
76 621
76 638
76 652
76 656
76 660
76 681
76 692
76 780
76 786
76 791
76 838
76 851
76 853
76 859
76 912
76 944
76 978
77 86
77 125
77 154
77 191
77 226
77 278
77 334
77 345
77 409
77 450
77 574
77 653
77 701
77 714
77 722
77 726
77 812
77 844
77 891
78 119
78 222
78 238
78 263
78 288
78 316
78 333
78 416
78 441
78 469
78 520
78 524
78 541
78 566
78 598
78 603
78 614
78 830
78 833
78 971
79 80
79 88
79 139
79 156
79 207
79 268
79 273
79 306
79 322
79 353
79 409
79 413
79 414
79 415
79 483
79 516
79 532
79 564
79 587
79 602
79 616
79 627
79 661
79 662
79 692
79 709
79 737
79 858
79 863
79 870
79 931
79 938
79 993
80 95
80 150
80 155
80 156
80 161
80 216
80 266
80 273
80 279
80 302
80 320
80 321
80 335
80 378
80 393
80 409
80 461
80 472
80 497
80 516
80 518
80 519
80 584
80 592
80 594
80 632
80 637
80 664
80 675
80 686
80 691
80 709
80 737
80 742
80 745
80 764
80 801
80 832
80 854
80 920
80 931
80 954
80 959
81 144
81 178
81 326
81 383
81 517
81 545
81 608
81 628
81 683
81 686
81 994
82 130
82 298
82 306
82 359
82 377
82 449
82 459
82 632
82 709
82 956
83 109
83 122
83 150
83 248
83 307
83 336
83 362
83 474
83 556
83 558
83 559
83 583
83 606
83 635
83 673
83 694
83 763
83 837
83 872
83 904
83 951
83 981
84 167
84 192
84 233
84 241
84 340
84 351
84 487
84 631
84 726
84 825
84 832
84 908
84 925
84 999
85 225
85 226
85 229
85 355
85 373
85 454
85 543
85 567
85 628
85 636
85 660
85 670
85 704
85 799
85 814
85 827
85 936
86 135
86 182
86 202
86 215
86 231
86 255
86 257
86 307
86 333
86 428
86 440
86 450
86 484
86 488
86 520
86 630
86 698
86 737
86 771
86 796
86 837
86 845
86 887
86 975
86 993
87 228
87 241
87 307
87 350
87 353
87 367
87 430
87 454
87 524
87 561
87 633
87 681
87 722
87 783
87 799
87 806
87 884
87 907
87 951
87 963
87 998
88 106
88 172
88 268
88 307
88 364
88 452
88 505
88 507
88 570
88 573
88 612
88 648
88 684
88 687
88 725
88 745
88 784
88 849
88 852
88 856
88 874
88 891
88 966
89 206
89 210
89 277
89 278
89 322
89 338
89 360
89 450
89 503
89 534
89 558
89 639
89 690
89 710
89 772
90 105
90 165
90 199
90 253
90 275
90 307
90 325
90 333
90 341
90 355
90 356
90 444
90 531
90 586
90 637
90 690
90 731
90 753
90 843
90 911
90 947
90 998
91 106
91 157
91 175
91 188
91 195
91 233
91 252
91 262
91 278
91 394
91 401
91 406
91 429
91 442
91 453
91 537
91 544
91 597
91 602
91 604
91 605
91 623
91 655
91 688
91 690
91 695
91 716
91 718
91 816
91 828
91 833
91 834
91 838
91 840
91 856
91 873
91 886
91 915
91 930
91 948
91 949
91 971
91 992
91 995
92 126
92 133
92 160
92 190
92 265
92 305
92 337
92 351
92 363
92 381
92 389
92 480
92 495
92 506
92 507
92 525
92 588
92 596
92 618
92 715
92 722
92 734
92 748
92 757
92 839
92 867
92 928
92 959
92 990
92 993
93 144
93 275
93 290
93 373
93 378
93 409
93 412
93 425
93 669
93 706
93 748
93 986
94 135
94 164
94 191
94 205
94 207
94 262
94 300
94 326
94 336
94 347
94 355
94 361
94 368
94 415
94 435
94 475
94 479
94 514
94 540
94 574
94 586
94 626
94 662
94 692
94 694
94 736
94 756
94 808
94 817
94 846
94 852
94 861
94 894
95 146
95 423
95 437
95 465
95 620
95 707
95 740
95 957
95 966
96 256
96 318
96 347
96 364
96 415
96 437
96 441
96 466
96 516
96 559
96 601
96 639
96 747
96 752
96 758
96 781
96 827
96 829
96 845
96 916
96 922
96 951
97 129
97 161
97 206
97 210
97 245
97 283
97 298
97 301
97 316
97 324
97 442
97 474
97 512
97 526
97 588
97 612
97 676
97 690
97 867
97 870
97 923
98 178
98 184
98 193
98 216
98 279
98 293
98 327
98 330
98 356
98 552
98 807
98 867
98 974
99 123
99 160
99 172
99 224
99 294
99 425
99 445
99 458
99 465
99 511
99 533
99 579
99 583
99 614
99 622
99 636
99 642
99 704
99 734
99 741
99 774
99 777
99 782
99 828
99 841
99 848
99 872
99 904
99 906
99 956
99 994
100 120
100 155
100 261
100 283
100 335
100 407
100 552
100 567
100 673
100 706
100 839
100 860
100 907
100 965
101 119
101 135
101 137
101 138
101 143
101 158
101 181
101 195
101 206
101 224
101 267
101 271
101 281
101 283
101 319
101 358
101 386
101 393
101 431
101 439
101 445
101 446
101 454
101 475
101 489
101 525
101 541
101 576
101 591
101 597
101 700
101 743
101 755
101 777
101 779
101 900
101 929
101 935
101 960
102 109
102 157
102 185
102 251
102 286
102 356
102 359
102 375
102 409
102 507
102 559
102 565
102 578
102 627
102 631
102 646
102 680
102 697
102 786
102 801
102 851
102 901
102 917
102 982
103 216
103 222
103 356
103 429
103 451
103 463
103 468
103 546
103 553
103 578
103 592
103 679
103 722
103 762
103 830
103 834
103 853
103 880
103 895
103 997
104 112
104 134
104 176
104 357
104 421
104 491
104 599
104 621
104 622
104 629
104 639
104 676
104 708
104 731
104 778
104 990
104 998
105 120
105 173
105 179
105 224
105 294
105 340
105 344
105 353
105 411
105 423
105 437
105 485
105 498
105 515
105 542
105 581
105 664
105 677
105 724
105 857
105 895
105 950
105 980
106 109
106 120
106 173
106 206
106 306
106 332
106 360
106 428
106 472
106 490
106 494
106 504
106 512
106 573
106 575
106 804
106 829
106 865
106 874
106 877
106 951
107 128
107 163
107 173
107 191
107 228
107 256
107 261
107 294
107 329
107 334
107 369
107 395
107 445
107 477
107 478
107 619
107 624
107 641
107 655
107 694
107 727
107 731
107 734
107 736
107 747
107 760
107 807
107 822
107 845
107 863
107 954
108 122
108 147
108 172
108 183
108 197
108 220
108 223
108 240
108 297
108 369
108 371
108 380
108 510
108 567
108 633
108 667
108 685
108 712
108 876
108 925
108 946
108 983
108 995
109 156
109 260
109 273
109 284
109 343
109 349
109 387
109 410
109 446
109 470
109 481
109 482
109 487
109 500
109 509
109 537
109 567
109 600
109 654
109 664
109 706
109 751
109 758
109 760
109 800
109 806
109 865
109 902
109 1000
110 118
110 123
110 150
110 219
110 222
110 416
110 446
110 452
110 538
110 611
110 667
110 668
110 706
110 766
110 882
110 883
110 953
110 960
110 977
111 161
111 184
111 202
111 246
111 254
111 306
111 336
111 372
111 456
111 618
112 132
112 142
112 170
112 209
112 232
112 292
112 305
112 342
112 365
112 411
112 471
112 472
112 486
112 502
112 512
112 526
112 538
112 552
112 574
112 586
112 588
112 592
112 594
112 628
112 637
112 786
112 812
112 823
112 832
112 838
112 841
112 896
112 947
112 978
113 220
113 270
113 336
113 379
113 567
113 570
113 687
113 810
113 834
113 849
113 877
113 882
113 912
113 922
113 977
114 164
114 269
114 273
114 279
114 343
114 377
114 397
114 501
114 516
114 520
114 579
114 605
114 664
114 683
114 689
114 712
114 845
114 921
115 129
115 176
115 178
115 200
115 243
115 265
115 286
115 340
115 376
115 411
115 468
115 503
115 633
115 723
115 780
115 792
115 799
115 867
115 883
115 946
115 949
115 982
116 126
116 169
116 264
116 267
116 329
116 359
116 362
116 363
116 367
116 385
116 424
116 473
116 494
116 516
116 535
116 550
116 554
116 569
116 595
116 605
116 644
116 671
116 675
116 693
116 774
116 819
116 844
116 849
116 923
116 933
117 129
117 169
117 228
117 274
117 290
117 362
117 480
117 495
117 612
117 614
117 652
117 725
117 767
117 771
117 803
117 813
117 840
117 874
117 881
117 882
117 911
117 914
117 924
117 952
117 994
118 209
118 238
118 250
118 316
118 368
118 406
118 410
118 483
118 536
118 545
118 575
118 611
118 632
118 656
118 665
118 722
118 738
118 806
118 870
118 917
118 922
119 122
119 297
119 355
119 381
119 406
119 427
119 448
119 516
119 577
119 634
119 734
119 937
119 997
120 150
120 183
120 214
120 236
120 327
120 374
120 381
120 414
120 516
120 526
120 541
120 546
120 577
120 609
120 610
120 656
120 660
120 665
120 730
120 741
120 788
120 817
120 819
120 823
120 881
120 891
120 968
121 133
121 193
121 279
121 340
121 394
121 423
121 524
121 527
121 546
121 602
121 702
121 798
121 869
121 936
122 129
122 138
122 160
122 238
122 328
122 337
122 368
122 409
122 572
122 642
122 650
122 652
122 667
122 780
122 810
122 847
122 934
123 133
123 136
123 158
123 234
123 245
123 278
123 300
123 344
123 347
123 357
123 359
123 397
123 402
123 405
123 410
123 449
123 467
123 497
123 527
123 555
123 567
123 631
123 633
123 677
123 679
123 721
123 732
123 737
123 743
123 747
123 758
123 768
123 787
123 790
123 791
123 808
123 836
123 870
123 900
123 907
123 913
123 915
123 924
123 945
123 952
123 998
124 194
124 230
124 288
124 407
124 411
124 429
124 503
124 652
124 703
124 734
124 919
124 996
125 127
125 177
125 207
125 223
125 238
125 247
125 280
125 317
125 335
125 351
125 352
125 361
125 369
125 423
125 426
125 434
125 519
125 542
125 566
125 567
125 575
125 612
125 631
125 650
125 668
125 683
125 705
125 715
125 742
125 754
125 761
125 780
125 785
125 800
125 806
125 819
125 820
125 834
125 842
125 854
125 874
125 911
125 928
125 930
125 973
125 984
125 991
125 999
126 144
126 184
126 238
126 273
126 359
126 485
126 507
126 589
126 631
126 814
126 873
127 204
127 214
127 317
127 328
127 336
127 347
127 446
127 454
127 637
127 748
127 917
127 922
127 925
128 191
128 232
128 255
128 319
128 410
128 440
128 459
128 462
128 590
128 681
128 876
129 136
129 160
129 195
129 205
129 206
129 221
129 245
129 250
129 253
129 298
129 316
129 322
129 406
129 417
129 445
129 460
129 466
129 508
129 516
129 520
129 555
129 560
129 564
129 591
129 593
129 624
129 644
129 663
129 666
129 668
129 690
129 703
129 704
129 711
129 753
129 779
129 808
129 814
129 823
129 825
129 846
129 867
129 876
129 877
129 933
129 990
130 135
130 154
130 226
130 228
130 258
130 259
130 306
130 322
130 430
130 434
130 437
130 441
130 445
130 573
130 587
130 607
130 618
130 651
130 660
130 684
130 768
130 769
130 782
130 814
130 845
130 897
130 924
130 944
130 957
131 154
131 200
131 213
131 214
131 226
131 319
131 404
131 412
131 429
131 430
131 512
131 551
131 564
131 571
131 574
131 657
131 658
131 691
131 721
131 731
131 780
131 786
131 821
131 860
131 962
132 142
132 154
132 185
132 209
132 213
132 243
132 248
132 249
132 255
132 325
132 329
132 353
132 370
132 373
132 407
132 428
132 446
132 450
132 458
132 459
132 492
132 552
132 567
132 605
132 623
132 624
132 653
132 681
132 726
132 762
132 771
132 774
132 820
132 821
132 876
132 897
132 899
132 901
132 925
132 935
132 954
132 956
132 966
132 996
132 1000
133 136
133 153
133 163
133 199
133 254
133 267
133 358
133 359
133 363
133 410
133 514
133 575
133 608
133 626
133 702
133 708
133 758
133 767
133 825
133 903
133 982
134 237
134 257
134 320
134 332
134 334
134 342
134 354
134 381
134 410
134 439
134 534
134 555
134 621
134 626
134 718
134 786
134 908
134 952
135 215
135 224
135 228
135 317
135 329
135 332
135 357
135 373
135 381
135 392
135 422
135 430
135 432
135 469
135 484
135 488
135 512
135 562
135 594
135 618
135 627
135 637
135 661
135 718
135 755
135 783
135 828
135 891
135 897
135 922
135 945
135 951
135 958
135 969
135 991
135 996
136 178
136 198
136 214
136 381
136 467
136 528
136 577
136 604
136 641
136 655
136 683
136 701
136 754
136 804
136 869
136 908
136 925
136 954
137 138
137 187
137 226
137 290
137 358
137 393
137 422
137 427
137 434
137 438
137 448
137 459
137 477
137 536
137 580
137 650
137 738
137 821
137 919
137 942
137 951
138 139
138 144
138 188
138 197
138 239
138 271
138 290
138 306
138 325
138 349
138 354
138 358
138 500
138 558
138 597
138 604
138 669
138 696
138 713
138 755
138 779
138 801
138 815
138 857
138 867
138 882
138 915
138 917
138 924
138 951
138 976
139 169
139 195
139 204
139 244
139 321
139 326
139 332
139 357
139 399
139 430
139 468
139 516
139 532
139 625
139 637
139 963
140 329
140 367
140 533
140 685
140 693
140 828
140 839
140 870
140 880
140 899
140 932
140 934
141 177
141 202
141 203
141 292
141 308
141 317
141 334
141 353
141 407
141 430
141 546
141 614
141 682
141 741
141 828
141 829
141 857
141 858
141 861
141 995
142 144
142 156
142 195
142 223
142 251
142 254
142 272
142 357
142 377
142 383
142 387
142 406
142 427
142 431
142 476
142 482
142 504
142 564
142 584
142 628
142 667
142 680
142 681
142 684
142 685
142 698
142 744
142 747
142 767
142 797
142 810
142 832
142 837
142 839
142 873
142 907
142 926
142 949
142 960
142 977
142 988
142 993
142 995
143 150
143 283
143 285
143 314
143 337
143 352
143 353
143 366
143 370
143 373
143 379
143 383
143 401
143 479
143 484
143 502
143 550
143 608
143 643
143 686
143 710
143 718
143 749
143 768
143 773
143 780
143 800
143 813
143 831
143 848
143 883
143 914
144 180
144 200
144 294
144 298
144 352
144 369
144 387
144 401
144 518
144 526
144 563
144 592
144 639
144 642
144 754
144 803
144 804
144 877
144 935
144 999
145 218
145 223
145 285
145 340
145 387
145 391
145 401
145 421
145 466
145 486
145 526
145 591
145 634
145 670
145 709
145 713
145 771
145 799
145 817
145 829
145 850
145 897
145 903
145 996
146 169
146 329
146 408
146 412
146 431
146 474
146 508
146 513
146 555
146 630
146 655
146 709
146 872
146 999
147 148
147 178
147 182
147 183
147 307
147 347
147 350
147 354
147 404
147 410
147 425
147 431
147 454
147 460
147 468
147 486
147 547
147 567
147 619
147 622
147 643
147 667
147 685
147 694
147 726
147 727
147 760
147 763
147 781
147 812
147 864
147 876
147 962
147 963
148 159
148 174
148 189
148 241
148 265
148 267
148 331
148 350
148 355
148 402
148 431
148 486
148 567
148 571
148 577
148 581
148 607
148 662
148 703
148 762
148 806
148 846
148 876
148 917
149 192
149 200
149 215
149 257
149 397
149 398
149 401
149 426
149 476
149 481
149 483
149 514
149 518
149 540
149 543
149 548
149 552
149 579
149 671
149 673
149 676
149 745
149 753
149 768
149 785
149 786
149 815
149 831
149 833
149 860
149 869
149 945
149 980
149 991
150 153
150 159
150 169
150 177
150 180
150 200
150 212
150 261
150 272
150 283
150 285
150 296
150 335
150 346
150 353
150 372
150 385
150 408
150 409
150 427
150 457
150 458
150 517
150 519
150 520
150 534
150 535
150 550
150 589
150 608
150 631
150 657
150 661
150 666
150 689
150 703
150 730
150 754
150 768
150 772
150 779
150 798
150 815
150 826
150 834
150 859
150 872
150 880
150 886
150 889
150 898
150 914
150 924
150 964
151 168
151 205
151 290
151 293
151 303
151 353
151 478
151 543
151 731
151 771
151 791
151 808
151 847
151 850
151 921
151 947
151 971
151 977
151 995
152 179
152 184
152 421
152 455
152 504
152 531
152 757
152 806
152 908
152 985
153 173
153 281
153 302
153 321
153 415
153 434
153 450
153 470
153 497
153 527
153 533
153 833
153 980
153 996
154 162
154 176
154 257
154 272
154 307
154 312
154 337
154 345
154 354
154 415
154 430
154 431
154 512
154 518
154 528
154 556
154 561
154 572
154 575
154 618
154 621
154 631
154 659
154 660
154 665
154 669
154 688
154 758
154 821
154 830
154 834
154 957
154 958
154 986
155 160
155 212
155 260
155 402
155 429
155 452
155 476
155 490
155 493
155 501
155 513
155 569
155 734
155 754
155 781
155 786
155 790
155 797
155 885
155 890
155 910
156 157
156 169
156 241
156 244
156 252
156 256
156 474
156 479
156 569
156 584
156 598
156 681
156 701
156 782
156 892
156 921
157 166
157 168
157 181
157 183
157 306
157 336
157 353
157 387
157 390
157 536
157 541
157 552
157 588
157 622
157 698
157 724
157 727
157 734
157 744
157 825
157 835
157 871
157 885
157 929
157 963
157 969
158 279
158 288
158 429
158 468
158 499
158 580
158 594
158 595
158 619
158 650
158 679
158 814
158 857
159 164
159 348
159 706
159 751
159 792
159 799
159 906
159 963
160 162
160 294
160 354
160 401
160 479
160 554
160 814
160 845
160 870
160 884
160 898
160 926
160 949
160 994
161 198
161 290
161 360
161 368
161 369
161 377
161 387
161 401
161 454
161 466
161 512
161 526
161 549
161 589
161 592
161 634
161 647
161 693
161 746
161 780
161 829
161 893
161 905
161 918
161 923
161 977
161 983
162 359
162 466
162 479
162 509
162 560
162 606
162 722
162 871
162 887
162 944
162 958
162 977
163 261
163 311
163 319
163 334
163 362
163 444
163 583
163 642
163 646
163 656
163 922
163 959
163 963
164 170
164 311
164 328
164 396
164 420
164 477
164 548
164 620
164 637
164 641
164 656
164 678
164 764
164 804
164 855
164 873
164 977
164 979
165 171
165 243
165 245
165 259
165 264
165 280
165 397
165 451
165 461
165 474
165 553
165 557
165 603
165 623
165 628
165 683
165 734
165 762
165 849
165 891
165 928
165 957
165 961
166 171
166 200
166 231
166 245
166 307
166 337
166 368
166 370
166 421
166 538
166 545
166 553
166 603
166 779
166 904
166 965
167 204
167 264
167 278
167 317
167 390
167 416
167 513
167 526
167 650
167 656
167 699
167 801
167 940
168 170
168 203
168 205
168 208
168 214
168 215
168 248
168 294
168 369
168 415
168 565
168 765
168 882
168 884
168 897
169 207
169 316
169 355
169 385
169 447
169 468
169 501
169 630
169 707
169 710
169 712
169 740
169 768
169 780
169 795
169 800
169 816
169 902
169 907
169 942
170 177
170 178
170 200
170 265
170 334
170 335
170 336
170 404
170 439
170 450
170 454
170 486
170 577
170 580
170 658
170 661
170 699
170 709
170 930
170 947
170 982
171 181
171 182
171 215
171 328
171 337
171 359
171 441
171 451
171 462
171 474
171 515
171 552
171 580
171 593
171 782
171 892
171 931
171 955
172 185
172 194
172 238
172 272
172 336
172 382
172 479
172 551
172 560
172 594
172 725
172 738
172 812
172 836
172 891
172 918
172 951
172 966
173 302
173 381
173 410
173 447
173 455
173 706
173 824
173 879
173 945
173 950
173 978
174 191
174 200
174 202
174 210
174 301
174 330
174 453
174 463
174 468
174 554
174 567
174 833
174 844
174 931
175 192
175 240
175 260
175 283
175 301
175 355
175 360
175 367
175 389
175 470
175 523
175 538
175 622
175 659
175 670
175 697
175 722
175 723
175 730
175 787
175 873
175 896
175 931
175 936
175 971
176 254
176 299
176 347
176 435
176 475
176 592
176 622
176 669
176 751
176 771
176 812
176 900
177 179
177 243
177 247
177 505
177 841
177 934
177 981
178 207
178 257
178 267
178 299
178 317
178 322
178 350
178 449
178 499
178 567
178 580
178 583
178 619
178 635
178 702
178 726
178 757
178 808
178 812
179 227
179 264
179 328
179 368
179 440
179 449
179 509
179 535
179 673
179 712
179 845
179 873
179 971
180 200
180 208
180 294
180 343
180 394
180 431
180 485
180 489
180 513
180 553
180 558
180 603
180 683
180 704
180 713
180 730
180 830
180 844
180 864
180 886
180 892
181 209
181 243
181 254
181 273
181 275
181 288
181 358
181 378
181 441
181 466
181 490
181 520
181 559
181 574
181 623
181 664
181 682
181 737
181 757
181 779
181 827
181 850
181 874
181 900
181 913
181 918
181 928
181 980
182 189
182 199
182 203
182 347
182 361
182 380
182 421
182 451
182 453
182 462
182 474
182 513
182 544
182 546
182 553
182 565
182 589
182 595
182 608
182 619
182 650
182 687
182 757
182 782
182 835
182 849
182 853
182 871
183 211
183 280
183 299
183 322
183 359
183 397
183 431
183 438
183 449
183 486
183 545
183 567
183 589
183 669
183 747
183 802
183 818
183 876
183 898
183 921
183 976
183 984
184 191
184 224
184 228
184 282
184 317
184 326
184 342
184 383
184 400
184 405
184 435
184 445
184 475
184 547
184 559
184 592
184 612
184 623
184 654
184 668
184 679
184 719
184 810
184 811
184 827
184 853
184 896
184 932
184 942
184 948
184 955
184 968
184 994
184 999
185 203
185 220
185 250
185 284
185 289
185 293
185 302
185 377
185 435
185 511
185 518
185 606
185 646
185 679
185 682
185 699
185 710
185 713
185 741
185 759
185 792
185 864
185 920
185 921
185 944
186 204
186 228
186 305
186 317
186 351
186 374
186 408
186 500
186 551
186 571
186 578
186 628
186 676
186 697
186 726
186 793
186 813
186 888
186 913
186 948
187 228
187 240
187 377
187 401
187 443
187 459
187 585
187 642
187 857
187 883
188 193
188 237
188 283
188 410
188 527
188 607
188 614
188 644
188 730
188 879
188 898
188 929
188 968
188 977
189 229
189 236
189 241
189 331
189 346
189 365
189 384
189 405
189 418
189 444
189 451
189 492
189 505
189 547
189 582
189 601
189 623
189 670
189 674
189 681
189 847
189 901
189 904
189 944
189 948
189 977
189 978
190 292
190 358
190 389
190 492
190 493
190 505
190 618
190 676
190 742
190 755
190 795
190 965
190 986
191 212
191 226
191 244
191 299
191 327
191 392
191 409
191 410
191 533
191 753
191 757
191 839
191 871
191 907
192 255
192 257
192 342
192 369
192 376
192 398
192 407
192 413
192 428
192 531
192 626
192 658
192 665
192 676
192 780
192 793
192 860
192 874
192 883
193 214
193 238
193 277
193 289
193 340
193 350
193 389
193 432
193 441
193 448
193 474
193 557
193 577
193 599
193 626
193 683
193 724
193 738
193 767
193 853
193 880
193 891
193 943
194 199
194 207
194 229
194 236
194 309
194 376
194 412
194 415
194 432
194 490
194 523
194 567
194 575
194 596
194 599
194 649
194 661
194 686
194 746
194 819
194 828
194 891
194 908
194 930
194 953
194 972
195 211
195 220
195 238
195 271
195 309
195 319
195 358
195 368
195 382
195 469
195 473
195 474
195 496
195 513
195 546
195 557
195 583
195 611
195 634
195 663
195 680
195 700
195 709
195 746
195 758
195 800
195 817
195 832
195 839
195 842
195 959
195 977
196 229
196 245
196 322
196 358
196 409
196 451
196 503
196 546
196 550
196 557
196 603
196 604
196 626
196 782
196 832
196 943
197 306
197 360
197 451
197 627
197 722
197 737
197 820
197 957
197 996
198 203
198 273
198 279
198 317
198 330
198 336
198 424
198 434
198 490
198 508
198 581
198 588
198 687
198 710
198 735
198 925
198 939
198 970
198 975
199 228
199 259
199 276
199 288
199 307
199 321
199 339
199 343
199 346
199 371
199 382
199 406
199 430
199 435
199 484
199 488
199 494
199 495
199 497
199 512
199 561
199 579
199 609
199 614
199 618
199 674
199 681
199 731
199 737
199 742
199 762
199 827
199 849
199 867
199 882
199 900
199 944
199 951
199 963
200 265
200 392
200 395
200 412
200 429
200 435
200 456
200 571
200 578
200 628
200 670
200 699
200 720
200 742
200 786
200 821
200 830
200 832
200 869
200 895
200 904
200 910
200 931
200 937
200 947
200 963
201 212
201 229
201 257
201 299
201 366
201 371
201 396
201 483
201 488
201 594
201 639
201 658
201 709
201 733
201 904
201 908
202 289
202 311
202 321
202 325
202 336
202 356
202 361
202 384
202 423
202 434
202 443
202 466
202 519
202 541
202 543
202 561
202 565
202 605
202 618
202 659
202 673
202 690
202 691
202 759
202 892
202 920
202 934
202 935
203 273
203 321
203 388
203 430
203 440
203 454
203 469
203 472
203 480
203 502
203 516
203 595
203 642
203 676
203 692
203 761
203 762
203 804
203 883
203 898
203 923
203 947
203 986
204 232
204 286
204 311
204 315
204 336
204 370
204 411
204 422
204 588
204 612
204 628
204 734
204 814
204 867
204 951
204 996
205 239
205 246
205 353
205 357
205 485
205 516
205 538
205 570
205 674
205 726
205 741
205 806
205 810
205 839
205 898
206 210
206 222
206 224
206 247
206 290
206 295
206 298
206 302
206 322
206 327
206 344
206 352
206 365
206 391
206 394
206 429
206 538
206 543
206 547
206 555
206 560
206 561
206 566
206 593
206 601
206 668
206 672
206 674
206 690
206 704
206 718
206 761
206 762
206 796
206 846
206 851
206 854
206 862
206 867
206 899
206 927
206 965
206 980
206 988
206 990
207 258
207 259
207 323
207 324
207 355
207 363
207 369
207 513
207 580
207 646
207 652
207 656
207 690
207 733
207 776
207 788
207 851
207 885
207 925
207 996
208 230
208 273
208 286
208 361
208 379
208 516
208 529
208 581
208 614
208 671
208 699
208 704
208 743
208 750
208 759
208 810
208 905
208 958
209 220
209 344
209 371
209 455
209 485
209 553
209 612
209 633
209 682
209 687
209 690
209 714
209 785
209 812
209 852
209 855
209 856
209 862
210 243
210 255
210 259
210 264
210 280
210 287
210 289
210 298
210 322
210 377
210 385
210 437
210 441
210 475
210 558
210 560
210 580
210 583
210 593
210 598
210 599
210 601
210 613
210 622
210 624
210 633
210 635
210 646
210 666
210 668
210 681
210 704
210 715
210 738
210 753
210 755
210 796
210 827
210 846
210 877
210 920
210 935
210 938
210 957
210 985
211 214
211 292
211 371
211 389
211 398
211 419
211 432
211 450
211 577
211 584
211 609
211 715
211 717
211 845
211 917
211 920
211 951
212 233
212 244
212 246
212 273
212 303
212 305
212 342
212 376
212 407
212 416
212 451
212 455
212 514
212 516
212 519
212 520
212 526
212 557
212 560
212 572
212 640
212 644
212 649
212 659
212 673
212 685
212 718
212 894
212 922
212 923
212 954
212 979
213 233
213 234
213 266
213 398
213 496
213 522
213 604
213 632
213 677
213 703
213 719
213 720
213 725
213 742
213 773
213 781
213 784
213 812
213 873
213 894
213 928
213 939
213 956
213 993
214 221
214 235
214 249
214 259
214 261
214 292
214 293
214 302
214 357
214 371
214 424
214 448
214 451
214 452
214 456
214 480
214 487
214 524
214 577
214 612
214 636
214 666
214 711
214 712
214 724
214 731
214 734
214 754
214 756
214 771
214 773
214 798
214 874
214 905
214 945
214 977
214 989
214 996
215 283
215 371
215 446
215 516
215 588
215 646
215 676
215 727
215 751
215 759
215 789
215 791
215 812
215 837
215 856
215 874
215 963
216 341
216 401
216 431
216 450
216 459
216 503
216 584
216 607
216 626
216 627
216 663
216 701
216 721
216 723
216 728
216 765
216 779
216 895
216 917
216 942
216 943
217 236
217 334
217 418
217 427
217 431
217 437
217 549
217 554
217 567
217 713
217 748
217 754
217 786
217 812
217 854
217 916
218 232
218 263
218 269
218 280
218 296
218 359
218 451
218 461
218 474
218 522
218 541
218 543
218 545
218 645
218 729
218 773
218 782
218 808
218 811
218 835
218 923
218 979
219 240
219 298
219 312
219 332
219 343
219 346
219 357
219 432
219 451
219 555
219 578
219 589
219 636
219 641
219 652
219 680
219 690
219 749
219 755
219 758
219 763
219 798
219 830
219 895
219 917
219 933
219 941
219 945
219 974
219 993
220 238
220 250
220 337
220 377
220 393
220 428
220 528
220 718
220 797
220 853
220 919
220 923
220 924
220 947
221 266
221 320
221 326
221 387
221 441
221 474
221 491
221 507
221 546
221 553
221 589
221 618
221 623
221 673
221 749
221 830
221 849
221 883
221 893
221 918
221 951
222 262
222 301
222 302
222 348
222 389
222 428
222 441
222 451
222 455
222 460
222 475
222 534
222 535
222 569
222 615
222 669
222 682
222 740
222 771
222 791
222 828
222 835
222 855
222 877
222 917
222 922
222 931
222 974
222 989
223 310
223 312
223 334
223 431
223 636
223 650
223 718
223 803
223 844
223 921
224 267
224 323
224 431
224 512
224 523
224 557
224 580
224 585
224 604
224 652
224 754
224 775
224 865
224 929
225 330
225 472
225 534
225 675
225 709
225 801
225 885
225 908
225 917
225 972
225 986
226 330
226 344
226 475
226 527
226 551
226 604
226 620
226 632
226 635
226 736
226 877
226 969
226 993
226 996
227 250
227 255
227 289
227 309
227 364
227 373
227 708
227 717
227 754
227 763
227 837
227 906
227 925
228 237
228 243
228 259
228 331
228 333
228 355
228 356
228 398
228 409
228 430
228 443
228 455
228 466
228 476
228 488
228 495
228 508
228 512
228 521
228 544
228 553
228 561
228 564
228 589
228 637
228 668
228 670
228 705
228 722
228 729
228 749
228 762
228 771
228 772
228 807
228 814
228 829
228 921
228 927
228 944
228 945
228 950
228 951
228 967
228 978
229 237
229 293
229 359
229 360
229 392
229 490
229 642
229 848
229 916
229 964
229 997
230 420
230 451
230 454
230 511
230 540
230 578
230 656
230 664
230 722
230 754
230 765
230 778
230 839
230 845
231 300
231 364
231 487
231 568
231 582
231 660
231 706
231 726
231 735
231 891
231 930
231 997
232 286
232 357
232 385
232 402
232 408
232 492
232 494
232 499
232 524
232 535
232 628
232 835
232 920
232 923
232 969
233 241
233 250
233 294
233 309
233 355
233 412
233 435
233 522
233 568
233 661
233 723
233 779
233 815
233 923
233 928
233 931
233 959
233 966
233 996
234 238
234 336
234 404
234 481
234 544
234 589
234 709
234 756
234 844
235 238
235 268
235 302
235 320
235 434
235 436
235 450
235 455
235 459
235 484
235 533
235 557
235 583
235 585
235 732
235 737
235 783
235 785
235 867
235 955
235 982
236 241
236 272
236 287
236 309
236 316
236 335
236 415
236 455
236 457
236 463
236 466
236 509
236 522
236 537
236 626
236 657
236 665
236 686
236 747
236 819
236 867
236 908
236 910
236 952
237 243
237 255
237 324
237 333
237 339
237 359
237 375
237 410
237 459
237 561
237 592
237 619
237 664
237 665
237 685
237 708
237 713
237 724
237 849
237 856
237 900
237 912
237 968
237 986
237 997
238 283
238 291
238 374
238 404
238 411
238 414
238 461
238 462
238 538
238 540
238 543
238 579
238 596
238 601
238 610
238 707
238 754
238 757
238 762
238 928
238 930
238 989
239 307
239 326
239 358
239 371
239 431
239 433
239 434
239 464
239 664
239 670
239 747
239 950
239 959
240 244
240 255
240 273
240 458
240 484
240 590
240 607
240 741
240 802
240 815
240 874
240 964
240 975
241 277
241 311
241 320
241 321
241 332
241 335
241 462
241 527
241 559
241 568
241 573
241 580
241 585
241 630
241 632
241 640
241 656
241 670
241 692
241 697
241 704
241 707
241 723
241 771
241 791
241 792
241 809
241 813
241 827
241 850
241 875
241 892
241 899
241 930
241 941
241 983
241 986
242 245
242 246
242 268
242 302
242 344
242 400
242 412
242 442
242 501
242 643
242 683
242 712
242 779
242 823
242 837
242 903
242 908
242 914
242 946
243 266
243 280
243 300
243 346
243 386
243 400
243 448
243 455
243 460
243 467
243 477
243 479
243 606
243 612
243 614
243 650
243 675
243 696
243 784
243 882
243 886
243 888
243 914
243 949
243 973
244 308
244 349
244 362
244 365
244 441
244 461
244 542
244 627
244 719
244 768
244 804
244 806
244 810
244 916
244 922
244 923
244 963
244 965
245 274
245 292
245 342
245 387
245 389
245 403
245 429
245 495
245 503
245 554
245 586
245 675
245 683
245 711
245 731
245 746
245 775
245 790
245 803
245 839
245 849
245 851
245 867
245 907
245 938
245 968
245 969
246 273
246 279
246 305
246 356
246 369
246 378
246 405
246 412
246 455
246 490
246 516
246 563
246 589
246 651
246 664
246 718
246 726
246 736
246 767
246 784
246 785
246 787
246 804
246 911
247 275
247 304
247 351
247 377
247 487
247 540
247 584
247 597
247 614
247 635
247 658
247 847
247 874
247 925
248 306
248 348
248 374
248 382
248 544
248 602
248 609
248 612
248 917
248 930
249 362
249 383
249 435
249 445
249 464
249 717
249 720
249 726
249 762
249 774
249 820
249 992
250 317
250 354
250 355
250 393
250 431
250 434
250 448
250 466
250 468
250 492
250 525
250 546
250 580
250 589
250 638
250 640
250 643
250 660
250 668
250 670
250 686
250 706
250 708
250 768
250 815
250 874
250 878
250 883
250 892
250 903
250 931
250 986
251 297
251 327
251 355
251 376
251 377
251 396
251 451
251 489
251 548
251 578
251 595
251 622
251 633
251 639
251 694
251 699
251 917
251 944
251 971
252 307
252 336
252 427
252 434
252 563
252 642
252 667
252 910
253 256
253 267
253 293
253 311
253 314
253 325
253 391
253 459
253 618
253 747
253 786
253 799
253 985
254 273
254 335
254 341
254 345
254 411
254 502
254 592
254 622
254 713
254 778
255 268
255 293
255 404
255 412
255 419
255 447
255 470
255 528
255 530
255 561
255 620
255 682
255 704
255 706
255 719
255 720
255 774
255 782
255 803
255 816
255 830
255 840
255 850
255 882
255 919
255 935
256 269
256 378
256 405
256 466
256 510
256 589
256 606
256 616
256 633
256 641
256 740
256 744
256 747
256 754
256 789
256 841
256 845
256 897
256 907
256 935
256 982
257 267
257 351
257 381
257 398
257 407
257 481
257 513
257 514
257 579
257 592
257 593
257 618
257 665
257 676
257 678
257 692
257 745
257 793
257 817
257 823
257 831
257 837
257 889
257 976
258 330
258 355
258 409
258 437
258 474
258 566
258 696
258 731
258 765
258 961
258 990
258 991
258 997
259 313
259 333
259 336
259 379
259 382
259 390
259 429
259 430
259 434
259 439
259 444
259 455
259 466
259 469
259 512
259 516
259 524
259 602
259 610
259 618
259 635
259 643
259 668
259 706
259 707
259 729
259 756
259 760
259 778
259 791
259 892
259 951
259 978
259 993
260 309
260 344
260 494
260 512
260 647
260 656
260 737
260 863
260 865
260 899
260 975
260 997
261 275
261 279
261 293
261 347
261 384
261 431
261 538
261 561
261 567
261 585
261 686
261 762
261 839
261 932
262 268
262 366
262 512
262 539
262 572
262 747
262 755
262 847
262 856
262 900
262 942
262 982
262 990
263 405
263 449
263 457
263 472
263 521
263 667
263 752
263 767
263 806
263 832
263 891
264 283
264 311
264 326
264 395
264 414
264 419
264 486
264 616
264 681
264 757
264 826
264 852
264 948
264 955
264 963
265 350
265 362
265 370
265 412
265 419
265 429
265 497
265 551
265 640
265 645
265 658
265 694
265 710
265 713
265 741
265 772
265 780
265 832
265 860
265 893
265 947
265 953
265 959
265 976
265 983
265 991
266 288
266 351
266 458
266 467
266 475
266 491
266 559
266 568
266 596
266 597
266 639
266 699
266 750
266 799
266 819
266 840
266 996
267 350
267 413
267 431
267 486
267 501
267 538
267 558
267 573
267 757
267 768
267 821
267 926
267 931
268 271
268 358
268 370
268 395
268 397
268 403
268 406
268 410
268 433
268 436
268 532
268 567
268 646
268 656
268 665
268 673
268 699
268 703
268 733
268 774
268 870
268 906
268 921
268 954
268 959
268 975
269 286
269 308
269 324
269 390
269 398
269 405
269 502
269 543
269 546
269 672
269 716
269 734
269 736
269 759
269 788
269 843
269 876
269 923
269 927
269 948
269 974
270 279
270 475
270 533
270 534
270 684
270 787
270 814
270 940
270 958
270 994
271 304
271 358
271 369
271 387
271 391
271 396
271 445
271 468
271 503
271 541
271 545
271 579
271 594
271 650
271 667
271 767
271 777
271 779
271 809
271 821
271 823
271 861
271 903
271 906
271 932
271 953
272 385
272 443
272 479
272 652
272 656
272 679
272 754
272 757
272 810
272 847
272 876
273 280
273 316
273 338
273 387
273 416
273 419
273 441
273 452
273 472
273 483
273 499
273 521
273 527
273 536
273 558
273 563
273 565
273 584
273 603
273 650
273 661
273 666
273 670
273 685
273 687
273 727
273 804
273 824
273 829
273 853
273 877
273 891
273 914
273 960
273 972
273 978
274 288
274 299
274 311
274 369
274 403
274 466
274 491
274 574
274 614
274 665
274 676
274 691
274 845
274 931
275 292
275 330
275 370
275 413
275 437
275 454
275 460
275 490
275 520
275 527
275 534
275 568
275 578
275 722
275 746
275 789
275 835
275 882
275 887
275 890
275 931
276 321
276 335
276 349
276 509
276 526
276 597
276 603
276 633
276 649
276 666
276 778
276 780
276 931
277 520
277 598
277 628
277 669
277 731
277 732
277 908
278 295
278 359
278 398
278 408
278 477
278 511
278 525
278 575
278 611
278 708
278 769
278 952
279 318
279 328
279 378
279 385
279 442
279 461
279 483
279 490
279 516
279 519
279 535
279 561
279 602
279 651
279 687
279 737
279 769
279 772
279 773
279 779
279 818
279 868
279 894
279 908
279 918
279 952
279 962
280 296
280 303
280 323
280 356
280 458
280 465
280 731
280 736
280 767
280 794
281 304
281 320
281 332
281 470
281 520
281 624
281 643
281 696
281 847
282 337
282 353
282 415
282 531
282 589
282 614
282 631
282 656
282 724
282 813
282 946
283 289
283 306
283 334
283 362
283 493
283 535
283 563
283 589
283 614
283 654
283 736
283 813
283 872
283 886
283 948
283 960
283 967
284 369
284 461
284 468
284 546
284 566
284 583
284 695
284 816
284 917
285 401
285 430
285 479
285 528
285 532
285 583
285 698
285 708
285 736
285 737
285 779
285 865
285 867
285 868
285 894
285 970
285 995
285 998
286 349
286 360
286 371
286 389
286 438
286 447
286 458
286 481
286 490
286 526
286 568
286 577
286 603
286 612
286 628
286 657
286 703
286 720
286 762
286 812
286 813
286 821
286 912
286 928
287 293
287 311
287 433
287 521
287 534
287 538
287 622
287 628
287 668
287 887
287 925
287 968
288 298
288 351
288 357
288 376
288 414
288 427
288 436
288 474
288 559
288 643
288 901
288 917
289 389
289 402
289 410
289 422
289 449
289 451
289 474
289 583
289 609
289 638
289 664
289 674
289 740
289 749
289 814
289 880
289 933
289 938
289 939
289 978
290 298
290 306
290 328
290 349
290 474
290 610
290 622
290 678
290 751
290 801
290 857
290 923
290 924
290 927
290 980
291 331
291 355
291 571
291 648
291 661
291 699
291 721
291 834
291 885
291 895
291 930
291 944
291 966
292 462
292 572
292 595
292 616
292 680
292 763
292 778
292 900
292 922
293 357
293 464
293 589
293 659
293 709
293 737
293 757
293 822
293 907
294 311
294 334
294 359
294 368
294 370
294 448
294 479
294 509
294 521
294 575
294 653
294 674
294 702
294 713
294 787
294 814
294 836
294 870
294 891
294 916
294 930
294 941
294 943
294 956
294 994
295 363
295 403
295 443
295 450
295 462
295 517
295 540
295 567
295 643
295 694
295 756
295 768
295 801
295 848
295 860
295 926
295 938
295 941
295 959
295 973
296 304
296 324
296 429
296 510
296 535
296 589
296 597
296 673
296 678
296 876
297 381
297 480
297 496
297 523
297 676
297 706
297 762
297 845
297 950
298 337
298 419
298 488
298 495
298 635
298 645
298 690
298 716
298 760
298 785
298 846
298 891
298 895
299 357
299 388
299 392
299 394
299 480
299 486
299 567
299 600
299 691
299 700
299 747
299 757
299 876
299 882
299 918
300 302
300 367
300 429
300 436
300 514
300 515
300 539
300 547
300 596
300 613
300 620
300 644
300 706
300 797
300 826
300 867
300 984
301 397
301 483
301 506
301 518
301 548
301 607
301 667
301 709
301 742
301 793
301 795
301 847
301 850
301 874
301 893
301 903
301 916
301 963
302 306
302 360
302 498
302 547
302 568
302 620
302 631
302 643
302 670
302 727
302 888
302 948
302 959
302 963
302 977
302 984
303 437
303 561
303 571
303 599
303 743
303 762
303 774
303 780
303 847
303 861
303 965
304 348
304 397
304 468
304 490
304 582
304 604
304 625
304 661
304 677
304 758
304 782
304 815
304 839
304 857
305 382
305 392
305 429
305 458
305 484
305 539
305 547
305 574
305 585
305 613
305 641
305 655
305 671
305 701
305 711
305 717
305 737
305 749
305 771
305 786
305 862
305 865
305 881
305 899
305 951
306 309
306 319
306 358
306 393
306 409
306 430
306 457
306 485
306 491
306 534
306 559
306 590
306 618
306 650
306 652
306 684
306 688
306 698
306 700
306 730
306 738
306 777
306 779
306 780
306 801
306 811
306 830
306 832
306 833
306 851
306 916
306 922
306 933
307 329
307 336
307 355
307 376
307 400
307 431
307 432
307 441
307 483
307 486
307 490
307 495
307 512
307 516
307 543
307 570
307 575
307 589
307 594
307 618
307 626
307 686
307 691
307 700
307 768
307 784
307 800
307 805
307 809
307 827
307 831
307 844
307 854
307 934
307 936
307 951
307 952
307 957
307 961
307 966
307 975
307 999
308 334
308 449
308 548
308 558
308 614
308 623
308 636
308 647
308 765
308 771
308 829
308 908
308 934
309 409
309 474
309 498
309 524
309 554
309 612
309 613
309 667
309 695
309 715
309 725
309 730
309 774
309 780
309 899
310 391
310 417
310 478
310 507
310 533
310 545
310 737
310 807
310 855
310 918
310 946
310 992
311 338
311 382
311 429
311 433
311 492
311 501
311 509
311 540
311 548
311 572
311 583
311 606
311 660
311 754
311 758
311 796
311 834
311 836
311 839
311 845
311 884
311 931
311 947
311 964
311 971
311 997
312 336
312 342
312 351
312 363
312 387
312 495
312 509
312 574
312 609
312 670
312 684
312 719
312 784
312 787
312 825
312 837
312 872
312 874
312 937
312 945
313 372
313 376
313 400
313 437
313 444
313 464
313 474
313 530
313 594
313 624
313 668
313 699
313 819
313 866
313 917
313 951
313 970
313 981
314 399
314 405
314 434
314 441
314 456
314 490
314 495
314 677
314 680
314 720
314 791
314 944
315 325
315 355
315 357
315 449
315 528
315 551
315 590
315 598
315 664
315 680
315 731
315 900
315 941
316 340
316 357
316 381
316 478
316 573
316 577
316 680
316 741
316 749
316 767
316 782
316 797
316 840
316 863
316 918
316 934
316 946
316 991
317 337
317 366
317 377
317 404
317 409
317 482
317 487
317 514
317 521
317 539
317 545
317 552
317 568
317 614
317 685
317 689
317 784
317 905
317 913
317 917
317 922
317 963
317 979
318 327
318 474
318 578
318 612
318 621
318 667
318 751
318 861
318 964
318 995
319 332
319 430
319 443
319 468
319 529
319 558
319 578
319 591
319 597
319 630
319 649
319 689
319 713
319 763
319 868
319 928
319 931
319 960
319 996
320 404
320 433
320 447
320 486
320 531
320 561
320 571
320 650
320 658
320 677
320 684
320 688
320 727
320 766
320 780
320 919
320 933
320 970
321 359
321 380
321 429
321 575
321 603
321 616
321 623
321 752
321 922
321 993
322 374
322 481
322 508
322 526
322 534
322 535
322 553
322 567
322 601
322 618
322 727
322 731
322 762
322 812
322 853
322 922
323 341
323 343
323 371
323 396
323 423
323 434
323 527
323 540
323 581
323 585
323 604
323 646
323 690
323 732
323 749
323 823
323 831
323 855
323 912
323 924
323 999
324 490
324 568
324 599
324 706
324 883
324 903
324 990
324 996
325 379
325 437
325 497
325 521
325 523
325 529
325 537
325 557
325 591
325 625
325 649
325 725
325 731
325 798
325 813
325 819
325 848
325 881
325 933
325 947
326 340
326 344
326 368
326 370
326 401
326 405
326 420
326 499
326 530
326 556
326 577
326 649
326 679
326 689
326 692
326 705
326 731
326 754
326 799
326 873
326 876
326 885
326 890
326 903
326 951
326 959
326 966
326 967
326 987
327 330
327 331
327 381
327 382
327 402
327 411
327 424
327 465
327 483
327 661
327 767
327 778
327 810
327 836
327 840
327 888
327 892
327 905
327 949
327 954
327 982
328 339
328 345
328 355
328 392
328 393
328 397
328 446
328 490
328 516
328 532
328 623
328 625
328 664
328 892
328 923
328 935
328 959
328 963
329 347
329 396
329 441
329 471
329 551
329 561
329 616
329 621
329 636
329 641
329 644
329 656
329 664
329 731
329 821
329 844
329 918
329 942
329 978
330 332
330 359
330 380
330 428
330 445
330 474
330 520
330 563
330 627
330 650
330 667
330 750
330 789
330 804
330 834
330 858
330 945
331 428
331 430
331 584
331 623
331 626
331 635
331 683
331 716
331 743
331 755
331 844
331 849
331 867
331 917
331 925
331 951
331 981
332 355
332 359
332 415
332 417
332 440
332 455
332 574
332 578
332 733
332 739
332 753
332 758
332 835
332 987
333 354
333 376
333 383
333 430
333 434
333 441
333 463
333 466
333 515
333 594
333 606
333 618
333 667
333 734
333 746
333 785
333 809
333 866
333 873
333 909
333 951
333 978
333 1000
334 345
334 359
334 403
334 450
334 461
334 511
334 576
334 583
334 590
334 608
334 631
334 768
334 782
334 785
334 831
334 910
334 917
334 946
334 947
334 951
334 962
334 971
335 396
335 397
335 401
335 409
335 415
335 431
335 451
335 454
335 491
335 527
335 537
335 550
335 554
335 572
335 587
335 641
335 651
335 657
335 686
335 698
335 710
335 760
335 763
335 801
335 816
335 828
335 868
335 891
335 908
335 916
335 929
335 933
335 953
335 968
335 990
336 378
336 442
336 477
336 493
336 506
336 520
336 583
336 593
336 650
336 654
336 658
336 688
336 733
336 780
336 783
336 799
336 875
336 894
336 923
336 925
336 928
336 935
336 944
336 963
336 1000
337 339
337 342
337 398
337 465
337 481
337 502
337 547
337 647
337 688
337 747
337 807
337 834
337 867
337 874
337 973
337 975
337 1000
338 349
338 368
338 394
338 440
338 516
338 532
338 537
338 553
338 612
338 615
338 664
338 677
338 804
339 388
339 445
339 508
339 541
339 552
339 569
339 685
339 783
339 871
339 928
340 415
340 489
340 516
340 521
340 526
340 528
340 572
340 621
340 661
340 703
340 717
340 781
340 784
340 835
340 839
340 923
340 927
340 939
340 997
341 355
341 367
341 376
341 447
341 475
341 516
341 527
341 559
341 564
341 594
341 679
341 703
341 779
341 861
341 901
341 917
341 918
342 416
342 490
342 538
342 576
342 612
342 644
342 752
342 996
343 352
343 431
343 538
343 587
343 594
343 604
343 609
343 637
343 641
343 643
343 676
343 804
343 814
343 822
343 885
344 378
344 395
344 418
344 433
344 451
344 574
344 583
344 591
344 607
344 690
344 699
344 710
344 829
344 835
344 848
344 903
344 911
344 916
344 920
345 349
345 414
345 426
345 507
345 560
345 587
345 697
345 796
345 805
345 811
345 838
345 846
345 882
345 894
345 926
345 927
345 991
346 475
346 571
346 577
346 594
346 897
346 904
347 381
347 424
347 426
347 511
347 522
347 536
347 546
347 569
347 589
347 597
347 598
347 612
347 643
347 670
347 721
347 740
347 771
347 810
347 821
347 841
347 867
347 896
347 937
347 986
348 358
348 371
348 393
348 503
348 550
348 552
348 553
348 605
348 830
348 882
348 885
349 351
349 359
349 360
349 368
349 376
349 422
349 438
349 459
349 469
349 478
349 510
349 517
349 534
349 553
349 554
349 632
349 730
349 763
349 770
349 773
349 776
349 821
349 841
349 865
349 867
349 868
349 886
349 894
349 953
349 976
349 982
350 384
350 387
350 388
350 452
350 486
350 558
350 562
350 567
350 684
350 740
350 793
350 856
350 867
350 930
351 371
351 387
351 427
351 442
351 468
351 477
351 527
351 555
351 569
351 574
351 584
351 586
351 608
351 653
351 654
351 659
351 671
351 684
351 717
351 719
351 738
351 778
351 787
351 816
351 849
351 861
351 881
351 888
351 903
351 947
351 951
351 994
352 354
352 437
352 493
352 520
352 548
352 670
352 703
352 739
352 745
352 754
352 803
352 804
352 920
353 394
353 405
353 418
353 503
353 629
353 640
353 661
353 690
353 699
353 711
353 726
353 727
353 774
353 819
353 878
354 359
354 378
354 405
354 408
354 410
354 438
354 452
354 457
354 505
354 517
354 540
354 567
354 573
354 575
354 585
354 590
354 611
354 701
354 703
354 709
354 741
354 757
354 805
354 882
354 948
355 357
355 389
355 396
355 412
355 413
355 416
355 484
355 507
355 564
355 572
355 600
355 620
355 637
355 652
355 658
355 660
355 661
355 674
355 680
355 684
355 686
355 695
355 713
355 714
355 733
355 747
355 798
355 799
355 878
355 884
355 890
355 918
355 949
355 986
355 996
355 997
356 382
356 448
356 561
356 598
356 618
356 654
356 667
356 673
356 739
356 757
356 779
356 843
356 889
356 908
356 940
356 951
356 958
357 380
357 409
357 458
357 484
357 488
357 508
357 516
357 529
357 565
357 575
357 603
357 617
357 620
357 644
357 654
357 747
357 749
357 762
357 781
357 824
357 842
357 863
357 932
357 979
357 987
358 393
358 397
358 420
358 429
358 437
358 501
358 526
358 534
358 549
358 550
358 579
358 583
358 594
358 597
358 633
358 650
358 700
358 701
358 743
358 777
358 779
358 787
358 794
358 809
358 817
358 821
358 836
358 847
358 892
358 926
358 973
358 979
358 997
359 392
359 405
359 408
359 460
359 478
359 490
359 575
359 611
359 626
359 634
359 638
359 662
359 665
359 670
359 677
359 790
359 836
359 878
359 884
359 900
359 916
359 925
359 948
359 956
359 997
360 407
360 422
360 430
360 438
360 446
360 451
360 470
360 478
360 481
360 530
360 615
360 626
360 661
360 662
360 683
360 690
360 723
360 732
360 739
360 760
360 776
360 781
360 811
360 846
360 847
360 868
360 875
360 892
360 897
360 920
360 939
360 955
360 963
360 982
361 441
361 444
361 507
361 512
361 515
361 534
361 688
361 694
361 714
361 770
361 774
361 873
361 876
361 943
361 978
362 374
362 427
362 520
362 540
362 561
362 572
362 666
362 762
362 779
362 802
362 837
362 903
363 374
363 381
363 395
363 458
363 560
363 656
363 681
363 698
363 775
363 844
363 946
363 951
363 991
363 1000
364 398
364 411
364 431
364 448
364 456
364 476
364 484
364 515
364 523
364 528
364 568
364 580
364 585
364 587
364 644
364 653
364 673
364 733
364 758
364 776
364 810
364 835
364 852
364 881
364 902
364 903
364 922
364 950
365 377
365 450
365 506
365 650
365 652
365 680
365 681
365 716
365 732
365 844
365 859
365 874
365 925
365 969
366 435
366 461
366 480
366 505
366 521
366 557
366 565
366 672
366 682
366 725
366 782
366 807
366 896
366 993
367 373
367 374
367 383
367 388
367 392
367 415
367 435
367 498
367 506
367 520
367 532
367 566
367 601
367 626
367 652
367 663
367 678
367 728
367 741
367 747
367 776
367 784
367 827
367 845
367 870
367 918
367 972
368 409
368 456
368 477
368 619
368 667
368 809
368 871
368 951
368 962
369 378
369 492
369 574
369 588
369 589
369 594
369 698
369 741
369 845
369 972
369 993
370 486
370 577
370 624
370 686
370 717
370 734
370 762
370 775
370 781
370 803
370 819
370 860
370 867
370 870
370 913
370 931
370 934
370 935
370 982
371 373
371 380
371 427
371 509
371 628
371 738
371 739
371 758
371 822
371 858
371 886
371 965
371 969
372 699
372 709
372 730
372 839
372 875
372 985
372 986
373 403
373 485
373 495
373 501
373 618
373 626
373 691
373 747
373 852
374 508
374 538
374 553
374 560
374 566
374 573
374 615
374 710
374 931
374 941
374 985
375 441
375 446
375 447
375 474
375 608
375 733
375 780
375 793
375 916
375 978
376 446
376 456
376 459
376 467
376 491
376 494
376 510
376 535
376 559
376 560
376 578
376 596
376 622
376 633
376 656
376 664
376 670
376 680
376 699
376 713
376 730
376 746
376 750
376 766
376 788
376 792
376 901
376 917
377 404
377 506
377 538
377 540
377 635
377 646
377 686
377 698
377 699
377 782
377 824
377 825
377 840
377 853
377 897
377 914
377 924
377 932
378 437
378 461
378 501
378 510
378 516
378 629
378 730
378 787
378 902
379 403
379 433
379 578
379 588
379 604
379 645
379 667
379 722
379 741
379 754
379 767
379 832
379 951
379 981
380 431
380 499
380 636
380 774
380 855
380 937
381 425
381 448
381 458
381 537
381 647
381 661
381 667
381 671
381 699
381 712
381 716
381 724
381 726
381 734
381 767
381 812
381 862
381 917
381 975
382 390
382 405
382 411
382 455
382 618
382 627
382 658
382 702
382 739
382 790
382 823
382 877
382 883
382 894
382 921
382 931
382 950
382 951
382 955
383 422
383 453
383 470
383 552
383 556
383 570
383 663
383 711
383 784
383 821
383 835
383 858
383 865
384 407
384 410
384 460
384 501
384 554
384 617
384 648
384 656
384 663
384 734
384 741
384 778
384 781
384 828
384 886
384 943
384 953
385 389
385 406
385 425
385 466
385 468
385 493
385 557
385 711
385 743
385 768
385 787
385 792
385 800
385 940
385 988
386 435
386 455
386 535
386 652
386 661
386 699
386 720
386 833
387 445
387 465
387 470
387 473
387 517
387 563
387 565
387 574
387 581
387 600
387 658
387 719
387 887
387 945
387 986
388 417
388 458
388 462
388 464
388 468
388 472
388 512
388 527
388 551
388 577
388 640
388 749
388 787
388 799
388 813
388 878
388 885
388 903
388 906
388 958
388 970
388 995
389 410
389 575
389 581
389 718
389 726
389 727
389 751
389 774
389 808
389 835
389 840
389 890
389 925
389 954
389 967
389 991
390 435
390 446
390 479
390 531
390 548
390 595
390 614
390 808
390 909
390 914
390 922
391 407
391 531
391 562
391 627
391 741
391 758
391 776
391 812
391 922
391 938
391 983
392 411
392 412
392 421
392 429
392 459
392 574
392 600
392 658
392 697
392 708
392 718
392 780
392 802
392 826
392 921
392 925
392 947
392 1000
393 432
393 468
393 470
393 533
393 534
393 550
393 583
393 613
393 618
393 652
393 684
393 710
393 713
393 809
393 832
393 846
393 893
393 926
393 966
393 982
394 398
394 479
394 490
394 549
394 585
394 603
394 618
394 676
394 790
394 831
394 834
394 881
395 433
395 536
395 580
395 614
395 628
395 645
395 661
395 670
395 687
395 744
395 754
395 762
395 867
395 988
395 994
395 995
396 444
396 453
396 461
396 501
396 527
396 661
396 691
396 703
396 721
396 790
396 906
396 991
397 405
397 464
397 499
397 569
397 570
397 575
397 592
397 672
397 692
397 733
397 790
397 896
397 900
397 923
397 997
398 504
398 561
398 579
398 620
398 648
398 736
398 764
398 831
398 860
398 968
399 405
399 450
399 457
399 459
399 485
399 545
399 563
399 584
399 588
399 594
399 669
399 788
399 799
399 837
399 847
399 849
399 1000
400 577
400 644
400 866
400 892
400 955
400 961
401 430
401 510
401 602
401 608
401 622
401 658
401 717
401 733
401 755
401 763
401 831
401 850
401 852
401 855
401 888
401 944
401 955
401 995
402 435
402 481
402 538
402 623
402 626
402 698
402 750
402 804
402 849
402 850
402 961
402 969
403 440
403 451
403 521
403 535
403 649
403 650
403 667
403 671
403 724
403 732
403 792
403 882
403 933
403 946
403 953
404 412
404 429
404 432
404 558
404 592
404 598
404 656
404 702
404 706
404 711
404 731
404 737
404 780
404 794
404 989
405 414
405 454
405 494
405 521
405 561
405 568
405 583
405 592
405 611
405 614
405 626
405 703
405 792
405 799
405 810
405 841
405 866
405 884
405 886
405 900
405 906
405 908
405 948
405 963
405 995
405 997
406 434
406 454
406 538
406 565
406 577
406 810
407 411
407 613
407 662
407 676
407 712
407 788
407 828
407 869
407 871
407 885
407 919
408 490
408 543
408 568
408 571
408 575
408 578
408 626
408 693
408 708
408 747
408 751
408 767
408 947
408 997
409 432
409 449
409 452
409 457
409 469
409 479
409 483
409 511
409 542
409 548
409 556
409 637
409 667
409 722
409 725
409 786
409 892
409 896
409 897
409 921
409 935
410 426
410 520
410 549
410 551
410 569
410 575
410 597
410 611
410 623
410 638
410 665
410 680
410 712
410 725
410 732
410 758
410 790
410 804
410 900
410 931
410 948
410 952
411 577
411 589
411 632
411 733
411 735
411 913
411 932
412 429
412 442
412 454
412 534
412 658
412 692
412 730
412 745
412 780
412 789
412 885
412 915
412 947
413 648
413 664
413 738
413 750
413 946
414 429
414 475
414 502
414 535
414 612
414 737
414 741
414 774
414 834
414 878
414 931
415 433
415 477
415 484
415 491
415 495
415 504
415 512
415 515
415 527
415 537
415 557
415 593
415 600
415 686
415 767
415 789
415 812
415 818
415 874
415 908
415 916
415 933
415 945
415 953
415 966
415 983
416 421
416 574
416 578
416 581
416 597
416 610
416 691
416 723
416 774
416 804
416 831
416 870
416 921
416 931
416 936
416 960
416 979
417 553
417 612
417 627
417 644
417 813
417 816
417 857
417 858
417 954
418 580
418 612
418 650
418 718
418 738
418 741
418 886
419 450
419 553
419 574
419 583
419 639
419 672
419 863
420 475
420 607
420 713
420 727
420 740
420 858
420 909
420 962
420 966
421 429
421 482
421 536
421 563
421 571
421 658
421 706
421 707
421 780
421 786
421 802
421 812
421 936
421 947
421 999
422 430
422 441
422 470
422 583
422 659
422 666
422 690
422 736
422 819
422 823
423 428
423 431
423 525
423 599
423 604
423 612
423 614
423 749
423 756
423 768
423 820
423 867
423 874
423 882
424 484
424 517
424 557
424 839
424 858
424 912
424 943
425 439
425 446
425 481
425 537
425 554
425 620
425 668
425 809
425 890
425 925
426 454
426 461
426 467
426 483
426 612
426 614
426 724
426 759
426 792
426 818
426 882
426 903
426 911
426 966
426 998
427 444
427 540
427 548
427 553
427 643
427 739
427 834
427 847
427 882
427 901
427 928
427 940
427 966
428 535
428 580
428 621
428 644
428 691
428 854
428 904
428 925
428 934
428 967
428 971
429 474
429 485
429 524
429 538
429 551
429 571
429 596
429 616
429 631
429 652
429 658
429 708
429 710
429 722
429 772
429 779
429 780
429 840
429 866
429 876
429 910
429 911
429 947
429 949
429 963
429 970
429 980
430 441
430 488
430 491
430 494
430 512
430 530
430 556
430 561
430 577
430 595
430 678
430 711
430 717
430 739
430 751
430 798
430 837
430 843
430 857
430 877
430 927
430 950
430 966
430 978
431 486
431 516
431 594
431 599
431 617
431 664
431 666
431 685
431 699
431 716
431 745
431 770
431 831
431 834
431 863
431 876
431 997
432 506
432 509
432 622
432 701
432 736
432 802
432 804
432 970
433 452
433 501
433 536
433 585
433 586
433 701
433 777
433 795
433 844
433 846
433 904
433 926
433 948
434 512
434 547
434 556
434 561
434 582
434 589
434 665
434 670
434 683
434 787
434 812
434 834
434 857
434 874
434 928
434 938
434 975
434 977
434 978
435 446
435 501
435 505
435 586
435 594
435 603
435 643
435 670
435 756
435 804
435 817
435 821
435 837
435 849
435 959
436 437
436 669
436 868
436 918
436 957
436 963
436 967
436 990
437 521
437 568
437 577
437 614
437 623
437 627
437 664
437 687
437 717
437 749
437 791
437 804
437 848
437 851
437 893
437 915
437 983
438 470
438 471
438 488
438 510
438 552
438 603
438 723
438 724
438 814
438 845
439 441
439 473
439 556
439 577
439 591
439 686
439 725
439 771
439 907
439 920
439 981
440 490
440 516
440 520
440 522
440 580
440 585
440 804
440 864
440 931
440 940
440 949
440 977
440 999
441 488
441 494
441 534
441 555
441 561
441 594
441 636
441 680
441 681
441 700
441 741
441 744
441 747
441 793
441 822
441 840
441 857
441 944
441 950
441 965
441 975
441 999
442 505
442 603
442 693
442 701
442 728
442 739
442 757
442 763
442 769
442 771
442 833
442 865
442 913
442 940
442 953
443 453
443 486
443 569
443 584
443 614
443 640
443 687
443 751
443 768
443 862
443 868
443 874
443 895
443 896
443 904
443 942
444 449
444 526
444 664
444 667
444 856
444 925
444 939
444 953
445 463
445 506
445 597
445 650
445 666
445 707
446 479
446 500
446 524
446 543
446 548
446 579
446 584
446 598
446 600
446 741
446 742
446 758
446 763
446 778
446 922
446 951
446 959
446 975
447 483
447 771
447 951
447 974
448 479
448 620
448 674
448 795
448 814
448 929
448 951
449 466
449 471
449 526
449 555
449 610
449 634
449 764
449 779
449 807
449 826
449 843
449 856
449 874
449 932
449 967
450 466
450 483
450 493
450 521
450 557
450 559
450 573
450 603
450 609
450 645
450 651
450 655
450 739
450 754
450 775
450 779
450 815
450 850
450 871
450 888
450 892
450 919
450 959
451 503
451 506
451 511
451 521
451 533
451 545
451 567
451 575
451 586
451 593
451 603
451 615
451 645
451 682
451 683
451 688
451 698
451 741
451 753
451 785
451 804
451 811
451 812
451 842
451 907
451 915
451 941
452 484
452 485
452 514
452 674
452 724
452 731
452 752
452 771
452 775
452 832
452 879
452 928
452 950
453 477
453 631
453 692
453 706
453 876
453 919
454 520
454 533
454 596
454 760
454 789
454 895
454 914
454 918
455 475
455 538
455 563
455 567
455 605
455 682
455 696
455 746
455 773
455 931
456 485
456 561
456 618
456 652
456 688
456 770
456 790
456 804
456 867
456 926
456 988
457 461
457 472
457 481
457 524
457 544
457 637
457 656
457 711
457 739
457 751
457 775
457 786
457 793
457 824
457 857
457 867
457 906
457 928
457 973
457 977
457 982
458 534
458 607
458 629
458 664
458 725
458 729
458 775
458 794
458 802
458 847
458 900
459 472
459 522
459 538
459 559
459 578
459 655
459 699
459 737
459 765
459 917
460 503
460 543
460 594
460 606
460 612
460 614
460 925
460 945
460 966
461 465
461 519
461 575
461 589
461 668
461 711
461 737
461 762
461 790
461 907
462 526
462 612
462 668
462 713
462 758
462 819
462 863
462 958
463 494
463 508
463 521
463 578
463 590
463 829
463 860
463 882
463 900
463 943
463 945
464 485
464 502
464 518
464 583
464 618
464 633
464 697
464 736
464 806
464 862
464 913
464 922
465 486
465 495
465 568
465 627
465 630
465 690
465 696
465 701
465 720
465 744
465 754
465 784
465 882
465 913
465 918
465 941
466 505
466 511
466 516
466 517
466 589
466 620
466 639
466 653
466 678
466 709
466 720
466 741
466 754
466 775
466 776
466 845
466 915
466 917
466 997
467 478
467 491
467 509
467 559
467 596
467 641
467 750
467 773
467 794
467 827
467 865
467 901
467 917
467 947
467 979
467 982
468 512
468 554
468 623
468 625
468 632
468 653
468 669
468 677
468 680
468 684
468 701
468 756
468 768
468 782
468 798
468 811
468 819
468 824
468 841
468 906
468 943
468 963
468 981
469 499
469 505
469 561
469 618
469 639
469 645
469 734
469 811
469 819
469 839
469 873
469 950
469 960
470 477
470 478
470 504
470 558
470 565
470 662
470 670
470 740
470 871
470 909
471 508
471 561
471 573
471 597
471 626
471 667
471 878
472 501
472 558
472 596
472 790
472 804
472 887
472 908
472 976
473 547
473 552
473 620
473 719
473 870
473 913
474 495
474 503
474 545
474 553
474 559
474 560
474 599
474 603
474 615
474 636
474 679
474 680
474 682
474 698
474 761
474 784
474 830
474 848
474 849
474 886
474 887
474 895
474 897
474 915
474 924
474 934
474 947
474 950
475 516
475 520
475 580
475 598
475 612
475 638
475 652
475 664
475 688
475 758
475 833
475 885
475 901
475 915
475 983
476 567
476 656
476 812
476 921
476 922
476 941
477 618
477 763
477 845
477 896
477 915
477 967
477 990
478 520
478 597
478 655
478 737
478 826
478 833
478 868
478 901
478 902
478 914
478 927
478 994
479 499
479 510
479 582
479 622
479 680
479 916
479 956
479 981
480 538
480 575
480 615
480 676
480 694
480 729
480 917
480 987
480 990
481 516
481 544
481 550
481 603
481 631
481 634
481 677
481 693
481 753
481 780
481 781
481 805
481 898
482 503
482 665
482 679
482 844
482 877
483 516
483 541
483 558
483 596
483 601
483 663
483 737
483 757
483 800
483 804
483 833
484 581
484 649
484 673
484 714
484 716
484 774
484 782
484 823
484 827
484 856
484 875
484 890
484 917
484 940
484 994
485 501
485 578
485 607
485 669
485 717
485 726
485 731
485 775
485 785
485 794
485 802
485 827
485 832
486 599
486 600
486 639
486 686
486 726
486 811
486 845
486 900
486 918
486 942
486 953
487 521
487 577
487 605
487 632
487 669
487 782
487 803
487 827
487 952
487 955
488 574
488 618
488 706
488 751
488 792
488 813
488 931
488 999
489 542
489 563
489 597
489 614
489 789
489 792
489 808
489 835
489 882
489 896
489 960
490 507
490 519
490 531
490 539
490 558
490 559
490 593
490 603
490 608
490 630
490 646
490 668
490 789
490 825
490 871
490 901
490 921
490 955
490 970
491 502
491 596
491 667
491 746
491 900
491 917
491 999
492 499
492 525
492 643
492 660
492 677
492 832
492 837
492 839
493 535
493 578
493 632
493 667
493 722
493 933
493 993
494 514
494 534
494 548
494 554
494 736
494 739
494 804
494 831
494 844
494 847
494 930
494 951
494 955
494 958
495 574
495 709
495 723
495 834
495 968
496 556
496 622
496 631
496 643
496 677
496 686
496 768
496 942
497 538
497 573
497 585
497 656
497 687
497 779
497 903
497 918
497 965
498 512
498 559
498 573
498 597
498 625
498 752
498 840
498 847
498 854
499 710
499 756
499 810
499 828
499 884
499 896
499 908
499 923
499 953
499 954
500 574
500 620
500 622
500 732
500 790
500 812
500 913
500 998
501 504
501 506
501 548
501 549
501 554
501 622
501 625
501 629
501 642
501 651
501 668
501 678
501 701
501 729
501 790
501 867
501 914
501 989
502 505
502 507
502 574
502 608
502 609
502 611
502 669
502 807
502 813
502 907
502 915
503 538
503 552
503 623
503 639
503 668
503 703
503 715
503 835
503 885
503 894
503 899
503 927
503 984
503 1000
504 535
504 608
504 680
504 713
504 732
504 777
504 793
504 800
504 822
504 886
504 913
505 557
505 594
505 604
505 642
505 643
505 650
505 716
505 777
505 778
505 974
506 605
506 621
506 645
506 712
506 734
506 825
506 846
506 918
507 525
507 557
507 596
507 602
507 640
507 660
507 670
507 749
507 806
507 839
507 911
507 922
507 925
507 957
507 981
507 999
508 584
508 677
508 787
508 788
508 797
508 860
508 928
508 982
509 556
509 587
509 681
509 696
509 748
509 774
509 791
509 827
509 832
509 850
509 887
509 936
510 538
510 571
510 587
510 603
510 624
510 832
510 852
510 882
511 534
511 579
511 583
511 693
511 704
511 710
511 720
511 943
512 557
512 680
512 688
512 719
512 844
512 894
512 896
512 916
512 923
512 951
513 515
513 622
513 633
513 639
513 656
513 715
513 726
513 773
513 774
513 825
513 839
513 865
513 866
513 964
513 965
513 986
514 551
514 562
514 596
514 641
514 681
514 700
514 745
514 860
515 629
515 882
515 892
515 937
515 965
515 973
516 519
516 539
516 556
516 558
516 574
516 615
516 624
516 642
516 687
516 721
516 737
516 772
516 789
516 821
516 839
516 869
516 897
516 910
516 920
516 921
516 923
516 927
516 931
516 949
516 978
516 989
516 992
517 561
517 627
517 630
517 673
517 775
517 789
517 800
517 824
517 955
518 646
518 690
518 944
519 537
519 548
519 597
519 613
519 657
519 738
519 751
519 772
519 773
519 777
519 792
519 815
519 910
520 539
520 581
520 652
520 676
520 723
520 786
520 801
520 810
520 845
520 847
520 920
520 931
520 959
521 614
521 660
521 674
521 709
521 739
521 780
521 800
521 872
521 879
521 929
521 945
521 996
522 560
522 569
522 659
522 690
522 695
522 807
522 894
522 921
522 926
522 931
522 982
523 603
523 616
523 770
523 804
523 807
523 825
523 940
524 558
524 565
524 566
524 589
524 634
524 670
524 709
524 760
524 786
524 860
524 925
524 926
525 650
525 652
525 654
525 664
525 666
525 709
525 710
525 781
525 797
525 805
525 838
525 866
525 925
526 541
526 571
526 634
526 693
526 749
526 756
526 771
526 829
526 831
526 893
526 895
526 897
526 903
526 911
526 915
526 933
526 962
527 536
527 537
527 612
527 658
527 677
527 686
527 799
527 804
527 828
527 856
527 891
527 908
527 912
527 933
527 984
528 554
528 612
528 666
528 670
528 681
528 706
528 710
528 718
528 760
528 787
528 855
529 618
529 639
529 741
529 763
529 981
530 582
530 616
530 641
530 751
530 777
530 903
530 950
531 537
531 564
531 796
531 818
531 890
531 920
531 949
531 957
531 960
531 966
532 562
532 679
532 721
532 763
532 802
532 838
532 909
532 920
532 930
532 931
533 542
533 621
533 639
533 644
533 652
533 718
533 788
533 790
533 872
533 914
534 554
534 581
534 650
534 652
534 739
534 759
534 768
534 772
534 779
534 786
534 806
534 821
534 826
534 890
534 891
534 908
534 967
534 972
535 550
535 561
535 572
535 577
535 598
535 642
535 669
535 691
535 716
535 726
535 752
535 800
535 863
535 866
535 883
535 913
535 990
536 537
536 575
536 580
536 679
536 722
536 740
536 755
536 762
536 780
536 828
536 869
536 891
536 908
537 555
537 594
537 651
537 804
537 819
537 891
537 908
537 915
537 951
537 953
537 963
537 1000
538 542
538 544
538 628
538 703
538 718
538 749
538 774
538 777
538 796
538 810
538 836
538 929
538 936
538 983
538 995
539 557
539 565
539 600
539 619
539 637
539 641
539 687
539 705
539 804
539 834
539 866
539 931
540 596
540 638
540 641
540 741
540 748
540 780
540 825
540 862
540 874
540 931
540 953
541 622
541 715
541 751
541 804
541 805
541 822
541 860
541 879
541 936
541 957
542 610
542 614
542 656
542 774
542 823
542 847
542 867
542 928
542 981
542 990
543 548
543 574
543 582
543 583
543 603
543 617
543 631
543 661
543 673
543 680
543 690
543 705
543 787
543 853
543 939
543 971
543 974
543 977
543 982
544 624
544 666
544 680
544 780
544 883
545 577
545 581
545 603
545 673
545 737
545 803
545 850
545 903
545 965
546 552
546 573
546 603
546 618
546 699
546 759
546 763
546 782
546 803
546 834
546 849
546 905
546 915
546 923
547 574
547 620
547 644
547 656
547 715
547 755
547 826
547 921
547 951
547 956
547 969
547 970
547 977
548 550
548 596
548 633
548 663
548 664
548 696
548 697
548 705
548 733
548 746
548 797
548 812
548 818
548 827
548 860
548 880
548 938
548 951
548 978
549 568
549 594
549 597
549 607
549 686
549 723
549 729
549 761
549 777
549 869
549 989
549 995
550 576
550 577
550 618
550 699
550 734
550 754
550 812
550 831
551 658
551 659
551 937
551 947
552 615
552 672
552 674
552 690
552 703
552 738
552 754
552 789
552 803
552 819
552 835
552 858
553 561
553 630
553 683
553 698
553 759
553 760
553 772
553 779
553 781
553 837
553 849
553 920
553 983
554 696
554 728
554 906
554 908
554 919
555 559
555 588
555 594
555 599
555 662
555 690
555 704
555 743
555 757
555 804
555 846
555 874
555 995
556 565
556 573
556 577
556 656
556 814
556 840
556 876
556 881
556 903
557 574
557 581
557 658
557 660
557 708
557 931
557 938
557 951
558 610
558 620
558 627
558 648
558 664
558 688
558 710
558 732
558 828
558 937
558 993
559 594
559 613
559 642
559 644
559 699
559 714
559 721
559 741
559 764
559 778
559 860
559 866
559 874
559 883
559 917
559 938
559 968
560 668
560 710
560 747
560 764
560 860
560 868
560 936
560 941
560 970
561 594
561 618
561 629
561 641
561 647
561 657
561 675
561 696
561 711
561 712
561 715
561 718
561 828
561 851
561 853
561 867
561 869
561 886
561 899
561 933
561 939
561 946
561 975
561 976
562 678
562 685
562 719
562 741
562 794
562 814
562 824
562 842
562 885
562 952
562 955
562 993
563 746
563 770
563 775
563 804
563 991
564 567
564 739
564 754
564 769
564 830
564 832
564 908
564 966
565 586
565 652
565 673
565 675
565 680
565 691
565 697
565 701
565 727
565 730
565 769
565 805
565 817
565 834
565 890
565 906
565 910
565 918
565 951
565 967
565 991
566 733
566 904
566 925
566 947
566 995
567 660
567 693
567 715
567 748
567 839
567 842
567 852
567 876
567 889
567 915
567 916
567 945
567 961
567 969
568 580
568 581
568 582
568 609
568 620
568 687
568 705
568 706
568 710
568 713
568 799
568 827
568 872
568 878
568 899
568 922
568 930
568 944
568 968
568 977
568 991
568 996
569 573
569 709
569 733
569 808
569 882
569 911
569 913
569 992
570 647
570 721
570 730
570 835
570 877
570 882
571 574
571 602
571 610
571 682
571 683
571 727
571 773
571 780
571 786
571 863
571 947
572 578
572 608
572 648
572 667
572 668
572 676
572 790
572 813
572 830
572 863
572 878
572 908
572 918
573 580
573 649
573 660
573 743
573 946
573 977
574 583
574 586
574 592
574 600
574 606
574 625
574 684
574 701
574 772
574 774
574 784
574 794
574 818
574 824
574 851
574 862
574 866
574 875
574 881
574 900
574 928
574 929
574 986
575 580
575 583
575 592
575 622
575 626
575 664
575 665
575 685
575 750
575 780
575 858
575 867
575 870
575 871
575 872
575 875
575 900
575 934
575 947
575 948
575 952
575 953
575 981
576 596
576 621
576 683
576 694
576 757
576 787
576 807
576 849
576 864
576 882
576 883
576 908
576 947
576 978
577 587
577 618
577 619
577 631
577 643
577 650
577 652
577 699
577 702
577 712
577 719
577 738
577 751
577 767
577 795
577 845
577 882
577 892
577 895
577 896
577 923
577 949
577 967
578 606
578 621
578 651
578 699
578 720
578 750
578 901
578 917
578 950
578 965
578 968
579 588
579 614
579 660
579 793
579 827
579 841
579 845
579 860
579 944
580 695
580 707
580 708
580 714
580 726
580 732
580 733
580 738
580 751
580 763
580 815
580 823
580 832
580 865
580 882
580 901
580 986
581 584
581 597
581 666
581 671
581 708
581 744
581 769
581 845
581 889
581 928
581 990
581 995
581 996
582 627
582 645
582 664
582 665
582 672
582 677
582 689
582 691
582 758
582 787
582 814
582 861
582 901
582 944
582 946
582 975
583 599
583 601
583 615
583 646
583 656
583 664
583 671
583 733
583 771
583 827
583 830
583 833
583 836
583 839
583 867
583 921
583 981
584 625
584 664
584 837
584 860
584 916
584 920
584 954
584 962
585 599
585 686
585 836
585 889
585 906
586 701
586 951
586 997
587 652
587 660
587 746
587 754
587 776
587 793
587 795
587 796
587 812
587 882
587 918
587 925
587 932
587 941
587 986
587 989
587 996
588 601
588 665
588 666
588 690
588 810
588 815
588 849
588 867
588 914
588 964
588 975
588 987
589 598
589 602
589 652
589 658
589 684
589 728
589 747
589 754
589 783
589 841
589 900
589 905
589 927
589 943
589 965
589 968
589 992
590 710
590 720
590 825
590 869
590 930
590 947
590 986
591 697
591 754
591 762
591 788
591 860
591 903
592 665
592 713
593 690
593 809
593 921
594 614
594 631
594 678
594 721
594 784
594 789
594 838
594 852
594 857
594 907
594 909
594 957
594 990
594 991
595 603
595 623
595 662
595 705
595 732
595 740
595 743
595 822
595 823
595 833
595 834
595 918
595 934
596 616
596 625
596 632
596 690
596 731
596 738
596 750
596 776
596 804
596 824
596 832
596 843
596 859
596 866
596 914
596 917
596 944
596 985
597 610
597 650
597 652
597 658
597 664
597 673
597 709
597 729
597 737
597 744
597 762
597 777
597 779
597 783
597 795
597 809
597 842
597 931
597 938
597 951
598 648
598 660
598 696
598 747
598 971
599 634
599 639
599 680
599 731
599 773
599 805
599 831
599 891
599 893
599 926
599 960
599 967
600 656
600 697
600 731
600 750
600 807
600 851
600 864
600 886
601 612
601 615
601 652
601 653
601 668
601 677
601 690
601 792
601 816
601 849
601 934
601 951
601 970
602 618
602 730
602 735
602 736
602 917
602 984
603 665
603 678
603 683
603 722
603 728
603 774
603 776
603 782
603 801
603 808
603 828
603 843
603 866
603 895
603 910
603 931
603 932
603 969
604 641
604 664
604 734
604 749
604 755
604 762
604 779
604 826
604 838
604 855
604 880
604 912
604 913
604 924
604 934
604 998
605 649
605 669
605 701
605 743
605 942
605 951
606 653
606 661
606 690
606 776
606 793
606 838
606 881
606 913
607 638
607 723
607 775
607 802
607 822
607 841
607 882
607 901
607 907
607 947
607 950
607 984
608 615
608 826
608 835
608 863
608 942
609 710
609 747
609 792
609 972
610 664
610 677
610 731
610 737
610 894
610 931
611 651
611 665
611 800
611 804
611 958
611 987
612 627
612 648
612 715
612 726
612 733
612 735
612 736
612 761
612 799
612 807
612 822
612 831
612 854
612 874
612 882
612 951
612 966
612 973
613 825
613 886
613 890
613 943
614 623
614 643
614 651
614 658
614 673
614 737
614 754
614 800
614 832
614 839
614 845
614 881
614 882
614 1000
615 781
615 783
615 791
615 803
616 676
616 706
616 736
616 747
616 752
616 777
616 845
616 869
616 959
617 634
617 658
617 659
617 747
617 786
617 835
617 851
617 991
618 673
618 680
618 683
618 719
618 739
618 823
618 843
618 857
618 875
618 921
618 931
618 951
618 958
618 974
618 987
619 708
619 722
619 768
620 644
620 703
620 772
620 778
620 792
620 832
620 888
620 898
620 910
620 942
620 970
620 977
620 991
621 729
621 751
621 756
621 837
621 932
622 669
622 737
622 751
622 759
622 778
622 804
622 825
622 883
622 927
622 959
622 999
623 685
623 710
623 777
623 803
623 812
623 834
623 852
623 960
623 964
623 988
624 627
624 701
624 774
624 777
624 801
624 839
624 860
624 904
624 919
624 944
625 667
625 670
625 679
625 682
625 795
625 928
625 931
626 672
626 680
626 742
626 800
626 854
626 918
626 919
626 938
626 968
626 972
627 700
627 707
627 808
627 882
627 912
627 956
627 988
628 670
628 717
628 741
628 748
628 758
628 788
628 829
628 975
629 650
629 658
629 685
629 733
629 747
629 774
629 838
630 792
630 951
630 982
631 664
631 693
631 694
631 724
631 759
631 790
631 824
631 858
631 874
631 908
631 942
631 977
632 709
632 712
632 879
633 635
633 639
633 652
633 655
633 656
633 700
633 753
633 758
633 823
633 851
633 864
633 899
633 905
633 920
633 939
633 979
634 655
634 661
634 688
634 730
634 759
634 768
634 797
634 810
634 893
634 897
634 924
634 937
635 710
635 743
635 774
635 788
635 823
635 887
635 913
635 941
635 997
636 641
636 644
636 717
636 749
636 769
636 911
636 912
636 918
636 925
636 926
636 987
637 688
637 726
637 751
637 774
637 892
637 913
637 918
638 794
638 882
638 900
638 913
639 722
639 761
639 796
639 828
639 888
639 906
639 909
640 667
640 675
640 687
640 766
640 876
640 959
640 995
641 655
641 713
641 753
641 762
641 819
641 855
641 906
641 913
641 924
641 953
642 693
642 741
642 762
642 773
642 822
642 845
642 847
642 879
642 900
642 903
642 940
642 996
643 696
643 714
643 722
643 836
643 896
643 907
643 917
643 922
643 939
643 943
644 676
644 760
644 779
644 888
644 893
645 650
645 739
645 804
645 857
645 859
645 871
645 918
645 922
645 927
645 991
646 749
646 754
646 774
646 799
646 822
646 847
646 853
647 693
647 713
647 733
647 759
647 771
647 779
647 818
647 849
647 879
647 883
647 893
647 895
647 897
647 909
647 918
647 928
647 967
648 650
648 734
648 781
648 792
648 839
648 861
648 963
648 991
649 690
649 812
649 856
649 922
650 652
650 689
650 690
650 701
650 731
650 751
650 772
650 777
650 821
650 845
650 899
650 926
650 952
650 997
651 782
651 898
651 925
652 659
652 680
652 697
652 700
652 717
652 779
652 809
652 810
652 821
652 845
652 882
652 904
652 907
652 910
652 917
652 926
652 936
652 951
652 985
653 658
653 684
653 693
653 724
653 752
653 756
653 834
653 836
653 876
653 885
653 944
653 966
653 997
654 665
654 670
654 725
654 775
654 856
654 887
654 934
655 712
655 741
655 761
655 775
655 805
655 821
655 877
655 953
656 675
656 709
656 722
656 743
656 771
656 776
656 778
656 803
656 815
656 824
656 848
656 850
656 854
656 937
656 942
656 988
657 782
657 847
657 860
657 918
657 920
657 991
658 698
658 704
658 705
658 710
658 720
658 727
658 741
658 742
658 770
658 780
658 784
658 785
658 786
658 794
658 801
658 802
658 856
658 861
658 875
658 918
658 924
658 937
658 947
658 973
659 757
659 788
659 798
659 814
660 679
660 710
660 718
660 749
660 802
660 806
660 819
660 841
660 890
660 897
660 930
661 666
661 676
661 686
661 730
661 754
661 765
661 786
661 821
661 893
661 973
661 984
661 990
661 995
662 853
662 864
662 906
663 672
663 723
663 738
663 811
663 891
663 917
663 921
663 943
663 947
664 671
664 687
664 721
664 740
664 804
664 818
664 832
664 916
664 931
664 952
664 972
665 708
665 716
665 758
665 799
665 839
665 870
665 880
665 885
665 900
665 984
665 985
666 668
666 683
666 690
666 704
666 721
666 727
666 753
666 800
666 889
666 921
666 990
667 678
667 694
667 699
667 709
667 728
667 770
667 779
667 788
667 794
667 830
667 880
667 892
667 926
667 935
667 944
667 950
668 820
668 865
668 877
668 911
668 921
668 940
668 990
668 997
669 690
669 759
669 803
669 910
669 930
669 985
670 841
670 922
670 946
671 947
671 949
671 953
671 982
671 999
672 681
672 723
672 775
672 802
672 894
672 912
672 943
672 945
673 735
673 738
673 753
673 806
673 903
674 750
674 966
675 741
675 804
675 844
675 997
676 688
676 711
676 775
676 792
676 799
676 831
676 859
676 891
676 989
677 737
677 804
677 874
677 977
678 680
678 698
678 699
678 708
678 738
678 853
678 883
678 932
678 965
678 969
678 991
679 721
679 822
679 828
679 888
679 904
679 988
680 710
680 738
680 754
680 797
680 823
680 839
680 908
680 912
680 975
680 991
681 762
681 782
681 789
681 926
682 687
682 792
682 824
682 832
682 835
682 906
682 947
682 963
682 965
682 980
683 689
683 740
683 775
683 782
683 813
683 830
683 834
683 845
683 849
683 853
683 888
683 892
683 894
683 916
683 935
683 937
683 955
684 739
684 761
684 823
684 907
684 951
685 709
685 726
685 752
685 781
685 876
685 895
685 923
686 817
686 819
686 821
686 894
686 908
686 923
687 775
687 777
687 838
687 849
687 855
687 863
687 869
687 917
687 923
687 972
688 733
688 971
689 796
689 806
689 843
689 857
689 874
689 903
689 908
690 725
690 739
690 744
690 753
690 832
690 833
690 877
690 881
690 908
690 909
690 911
690 920
691 741
691 779
691 823
691 904
691 928
691 930
692 780
692 799
692 885
692 903
692 947
692 977
693 702
693 771
693 777
693 803
693 813
693 829
693 910
693 964
693 981
693 984
694 764
694 776
694 825
694 834
694 891
694 923
694 937
694 969
694 992
694 996
695 735
695 880
695 938
695 982
696 743
696 799
696 823
696 847
696 860
696 920
696 938
696 977
696 991
697 712
697 947
698 706
698 710
698 782
698 835
698 891
699 709
699 750
699 777
699 838
699 860
699 934
700 779
700 882
700 896
700 908
700 933
700 954
700 985
701 781
701 814
701 817
701 855
701 862
701 904
702 749
702 827
702 890
702 906
702 963
702 996
703 739
703 780
703 783
703 790
703 820
703 857
704 707
704 800
704 846
704 875
704 886
704 906
705 789
705 830
705 886
706 707
706 714
706 733
706 737
706 779
706 794
706 799
706 807
706 853
706 863
706 869
706 903
706 909
706 935
706 952
706 955
706 956
706 986
707 710
707 758
707 799
707 812
707 869
707 892
707 933
707 940
708 782
708 790
708 843
708 872
708 900
709 757
709 849
709 899
709 900
709 930
709 946
709 958
709 967
709 981
710 722
710 750
710 758
710 764
710 769
710 796
710 823
710 827
710 830
710 840
710 846
710 866
710 869
710 879
710 923
710 937
710 999
711 717
711 750
711 836
711 934
711 947
712 724
712 733
712 835
712 846
712 867
712 964
712 994
712 999
712 1000
713 714
713 749
713 765
713 769
713 771
713 776
713 812
713 823
713 832
713 849
713 860
713 890
713 892
713 899
713 930
714 787
714 813
714 835
714 888
714 912
714 918
715 777
715 966
715 996
716 732
716 821
716 834
716 845
716 913
716 942
716 971
716 999
717 822
718 748
718 812
718 883
718 924
718 963
718 971
719 734
719 867
719 894
719 903
719 976
719 996
720 780
720 787
720 799
720 806
720 827
720 833
720 945
720 947
720 958
721 742
721 862
721 887
721 894
721 994
722 725
722 781
722 784
722 798
722 806
722 922
722 925
722 939
722 951
722 962
722 981
722 993
723 780
723 815
723 832
723 875
723 922
724 773
724 782
724 860
724 939
724 966
725 747
725 785
725 847
725 913
725 953
725 960
725 993
726 774
726 784
726 786
726 808
726 867
726 913
726 953
727 767
727 859
727 867
727 896
727 941
727 985
728 784
728 803
728 804
728 845
728 860
728 897
728 918
728 965
729 839
729 870
729 886
729 958
729 977
730 733
730 780
730 794
730 895
731 745
731 804
731 816
731 866
731 885
731 908
731 913
732 749
732 822
732 866
732 867
732 912
732 924
732 947
732 971
732 999
733 788
733 834
733 840
733 870
733 901
733 907
733 919
733 923
733 996
734 815
734 817
734 896
735 766
735 780
735 820
735 850
735 890
735 950
735 995
736 776
736 777
736 817
736 845
736 886
736 907
736 942
736 969
737 789
737 804
737 863
737 870
737 878
737 905
737 910
737 920
737 931
737 933
737 961
738 775
738 865
738 888
738 909
738 937
738 991
739 819
740 799
740 808
740 953
740 982
741 745
741 822
741 864
741 875
741 881
741 923
741 944
742 768
742 821
742 951
742 977
743 766
743 812
743 867
743 880
743 923
744 791
744 813
744 858
744 951
745 769
745 793
745 796
745 806
745 836
745 980
746 892
746 895
746 920
746 963
746 984
747 809
747 840
747 845
747 848
747 849
747 874
747 969
748 762
748 861
748 921
748 947
749 768
749 773
749 805
749 809
749 812
749 855
749 922
749 924
749 984
749 992
750 845
750 955
750 956
751 849
751 884
751 966
751 977
752 832
752 845
752 928
753 877
753 917
753 922
753 932
753 945
754 757
754 787
754 799
754 824
754 839
754 845
754 857
754 859
754 931
754 987
755 792
755 827
755 901
755 949
756 804
756 809
756 825
756 829
756 910
757 780
757 876
757 885
757 915
757 956
758 790
758 792
758 878
758 903
758 908
758 940
758 943
758 977
759 766
759 778
759 779
759 944
759 947
759 993
760 812
760 865
761 768
761 867
761 891
761 925
761 956
762 776
762 779
762 904
762 961
763 852
763 859
763 885
764 873
764 967
765 778
765 924
765 974
766 814
766 832
766 884
766 886
766 913
767 801
767 884
767 931
767 947
767 996
768 779
768 783
768 800
768 832
768 942
768 955
769 868
770 806
770 839
770 842
770 876
770 880
771 779
771 843
771 888
771 934
771 956
772 777
772 780
772 784
772 804
772 817
772 828
773 835
773 869
773 874
773 965
773 997
774 782
774 795
774 807
774 809
774 895
774 921
774 964
775 795
775 814
775 815
775 859
775 884
775 959
776 792
776 844
776 845
776 882
776 889
776 985
777 779
777 821
777 828
777 830
777 832
777 856
777 869
777 878
777 887
777 890
777 895
777 899
777 900
777 901
777 985
778 913
778 934
778 953
779 809
779 897
779 898
779 899
779 918
779 923
779 933
780 786
780 794
780 797
780 831
780 928
780 937
780 942
780 947
780 989
780 994
781 821
781 951
781 968
781 985
782 812
782 835
782 843
782 928
782 941
782 960
782 965
782 969
782 991
783 785
783 813
783 858
783 864
784 790
784 830
784 903
784 913
784 945
785 804
785 815
785 874
785 951
785 988
786 800
786 945
786 986
787 820
787 850
787 898
787 918
787 920
787 922
787 966
787 996
789 876
789 974
790 799
790 804
790 822
790 826
790 839
790 912
790 925
790 943
790 944
790 948
790 952
790 976
790 997
791 825
792 799
792 832
792 862
792 897
793 835
793 858
793 860
793 922
793 934
793 945
794 804
794 829
794 870
794 947
794 977
795 829
795 835
795 913
795 916
796 999
798 822
798 946
799 810
799 830
799 944
799 949
799 996
800 805
800 810
800 812
800 824
800 917
800 976
800 982
801 819
801 891
801 908
801 916
801 929
801 933
801 939
801 965
801 986
802 815
802 838
802 876
802 893
802 902
802 919
803 835
803 878
803 886
803 922
803 955
804 819
804 833
804 889
804 922
804 948
804 960
804 980
805 844
805 898
806 853
806 884
806 925
806 932
806 995
807 834
807 924
808 822
810 857
810 894
810 904
810 918
810 946
810 955
811 812
811 856
811 946
812 824
812 900
812 903
812 935
812 976
813 974
814 823
814 870
814 882
814 894
814 949
814 956
814 965
814 994
815 885
815 947
815 965
815 973
815 979
816 845
816 898
816 958
816 984
817 912
817 920
817 982
818 849
818 893
818 931
818 959
819 828
819 832
819 835
819 854
819 879
819 891
819 908
819 933
820 867
820 931
821 822
821 912
821 932
822 889
822 891
822 914
822 998
823 996
824 890
824 902
824 958
824 970
825 837
825 948
826 866
826 886
826 907
827 841
827 987
828 844
828 867
828 891
828 892
828 908
828 924
828 933
829 897
829 901
829 945
829 981
830 835
830 895
830 963
831 878
831 951
832 839
832 865
832 869
832 871
832 888
832 914
832 920
832 949
832 999
833 837
833 847
833 895
833 995
834 850
834 921
834 925
834 942
834 973
834 995
835 841
835 849
835 905
835 926
835 932
835 954
835 966
835 995
837 845
837 864
837 945
838 850
838 935
839 853
839 858
839 864
839 913
839 920
839 964
839 977
840 872
840 901
840 917
840 953
840 963
840 969
840 991
841 848
841 878
841 889
841 894
841 938
842 867
843 919
843 931
844 951
844 976
845 855
845 860
845 863
845 925
845 968
845 982
845 983
846 910
847 917
847 949
847 971
847 995
847 996
848 865
848 946
849 895
849 916
849 917
849 994
850 943
850 949
850 995
851 865
851 867
851 903
851 911
851 937
851 963
852 903
852 963
853 882
853 892
853 917
854 882
854 996
855 905
855 982
856 959
856 972
857 875
857 973
857 982
858 921
858 948
859 882
860 908
860 974
861 898
861 922
861 932
861 953
862 870
862 971
863 942
864 940
864 995
865 866
865 874
865 899
865 980
865 991
866 901
866 917
866 981
867 869
867 886
867 940
868 894
868 952
868 997
869 871
869 895
870 877
870 899
870 901
870 961
871 897
871 937
871 959
872 932
872 946
872 964
873 916
873 982
873 993
874 921
874 964
874 980
874 996
876 934
876 989
877 890
877 943
877 969
877 982
878 919
878 996
879 947
880 977
881 950
881 998
882 883
882 900
882 912
882 924
882 966
882 1000
883 918
883 982
883 993
884 901
884 992
885 930
887 973
888 910
888 963
889 910
889 966
890 919
890 986
890 996
891 908
891 917
891 933
891 953
891 965
891 989
892 932
892 935
892 946
892 991
893 914
893 953
894 917
894 925
894 995
894 1000
895 901
895 911
895 996
896 940
896 943
896 996
897 942
898 907
898 908
898 917
898 938
898 956
900 995
900 996
900 997
901 906
901 917
901 995
901 996
902 903
902 954
902 964
903 907
903 929
903 932
903 959
903 968
904 907
904 925
905 910
905 973
905 995
906 909
906 952
906 963
907 911
907 931
907 942
907 952
907 966
908 909
908 914
908 916
908 933
908 953
908 994
909 974
910 970
910 984
911 982
912 995
913 966
913 980
914 918
914 948
914 963
914 964
915 918
915 978
915 983
916 918
916 933
916 953
917 963
917 964
917 986
918 939
918 971
918 974
918 1000
919 959
920 986
921 933
921 961
921 971
921 978
921 979
921 992
922 941
922 946
922 965
922 967
923 970
925 933
925 983
927 931
927 975
928 937
929 938
929 943
930 931
930 980
930 996
931 955
931 960
931 990
932 942
932 950
932 969
932 971
932 973
932 991
933 953
933 996
934 945
934 977
934 981
936 968
936 976
937 982
938 993
940 956
940 957
940 990
941 996
943 946
944 951
945 946
945 969
946 954
947 964
947 994
947 996
948 977
949 988
949 994
949 995
950 951
950 957
950 958
950 975
951 957
951 978
954 991
954 997
955 996
958 963
958 977
958 981
958 989
960 963
960 994
960 997
962 982
962 996
963 972
963 990
963 997
964 992
965 969
965 974
966 985
967 982
967 992
970 984
971 979
977 979
977 984
980 986
990 994
991 996
992 993
994 995
