# LFR benchmark graph: regime=S mu=0.7 realization=3
# undirected, unweighted; 1-based node ids; each edge listed once.
1 84
1 88
1 134
1 146
1 157
1 162
1 165
1 173
1 180
1 194
1 210
1 222
1 223
1 243
1 256
1 318
1 323
1 339
1 363
1 367
1 378
1 397
1 401
1 406
1 461
1 463
1 468
1 477
1 550
1 569
1 575
1 588
1 591
1 628
1 629
1 641
1 643
1 646
1 650
1 655
1 676
1 698
1 700
1 701
1 706
1 741
1 773
1 794
1 857
1 862
1 871
1 904
1 910
1 968
1 976
2 14
2 30
2 64
2 71
2 162
2 170
2 289
2 292
2 338
2 449
2 533
2 600
2 614
2 674
2 718
2 733
2 756
2 849
2 888
2 896
2 915
2 932
2 945
3 87
3 154
3 184
3 249
3 269
3 329
3 367
3 405
3 427
3 516
3 586
3 796
3 871
3 945
4 46
4 67
4 82
4 141
4 177
4 210
4 278
4 290
4 300
4 339
4 370
4 389
4 403
4 414
4 437
4 450
4 455
4 469
4 560
4 569
4 570
4 580
4 592
4 732
4 802
4 810
4 832
4 844
4 867
4 868
4 874
4 912
4 924
4 965
4 977
4 988
5 49
5 69
5 103
5 104
5 159
5 169
5 187
5 198
5 203
5 206
5 254
5 256
5 309
5 310
5 325
5 327
5 352
5 371
5 373
5 377
5 413
5 415
5 433
5 444
5 454
5 463
5 476
5 543
5 545
5 550
5 551
5 557
5 575
5 607
5 632
5 638
5 658
5 670
5 730
5 791
5 821
5 829
5 834
5 841
5 894
5 909
5 924
6 28
6 70
6 98
6 140
6 143
6 147
6 150
6 287
6 323
6 373
6 404
6 459
6 484
6 518
6 537
6 602
6 682
6 699
6 749
6 780
6 787
6 867
6 894
6 897
6 993
7 16
7 23
7 101
7 114
7 157
7 188
7 193
7 197
7 266
7 318
7 374
7 443
7 447
7 453
7 461
7 482
7 530
7 534
7 567
7 592
7 602
7 610
7 639
7 699
7 737
7 941
7 979
8 151
8 161
8 177
8 250
8 266
8 268
8 284
8 291
8 313
8 353
8 400
8 463
8 470
8 473
8 507
8 512
8 612
8 659
8 708
8 763
8 781
8 859
8 883
8 939
8 953
8 978
8 993
9 64
9 134
9 176
9 201
9 298
9 325
9 407
9 484
9 537
9 549
9 606
9 716
9 764
9 864
9 917
10 39
10 157
10 159
10 185
10 223
10 336
10 339
10 434
10 438
10 440
10 505
10 637
10 685
10 691
10 760
10 761
10 779
10 819
10 880
10 924
11 29
11 32
11 72
11 87
11 93
11 112
11 143
11 180
11 221
11 233
11 235
11 252
11 309
11 313
11 373
11 376
11 403
11 404
11 416
11 504
11 523
11 540
11 613
11 642
11 666
11 688
11 714
11 761
11 824
11 908
11 917
11 918
11 920
11 923
11 926
11 955
11 996
12 135
12 142
12 156
12 173
12 188
12 205
12 206
12 213
12 296
12 312
12 378
12 417
12 459
12 552
12 555
12 561
12 570
12 584
12 599
12 611
12 615
12 672
12 715
12 723
12 790
12 816
12 832
12 891
12 924
13 114
13 115
13 304
13 422
13 459
13 506
13 553
13 610
13 686
13 770
13 874
13 898
13 910
13 971
14 53
14 176
14 264
14 296
14 337
14 401
14 638
14 655
14 764
14 818
14 893
14 989
15 22
15 212
15 266
15 267
15 329
15 388
15 456
15 486
15 496
15 522
15 601
15 604
15 613
15 716
15 733
15 799
15 822
15 826
15 845
15 867
15 885
15 923
15 983
16 76
16 128
16 135
16 178
16 186
16 188
16 219
16 232
16 248
16 263
16 271
16 291
16 312
16 322
16 334
16 352
16 355
16 383
16 390
16 494
16 497
16 508
16 545
16 571
16 574
16 607
16 617
16 626
16 683
16 684
16 708
16 763
16 771
16 783
16 795
16 814
16 819
16 825
16 830
16 869
16 887
16 916
16 918
16 924
16 950
16 958
16 970
16 993
17 120
17 154
17 194
17 237
17 279
17 294
17 557
17 649
17 694
17 727
17 731
17 749
17 753
17 758
17 778
17 781
17 794
17 805
17 958
18 29
18 39
18 43
18 154
18 177
18 195
18 230
18 242
18 246
18 366
18 473
18 501
18 584
18 656
18 749
18 752
18 763
18 776
18 813
18 826
18 830
18 837
18 868
18 885
19 41
19 86
19 100
19 155
19 177
19 183
19 189
19 288
19 347
19 419
19 479
19 480
19 484
19 529
19 571
19 647
19 666
19 678
19 692
19 710
19 792
19 847
19 861
19 899
19 903
20 196
20 263
20 268
20 326
20 407
20 419
20 570
20 600
20 609
20 630
20 650
20 691
20 806
21 25
21 104
21 143
21 170
21 178
21 223
21 262
21 280
21 349
21 387
21 523
21 616
21 638
21 698
21 755
21 781
21 796
21 849
21 851
21 893
21 957
21 983
22 30
22 262
22 266
22 286
22 336
22 344
22 366
22 399
22 417
22 419
22 447
22 641
22 668
22 679
22 746
22 752
22 878
23 61
23 84
23 86
23 134
23 180
23 194
23 205
23 258
23 283
23 304
23 306
23 310
23 393
23 471
23 476
23 512
23 517
23 523
23 532
23 535
23 563
23 579
23 584
23 633
23 648
23 722
23 742
23 760
23 784
23 790
23 797
23 855
23 876
23 902
23 926
23 954
23 960
23 964
23 997
23 1000
24 120
24 235
24 270
24 390
24 402
24 533
24 562
24 592
24 605
24 629
24 636
24 649
24 672
24 704
24 720
24 793
24 843
24 893
24 895
24 911
24 915
24 927
24 954
24 956
24 972
25 61
25 120
25 235
25 241
25 259
25 265
25 304
25 455
25 515
25 523
25 610
25 642
25 660
25 689
25 706
25 761
25 801
26 88
26 106
26 183
26 222
26 313
26 357
26 399
26 400
26 612
26 754
26 787
26 800
26 877
26 899
26 970
27 82
27 131
27 170
27 177
27 252
27 281
27 299
27 361
27 388
27 455
27 605
27 727
27 845
28 31
28 45
28 127
28 148
28 199
28 249
28 258
28 267
28 286
28 300
28 320
28 324
28 343
28 359
28 417
28 468
28 476
28 483
28 494
28 503
28 525
28 555
28 592
28 604
28 613
28 623
28 633
28 638
28 662
28 672
28 706
28 742
28 770
28 784
28 785
28 805
28 880
28 884
28 891
28 894
28 917
28 933
28 955
28 969
29 58
29 61
29 68
29 87
29 137
29 174
29 340
29 348
29 351
29 384
29 404
29 416
29 418
29 520
29 532
29 539
29 581
29 599
29 635
29 713
29 761
29 779
29 795
29 822
29 847
29 862
29 866
29 877
29 895
29 909
29 996
30 82
30 108
30 116
30 128
30 190
30 192
30 202
30 295
30 305
30 334
30 359
30 390
30 399
30 402
30 414
30 452
30 495
30 542
30 547
30 569
30 612
30 617
30 629
30 682
30 700
30 718
30 739
30 761
30 779
30 791
30 801
30 867
30 880
30 889
30 979
31 76
31 90
31 94
31 117
31 232
31 281
31 284
31 307
31 316
31 332
31 341
31 503
31 579
31 594
31 645
31 901
32 97
32 117
32 323
32 348
32 400
32 431
32 447
32 567
32 661
32 682
32 779
32 909
32 963
32 974
33 50
33 147
33 178
33 332
33 378
33 450
33 480
33 493
33 516
33 553
33 557
33 639
33 728
33 760
33 771
33 789
33 819
33 875
33 895
33 991
34 145
34 147
34 173
34 194
34 244
34 264
34 291
34 309
34 347
34 431
34 466
34 468
34 495
34 605
34 624
34 641
34 713
34 737
34 754
34 773
35 104
35 262
35 390
35 517
35 562
35 563
35 722
35 759
35 870
35 921
36 104
36 147
36 183
36 187
36 191
36 238
36 272
36 281
36 292
36 344
36 406
36 447
36 497
36 534
36 537
36 594
36 615
36 654
36 672
36 775
36 884
36 999
37 87
37 175
37 197
37 281
37 301
37 341
37 360
37 372
37 400
37 430
37 448
37 465
37 481
37 484
37 498
37 509
37 589
37 620
37 637
37 644
37 650
37 666
37 669
37 679
37 712
37 713
37 723
37 751
37 783
37 890
37 935
37 963
38 45
38 53
38 184
38 218
38 227
38 263
38 326
38 390
38 431
38 463
38 513
38 648
38 684
38 685
38 703
38 757
38 797
38 837
38 855
38 863
38 872
38 877
38 903
38 912
38 915
38 918
38 979
39 49
39 85
39 176
39 292
39 469
39 481
39 499
39 508
39 611
39 692
39 714
39 858
39 904
39 912
39 979
40 45
40 178
40 183
40 203
40 229
40 235
40 241
40 325
40 348
40 352
40 444
40 457
40 467
40 478
40 489
40 508
40 528
40 537
40 649
40 688
40 718
40 781
40 823
40 874
40 921
40 932
41 128
41 139
41 179
41 213
41 221
41 299
41 348
41 381
41 490
41 499
41 504
41 625
41 679
41 701
41 713
41 731
41 779
41 825
41 827
41 932
42 76
42 119
42 158
42 162
42 181
42 212
42 215
42 221
42 233
42 286
42 364
42 387
42 390
42 401
42 488
42 503
42 508
42 512
42 525
42 532
42 548
42 574
42 601
42 628
42 712
42 737
42 758
42 786
42 849
42 850
42 868
42 924
42 942
42 954
42 999
43 123
43 127
43 198
43 294
43 307
43 368
43 373
43 379
43 410
43 536
43 571
43 622
43 723
43 743
43 892
44 68
44 89
44 192
44 256
44 481
44 515
44 539
44 562
44 590
44 679
44 753
44 784
44 821
44 825
44 843
44 890
44 963
45 120
45 154
45 190
45 338
45 342
45 348
45 399
45 483
45 515
45 517
45 556
45 558
45 597
45 625
45 641
45 647
45 699
45 705
45 717
45 718
45 738
45 739
45 773
45 885
45 930
45 951
46 95
46 132
46 208
46 222
46 304
46 419
46 550
46 604
46 725
46 917
46 949
46 964
47 105
47 125
47 150
47 161
47 173
47 187
47 199
47 223
47 250
47 266
47 335
47 348
47 352
47 371
47 376
47 390
47 401
47 410
47 411
47 510
47 554
47 567
47 604
47 613
47 623
47 650
47 691
47 707
47 713
47 745
47 797
47 857
47 873
47 921
47 927
47 966
48 151
48 366
48 473
48 495
48 648
48 649
48 682
48 746
48 775
48 926
49 73
49 113
49 212
49 249
49 363
49 376
49 431
49 561
49 762
49 832
49 856
49 958
49 964
50 174
50 308
50 360
50 403
50 467
50 513
50 562
50 563
50 600
50 652
50 703
50 834
50 863
50 888
50 895
50 904
51 123
51 139
51 175
51 261
51 267
51 311
51 389
51 420
51 429
51 463
51 534
51 549
51 704
51 763
51 923
51 939
51 962
51 965
51 984
52 87
52 113
52 144
52 174
52 292
52 387
52 407
52 473
52 474
52 479
52 548
52 575
52 590
52 610
52 717
52 789
52 867
52 868
52 926
53 149
53 158
53 235
53 292
53 337
53 358
53 439
53 535
53 580
53 589
53 621
53 715
53 815
53 858
53 859
53 874
53 945
54 57
54 66
54 77
54 159
54 177
54 208
54 260
54 283
54 352
54 371
54 465
54 468
54 471
54 540
54 557
54 558
54 666
54 671
54 673
54 694
54 710
54 770
54 793
54 816
54 822
54 911
54 923
54 934
54 955
54 975
54 986
55 90
55 92
55 128
55 133
55 164
55 196
55 222
55 242
55 276
55 283
55 308
55 369
55 381
55 410
55 492
55 598
55 656
55 663
55 718
55 731
55 754
55 822
55 830
55 850
55 898
55 928
55 930
55 997
56 92
56 201
56 222
56 237
56 287
56 367
56 377
56 417
56 523
56 663
56 765
56 797
56 907
57 117
57 164
57 178
57 319
57 323
57 365
57 373
57 468
57 471
57 501
57 534
57 571
57 715
57 825
57 874
57 885
57 917
57 925
57 954
58 84
58 178
58 206
58 226
58 281
58 301
58 322
58 512
58 631
58 679
58 706
58 871
58 924
59 153
59 162
59 205
59 206
59 298
59 320
59 417
59 436
59 502
59 539
59 547
59 713
59 717
59 840
59 843
59 852
59 865
59 969
60 93
60 99
60 139
60 162
60 202
60 217
60 222
60 223
60 312
60 397
60 440
60 560
60 576
60 584
60 599
60 668
60 678
60 718
60 731
60 736
60 754
60 765
60 797
60 826
60 894
60 911
60 976
61 84
61 104
61 128
61 164
61 238
61 259
61 268
61 299
61 310
61 311
61 323
61 329
61 338
61 393
61 432
61 486
61 511
61 519
61 530
61 563
61 573
61 625
61 662
61 670
61 732
61 739
61 753
61 756
61 760
61 771
61 786
61 789
61 792
61 815
61 827
61 873
61 882
61 977
61 997
62 74
62 106
62 147
62 162
62 217
62 278
62 346
62 358
62 365
62 390
62 392
62 400
62 447
62 451
62 566
62 665
62 673
62 835
63 241
63 281
63 358
63 359
63 473
63 541
63 550
63 581
63 770
63 794
63 816
63 884
63 899
63 968
63 969
63 986
64 127
64 131
64 164
64 202
64 311
64 323
64 367
64 441
64 613
64 707
64 864
64 892
64 913
64 942
65 214
65 324
65 479
65 589
65 605
65 645
65 660
65 720
65 766
65 838
65 911
66 74
66 85
66 359
66 418
66 453
66 521
66 611
66 641
66 704
66 791
66 807
66 867
66 952
67 110
67 286
67 402
67 416
67 447
67 449
67 450
67 493
67 537
67 585
67 606
67 651
67 685
67 760
67 789
67 826
67 974
68 260
68 261
68 262
68 280
68 296
68 349
68 397
68 480
68 491
68 507
68 555
68 589
68 609
68 676
68 682
68 748
68 771
68 883
68 885
68 923
68 939
68 952
69 89
69 95
69 164
69 167
69 198
69 322
69 348
69 366
69 384
69 420
69 460
69 541
69 606
69 678
69 691
69 701
69 725
69 734
69 797
69 816
69 825
69 915
69 946
70 206
70 280
70 306
70 337
70 576
70 615
70 694
70 775
70 860
70 899
70 911
70 918
70 974
71 104
71 126
71 210
71 267
71 317
71 442
71 503
71 523
71 586
71 641
71 648
71 715
71 733
71 739
71 804
71 844
71 853
71 956
71 983
72 170
72 246
72 268
72 347
72 367
72 372
72 434
72 442
72 530
72 563
72 609
72 787
72 861
72 905
73 77
73 98
73 110
73 120
73 132
73 157
73 163
73 174
73 177
73 201
73 218
73 232
73 243
73 246
73 247
73 284
73 287
73 317
73 324
73 332
73 348
73 357
73 359
73 370
73 373
73 406
73 412
73 454
73 455
73 494
73 505
73 512
73 525
73 529
73 543
73 549
73 606
73 651
73 656
73 660
73 669
73 675
73 682
73 692
73 715
73 753
73 815
73 893
73 930
73 932
73 955
73 971
73 973
74 91
74 136
74 178
74 234
74 263
74 307
74 316
74 370
74 372
74 377
74 386
74 406
74 445
74 487
74 509
74 525
74 704
74 815
74 855
74 858
74 890
74 964
74 979
75 99
75 180
75 187
75 224
75 287
75 442
75 473
75 483
75 521
75 611
75 689
75 781
75 805
75 837
75 956
76 157
76 202
76 213
76 323
76 400
76 468
76 516
76 523
76 530
76 532
76 553
76 603
76 616
76 705
76 874
76 881
76 888
76 901
76 905
76 921
76 960
76 983
77 147
77 180
77 265
77 307
77 359
77 384
77 515
77 862
77 887
78 87
78 192
78 263
78 284
78 311
78 390
78 523
78 661
78 703
78 740
78 749
78 763
78 955
79 164
79 281
79 389
79 484
79 504
79 523
79 567
79 649
79 672
79 727
79 750
80 117
80 129
80 196
80 279
80 306
80 400
80 436
80 502
80 557
80 644
80 668
80 676
80 737
80 822
80 849
80 863
80 974
81 148
81 172
81 176
81 200
81 201
81 202
81 287
81 292
81 305
81 380
81 392
81 412
81 419
81 441
81 498
81 544
81 591
81 600
81 674
81 713
81 727
81 827
81 836
81 841
81 846
81 852
81 876
81 878
81 893
81 897
81 973
81 991
82 97
82 128
82 168
82 186
82 193
82 257
82 283
82 312
82 321
82 332
82 342
82 380
82 390
82 404
82 408
82 440
82 454
82 489
82 503
82 576
82 638
82 700
82 770
82 837
82 859
82 879
83 195
83 232
83 283
83 316
83 391
83 610
83 621
83 637
83 647
83 682
83 697
83 704
83 725
83 757
83 935
83 983
84 159
84 163
84 337
84 388
84 447
84 476
84 502
84 748
84 791
84 804
84 849
84 855
84 941
84 965
84 980
85 91
85 129
85 146
85 206
85 208
85 213
85 287
85 333
85 342
85 389
85 413
85 596
85 630
85 639
85 661
85 736
85 766
85 779
85 850
85 923
85 927
85 948
85 962
86 101
86 105
86 256
86 271
86 295
86 301
86 322
86 337
86 341
86 373
86 456
86 489
86 549
86 571
86 580
86 694
86 713
86 739
86 744
86 766
86 803
86 830
86 833
86 865
86 961
86 973
87 98
87 100
87 142
87 198
87 244
87 266
87 275
87 306
87 374
87 391
87 404
87 434
87 455
87 490
87 537
87 621
87 635
87 636
87 642
87 651
87 662
87 673
87 684
87 706
87 708
87 761
87 797
87 822
87 845
87 856
87 861
87 863
87 877
87 880
87 882
87 905
87 906
87 908
87 926
87 933
87 962
87 978
87 979
87 996
88 164
88 174
88 190
88 197
88 283
88 307
88 337
88 385
88 416
88 421
88 430
88 458
88 460
88 472
88 545
88 552
88 639
88 776
88 871
88 911
88 944
88 967
88 998
89 108
89 110
89 120
89 147
89 153
89 161
89 196
89 206
89 211
89 212
89 224
89 233
89 298
89 304
89 312
89 323
89 328
89 361
89 371
89 417
89 424
89 429
89 450
89 456
89 559
89 580
89 592
89 641
89 665
89 691
89 712
89 719
89 741
89 766
89 769
89 771
89 791
89 824
89 847
89 860
89 887
89 893
89 899
89 915
89 929
89 955
89 963
89 965
89 968
89 992
90 95
90 108
90 118
90 192
90 217
90 230
90 241
90 301
90 306
90 352
90 378
90 494
90 541
90 606
90 616
90 702
90 732
90 739
90 768
90 775
90 856
90 918
90 952
91 103
91 149
91 207
91 211
91 288
91 458
91 530
91 591
91 609
91 628
91 659
91 700
91 714
91 770
91 855
91 904
92 97
92 156
92 182
92 224
92 278
92 340
92 499
92 713
92 737
92 774
92 847
92 909
92 952
92 963
92 970
93 159
93 177
93 186
93 259
93 305
93 331
93 374
93 397
93 503
93 507
93 536
93 564
93 566
93 582
93 586
93 598
93 611
93 669
93 703
93 723
93 767
93 768
93 781
93 787
93 790
93 866
93 880
93 902
93 962
94 137
94 143
94 176
94 214
94 222
94 224
94 259
94 271
94 307
94 417
94 439
94 503
94 542
94 622
94 628
94 651
94 721
94 963
95 141
95 213
95 288
95 387
95 472
95 517
95 544
95 550
95 662
95 721
95 795
95 815
95 849
95 867
95 940
95 954
95 969
95 983
96 97
96 139
96 200
96 204
96 210
96 241
96 270
96 316
96 350
96 377
96 387
96 430
96 467
96 555
96 723
96 724
96 763
96 775
96 795
96 809
96 828
96 897
96 971
97 142
97 197
97 224
97 249
97 286
97 298
97 310
97 324
97 342
97 347
97 410
97 477
97 482
97 488
97 490
97 513
97 516
97 530
97 606
97 624
97 649
97 663
97 678
97 719
97 723
97 724
97 749
97 758
97 766
97 851
97 931
97 946
97 952
97 953
97 990
98 134
98 274
98 339
98 406
98 414
98 512
98 557
98 582
98 813
98 919
98 924
98 956
99 127
99 163
99 201
99 227
99 241
99 266
99 267
99 330
99 391
99 411
99 465
99 497
99 566
99 602
99 606
99 625
99 714
99 721
99 774
99 779
99 868
99 928
99 937
100 112
100 119
100 137
100 205
100 239
100 259
100 282
100 295
100 338
100 356
100 407
100 448
100 589
100 630
100 636
100 664
100 743
100 768
100 770
100 779
100 819
100 820
100 846
100 890
100 908
100 956
100 979
101 164
101 178
101 261
101 268
101 328
101 390
101 496
101 498
101 522
101 592
101 647
101 695
101 708
101 809
101 830
101 941
101 945
101 956
102 140
102 167
102 174
102 221
102 259
102 292
102 300
102 305
102 347
102 380
102 394
102 398
102 429
102 443
102 450
102 495
102 516
102 577
102 596
102 604
102 656
102 710
102 763
102 801
102 924
102 974
103 189
103 223
103 228
103 283
103 309
103 317
103 370
103 429
103 473
103 609
103 676
103 956
104 117
104 150
104 159
104 177
104 184
104 185
104 191
104 235
104 273
104 304
104 363
104 383
104 396
104 426
104 457
104 517
104 579
104 612
104 613
104 657
104 663
104 667
104 734
104 739
104 766
104 767
104 792
104 793
104 798
104 827
104 857
104 860
104 886
104 888
104 939
104 986
105 110
105 132
105 177
105 229
105 231
105 252
105 281
105 290
105 392
105 409
105 410
105 460
105 461
105 481
105 489
105 523
105 525
105 555
105 563
105 565
105 573
105 596
105 603
105 611
105 643
105 679
105 693
105 704
105 727
105 746
105 769
105 779
105 785
105 793
105 809
105 820
105 852
105 867
105 887
105 901
105 911
105 978
105 999
106 147
106 264
106 274
106 492
106 648
106 654
106 726
106 727
106 774
106 867
106 876
106 921
106 924
107 301
107 366
107 397
107 468
107 535
107 640
107 663
107 750
107 796
107 874
107 877
107 895
107 958
107 978
107 979
108 113
108 122
108 180
108 258
108 451
108 469
108 499
108 522
108 535
108 584
108 623
108 626
108 644
108 726
108 801
108 822
108 823
108 915
108 927
108 944
108 979
109 195
109 200
109 223
109 235
109 279
109 308
109 313
109 316
109 322
109 438
109 441
109 458
109 586
109 603
109 721
109 873
109 974
109 980
110 159
110 231
110 268
110 303
110 342
110 348
110 519
110 580
110 659
110 842
110 917
110 932
110 941
110 979
111 144
111 174
111 245
111 379
111 525
111 533
111 539
111 545
111 583
111 727
111 749
111 767
112 164
112 177
112 188
112 202
112 241
112 384
112 467
112 584
112 752
112 906
112 924
113 119
113 121
113 142
113 210
113 301
113 321
113 336
113 374
113 402
113 403
113 428
113 538
113 561
113 582
113 618
113 679
113 740
113 750
113 767
113 788
113 884
113 907
113 911
113 915
114 115
114 160
114 213
114 252
114 253
114 266
114 290
114 302
114 307
114 340
114 383
114 417
114 428
114 476
114 486
114 490
114 533
114 593
114 630
114 658
114 682
114 694
114 706
114 750
114 770
114 772
114 828
114 867
114 876
115 180
115 206
115 267
115 317
115 363
115 515
115 534
115 677
115 692
115 772
115 789
115 865
115 971
115 979
116 157
116 183
116 290
116 356
116 558
116 583
116 587
116 655
116 678
116 868
116 890
116 979
117 169
117 216
117 378
117 384
117 481
117 492
117 512
117 535
117 572
117 607
117 722
117 739
117 822
117 885
117 967
117 997
118 172
118 189
118 192
118 239
118 296
118 349
118 366
118 395
118 402
118 442
118 449
118 465
118 488
118 495
118 575
118 596
118 638
118 699
118 733
118 758
118 763
118 791
118 827
118 839
118 896
118 941
119 126
119 152
119 205
119 245
119 340
119 391
119 476
119 663
119 715
119 722
119 762
119 793
119 887
119 959
119 962
119 996
120 152
120 230
120 281
120 290
120 298
120 299
120 310
120 340
120 351
120 371
120 430
120 449
120 455
120 503
120 510
120 518
120 607
120 620
120 688
120 713
120 714
120 719
120 720
120 739
120 750
120 779
120 806
120 837
120 854
120 868
120 878
120 900
120 919
120 945
120 951
120 952
120 995
121 130
121 139
121 213
121 231
121 291
121 363
121 410
121 412
121 471
121 532
121 550
121 606
121 680
121 859
121 958
122 129
122 171
122 192
122 196
122 202
122 234
122 257
122 350
122 443
122 550
122 602
122 635
122 647
122 734
122 826
122 886
122 892
122 944
122 961
122 970
123 222
123 272
123 388
123 423
123 447
123 466
123 468
123 511
123 678
123 709
123 731
123 802
123 823
123 907
123 913
123 958
123 967
123 978
123 989
124 141
124 239
124 240
124 243
124 383
124 390
124 407
124 470
124 492
124 512
124 629
124 663
124 710
124 740
124 823
124 833
124 886
124 895
124 921
124 972
125 168
125 234
125 263
125 301
125 336
125 488
125 562
125 594
125 685
125 819
125 889
125 895
125 899
125 912
126 367
126 378
126 440
126 471
126 485
126 646
126 658
126 683
126 714
126 722
126 725
126 751
126 754
126 765
126 771
126 785
126 787
126 790
126 834
126 986
127 235
127 283
127 323
127 342
127 368
127 371
127 379
127 476
127 496
127 527
127 528
127 550
127 670
127 680
127 698
127 726
127 749
127 753
127 772
127 786
127 941
127 960
128 203
128 210
128 213
128 225
128 252
128 264
128 276
128 287
128 308
128 311
128 359
128 378
128 406
128 411
128 452
128 469
128 483
128 563
128 585
128 597
128 600
128 605
128 638
128 770
128 836
128 865
128 888
128 898
128 978
129 177
129 233
129 298
129 415
129 445
129 469
129 513
129 540
129 546
129 605
129 668
129 694
129 716
129 740
129 834
129 899
129 918
129 941
129 942
129 950
129 971
130 209
130 214
130 244
130 372
130 473
130 571
130 599
130 621
130 652
130 659
130 694
130 794
130 825
130 875
130 889
130 961
130 968
130 994
130 996
131 150
131 174
131 207
131 221
131 229
131 241
131 258
131 281
131 287
131 348
131 400
131 450
131 473
131 538
131 555
131 558
131 569
131 585
131 602
131 609
131 632
131 664
131 668
131 672
131 673
131 745
131 749
131 769
131 770
131 843
131 852
131 863
131 895
131 938
131 957
131 962
131 966
132 167
132 168
132 258
132 338
132 357
132 373
132 417
132 492
132 530
132 599
132 668
132 695
132 748
132 765
132 777
132 851
132 874
132 906
132 946
132 986
133 146
133 228
133 262
133 357
133 599
133 636
133 776
133 841
133 877
133 962
134 217
134 259
134 265
134 273
134 332
134 357
134 367
134 395
134 427
134 431
134 470
134 512
134 535
134 610
134 628
134 826
134 827
134 851
134 890
134 895
134 932
135 179
135 257
135 301
135 403
135 409
135 427
135 523
135 614
135 651
135 691
135 697
135 706
135 731
135 770
135 849
135 928
135 960
136 158
136 174
136 201
136 250
136 603
136 613
136 694
136 788
136 927
136 945
136 956
136 959
137 173
137 206
137 273
137 277
137 348
137 357
137 359
137 370
137 494
137 524
137 591
137 598
137 612
137 671
137 688
137 721
137 751
137 892
137 940
137 973
138 302
138 338
138 354
138 423
138 424
138 502
138 617
138 622
138 725
138 747
138 787
138 793
138 877
138 912
138 918
139 155
139 157
139 214
139 282
139 300
139 307
139 366
139 388
139 393
139 447
139 518
139 541
139 561
139 598
139 668
139 778
139 834
139 940
139 1000
140 187
140 190
140 195
140 221
140 246
140 264
140 321
140 413
140 464
140 486
140 516
140 587
140 620
140 684
140 720
140 737
140 756
140 761
140 791
140 892
140 898
140 902
141 298
141 309
141 316
141 418
141 453
141 535
141 555
141 557
141 682
141 770
141 807
141 907
141 915
141 918
141 959
142 151
142 179
142 208
142 255
142 290
142 365
142 378
142 439
142 509
142 520
142 528
142 535
142 543
142 592
142 653
142 663
142 693
142 718
142 734
142 763
142 839
142 949
142 954
143 157
143 185
143 201
143 207
143 257
143 261
143 265
143 279
143 283
143 285
143 306
143 307
143 311
143 350
143 383
143 419
143 447
143 458
143 459
143 485
143 487
143 492
143 497
143 515
143 516
143 532
143 569
143 582
143 602
143 604
143 618
143 625
143 647
143 665
143 683
143 684
143 707
143 708
143 736
143 773
143 822
143 833
143 836
143 851
143 853
143 882
143 902
143 918
143 941
143 960
143 999
144 214
144 244
144 265
144 279
144 284
144 345
144 385
144 387
144 402
144 404
144 508
144 528
144 647
144 707
144 804
144 822
144 841
144 845
144 926
144 945
144 952
144 996
145 187
145 231
145 234
145 266
145 281
145 287
145 362
145 456
145 557
145 628
145 648
145 740
145 751
145 763
145 830
145 845
145 881
145 899
145 920
145 928
145 929
145 938
145 951
145 968
146 171
146 175
146 207
146 306
146 410
146 432
146 524
146 562
146 589
146 590
146 687
146 716
146 722
146 843
146 875
146 931
146 989
147 159
147 163
147 175
147 224
147 227
147 238
147 240
147 269
147 281
147 283
147 294
147 298
147 315
147 325
147 326
147 348
147 367
147 379
147 399
147 526
147 531
147 557
147 576
147 581
147 595
147 612
147 635
147 683
147 696
147 718
147 723
147 739
147 740
147 746
147 749
147 757
147 781
147 794
147 878
147 884
147 973
148 174
148 179
148 211
148 214
148 301
148 307
148 333
148 472
148 474
148 537
148 603
148 673
148 728
148 859
148 864
148 906
148 908
149 203
149 246
149 268
149 377
149 407
149 439
149 443
149 555
149 582
149 625
149 825
149 868
149 891
149 898
149 899
149 974
150 185
150 223
150 366
150 539
150 574
150 635
150 717
150 734
150 990
151 152
151 157
151 185
151 239
151 246
151 326
151 389
151 494
151 574
151 592
151 628
151 668
151 754
151 780
151 783
151 787
151 834
151 835
151 842
151 889
151 953
151 980
152 162
152 195
152 228
152 381
152 384
152 462
152 473
152 490
152 582
152 607
152 632
152 650
152 726
152 739
152 744
152 794
152 822
152 853
152 908
153 183
153 234
153 247
153 308
153 354
153 374
153 414
153 484
153 518
153 534
153 563
153 602
153 612
153 614
153 647
153 699
153 703
153 835
153 866
153 892
153 979
154 168
154 222
154 224
154 348
154 392
154 411
154 419
154 465
154 536
154 597
154 612
154 628
154 645
154 717
154 718
154 727
154 734
154 744
154 749
154 763
154 902
154 916
154 954
154 988
154 1000
155 165
155 174
155 248
155 287
155 493
155 509
155 638
155 664
155 666
155 673
155 750
155 817
155 858
155 875
155 878
156 214
156 250
156 276
156 325
156 353
156 441
156 464
156 709
156 726
156 745
156 797
156 883
156 924
156 936
156 965
156 982
157 168
157 171
157 173
157 221
157 286
157 314
157 337
157 367
157 388
157 389
157 437
157 447
157 476
157 493
157 564
157 700
157 703
157 713
157 842
157 920
157 984
157 985
158 164
158 192
158 325
158 397
158 407
158 473
158 508
158 516
158 562
158 568
158 581
158 593
158 614
158 652
158 731
158 797
158 858
158 931
158 956
159 161
159 180
159 213
159 245
159 249
159 279
159 300
159 335
159 363
159 403
159 411
159 457
159 489
159 499
159 535
159 554
159 560
159 570
159 623
159 650
159 685
159 688
159 699
159 700
159 707
159 710
159 746
159 748
159 749
159 755
159 778
159 804
159 824
159 932
159 984
159 992
159 995
160 259
160 319
160 391
160 403
160 411
160 418
160 663
160 726
160 756
160 801
160 867
160 880
160 962
161 162
161 259
161 297
161 354
161 360
161 387
161 388
161 414
161 473
161 514
161 665
161 677
161 682
161 685
161 725
161 748
161 772
161 776
161 782
161 821
161 824
161 842
161 865
161 874
161 906
161 907
161 920
161 924
161 932
161 955
161 979
162 184
162 196
162 198
162 210
162 211
162 224
162 246
162 250
162 292
162 295
162 301
162 361
162 401
162 487
162 514
162 515
162 526
162 548
162 575
162 681
162 701
162 703
162 706
162 710
162 728
162 732
162 773
162 791
162 810
162 822
162 825
162 858
162 866
162 868
162 876
162 885
162 906
162 907
162 957
162 971
163 178
163 264
163 378
163 409
163 492
163 533
163 591
163 592
163 733
163 866
163 928
164 170
164 196
164 202
164 268
164 273
164 309
164 310
164 350
164 356
164 358
164 390
164 413
164 467
164 474
164 499
164 532
164 546
164 561
164 601
164 604
164 616
164 619
164 641
164 642
164 649
164 682
164 692
164 773
164 785
164 807
164 875
164 896
164 913
164 914
164 918
164 942
164 959
165 185
165 266
165 278
165 279
165 286
165 299
165 323
165 330
165 382
165 385
165 391
165 408
165 434
165 551
165 572
165 659
165 691
165 701
165 706
165 805
165 815
165 863
165 879
165 913
165 933
165 936
165 938
166 231
166 321
166 502
166 538
166 559
166 562
166 642
166 678
166 761
166 819
166 912
166 922
166 945
167 184
167 274
167 281
167 506
167 509
167 631
167 649
167 666
167 774
167 794
167 839
167 841
167 925
167 931
168 169
168 190
168 264
168 296
168 319
168 326
168 347
168 352
168 366
168 369
168 372
168 439
168 442
168 471
168 476
168 535
168 541
168 545
168 551
168 557
168 563
168 570
168 585
168 603
168 661
168 714
168 735
168 740
168 771
168 777
168 787
168 832
168 925
168 959
168 962
168 969
168 979
169 170
169 173
169 180
169 190
169 192
169 212
169 216
169 242
169 250
169 267
169 307
169 350
169 386
169 450
169 457
169 472
169 489
169 500
169 507
169 512
169 529
169 530
169 532
169 548
169 580
169 582
169 623
169 651
169 711
169 731
169 822
169 895
169 955
170 178
170 179
170 180
170 186
170 223
170 240
170 308
170 312
170 354
170 403
170 471
170 485
170 489
170 549
170 570
170 605
170 624
170 682
170 713
170 737
170 774
170 787
170 798
170 846
170 868
170 880
170 884
171 225
171 286
171 334
171 397
171 399
171 402
171 442
171 533
171 578
171 580
171 584
171 619
171 685
171 740
171 775
171 825
171 852
171 854
171 870
171 890
171 970
171 971
171 984
172 366
172 378
172 381
172 471
172 472
172 650
172 678
172 706
172 757
172 775
172 787
172 796
172 845
172 885
172 888
172 907
172 921
172 955
172 964
173 186
173 209
173 274
173 331
173 380
173 393
173 499
173 566
173 592
173 607
173 644
173 684
173 701
173 702
173 706
173 709
173 713
173 739
173 755
173 774
173 801
173 805
173 817
173 870
173 880
173 916
173 918
173 956
173 958
173 960
173 974
173 981
174 177
174 226
174 290
174 303
174 306
174 316
174 329
174 407
174 454
174 460
174 481
174 510
174 512
174 517
174 533
174 587
174 631
174 632
174 659
174 752
174 764
174 768
174 831
174 889
174 932
174 955
174 986
175 268
175 360
175 405
175 426
175 427
175 468
175 514
175 578
175 632
175 700
175 786
175 909
175 924
176 182
176 237
176 287
176 362
176 390
176 458
176 484
176 535
176 536
176 567
176 693
176 703
176 727
176 790
176 794
176 797
176 805
176 834
176 860
176 888
176 956
177 192
177 196
177 209
177 217
177 241
177 296
177 309
177 344
177 361
177 364
177 368
177 408
177 411
177 418
177 427
177 439
177 454
177 489
177 490
177 535
177 568
177 580
177 659
177 669
177 678
177 711
177 747
177 764
177 768
177 779
177 795
177 805
177 831
177 837
177 846
177 860
177 904
177 945
177 955
177 959
177 999
178 184
178 196
178 216
178 238
178 242
178 310
178 311
178 352
178 354
178 374
178 378
178 383
178 430
178 449
178 454
178 474
178 481
178 508
178 512
178 533
178 553
178 560
178 563
178 570
178 573
178 594
178 620
178 643
178 661
178 704
178 722
178 728
178 733
178 735
178 736
178 745
178 747
178 770
178 771
178 773
178 807
178 816
178 873
178 902
178 920
178 938
178 945
178 984
178 990
179 184
179 185
179 201
179 223
179 266
179 291
179 547
179 558
179 564
179 569
179 620
179 678
179 712
179 745
179 780
179 870
179 938
179 979
180 184
180 187
180 232
180 243
180 282
180 283
180 287
180 321
180 328
180 330
180 337
180 344
180 396
180 462
180 467
180 502
180 503
180 572
180 581
180 599
180 606
180 629
180 637
180 676
180 694
180 787
180 794
180 797
180 830
180 879
180 883
180 921
180 944
180 974
181 292
181 373
181 542
181 610
181 624
181 700
181 709
181 764
181 789
181 874
181 899
181 932
181 941
181 962
182 311
182 335
182 390
182 403
182 452
182 545
182 600
182 602
182 603
182 637
182 760
182 839
182 862
182 870
182 902
182 950
182 953
183 229
183 259
183 267
183 288
183 306
183 421
183 447
183 448
183 589
183 592
183 606
183 638
183 663
183 673
183 763
183 775
183 780
183 882
183 906
183 963
184 201
184 237
184 281
184 288
184 308
184 312
184 324
184 352
184 572
184 587
184 611
184 638
184 700
184 711
184 723
184 739
184 752
184 784
184 795
184 802
184 955
184 968
184 971
185 193
185 284
185 285
185 353
185 370
185 381
185 402
185 413
185 439
185 448
185 479
185 480
185 552
185 571
185 593
185 609
185 625
185 637
185 651
185 658
185 681
185 717
185 740
185 767
185 777
185 810
185 834
185 840
185 866
185 868
185 938
185 961
185 976
185 989
186 250
186 415
186 477
186 570
186 612
186 648
186 676
186 735
186 863
186 902
186 919
187 198
187 219
187 226
187 233
187 235
187 251
187 266
187 267
187 280
187 334
187 336
187 340
187 344
187 345
187 383
187 384
187 407
187 435
187 440
187 450
187 494
187 521
187 547
187 549
187 568
187 612
187 670
187 680
187 700
187 752
187 783
187 791
187 800
187 804
187 807
187 816
187 824
187 846
187 850
187 911
187 963
187 966
187 983
188 285
188 340
188 380
188 462
188 494
188 530
188 559
188 592
188 611
188 619
188 665
188 757
188 765
188 848
188 906
188 908
188 923
188 945
189 211
189 223
189 305
189 348
189 476
189 485
189 603
189 684
189 754
189 867
189 874
189 971
190 238
190 246
190 336
190 427
190 435
190 456
190 468
190 482
190 559
190 611
190 651
190 705
190 849
190 909
190 951
190 967
191 279
191 291
191 397
191 410
191 415
191 452
191 454
191 461
191 469
191 554
191 577
191 609
191 685
191 743
191 810
192 214
192 229
192 300
192 407
192 431
192 444
192 445
192 467
192 479
192 504
192 526
192 618
192 622
192 628
192 667
192 684
192 710
192 716
192 724
192 768
192 787
192 829
192 842
192 862
192 887
192 894
192 901
192 929
192 941
192 986
192 996
193 271
193 360
193 398
193 410
193 494
193 523
193 584
193 604
193 614
193 661
193 732
193 740
193 763
193 764
193 794
193 814
193 843
193 844
193 941
193 948
194 301
194 339
194 380
194 485
194 486
194 526
194 549
194 761
194 845
194 870
194 911
194 987
195 288
195 322
195 398
195 420
195 480
195 489
195 606
195 638
195 646
195 737
195 817
195 868
195 871
195 905
196 199
196 226
196 267
196 319
196 345
196 365
196 380
196 412
196 421
196 425
196 444
196 514
196 521
196 523
196 531
196 550
196 551
196 580
196 583
196 615
196 632
196 640
196 649
196 685
196 691
196 712
196 719
196 728
196 761
196 770
196 773
196 808
196 817
196 841
196 892
196 896
196 948
196 955
196 957
196 963
196 970
196 971
197 270
197 281
197 303
197 311
197 380
197 420
197 479
197 480
197 567
197 589
197 617
197 644
197 670
197 747
197 760
197 783
197 882
197 935
197 951
197 955
197 956
197 959
198 238
198 292
198 299
198 490
198 542
198 555
198 572
198 622
198 625
198 764
198 825
198 862
198 895
198 899
198 938
198 945
199 410
199 512
199 532
199 623
199 710
199 727
199 747
199 812
200 289
200 325
200 350
200 353
200 363
200 409
200 412
200 435
200 468
200 471
200 476
200 533
200 535
200 550
200 555
200 557
200 584
200 654
200 920
200 986
201 305
201 321
201 381
201 455
201 459
201 483
201 494
201 501
201 526
201 532
201 543
201 547
201 563
201 585
201 612
201 671
201 680
201 765
201 827
201 835
201 845
201 908
201 984
202 213
202 249
202 295
202 360
202 488
202 516
202 603
202 626
202 689
202 690
202 822
202 885
202 924
202 983
203 234
203 259
203 282
203 358
203 428
203 505
203 562
203 587
203 599
203 606
203 609
203 627
203 631
203 677
203 759
203 821
203 866
204 326
204 336
204 357
204 391
204 418
204 663
204 697
204 711
204 722
204 755
204 780
204 846
204 924
204 948
205 291
205 301
205 563
205 596
205 609
205 624
205 680
205 964
206 308
206 316
206 328
206 349
206 407
206 411
206 447
206 507
206 554
206 559
206 602
206 660
206 709
206 768
206 836
206 902
206 934
206 970
206 972
206 988
207 232
207 237
207 259
207 288
207 328
207 349
207 360
207 400
207 426
207 431
207 432
207 467
207 479
207 485
207 501
207 524
207 540
207 572
207 575
207 592
207 598
207 604
207 625
207 626
207 629
207 637
207 647
207 666
207 673
207 676
207 695
207 699
207 707
207 723
207 771
207 777
207 798
207 808
207 825
207 898
207 906
207 909
207 918
207 919
207 920
207 935
207 953
207 993
208 243
208 246
208 248
208 310
208 312
208 417
208 435
208 523
208 524
208 547
208 610
208 632
208 660
208 666
208 677
208 692
208 706
208 726
208 771
208 773
208 884
208 972
208 983
209 266
209 273
209 357
209 465
209 494
209 495
209 723
209 748
209 853
209 937
209 945
210 213
210 231
210 252
210 289
210 381
210 392
210 411
210 490
210 507
210 516
210 531
210 562
210 620
210 626
210 654
210 679
210 736
210 781
210 804
210 925
211 231
211 268
211 271
211 347
211 391
211 410
211 570
211 584
211 585
211 611
211 678
211 928
211 934
211 983
212 231
212 234
212 266
212 379
212 381
212 390
212 473
212 491
212 545
212 570
212 574
212 576
212 602
212 606
212 629
212 646
212 651
212 673
212 680
212 685
212 699
212 740
212 861
212 887
212 949
212 975
212 996
213 249
213 263
213 264
213 274
213 282
213 322
213 355
213 372
213 381
213 416
213 458
213 459
213 516
213 533
213 596
213 615
213 626
213 641
213 644
213 650
213 657
213 665
213 716
213 739
213 740
213 803
213 816
213 846
213 858
213 867
213 872
213 889
213 909
213 930
213 939
213 948
213 952
213 959
213 973
213 983
213 984
213 989
214 243
214 259
214 276
214 277
214 294
214 315
214 331
214 338
214 339
214 346
214 354
214 360
214 384
214 411
214 420
214 433
214 479
214 480
214 483
214 501
214 587
214 604
214 624
214 626
214 631
214 645
214 691
214 730
214 749
214 781
214 793
214 860
214 873
214 876
214 882
214 941
214 960
214 979
215 231
215 235
215 387
215 418
215 447
215 484
215 495
215 673
215 685
215 731
215 734
215 886
215 955
215 985
215 989
216 378
216 387
216 405
216 418
216 441
216 501
216 514
216 536
216 590
216 607
216 628
216 666
216 670
216 677
216 692
216 700
216 747
216 773
216 911
216 919
216 941
216 953
217 259
217 449
217 560
217 666
217 826
217 865
217 871
218 224
218 258
218 308
218 312
218 353
218 468
218 588
218 627
218 671
218 694
218 695
218 718
218 719
218 740
218 744
218 767
218 840
218 846
218 873
218 923
218 958
219 224
219 294
219 379
219 388
219 483
219 487
219 531
219 561
219 612
219 634
219 655
219 699
219 738
219 739
219 839
219 847
219 870
219 883
219 891
219 921
219 928
219 944
219 979
220 323
220 388
220 482
220 514
220 621
220 638
220 669
220 678
220 740
220 749
220 760
220 791
220 895
220 944
221 264
221 300
221 329
221 332
221 369
221 417
221 420
221 469
221 479
221 496
221 509
221 530
221 542
221 558
221 564
221 655
221 656
221 744
221 818
221 958
221 970
221 971
221 979
221 995
222 235
222 273
222 280
222 310
222 348
222 379
222 402
222 413
222 446
222 525
222 594
222 641
222 665
222 671
222 728
222 746
222 751
222 791
222 815
222 824
222 888
222 898
222 915
222 959
222 987
223 257
223 316
223 317
223 330
223 364
223 369
223 370
223 378
223 383
223 447
223 454
223 471
223 472
223 483
223 522
223 555
223 560
223 565
223 584
223 611
223 614
223 619
223 635
223 643
223 651
223 717
223 724
223 764
223 781
223 830
223 845
223 875
223 882
223 885
223 905
223 936
223 974
224 366
224 379
224 388
224 439
224 506
224 575
224 627
224 631
224 639
224 653
224 722
224 736
224 848
224 880
224 915
224 971
224 987
224 992
225 576
225 737
225 770
225 829
225 860
225 862
225 913
225 923
226 235
226 238
226 369
226 373
226 384
226 614
226 661
226 700
226 779
226 811
226 834
226 870
226 899
226 992
227 231
227 250
227 261
227 277
227 388
227 427
227 495
227 557
227 710
227 764
227 779
227 983
228 237
228 352
228 391
228 402
228 403
228 464
228 610
228 622
228 648
228 660
228 677
228 703
228 718
228 726
228 782
228 849
228 866
228 906
229 231
229 380
229 388
229 582
229 723
229 725
229 765
229 834
229 961
230 260
230 275
230 290
230 304
230 347
230 473
230 502
230 511
230 557
230 615
230 822
230 912
230 950
231 347
231 351
231 357
231 362
231 365
231 391
231 399
231 418
231 464
231 470
231 476
231 502
231 516
231 536
231 564
231 577
231 621
231 634
231 636
231 638
231 687
231 692
231 703
231 726
231 845
231 854
231 870
231 872
231 880
231 885
231 894
231 946
231 973
231 981
231 998
232 297
232 334
232 335
232 363
232 375
232 377
232 396
232 426
232 449
232 453
232 476
232 501
232 558
232 597
232 642
232 648
232 775
232 964
233 266
233 300
233 331
233 763
233 779
233 810
233 864
233 874
233 888
233 917
234 307
234 359
234 434
234 478
234 546
234 603
234 842
234 845
234 865
234 910
235 238
235 240
235 255
235 294
235 315
235 342
235 348
235 360
235 494
235 517
235 598
235 603
235 607
235 612
235 673
235 691
235 704
235 707
235 761
235 779
235 800
235 825
235 829
235 860
235 863
235 896
235 946
235 955
235 997
236 397
236 456
236 489
236 600
236 669
236 673
236 682
236 758
236 786
236 799
236 830
236 919
236 944
236 965
237 284
237 359
237 361
237 378
237 467
237 625
237 649
237 677
237 688
237 691
237 695
237 713
237 780
237 922
238 266
238 300
238 350
238 367
238 388
238 389
238 414
238 440
238 497
238 518
238 549
238 561
238 596
238 597
238 612
238 623
238 641
238 651
238 728
238 753
238 774
238 789
238 796
238 860
238 902
238 955
238 973
239 278
239 296
239 331
239 501
239 601
239 725
239 764
239 979
240 261
240 339
240 384
240 392
240 432
240 480
240 557
240 582
240 622
240 661
240 691
240 703
240 799
240 852
240 904
240 928
240 941
240 967
240 997
241 279
241 287
241 312
241 313
241 337
241 370
241 380
241 412
241 421
241 428
241 429
241 433
241 434
241 465
241 466
241 484
241 499
241 500
241 509
241 517
241 519
241 529
241 581
241 586
241 618
241 622
241 656
241 659
241 700
241 777
241 821
241 877
241 880
241 912
241 928
241 940
241 968
242 263
242 268
242 367
242 370
242 403
242 409
242 419
242 435
242 469
242 471
242 530
242 542
242 714
242 718
242 729
242 788
242 878
242 964
243 400
243 518
243 595
243 666
243 767
243 770
243 818
243 872
243 896
244 278
244 301
244 302
244 322
244 333
244 362
244 492
244 524
244 580
244 615
244 752
244 796
244 806
244 809
244 866
244 915
245 276
245 283
245 467
245 549
245 682
245 691
245 764
245 790
245 864
246 250
246 289
246 312
246 315
246 372
246 378
246 389
246 417
246 432
246 440
246 522
246 542
246 605
246 611
246 612
246 679
246 697
246 706
246 851
246 941
246 968
246 979
247 301
247 424
247 426
247 440
247 471
247 501
247 513
247 534
247 550
247 616
247 733
247 765
247 912
248 268
248 310
248 360
248 401
248 447
248 542
248 545
248 680
248 825
248 860
248 862
248 962
249 273
249 284
249 336
249 499
249 516
249 522
249 525
249 533
249 548
249 550
249 613
249 622
249 643
249 654
249 689
249 710
249 763
249 795
249 796
249 807
249 895
249 897
249 903
249 912
249 953
249 984
250 257
250 275
250 289
250 297
250 330
250 371
250 405
250 435
250 523
250 546
250 548
250 596
250 597
250 609
250 656
250 699
250 727
250 814
250 851
250 889
250 903
250 911
250 948
250 957
250 996
251 298
251 396
251 443
251 520
251 570
251 631
251 770
251 816
251 898
251 957
252 266
252 332
252 363
252 367
252 422
252 487
252 508
252 512
252 519
252 523
252 541
252 599
252 631
252 678
252 688
252 705
252 737
252 740
252 764
252 915
252 920
252 926
252 994
253 289
253 292
253 296
253 298
253 319
253 380
253 385
253 405
253 433
253 463
253 473
253 591
253 644
253 648
253 704
253 720
253 741
253 761
253 766
253 841
253 880
253 881
253 886
253 903
253 917
253 997
254 262
254 286
254 413
254 502
254 655
254 678
254 716
254 745
254 754
254 816
254 849
254 882
254 903
254 946
254 983
255 256
255 315
255 357
255 360
255 542
255 565
255 584
255 607
255 616
255 663
255 684
255 694
255 695
255 748
255 815
255 885
255 894
255 936
255 961
256 326
256 365
256 433
256 448
256 611
256 649
256 702
256 710
256 716
256 732
256 775
256 788
256 836
256 845
256 878
256 886
256 908
256 926
257 286
257 309
257 350
257 458
257 691
257 747
257 824
257 864
257 973
258 357
258 373
258 384
258 419
258 516
258 534
258 576
258 661
258 698
258 812
258 957
259 288
259 294
259 299
259 306
259 316
259 368
259 376
259 397
259 426
259 445
259 453
259 455
259 462
259 486
259 517
259 531
259 624
259 679
259 693
259 707
259 724
259 758
259 872
259 891
259 955
259 976
259 1000
260 284
260 347
260 391
260 417
260 570
260 703
260 845
260 865
260 926
260 953
261 298
261 300
261 362
261 378
261 390
261 405
261 464
261 468
261 490
261 541
261 682
261 686
261 725
261 731
261 922
262 284
262 293
262 352
262 358
262 443
262 476
262 563
262 620
262 656
262 683
262 686
262 743
262 858
262 870
262 875
262 939
262 956
262 970
263 308
263 506
263 550
263 560
263 649
263 676
263 682
263 684
263 785
263 820
263 874
263 971
263 984
264 270
264 292
264 300
264 328
264 330
264 342
264 393
264 429
264 515
264 746
264 749
264 839
264 868
264 874
264 878
264 899
264 949
265 271
265 378
265 383
265 421
265 545
265 554
265 566
265 571
265 589
265 623
265 631
265 647
265 667
265 676
265 694
265 696
265 706
265 743
265 809
265 843
265 860
265 921
266 323
266 351
266 374
266 391
266 418
266 430
266 450
266 494
266 495
266 540
266 547
266 554
266 587
266 607
266 623
266 656
266 663
266 665
266 714
266 724
266 745
266 763
266 775
266 778
266 789
266 801
266 898
266 913
266 942
266 946
266 964
267 390
267 404
267 605
267 650
267 783
267 786
267 853
267 880
267 948
268 326
268 344
268 348
268 381
268 382
268 390
268 445
268 456
268 463
268 492
268 511
268 518
268 542
268 574
268 578
268 587
268 592
268 608
268 634
268 649
268 691
268 696
268 698
268 701
268 707
268 708
268 716
268 740
268 761
268 797
268 874
268 944
268 948
268 984
269 284
269 319
269 410
269 482
269 502
269 506
269 570
269 574
269 602
269 629
269 664
269 673
269 826
269 867
269 898
269 899
269 902
269 962
269 976
269 982
270 271
270 321
270 323
270 325
270 337
270 407
270 426
270 504
270 562
270 579
270 724
270 740
270 777
270 843
270 846
270 952
271 322
271 352
271 383
271 387
271 412
271 429
271 502
271 504
271 513
271 545
271 552
271 572
271 602
271 627
271 645
271 647
271 689
271 720
271 749
271 815
271 858
271 956
271 965
271 981
271 994
271 999
272 282
272 285
272 317
272 523
272 524
272 775
272 902
272 957
273 294
273 387
273 395
273 469
273 477
273 493
273 517
273 557
273 584
273 586
273 612
273 625
273 630
273 723
273 749
273 841
273 885
273 972
273 974
273 984
273 997
274 341
274 347
274 384
274 401
274 481
274 511
274 590
274 603
274 606
274 621
274 686
274 867
274 891
274 940
274 957
274 991
275 337
275 387
275 389
275 532
275 878
275 968
275 981
276 288
276 388
276 491
276 497
276 499
276 522
276 592
276 654
276 680
276 708
276 760
276 764
276 884
276 886
276 939
276 941
276 989
277 278
277 294
277 328
277 357
277 378
277 400
277 411
277 433
277 651
277 677
277 714
277 772
277 841
277 880
277 885
277 908
277 938
278 350
278 391
278 420
278 512
278 523
278 576
278 701
278 801
278 860
278 865
278 869
278 899
278 955
279 300
279 308
279 360
279 425
279 437
279 453
279 455
279 463
279 469
279 495
279 517
279 534
279 573
279 592
279 754
279 844
279 952
279 990
279 995
280 359
280 378
280 380
280 389
280 390
280 453
280 484
280 518
280 582
280 585
280 671
280 679
280 694
280 700
280 702
280 703
280 725
280 737
280 742
280 816
280 924
281 327
281 367
281 411
281 436
281 441
281 446
281 466
281 473
281 487
281 501
281 514
281 570
281 605
281 687
281 710
281 722
281 723
281 753
281 768
281 829
281 851
281 853
281 857
281 885
281 901
281 933
281 951
282 330
282 373
282 480
282 494
282 516
282 546
282 556
282 684
282 968
282 974
283 306
283 366
283 383
283 463
283 497
283 681
283 684
283 700
283 830
283 868
283 885
283 895
283 929
283 953
283 955
283 970
284 332
284 371
284 380
284 388
284 390
284 395
284 400
284 449
284 488
284 516
284 521
284 524
284 565
284 602
284 630
284 649
284 655
284 656
284 658
284 677
284 776
284 818
284 844
284 862
284 904
284 920
284 921
284 934
284 997
285 294
285 307
285 343
285 402
285 512
285 532
285 563
285 602
285 604
285 665
285 669
285 722
285 751
285 777
285 834
285 848
285 885
285 961
285 996
286 319
286 356
286 394
286 397
286 401
286 405
286 417
286 432
286 446
286 517
286 534
286 575
286 579
286 601
286 605
286 630
286 662
286 673
286 679
286 680
286 699
286 703
286 719
286 752
286 755
286 761
286 770
286 780
286 787
286 811
286 835
286 887
286 923
286 927
286 979
286 988
287 301
287 316
287 343
287 362
287 384
287 401
287 407
287 492
287 506
287 572
287 609
287 611
287 661
287 663
287 667
287 702
287 731
287 754
287 790
287 791
287 800
287 888
287 889
287 920
287 935
288 354
288 372
288 373
288 378
288 380
288 398
288 456
288 499
288 502
288 534
288 537
288 561
288 584
288 601
288 620
288 660
288 706
288 714
288 720
288 744
288 804
288 841
288 843
288 867
288 870
288 961
288 967
289 431
289 489
289 494
289 498
289 523
289 524
289 525
289 549
289 563
289 623
289 651
289 681
289 748
289 777
289 825
289 860
289 867
289 928
290 303
290 350
290 366
290 414
290 449
290 510
290 580
290 609
290 619
290 725
290 814
290 841
290 855
290 982
291 327
291 338
291 339
291 364
291 414
291 447
291 455
291 463
291 473
291 525
291 609
291 626
291 687
291 814
291 843
291 864
291 949
291 970
291 986
292 407
292 436
292 462
292 484
292 529
292 533
292 539
292 572
292 685
292 740
292 789
292 796
292 810
292 824
292 845
292 922
292 947
292 956
293 322
293 391
293 488
293 611
293 680
293 829
293 866
293 877
293 923
293 928
294 347
294 359
294 360
294 384
294 390
294 481
294 486
294 604
294 621
294 635
294 651
294 800
294 888
294 927
294 949
294 994
295 336
295 362
295 574
295 663
295 682
295 713
295 752
295 826
295 842
295 912
295 963
296 326
296 347
296 349
296 367
296 432
296 442
296 472
296 489
296 502
296 536
296 617
296 725
296 769
296 805
296 840
296 845
296 899
296 908
296 964
296 968
296 980
297 362
297 366
297 412
297 459
297 464
297 502
297 504
297 640
297 802
297 875
297 979
297 1000
298 328
298 334
298 399
298 401
298 407
298 450
298 533
298 610
298 628
298 668
298 690
298 723
298 729
298 735
298 779
298 817
298 825
298 837
298 993
299 347
299 530
299 562
299 588
299 600
299 743
299 851
299 906
299 979
300 335
300 478
300 532
300 534
300 538
300 553
300 619
300 676
300 697
300 730
300 740
300 747
300 761
300 847
300 960
300 964
300 965
300 973
301 329
301 353
301 368
301 414
301 443
301 460
301 464
301 481
301 489
301 521
301 531
301 544
301 558
301 562
301 602
301 609
301 620
301 649
301 656
301 680
301 694
301 748
301 757
301 769
301 791
301 802
301 818
301 846
301 884
301 903
301 927
301 943
301 953
301 970
301 973
301 989
301 991
302 303
302 310
302 353
302 391
302 395
302 415
302 526
302 606
302 637
302 728
302 816
302 918
302 938
303 359
303 369
303 379
303 407
303 423
303 492
303 611
303 612
303 652
303 683
303 771
303 789
303 825
303 868
304 391
304 400
304 425
304 557
304 625
304 706
304 716
304 763
304 928
304 932
304 990
304 994
305 431
305 496
305 526
305 535
305 553
305 578
305 653
305 699
305 700
305 746
305 751
305 874
306 387
306 389
306 447
306 451
306 549
306 566
306 592
306 670
306 698
306 716
306 736
306 740
306 767
306 775
306 780
306 861
306 895
306 931
306 954
307 321
307 353
307 360
307 384
307 387
307 395
307 446
307 472
307 488
307 499
307 587
307 589
307 598
307 610
307 642
307 657
307 662
307 684
307 703
307 706
307 746
307 756
307 786
307 788
307 794
307 800
307 820
307 827
307 835
307 886
307 888
307 908
307 918
307 926
307 942
307 945
307 951
307 969
307 983
307 985
307 996
308 309
308 310
308 360
308 369
308 377
308 381
308 404
308 408
308 409
308 411
308 416
308 418
308 445
308 448
308 466
308 474
308 508
308 520
308 527
308 547
308 566
308 575
308 611
308 666
308 668
308 681
308 684
308 685
308 745
308 755
308 781
308 784
308 796
308 816
308 855
308 866
308 870
308 889
308 890
308 898
308 905
308 906
308 910
308 912
308 916
308 958
308 973
309 316
309 322
309 337
309 367
309 472
309 483
309 493
309 514
309 560
309 606
309 622
309 626
309 649
309 660
309 668
309 684
309 706
309 749
309 772
309 808
309 846
309 869
309 904
309 909
309 968
309 1000
310 356
310 361
310 384
310 471
310 495
310 568
310 573
310 580
310 590
310 600
310 633
310 638
310 682
310 712
310 722
310 730
310 738
310 818
310 830
310 853
310 884
310 889
310 898
310 905
310 946
311 360
311 387
311 416
311 436
311 444
311 485
311 510
311 547
311 644
311 647
311 682
311 692
311 748
311 789
311 809
311 819
311 828
311 839
311 855
311 943
311 972
311 989
312 336
312 428
312 483
312 532
312 536
312 619
312 666
312 697
312 843
312 868
312 886
312 912
312 974
312 989
312 996
313 506
313 514
313 618
313 625
313 785
313 921
313 922
313 977
314 378
314 482
314 501
314 563
314 649
314 661
314 688
314 828
314 869
314 960
314 985
315 336
315 382
315 575
315 682
315 770
315 781
315 864
315 915
315 944
315 955
315 979
315 998
316 372
316 408
316 411
316 655
316 699
316 712
316 733
316 779
316 889
316 897
316 944
316 996
317 357
317 390
317 403
317 437
317 443
317 450
317 452
317 518
317 546
317 547
317 569
317 586
317 593
317 641
317 656
317 672
317 752
317 770
317 881
317 956
317 961
317 979
318 322
318 324
318 337
318 471
318 592
318 638
318 641
318 700
318 772
318 915
319 366
319 441
319 567
319 666
319 706
319 712
319 761
319 765
319 808
319 864
319 885
319 928
319 960
320 366
320 447
320 530
320 600
320 650
320 769
320 787
320 812
320 826
320 845
320 847
320 870
320 939
321 368
321 373
321 384
321 438
321 461
321 562
321 603
321 611
321 649
321 656
321 690
321 715
321 833
321 839
321 858
321 867
321 893
321 936
321 956
322 383
322 386
322 388
322 413
322 449
322 493
322 506
322 545
322 556
322 574
322 597
322 624
322 633
322 636
322 647
322 657
322 672
322 687
322 702
322 724
322 783
322 789
322 813
322 854
322 878
322 884
322 909
322 924
322 954
322 993
323 349
323 357
323 379
323 410
323 420
323 423
323 424
323 473
323 481
323 529
323 550
323 687
323 707
323 747
323 806
323 823
323 882
323 887
324 337
324 361
324 410
324 419
324 431
324 437
324 489
324 499
324 502
324 532
324 574
324 604
324 609
324 615
324 627
324 746
324 748
324 905
324 981
325 327
325 444
325 471
325 476
325 530
325 584
325 624
325 678
325 697
326 343
326 389
326 417
326 428
326 439
326 452
326 463
326 472
326 495
326 529
326 543
326 587
326 600
326 660
326 731
326 868
326 870
326 941
326 949
326 989
327 352
327 359
327 449
327 455
327 548
327 691
327 762
327 893
327 974
328 333
328 379
328 383
328 407
328 433
328 472
328 490
328 530
328 532
328 533
328 651
328 663
328 698
328 705
328 713
328 793
329 353
329 388
329 391
329 482
329 569
329 635
329 661
329 670
329 684
329 696
329 740
329 755
329 784
329 872
329 888
329 921
330 391
330 532
330 612
330 716
330 782
330 867
330 874
330 986
331 361
331 384
331 419
331 456
331 471
331 481
331 552
331 571
331 627
331 642
331 710
331 721
331 740
331 772
331 791
331 804
331 846
331 895
332 494
332 496
332 631
332 750
332 938
332 941
332 956
332 962
332 978
333 384
333 570
333 609
333 623
333 666
333 693
333 718
333 781
333 783
333 857
333 916
334 342
334 522
334 548
334 555
334 585
334 648
334 826
334 831
334 859
334 899
334 952
335 384
335 442
335 603
335 626
335 639
335 661
335 780
335 882
335 932
335 940
335 961
335 973
335 975
335 999
336 354
336 399
336 431
336 488
336 523
336 535
336 559
336 611
336 656
336 658
336 713
336 769
336 771
336 802
336 803
336 840
336 854
336 864
336 890
336 919
336 923
336 933
336 957
336 965
336 968
336 981
337 371
337 379
337 402
337 404
337 406
337 428
337 471
337 502
337 511
337 539
337 545
337 609
337 640
337 642
337 661
337 672
337 680
337 684
337 691
337 719
337 720
337 723
337 733
337 750
337 810
337 855
337 860
337 899
337 926
337 938
338 371
338 379
338 399
338 633
338 940
339 455
339 483
339 526
339 530
339 606
339 704
339 763
339 768
339 841
339 957
340 358
340 414
340 472
340 586
340 606
340 663
340 748
340 749
340 804
340 890
341 347
341 390
341 391
341 401
341 417
341 461
341 554
341 562
341 596
341 610
341 771
341 799
341 804
341 837
341 841
341 948
341 958
342 348
342 388
342 409
342 676
342 699
342 723
342 731
342 766
342 790
342 848
342 880
342 888
342 901
342 910
342 937
342 945
342 970
342 981
343 388
343 405
343 431
343 477
343 510
343 563
343 626
343 646
343 663
343 864
343 982
344 635
344 722
344 768
344 802
344 879
344 908
345 461
345 499
345 501
345 522
345 530
345 543
345 603
345 615
345 677
345 753
345 775
345 843
345 864
345 909
345 963
346 383
346 411
346 492
346 516
346 539
346 649
346 674
346 681
346 870
346 900
347 392
347 393
347 395
347 402
347 443
347 464
347 468
347 472
347 477
347 534
347 557
347 586
347 591
347 627
347 675
347 685
347 855
347 862
347 891
347 945
347 968
348 375
348 399
348 455
348 464
348 467
348 485
348 500
348 552
348 583
348 657
348 688
348 720
348 739
348 752
348 781
348 792
348 793
348 821
348 870
348 901
348 954
348 955
348 991
349 380
349 563
349 677
349 729
349 765
349 836
349 885
350 464
350 473
350 498
350 623
350 661
350 744
350 756
350 845
350 921
351 378
351 460
351 499
351 516
351 534
351 558
351 606
351 628
351 655
351 706
351 713
351 943
351 981
351 983
352 379
352 510
352 512
352 542
352 543
352 561
352 697
352 767
352 797
352 816
352 846
352 850
352 899
352 922
352 996
353 404
353 482
353 517
353 532
353 578
353 583
353 700
353 716
353 752
353 759
353 851
353 893
354 396
354 413
354 467
354 503
354 572
354 576
354 596
354 603
354 663
354 686
354 692
354 764
354 830
354 843
354 860
354 883
355 388
355 472
355 555
355 641
355 680
355 704
355 718
355 764
355 770
355 923
355 942
355 995
356 379
356 405
356 419
356 422
356 484
356 486
356 548
356 725
356 932
356 945
357 371
357 384
357 411
357 431
357 447
357 478
357 549
357 589
357 631
357 637
357 684
357 701
357 710
357 724
357 737
357 750
357 769
357 770
357 806
357 815
357 896
357 908
357 949
357 957
357 962
358 365
358 375
358 406
358 419
358 442
358 526
358 537
358 621
358 717
358 722
358 730
358 797
358 886
358 889
358 908
358 953
358 966
359 390
359 399
359 407
359 431
359 559
359 593
359 615
359 663
359 668
359 676
359 752
359 780
359 806
359 908
359 921
359 922
359 952
360 469
360 549
360 585
360 599
360 615
360 626
360 666
360 700
360 771
360 822
360 936
360 958
360 962
360 993
361 378
361 394
361 397
361 467
361 493
361 501
361 524
361 723
361 791
361 864
361 868
361 899
362 384
362 472
362 523
362 532
362 656
362 674
362 678
362 688
362 692
362 693
362 695
362 700
362 792
362 811
362 812
362 841
362 909
362 954
363 615
363 675
363 681
363 787
363 801
363 809
363 858
364 423
364 435
364 499
364 535
364 554
364 586
364 626
364 785
364 796
364 821
364 868
364 882
365 403
365 418
365 468
365 595
365 651
365 772
365 885
365 967
365 983
366 381
366 387
366 467
366 516
366 518
366 522
366 531
366 551
366 555
366 565
366 570
366 580
366 625
366 661
366 688
366 703
366 721
366 726
366 735
366 749
366 767
366 777
366 787
366 799
366 868
366 893
366 895
366 944
366 950
366 952
366 960
366 966
366 979
366 989
366 996
367 371
367 380
367 423
367 426
367 431
367 447
367 471
367 499
367 542
367 563
367 570
367 592
367 607
367 614
367 651
367 677
367 687
367 703
367 707
367 722
367 750
367 757
367 775
367 791
367 797
367 810
367 828
367 872
367 897
367 931
367 932
367 970
367 997
367 1000
368 490
368 533
368 945
368 983
369 449
369 533
369 685
369 706
369 729
369 738
369 757
369 768
369 770
369 825
369 826
369 870
369 885
369 964
370 404
370 416
370 602
370 754
370 847
370 885
370 892
370 895
370 912
370 974
371 689
371 706
371 740
371 748
371 759
371 837
371 996
372 387
372 391
372 412
372 462
372 523
372 668
372 680
372 689
372 728
372 733
372 777
372 834
372 867
372 903
372 912
372 919
372 958
372 959
372 981
372 991
373 398
373 436
373 449
373 452
373 480
373 481
373 497
373 511
373 512
373 520
373 567
373 598
373 606
373 626
373 637
373 639
373 648
373 665
373 666
373 677
373 683
373 710
373 711
373 724
373 727
373 755
373 771
373 782
373 827
373 841
373 843
373 864
373 891
373 896
373 901
373 922
373 969
374 389
374 407
374 591
374 627
374 650
374 660
374 937
375 388
375 397
375 535
375 647
375 695
375 801
375 866
375 963
376 480
376 492
376 516
376 562
376 723
376 757
376 770
376 802
376 880
377 476
377 482
377 571
377 609
377 621
377 680
377 716
377 718
377 753
377 886
377 907
378 382
378 411
378 445
378 474
378 490
378 509
378 512
378 542
378 592
378 602
378 610
378 640
378 656
378 684
378 702
378 731
378 738
378 740
378 749
378 752
378 795
378 801
378 899
378 920
378 934
378 942
378 959
378 962
378 977
378 982
379 384
379 396
379 411
379 463
379 508
379 515
379 521
379 539
379 549
379 557
379 561
379 586
379 597
379 647
379 682
379 691
379 701
379 708
379 716
379 798
379 864
379 866
379 925
379 943
379 992
380 384
380 401
380 403
380 404
380 473
380 474
380 495
380 518
380 525
380 551
380 554
380 571
380 578
380 660
380 676
380 686
380 697
380 723
380 737
380 739
380 768
380 769
380 777
380 833
380 839
380 866
380 867
380 998
381 442
381 484
381 500
381 612
381 650
381 700
381 754
381 776
381 867
381 964
382 401
382 493
382 506
382 537
382 545
382 641
382 816
382 844
382 931
382 959
383 516
383 589
383 602
383 702
383 821
383 852
383 915
383 938
383 942
383 979
384 401
384 427
384 436
384 463
384 489
384 517
384 525
384 550
384 584
384 594
384 611
384 654
384 676
384 680
384 710
384 721
384 741
384 780
384 785
384 794
384 825
384 859
384 867
384 888
384 957
384 959
384 960
384 963
384 991
385 410
385 528
385 574
385 604
385 655
385 690
385 706
385 707
385 798
385 867
386 413
386 499
386 638
386 661
386 728
386 840
386 918
387 391
387 395
387 405
387 417
387 429
387 431
387 464
387 477
387 516
387 538
387 545
387 549
387 551
387 578
387 584
387 611
387 628
387 697
387 710
387 713
387 722
387 778
387 794
387 836
387 837
387 864
387 878
387 889
387 924
387 926
387 972
387 991
388 406
388 408
388 415
388 417
388 423
388 428
388 436
388 437
388 444
388 461
388 484
388 535
388 541
388 571
388 653
388 654
388 686
388 714
388 720
388 741
388 761
388 763
388 781
388 784
388 817
388 832
388 870
388 882
388 908
388 935
389 393
389 396
389 414
389 425
389 429
389 452
389 484
389 496
389 570
389 596
389 650
389 660
389 703
389 706
389 763
389 775
389 795
389 829
389 978
389 979
390 397
390 413
390 421
390 428
390 433
390 443
390 515
390 516
390 553
390 555
390 587
390 642
390 646
390 652
390 686
390 693
390 699
390 745
390 752
390 753
390 755
390 793
390 843
390 860
390 871
390 887
390 911
390 914
390 977
391 397
391 418
391 458
391 478
391 519
391 527
391 542
391 544
391 586
391 600
391 606
391 621
391 628
391 641
391 682
391 699
391 702
391 736
391 755
391 770
391 786
391 838
391 843
391 845
391 854
391 912
391 926
391 941
391 945
391 972
392 456
392 462
392 493
392 598
392 653
392 663
392 664
392 723
392 832
392 902
393 623
393 664
393 665
393 748
393 779
393 870
393 945
393 956
393 979
394 499
394 537
394 612
394 628
394 636
394 651
394 671
394 689
394 703
394 744
394 822
394 846
394 915
394 938
395 407
395 457
395 462
395 485
395 503
395 523
395 562
395 574
395 623
395 647
395 700
395 729
395 859
396 447
396 453
396 456
396 471
396 474
396 524
396 530
396 531
396 550
396 596
396 636
396 673
396 694
396 720
396 740
396 780
396 815
396 818
396 825
396 829
396 848
396 852
396 904
396 995
397 404
397 408
397 447
397 495
397 553
397 600
397 616
397 628
397 654
397 673
397 701
397 718
397 753
397 763
397 775
397 780
397 787
397 842
397 880
397 927
397 961
397 991
398 484
398 516
398 532
398 535
398 576
398 649
398 694
398 706
398 714
398 725
398 754
398 755
398 775
398 782
398 791
398 915
399 401
399 407
399 439
399 490
399 492
399 533
399 570
399 579
399 663
399 693
399 695
399 739
399 743
399 786
399 799
399 881
399 892
399 926
400 409
400 413
400 414
400 418
400 435
400 473
400 478
400 485
400 504
400 534
400 537
400 570
400 578
400 607
400 626
400 646
400 671
400 677
400 685
400 687
400 707
400 720
400 740
400 895
400 919
400 922
400 924
400 930
400 941
400 944
400 954
400 959
400 967
400 969
400 991
401 423
401 470
401 608
401 610
401 639
401 691
401 692
401 701
401 819
401 824
401 862
401 938
401 939
401 956
401 974
401 995
402 405
402 413
402 418
402 424
402 467
402 484
402 624
402 636
402 691
402 714
402 725
402 754
402 813
402 825
402 843
402 902
402 931
402 954
403 451
403 469
403 491
403 512
403 515
403 516
403 547
403 567
403 585
403 612
403 631
403 642
403 647
403 683
403 685
403 686
403 719
403 733
403 765
403 796
403 841
403 861
403 865
403 871
403 939
403 951
403 956
403 960
403 974
403 999
404 416
404 454
404 463
404 574
404 588
404 592
404 624
404 636
404 642
404 658
404 695
404 704
404 719
404 725
404 816
404 822
404 926
404 954
404 959
404 969
404 1000
405 435
405 477
405 485
405 527
405 551
405 607
405 791
405 913
405 987
406 477
406 479
406 550
406 558
406 622
406 657
406 684
406 695
406 706
406 714
406 822
406 857
406 960
406 963
406 968
407 425
407 496
407 510
407 521
407 538
407 539
407 555
407 562
407 572
407 590
407 608
407 618
407 636
407 639
407 651
407 686
407 727
407 776
407 798
407 847
407 848
407 902
407 908
407 910
407 925
407 943
407 946
407 990
407 992
407 996
408 410
408 411
408 416
408 488
408 512
408 537
408 602
408 609
408 646
408 691
408 912
408 976
409 414
409 451
409 472
409 537
409 558
409 628
409 723
409 731
409 826
409 872
409 909
409 917
410 441
410 487
410 510
410 522
410 547
410 567
410 696
410 705
410 717
410 718
410 719
410 748
410 759
410 780
410 812
410 829
410 834
410 851
410 860
410 866
410 890
410 920
410 949
410 976
411 423
411 448
411 452
411 484
411 490
411 512
411 538
411 544
411 551
411 605
411 606
411 667
411 670
411 703
411 709
411 737
411 742
411 831
411 865
411 873
411 884
411 924
411 941
411 955
411 971
411 983
411 1000
412 438
412 551
412 596
412 696
412 725
412 755
412 758
412 779
412 831
412 874
412 879
412 885
412 928
412 938
413 439
413 493
413 536
413 612
413 718
413 724
413 735
413 778
413 909
414 434
414 440
414 447
414 470
414 481
414 510
414 512
414 539
414 656
414 697
414 714
414 721
414 740
414 755
414 775
414 776
414 778
414 810
414 834
414 905
414 939
414 999
415 489
415 627
415 685
415 700
415 746
415 870
415 917
415 926
415 932
415 938
415 948
415 996
416 437
416 448
416 516
416 573
416 594
416 636
416 669
416 689
416 696
416 748
416 765
416 822
416 836
416 875
416 878
416 902
416 908
416 923
416 949
416 996
416 997
417 424
417 427
417 445
417 490
417 503
417 535
417 564
417 577
417 578
417 624
417 635
417 637
417 662
417 683
417 687
417 745
417 753
417 793
417 802
417 803
417 805
417 855
417 864
417 931
417 936
417 973
418 456
418 545
418 649
418 683
418 691
418 694
418 712
418 751
418 780
418 824
418 837
418 878
418 889
418 890
418 948
418 982
419 424
419 447
419 462
419 468
419 502
419 548
419 581
419 635
419 705
419 716
419 751
419 753
419 760
419 770
419 776
419 812
419 837
419 853
419 867
419 893
419 914
419 915
419 923
419 975
419 982
420 497
420 874
420 876
420 910
420 969
421 450
421 504
421 557
421 577
421 665
421 721
421 773
421 836
421 864
421 878
421 963
421 989
421 998
422 467
422 504
422 605
422 662
422 717
422 815
422 817
422 861
423 428
423 482
423 489
423 522
423 551
423 681
423 730
423 731
423 737
423 867
423 936
423 941
424 431
424 433
424 506
424 559
424 647
424 909
425 467
425 469
425 580
425 674
425 719
425 730
425 759
425 765
425 970
425 998
426 432
426 447
426 558
426 600
426 649
426 734
426 807
426 839
426 994
427 459
427 609
427 628
427 743
427 888
427 920
427 985
428 434
428 473
428 533
428 550
428 724
428 741
428 781
428 795
428 868
428 946
428 961
428 964
429 431
429 436
429 438
429 501
429 510
429 511
429 532
429 549
429 605
429 659
429 664
429 666
429 683
429 700
429 816
429 925
429 962
429 991
430 576
430 632
430 676
430 724
430 725
430 737
430 800
430 834
430 852
430 917
430 956
430 994
431 591
431 612
431 663
431 675
431 690
431 691
431 705
431 737
431 764
431 775
431 787
431 797
431 811
431 865
431 869
431 880
431 881
431 941
431 998
432 551
432 568
432 570
432 724
432 882
432 905
432 944
432 967
433 448
433 487
433 649
433 660
433 684
433 757
433 771
433 824
433 886
433 915
433 958
433 972
433 979
434 447
434 530
434 580
434 628
434 630
434 679
434 682
434 700
434 727
434 768
434 794
434 886
434 908
434 924
434 945
435 455
435 520
435 557
435 563
435 612
435 735
435 911
436 449
436 465
436 482
436 628
436 713
436 909
436 923
437 444
437 516
437 536
437 602
437 655
437 703
437 751
437 826
437 878
437 893
437 974
437 983
438 503
438 517
438 525
438 548
438 640
438 689
438 710
438 826
438 923
438 945
439 445
439 557
439 663
439 785
439 888
439 908
439 978
439 984
440 441
440 472
440 488
440 498
440 548
440 587
440 609
440 617
440 658
440 667
440 721
440 738
440 764
440 833
440 896
440 909
440 917
440 975
441 484
441 581
441 589
441 695
441 699
441 704
441 780
441 805
441 870
441 892
441 938
442 488
442 493
442 498
442 537
442 547
442 641
442 652
442 766
442 871
442 902
442 907
442 983
442 986
443 449
443 502
443 529
443 574
443 623
443 647
443 662
443 725
443 731
443 771
443 825
443 916
443 929
443 974
443 979
444 586
444 673
444 700
444 870
444 872
444 975
445 462
445 471
445 548
445 616
445 678
445 702
445 901
445 972
446 512
446 598
446 653
446 673
446 839
446 885
446 977
447 482
447 487
447 489
447 496
447 534
447 537
447 562
447 590
447 606
447 631
447 698
447 703
447 778
447 825
447 826
447 834
447 835
447 851
447 892
447 893
447 902
447 936
447 988
447 989
448 515
448 531
448 542
448 583
448 602
448 609
448 612
448 621
448 647
448 679
448 830
448 934
448 985
449 453
449 476
449 481
449 516
449 528
449 545
449 550
449 574
449 602
449 665
449 693
449 723
449 746
449 754
449 808
449 855
449 890
449 917
449 947
449 949
449 953
449 961
449 991
450 468
450 516
450 535
450 551
450 600
450 714
450 715
450 768
450 771
450 778
450 841
450 843
450 845
450 885
450 996
451 522
451 532
451 535
451 566
451 574
451 589
451 615
451 682
451 749
451 759
451 768
451 858
451 868
451 904
452 521
452 530
452 572
452 576
452 817
452 901
453 482
453 522
453 530
453 566
453 567
453 573
453 592
453 671
453 690
453 732
453 819
453 832
453 860
453 941
453 975
454 542
454 547
454 682
454 718
454 744
454 796
455 463
455 471
455 484
455 557
455 626
455 764
455 842
455 885
455 914
455 971
456 471
456 500
456 533
456 583
456 592
456 594
456 734
456 738
456 798
456 804
456 827
456 859
456 871
456 908
456 956
456 972
456 975
457 473
457 477
457 563
457 666
457 682
457 797
457 822
457 828
457 872
457 890
457 912
458 485
458 515
458 527
458 572
458 574
458 661
458 677
458 710
458 759
458 788
458 792
458 885
458 926
459 473
459 481
459 515
459 567
459 609
459 658
459 703
459 838
459 864
459 888
460 479
460 509
460 624
460 658
460 703
460 723
460 724
460 895
460 904
460 920
460 923
461 480
461 485
461 492
461 541
461 570
461 571
461 582
461 638
461 657
461 660
461 716
461 780
461 833
461 867
461 879
461 880
461 968
461 979
462 499
462 567
462 624
462 627
462 632
462 740
462 859
462 901
463 488
463 576
463 583
463 663
463 664
463 691
463 743
463 977
464 472
464 577
464 581
464 628
464 641
464 655
464 661
464 774
464 789
464 852
464 856
464 888
464 958
465 593
465 682
465 923
465 983
466 467
466 550
466 610
466 628
466 663
466 672
466 815
466 945
466 987
467 471
467 473
467 500
467 502
467 504
467 509
467 512
467 524
467 541
467 553
467 581
467 586
467 592
467 593
467 597
467 606
467 619
467 660
467 663
467 669
467 683
467 765
467 773
467 794
467 914
467 922
467 942
467 961
467 988
468 516
468 529
468 615
468 660
468 722
468 858
468 915
468 921
468 955
468 959
469 630
469 779
469 917
470 471
470 599
470 631
470 718
470 735
470 867
470 868
470 993
471 493
471 512
471 559
471 563
471 573
471 582
471 583
471 594
471 632
471 637
471 642
471 651
471 656
471 667
471 668
471 671
471 697
471 749
471 789
471 797
471 836
471 860
471 877
471 883
471 900
471 911
471 924
471 944
471 945
471 974
471 986
471 988
472 564
472 574
472 633
472 647
472 699
472 826
472 828
472 884
472 983
473 575
473 577
473 609
473 637
473 642
473 648
473 654
473 656
473 704
473 732
473 735
473 752
473 771
473 797
473 802
473 843
473 905
473 949
473 965
473 981
474 608
474 632
474 719
474 735
474 746
474 807
474 875
474 945
475 522
475 591
475 636
475 638
475 704
475 770
475 802
475 806
475 826
475 844
475 846
476 501
476 525
476 532
476 542
476 602
476 606
476 608
476 659
476 686
476 702
476 713
476 736
476 740
476 787
476 792
476 858
476 861
476 864
476 896
476 983
476 993
476 994
477 484
477 489
477 494
477 551
477 554
477 563
477 573
477 582
477 610
477 691
477 714
477 739
477 756
477 817
477 822
477 825
477 869
477 899
477 949
477 989
478 494
478 514
478 563
478 570
478 749
478 794
478 815
478 848
478 928
479 498
479 504
479 532
479 551
479 570
479 573
479 589
479 591
479 597
479 617
479 620
479 647
479 723
479 743
479 749
479 780
479 795
479 810
479 827
479 843
479 867
479 918
479 941
480 522
480 596
480 834
480 908
480 941
480 964
481 494
481 504
481 507
481 529
481 535
481 537
481 632
481 665
481 679
481 710
481 740
481 804
481 815
481 821
481 840
481 863
481 871
481 898
481 910
481 911
481 939
481 961
481 967
481 985
482 556
482 614
482 632
482 635
482 650
482 737
482 740
482 760
482 780
482 839
482 886
482 888
482 941
482 956
482 993
483 606
483 624
483 657
483 687
483 715
483 719
483 757
483 763
483 782
484 507
484 530
484 577
484 631
484 636
484 679
484 710
484 738
484 746
484 757
484 772
484 791
484 941
485 504
485 527
485 536
485 540
485 546
485 621
485 668
485 714
485 717
485 751
485 819
485 831
485 845
485 866
485 928
485 987
486 545
486 635
486 636
486 706
486 849
486 964
486 968
486 983
487 582
487 583
487 605
487 649
487 829
487 938
487 942
488 497
488 556
488 581
488 631
488 649
488 682
488 802
488 815
488 864
488 942
488 968
489 519
489 606
489 661
489 684
489 701
489 702
489 729
489 776
489 787
489 812
489 823
489 831
489 863
489 899
489 911
489 924
489 955
489 985
490 547
490 586
490 599
490 620
490 673
490 714
490 723
490 725
490 731
490 797
490 816
490 822
490 853
490 921
490 996
491 516
491 549
491 554
491 579
491 625
491 704
491 717
491 781
491 982
492 538
492 584
492 662
492 679
492 720
492 789
492 809
492 862
492 909
492 935
493 517
493 551
493 599
493 639
493 643
493 676
493 677
493 717
493 791
493 808
493 848
493 979
494 505
494 575
494 602
494 618
494 638
494 662
494 700
494 708
494 850
494 880
494 917
494 935
494 940
494 953
495 532
495 562
495 563
495 611
495 691
495 759
495 763
495 789
495 838
495 849
495 853
495 867
496 506
496 549
496 596
496 702
496 775
496 779
496 791
496 883
496 911
496 981
497 514
497 572
497 757
497 885
498 516
498 537
498 674
498 819
498 877
498 921
499 508
499 538
499 591
499 600
499 621
499 718
499 727
499 758
499 870
499 910
499 936
499 988
500 599
500 619
500 656
500 722
500 762
500 800
500 890
500 905
501 548
501 577
501 588
501 596
501 622
501 671
501 741
501 764
501 765
501 781
501 821
501 849
501 901
501 999
502 528
502 534
502 582
502 595
502 601
502 612
502 615
502 636
502 665
502 672
502 739
502 743
502 755
502 771
502 774
502 785
502 815
502 834
502 909
502 924
502 944
502 956
502 999
503 587
503 634
503 689
503 740
503 776
503 880
503 912
503 979
504 528
504 565
504 596
504 624
504 630
504 631
504 634
504 700
504 709
504 722
504 728
504 729
504 748
504 755
504 756
504 762
504 794
504 852
504 854
504 862
504 869
504 928
504 941
504 952
504 996
505 514
505 516
505 606
505 706
505 754
505 770
505 787
505 855
505 860
505 871
505 874
505 892
505 937
506 510
506 515
506 533
506 582
506 585
506 659
506 662
506 715
506 727
506 775
506 796
506 809
506 820
506 825
506 827
506 843
506 868
506 902
506 944
506 947
506 956
506 995
507 558
507 596
507 600
507 637
507 665
507 770
507 874
507 945
508 606
508 723
508 928
509 544
509 694
509 751
509 860
509 912
509 938
510 542
510 561
510 563
510 570
510 571
510 576
510 657
510 659
510 660
510 685
510 688
510 706
510 716
510 723
510 856
510 862
510 882
510 888
510 949
510 958
510 964
511 600
511 647
511 654
511 716
511 719
511 793
511 814
511 867
511 917
511 959
512 525
512 548
512 549
512 622
512 682
512 719
512 726
512 731
512 742
512 764
512 780
512 786
512 787
512 789
512 801
512 802
512 852
512 854
512 871
512 873
512 916
512 980
512 991
513 576
513 583
513 612
513 695
513 703
513 807
514 519
514 544
514 558
514 590
514 595
514 670
514 771
514 801
514 825
514 845
514 890
514 920
514 965
515 523
515 555
515 787
515 790
515 872
515 977
516 590
516 591
516 621
516 694
516 725
516 758
516 792
516 829
516 832
516 866
516 885
516 892
516 894
516 926
516 932
516 943
516 946
516 977
516 983
516 985
517 550
517 605
517 629
517 642
517 645
517 658
517 674
517 725
517 740
517 767
517 775
517 801
517 827
517 837
517 885
517 958
517 964
517 975
518 534
518 585
518 600
518 610
518 644
518 675
518 732
518 775
518 780
518 793
518 818
518 819
518 835
518 958
518 974
518 978
518 1000
519 533
519 535
519 577
519 589
519 590
519 636
519 646
519 684
519 829
519 845
519 855
519 924
519 938
519 988
520 529
520 682
520 806
520 819
520 849
520 854
520 904
521 563
521 572
521 594
521 634
521 700
521 704
521 924
521 938
521 979
522 592
522 608
522 647
522 648
522 672
522 706
522 713
522 715
522 718
522 737
522 778
522 878
522 890
522 937
522 941
522 978
523 598
523 699
523 753
523 783
523 817
523 847
523 911
523 916
523 948
523 974
523 991
524 532
524 567
524 570
524 597
524 602
524 606
524 714
524 726
524 733
524 946
525 546
525 571
525 626
525 634
525 680
525 864
525 886
525 890
526 533
526 572
526 598
526 627
526 638
526 682
526 731
526 752
526 777
526 795
526 844
526 926
527 579
527 655
527 691
527 711
527 802
527 917
528 648
528 719
528 751
528 765
529 533
529 586
529 596
529 660
529 691
529 706
529 719
529 748
529 750
529 752
529 757
529 791
529 804
529 848
529 868
529 920
529 935
529 938
529 979
530 536
530 546
530 605
530 612
530 651
530 663
530 677
530 680
530 702
530 724
530 729
530 733
530 773
530 778
530 779
530 789
530 791
530 810
530 882
530 887
530 896
530 913
530 933
530 945
531 553
531 740
531 979
532 536
532 539
532 575
532 581
532 598
532 605
532 648
532 675
532 694
532 700
532 702
532 713
532 718
532 743
532 777
532 787
532 808
532 815
532 828
532 838
532 891
532 912
532 919
532 925
532 933
532 982
532 989
533 555
533 599
533 632
533 641
533 658
533 664
533 668
533 700
533 742
533 743
533 744
533 747
533 750
533 758
533 800
533 806
533 844
533 863
533 878
533 884
533 898
533 902
533 916
533 938
533 961
533 967
533 976
534 577
534 586
534 611
534 652
534 679
534 693
534 700
534 738
534 742
534 763
534 778
534 795
534 808
534 822
534 834
534 875
534 888
534 921
534 922
534 927
534 972
534 975
535 542
535 565
535 568
535 605
535 621
535 624
535 649
535 663
535 680
535 732
535 748
535 768
535 805
535 811
535 814
535 830
535 831
535 846
535 848
535 859
535 895
535 901
535 904
535 915
535 937
535 939
535 950
535 961
536 605
536 627
536 660
536 682
536 717
536 736
536 740
536 789
536 846
536 878
536 887
536 904
536 934
536 949
536 963
537 645
537 649
537 670
537 674
537 795
537 802
537 829
537 830
537 846
537 849
537 885
537 897
537 901
537 952
538 669
538 700
538 726
538 802
538 884
538 893
538 974
538 985
539 555
539 651
539 692
539 751
539 763
539 780
539 808
539 850
540 563
540 599
540 641
540 676
540 727
540 789
540 932
540 952
540 975
541 549
541 574
541 609
541 623
541 690
541 713
541 769
541 813
541 817
541 826
541 855
541 865
541 923
542 590
542 608
542 637
542 663
542 715
542 717
542 733
542 734
542 760
542 772
542 782
542 792
542 810
542 921
542 952
542 963
543 572
543 604
543 753
543 779
543 822
543 970
544 753
544 873
544 930
544 966
544 979
545 572
545 603
545 618
545 630
545 640
545 675
545 682
545 695
545 703
545 789
545 860
545 880
545 883
545 895
545 902
545 905
545 945
545 993
546 596
546 641
546 845
546 867
546 902
547 576
547 682
547 701
547 796
547 860
547 909
547 955
548 558
548 564
548 681
548 683
548 684
548 693
548 714
548 765
548 780
548 806
548 830
548 843
548 846
548 933
549 564
549 630
549 655
549 704
549 711
549 770
549 816
549 896
549 976
550 561
550 564
550 573
550 615
550 630
550 648
550 661
550 681
550 682
550 687
550 712
550 736
550 846
550 863
550 867
550 868
550 880
550 884
550 916
551 601
551 629
551 700
551 706
551 708
551 714
551 752
551 829
551 844
551 860
551 861
551 955
551 958
552 603
552 685
552 761
552 870
552 942
553 800
553 822
553 932
553 947
554 586
554 623
554 685
554 714
554 868
555 595
555 599
555 789
555 852
555 890
555 894
555 913
555 931
555 961
555 974
556 594
556 644
556 836
556 864
556 884
556 905
556 921
557 558
557 576
557 631
557 634
557 668
557 679
557 683
557 688
557 706
557 740
557 789
557 795
557 799
557 807
557 843
557 848
557 901
557 930
557 935
557 941
557 949
557 964
557 972
557 996
558 573
558 615
558 677
558 736
558 744
558 752
558 753
558 774
558 884
558 892
558 961
559 584
559 609
559 621
559 624
559 660
559 699
559 849
559 912
559 964
559 996
560 657
560 676
560 743
560 860
561 601
561 679
561 770
561 780
561 811
561 820
561 830
561 838
561 848
561 905
561 960
562 611
562 628
562 657
562 665
562 752
562 815
562 846
562 872
562 954
562 964
562 973
563 587
563 600
563 612
563 629
563 661
563 693
563 722
563 757
563 763
563 765
563 789
563 853
563 902
563 904
563 920
563 925
563 940
563 954
563 961
563 983
563 997
563 1000
564 708
564 769
564 958
564 975
565 570
565 574
565 606
565 702
565 736
565 816
565 864
565 881
566 615
566 659
566 661
566 725
566 868
566 904
567 582
567 625
567 690
567 700
567 846
567 852
567 938
567 941
567 1000
568 573
568 601
568 605
568 708
568 758
568 826
568 833
568 881
568 957
568 983
569 622
569 670
569 727
569 728
569 801
569 802
569 841
569 864
569 867
569 878
569 899
569 925
570 593
570 596
570 612
570 618
570 696
570 706
570 718
570 744
570 754
570 818
570 824
570 827
570 835
570 869
570 873
570 876
570 877
570 878
570 918
570 927
571 588
571 602
571 644
571 647
571 649
571 650
571 666
571 728
571 778
571 825
571 895
571 981
571 985
572 610
572 612
572 839
572 936
573 589
573 631
573 663
573 735
573 799
573 810
573 838
573 866
573 918
573 952
573 982
574 653
574 668
574 677
574 735
574 744
574 809
574 858
574 878
574 916
574 917
574 997
575 594
575 627
575 649
575 667
575 695
575 697
575 835
575 846
575 856
575 870
575 888
575 982
576 619
576 641
576 656
576 678
576 704
576 797
576 816
576 826
576 874
576 878
576 943
576 997
577 606
577 620
577 752
577 870
577 900
577 983
578 605
578 718
578 722
578 898
579 612
579 624
579 632
579 647
579 663
579 714
579 739
579 753
579 757
579 803
579 806
579 895
579 911
579 919
579 938
579 944
579 976
579 987
580 617
580 666
580 688
580 736
580 748
580 759
580 762
580 771
580 774
580 826
580 900
580 931
580 964
580 965
580 974
580 988
581 668
581 679
581 873
581 961
582 628
582 638
582 647
582 714
582 825
582 846
582 853
582 908
582 940
582 952
582 993
583 584
583 726
583 727
583 806
583 836
583 859
584 592
584 612
584 677
584 681
584 712
584 714
584 768
584 782
584 791
584 822
584 849
584 945
584 958
584 1000
585 596
585 603
585 747
585 877
585 888
585 902
585 965
586 637
586 720
586 744
586 764
586 770
586 781
586 782
586 815
586 819
586 878
587 606
587 687
587 694
587 717
587 721
587 741
587 751
587 765
587 828
587 872
587 873
587 878
587 879
587 955
587 979
588 648
588 656
588 661
588 688
588 764
588 954
588 969
589 679
589 699
589 742
589 756
589 759
589 785
589 787
589 789
589 859
589 884
589 926
590 663
590 714
590 846
590 884
590 890
590 924
591 641
591 644
591 684
591 706
591 713
591 726
591 844
591 864
591 870
591 883
591 945
591 949
592 624
592 655
592 658
592 672
592 689
592 706
592 737
592 792
592 871
592 883
592 920
592 941
592 949
593 703
593 713
593 742
593 807
593 809
593 843
593 870
593 892
593 901
593 926
593 956
593 997
594 607
594 610
594 662
594 795
594 819
594 824
595 621
595 636
595 666
595 752
595 761
595 794
595 917
596 671
596 719
596 787
596 796
596 825
596 864
596 880
596 888
596 913
596 931
596 972
597 611
597 612
597 622
597 695
597 718
597 724
597 794
597 986
598 629
598 697
598 710
598 749
598 777
598 791
598 826
598 862
598 959
598 970
598 979
599 642
599 680
599 683
599 791
599 792
599 822
599 900
599 933
599 996
600 608
600 609
600 640
600 657
600 667
600 681
600 723
600 745
600 761
600 766
600 780
600 851
600 890
600 932
600 950
600 956
601 638
601 715
601 751
601 806
601 825
601 826
601 888
601 889
601 938
601 939
601 958
601 967
601 998
602 632
602 635
602 643
602 674
602 679
602 732
602 741
602 759
602 825
602 841
602 852
602 857
602 859
602 865
602 874
602 953
602 958
603 633
603 641
603 644
603 691
603 724
603 758
603 779
603 825
603 851
603 958
603 966
603 973
603 981
604 649
604 660
604 739
604 819
604 826
604 890
604 898
604 945
605 667
605 691
605 693
605 724
605 740
605 751
605 765
605 768
605 791
605 855
605 870
605 895
605 946
605 962
605 987
605 988
605 998
606 634
606 647
606 726
606 752
606 769
606 787
606 794
606 801
606 832
606 870
606 880
606 907
606 908
606 909
606 916
606 919
606 930
606 952
606 963
606 989
606 991
606 999
607 682
607 744
607 899
607 961
607 970
608 622
608 714
608 759
608 810
608 998
609 623
609 631
609 677
609 725
609 859
609 928
609 985
610 661
610 677
610 755
610 821
610 837
610 838
610 849
610 924
610 957
610 990
611 626
611 644
611 660
611 663
611 704
611 730
611 733
611 749
611 757
611 767
611 779
611 826
611 828
611 890
611 895
611 906
611 908
611 914
612 632
612 658
612 661
612 688
612 708
612 718
612 739
612 746
612 757
612 758
612 770
612 797
612 830
612 831
612 848
612 875
612 897
612 930
612 945
612 973
612 979
612 987
613 623
613 624
613 764
613 855
613 888
613 927
613 945
614 748
614 835
614 864
614 871
614 905
614 973
614 987
615 644
615 659
615 660
615 670
615 710
615 723
615 749
615 791
615 813
615 819
615 822
615 835
615 864
615 868
615 875
615 904
615 924
615 929
615 952
615 955
615 966
616 666
616 744
616 806
616 854
616 860
617 791
617 915
617 921
617 926
617 945
617 956
617 991
618 642
618 647
618 816
618 841
618 916
618 983
619 638
619 674
619 726
619 739
619 766
619 847
620 716
620 766
620 801
620 860
620 893
620 902
620 996
621 780
621 794
621 885
621 977
621 991
621 992
622 641
622 675
622 691
622 693
622 694
622 700
622 708
622 724
622 841
622 860
622 895
622 897
622 903
622 927
622 928
622 930
622 936
622 942
622 961
622 981
623 638
623 685
623 795
623 886
623 890
623 895
623 928
623 968
623 983
624 647
624 660
624 712
624 814
624 827
624 860
624 944
624 967
625 631
625 672
625 689
625 736
625 763
625 825
625 834
625 988
626 633
626 671
626 689
626 718
626 763
626 783
626 815
626 840
626 858
626 862
626 970
627 638
627 653
627 674
627 713
627 748
627 794
627 801
627 844
627 856
627 865
627 878
627 900
627 941
628 636
628 652
628 662
628 670
628 726
628 727
628 755
628 814
628 897
628 905
628 923
628 955
629 678
629 706
629 868
629 893
629 902
629 954
629 956
629 982
630 822
630 899
630 901
630 915
631 692
631 741
631 743
631 837
631 894
631 918
632 652
632 674
632 684
632 686
632 717
632 729
632 743
632 848
632 888
632 921
632 970
632 996
633 641
633 666
633 749
633 970
633 981
633 983
634 715
634 718
634 731
634 868
634 873
634 882
634 883
634 889
634 970
634 974
634 982
635 683
635 723
635 800
635 862
635 869
635 888
635 906
635 955
636 642
636 702
636 704
636 718
636 734
636 761
636 779
636 785
636 822
636 837
636 861
636 891
636 922
636 926
636 986
637 699
637 761
637 782
637 822
637 835
637 840
637 844
637 865
637 878
637 915
637 945
637 965
637 981
637 995
638 678
638 688
638 718
638 735
638 800
638 804
638 805
638 833
638 858
638 895
638 900
638 938
638 955
638 981
639 663
639 727
639 852
639 888
640 643
640 783
640 829
640 868
640 870
640 918
640 941
640 974
641 652
641 672
641 676
641 690
641 713
641 757
641 784
641 821
641 829
641 833
641 837
641 844
641 876
641 889
641 893
641 942
641 943
641 956
641 983
642 761
642 822
642 824
642 881
642 898
642 926
642 996
643 663
643 680
643 849
643 955
643 963
644 660
644 676
644 722
644 828
644 858
644 866
644 873
644 901
644 952
645 727
645 740
645 772
645 773
645 816
645 859
645 864
645 928
645 985
646 652
646 655
646 661
646 692
646 709
646 787
646 928
646 947
646 972
646 979
647 658
647 699
647 730
647 771
647 807
647 826
647 830
647 876
647 906
647 941
647 952
647 976
647 997
648 717
648 733
648 746
648 776
648 904
648 921
648 935
648 951
648 993
649 657
649 676
649 679
649 687
649 700
649 706
649 745
649 747
649 751
649 767
649 800
649 818
649 827
649 860
649 890
649 903
649 923
649 947
649 977
649 997
650 767
650 780
650 816
650 826
650 913
650 941
651 652
651 655
651 663
651 664
651 689
651 742
651 835
651 945
652 661
652 816
652 878
652 886
652 888
652 959
652 988
653 672
653 709
653 738
653 787
653 826
653 864
653 909
653 918
653 994
653 998
654 661
654 665
654 718
654 746
654 767
654 827
654 829
654 899
654 941
655 685
655 727
655 761
655 809
655 826
655 838
655 844
655 848
655 863
655 868
655 885
655 902
655 987
656 672
656 717
656 740
656 855
656 961
657 678
657 698
657 763
657 797
658 685
658 752
658 781
658 916
659 741
659 755
659 794
659 829
659 835
659 857
659 899
659 912
659 938
659 947
660 695
660 719
660 770
660 773
660 786
660 822
660 830
660 834
660 877
660 883
660 992
661 725
661 727
661 729
661 781
661 793
661 801
661 803
661 872
661 921
661 951
661 960
662 685
662 708
663 699
663 703
663 712
663 715
663 740
663 751
663 768
663 786
663 843
663 870
663 875
663 879
663 890
663 961
664 770
664 816
664 924
664 957
665 672
665 717
665 746
665 758
665 767
665 833
665 930
665 933
665 958
666 983
666 1000
667 680
667 734
667 746
667 773
667 868
667 928
667 938
667 990
668 776
668 784
668 890
668 908
668 961
669 670
669 701
669 765
669 918
669 926
669 931
669 968
670 682
670 768
670 793
670 797
670 928
671 749
671 780
671 784
671 800
671 813
671 842
671 896
671 900
671 913
671 917
671 967
672 676
672 688
672 724
672 878
672 914
672 928
672 986
673 685
673 725
673 739
673 780
673 834
673 844
673 861
673 881
673 915
673 948
673 958
673 965
673 974
674 685
674 726
674 816
674 826
674 938
674 945
674 948
674 990
674 994
675 677
675 684
675 850
675 953
675 969
676 697
676 721
676 742
676 778
676 793
676 795
676 808
676 812
676 865
676 873
676 918
676 978
676 984
677 679
677 763
677 779
677 809
677 871
677 884
677 937
677 945
677 970
677 971
677 990
677 1000
678 700
678 727
678 743
678 816
678 819
678 822
678 840
678 860
678 878
678 880
678 969
679 721
679 723
679 765
679 784
679 826
679 890
680 686
680 695
680 700
680 706
680 803
680 815
680 872
680 878
680 921
680 945
680 972
680 977
681 693
681 699
681 721
681 722
681 733
681 740
681 807
681 816
681 826
681 828
681 912
681 930
682 724
682 754
682 760
682 788
682 821
682 836
682 844
682 884
682 888
682 897
682 909
682 934
682 953
682 984
683 801
683 865
684 715
684 790
684 852
684 889
684 937
684 962
685 748
685 762
685 772
685 785
685 794
685 796
685 882
685 917
685 932
685 943
685 969
685 982
685 990
686 932
687 906
687 918
687 926
687 949
688 689
688 731
688 746
688 791
688 811
688 853
688 892
688 909
688 957
689 719
689 737
689 775
689 778
689 838
689 867
690 713
690 745
690 831
690 852
690 913
691 696
691 758
691 763
691 774
691 791
691 807
691 847
691 898
691 912
691 913
691 946
691 963
692 708
692 722
692 796
692 815
692 823
692 835
692 853
692 906
692 907
692 949
692 962
692 999
693 794
693 867
693 911
693 924
693 964
694 700
694 860
694 902
695 699
695 705
695 707
695 716
695 722
695 727
695 786
695 811
695 831
695 860
695 870
695 875
695 893
695 896
695 923
695 945
695 962
695 969
695 983
696 725
696 751
696 841
696 886
696 905
696 928
696 937
697 732
697 751
697 964
697 983
698 757
698 759
698 787
698 956
698 961
698 962
699 701
699 763
699 809
699 827
699 904
699 915
699 917
700 761
700 864
700 893
700 919
700 928
700 951
700 954
700 962
700 992
701 770
701 874
701 899
701 913
701 916
701 942
701 979
701 987
702 746
702 749
702 858
703 724
703 768
703 775
703 862
703 891
703 970
704 709
704 738
704 746
704 795
704 812
704 837
704 839
704 850
704 869
704 942
704 980
705 750
705 764
705 915
705 947
706 714
706 731
706 738
706 739
706 769
706 791
706 803
706 806
706 864
706 868
706 894
706 938
706 940
706 947
706 971
707 816
707 849
707 884
707 949
708 758
708 871
708 890
708 926
708 941
708 954
709 731
709 780
709 927
710 711
710 712
710 727
710 733
710 761
710 818
710 836
710 856
710 874
710 910
710 929
710 945
711 723
711 882
711 984
712 759
712 821
712 835
712 839
712 867
713 735
713 744
713 762
713 765
713 769
713 799
713 805
713 813
713 854
713 862
713 866
713 877
713 881
713 899
713 920
713 954
713 981
713 987
713 994
714 747
714 779
714 802
714 804
714 810
714 868
714 869
714 888
714 901
714 907
714 942
714 955
714 973
714 975
714 976
714 990
715 716
715 777
715 780
715 820
715 825
715 838
715 863
715 888
715 948
715 1000
716 741
716 746
716 754
716 831
716 859
716 881
716 975
717 718
717 722
717 743
717 761
717 781
717 789
717 809
717 890
717 900
718 721
718 731
718 831
718 848
718 859
718 860
718 876
718 914
718 925
718 939
718 969
718 974
719 733
719 808
720 756
720 768
720 870
721 722
721 744
721 769
721 896
721 995
722 725
722 806
722 850
722 910
723 725
723 727
723 757
723 758
723 767
723 778
723 869
723 874
723 891
723 897
723 933
723 943
723 983
723 988
723 999
724 798
724 826
724 951
725 734
725 767
725 777
725 780
725 792
725 797
725 799
725 815
725 839
725 871
725 878
725 884
725 899
725 933
725 956
725 988
726 772
726 788
726 803
726 851
726 870
726 917
726 934
726 941
726 972
726 974
727 765
727 779
727 791
727 844
727 846
727 869
727 876
727 901
727 903
727 944
727 958
727 961
727 990
727 999
728 766
728 783
728 804
728 871
728 878
728 920
728 997
729 740
729 748
729 956
730 758
730 760
730 800
730 818
730 823
730 835
730 842
730 870
730 889
731 769
731 781
731 782
731 840
731 944
731 950
732 886
732 888
732 996
733 748
733 760
733 837
733 974
734 743
734 774
734 862
734 929
735 819
735 895
735 945
735 993
736 750
736 754
736 779
736 890
736 958
737 759
737 839
737 901
737 907
737 915
737 918
737 941
737 958
738 739
738 787
738 820
738 874
738 883
738 904
738 923
738 970
738 986
738 999
739 768
739 787
739 816
739 885
739 923
739 945
740 771
740 878
740 914
740 951
740 998
741 840
741 852
741 955
742 799
742 828
742 886
743 791
743 815
743 870
743 890
744 746
744 810
744 811
744 821
744 885
744 911
744 953
744 971
744 975
744 999
745 753
745 755
745 765
745 816
745 873
745 884
746 821
746 868
746 877
746 908
746 951
747 813
747 842
747 913
747 966
747 968
747 996
748 859
748 868
748 871
748 932
748 938
748 943
748 945
748 955
748 971
748 995
749 796
749 802
749 902
749 927
750 789
750 867
750 882
750 891
751 826
751 937
751 997
752 764
752 780
753 763
753 827
753 837
753 866
753 916
753 919
753 953
753 959
754 924
755 860
755 901
755 908
755 913
755 969
756 787
756 876
756 895
757 846
757 911
757 912
757 932
758 764
758 766
758 851
758 859
758 868
758 966
759 761
759 825
759 911
759 959
759 964
759 990
759 992
760 817
760 822
760 825
760 838
760 846
760 862
760 915
760 931
761 775
761 799
761 822
761 885
761 926
761 955
762 773
762 793
762 899
763 815
763 835
763 890
763 900
763 974
763 996
764 772
764 800
764 821
764 837
764 854
764 888
764 905
764 909
764 919
764 960
764 964
764 967
765 770
765 794
765 816
765 823
765 893
765 908
766 880
766 903
766 979
767 771
767 815
767 908
767 974
767 977
768 788
768 816
768 968
768 980
769 791
769 805
769 870
769 943
770 792
770 814
770 815
770 836
770 843
770 845
770 849
770 857
770 864
770 883
770 886
770 909
770 923
770 944
770 954
770 974
771 775
771 800
771 950
771 993
771 997
772 838
772 964
773 827
773 938
773 956
774 777
774 843
774 857
774 864
774 952
775 782
775 865
775 895
775 965
775 972
776 813
776 877
776 908
776 997
777 828
777 841
777 860
777 882
777 911
777 926
777 952
777 966
778 872
778 927
778 944
778 958
779 789
779 793
779 859
779 878
779 911
779 916
779 954
779 958
779 962
779 963
779 996
780 835
780 848
780 980
781 783
781 791
781 797
781 930
782 924
782 932
783 786
783 795
783 876
784 796
784 825
784 874
784 913
784 917
786 790
786 820
786 837
786 870
786 878
786 899
786 940
786 966
787 793
787 826
787 878
787 890
787 919
788 985
789 826
789 842
789 864
789 871
789 885
789 903
789 917
789 945
789 960
790 878
790 899
790 909
790 983
791 816
791 839
791 873
791 886
791 895
791 899
791 942
791 952
791 958
791 984
792 811
792 857
792 859
792 863
792 924
792 974
793 868
793 880
793 931
793 952
793 988
794 921
794 926
794 996
795 826
795 878
795 902
795 922
797 798
797 845
798 811
798 819
798 838
798 983
799 825
799 832
799 907
799 979
801 831
801 900
801 911
801 921
802 867
802 895
802 922
802 969
802 974
802 995
803 959
804 825
804 843
804 915
804 961
804 983
804 990
805 945
806 842
806 996
807 837
807 878
807 887
807 944
807 964
808 888
808 921
809 874
809 875
809 895
809 928
809 945
809 965
810 874
810 885
810 895
810 903
810 938
811 832
811 979
811 997
812 899
813 928
813 980
814 888
814 898
814 929
814 940
814 976
815 817
815 820
815 827
815 831
815 844
815 847
815 900
815 920
815 943
816 851
816 865
816 871
816 878
816 960
816 984
816 989
817 889
817 902
817 934
817 953
817 979
818 885
818 893
818 895
818 921
818 930
818 965
819 873
819 969
819 979
820 832
820 839
820 905
820 961
820 986
821 887
822 829
822 846
822 926
822 944
822 976
823 915
823 974
824 852
824 865
825 832
825 858
825 870
825 873
825 892
825 893
825 897
825 906
825 909
825 935
825 940
825 966
825 976
825 993
826 866
826 878
826 882
826 886
826 897
826 909
826 980
826 1000
827 881
827 917
829 841
829 866
829 874
829 891
830 849
830 861
830 887
830 902
830 920
830 936
830 998
831 880
831 884
831 895
831 916
832 838
832 878
832 926
833 848
833 864
833 913
834 898
834 926
834 937
834 953
835 896
836 856
836 864
836 872
836 887
836 895
836 922
836 937
836 958
836 979
837 887
837 962
838 848
838 859
838 870
838 920
838 997
839 845
839 881
839 912
839 941
839 981
840 864
840 924
840 949
840 973
840 974
840 979
841 887
841 920
842 864
843 913
843 923
843 926
843 974
844 923
844 967
844 970
845 862
845 891
845 936
845 948
845 950
845 971
846 899
846 902
846 914
846 974
846 988
848 899
848 972
848 1000
849 852
849 945
850 864
850 963
850 974
850 980
850 983
851 954
851 996
852 874
852 906
852 924
853 917
853 977
854 860
854 864
854 868
854 890
854 922
854 923
854 993
855 987
855 998
856 871
856 943
857 962
858 860
858 871
858 945
858 970
859 864
859 870
859 912
859 954
860 862
860 899
860 914
860 956
860 979
861 980
862 933
862 935
862 969
862 978
863 953
863 984
864 918
864 930
864 934
864 939
864 961
864 990
865 870
865 874
865 890
865 899
865 905
866 888
866 894
866 900
866 933
866 974
867 874
867 898
867 915
867 958
867 961
867 981
867 989
867 997
868 872
868 874
868 891
868 898
868 899
868 900
868 921
868 931
868 947
868 977
869 901
870 918
870 951
870 975
870 988
870 993
871 901
871 945
871 969
871 980
872 905
872 948
872 983
873 973
874 881
874 884
874 901
874 938
874 974
874 990
874 993
875 933
876 890
876 967
877 889
877 926
877 974
877 991
877 996
878 881
878 890
878 946
878 979
878 991
879 885
879 895
879 961
880 889
880 951
880 992
881 945
881 997
882 890
882 925
882 955
882 980
882 991
883 932
883 941
883 942
884 893
884 905
884 944
884 973
885 965
885 985
885 986
886 920
886 928
886 954
887 896
887 987
888 901
888 912
888 916
888 921
888 994
889 900
889 952
889 983
889 990
890 896
890 904
890 910
890 929
890 938
890 944
890 958
890 970
890 976
891 983
892 899
892 902
892 925
892 945
892 953
892 963
892 979
893 923
893 940
894 908
894 917
895 902
895 958
895 975
895 992
896 909
897 924
897 964
898 926
898 975
899 912
899 916
899 917
899 919
899 924
899 937
899 938
899 942
899 949
899 952
899 963
899 997
900 937
900 970
901 915
901 964
902 921
902 966
902 974
902 987
903 915
903 926
904 914
904 937
904 950
905 914
905 917
905 991
906 940
908 922
908 955
910 937
911 947
911 948
911 961
912 952
912 958
913 926
913 959
913 983
914 944
914 985
917 928
917 942
917 950
918 938
918 996
918 1000
919 937
919 953
921 945
921 963
921 997
922 938
923 926
923 932
923 955
923 964
923 974
923 980
923 982
923 990
924 960
924 967
924 974
926 932
926 964
926 996
927 958
927 986
927 1000
928 956
928 986
928 997
929 942
932 948
932 965
932 969
937 947
937 990
938 952
940 955
941 945
941 968
942 972
942 983
943 984
944 974
945 974
948 981
952 983
954 956
954 999
956 963
957 961
957 968
961 1000
962 993
964 973
968 974
968 975
970 981
970 994
972 987
979 996
992 999
