# LFR benchmark graph: regime=S mu=0.7 realization=4
# undirected, unweighted; 1-based node ids; each edge listed once.
1 2
1 27
1 36
1 67
1 70
1 74
1 84
1 89
1 107
1 112
1 130
1 143
1 153
1 192
1 261
1 263
1 267
1 325
1 348
1 352
1 358
1 373
1 384
1 463
1 487
1 524
1 579
1 613
1 649
1 657
1 666
1 670
1 712
1 724
1 767
1 797
1 804
1 808
1 825
1 829
1 837
1 855
1 886
1 897
1 900
1 919
1 929
1 974
2 126
2 212
2 266
2 352
2 458
2 490
2 552
2 752
2 960
3 82
3 139
3 152
3 172
3 182
3 194
3 200
3 269
3 309
3 328
3 375
3 379
3 400
3 418
3 432
3 487
3 525
3 566
3 606
3 626
3 639
3 645
3 656
3 660
3 703
3 724
3 727
3 733
3 740
3 752
3 796
3 824
3 911
3 938
3 945
3 993
4 40
4 52
4 199
4 223
4 230
4 234
4 259
4 318
4 383
4 421
4 547
4 573
4 638
4 687
4 821
4 878
4 923
5 12
5 38
5 158
5 168
5 249
5 358
5 407
5 411
5 429
5 567
5 649
5 712
5 740
5 773
5 939
5 969
6 13
6 93
6 111
6 115
6 127
6 133
6 151
6 160
6 170
6 180
6 189
6 197
6 210
6 231
6 269
6 279
6 321
6 342
6 373
6 378
6 443
6 448
6 469
6 474
6 478
6 492
6 505
6 509
6 540
6 542
6 547
6 556
6 571
6 590
6 602
6 606
6 607
6 620
6 622
6 624
6 641
6 665
6 711
6 713
6 716
6 724
6 734
6 745
6 748
6 760
6 772
6 778
6 846
6 863
6 902
6 914
6 922
6 967
6 974
6 1000
7 10
7 55
7 79
7 107
7 114
7 118
7 149
7 166
7 197
7 198
7 228
7 229
7 240
7 268
7 275
7 280
7 283
7 300
7 378
7 418
7 433
7 446
7 448
7 456
7 471
7 479
7 531
7 546
7 553
7 587
7 670
7 673
7 708
7 756
7 780
7 805
7 824
7 826
7 921
7 933
7 937
8 117
8 141
8 172
8 401
8 459
8 488
8 495
8 518
8 520
8 521
8 524
8 593
8 620
8 628
8 629
8 669
8 691
8 742
8 798
8 818
8 853
8 859
8 883
8 952
8 967
8 983
9 30
9 59
9 63
9 270
9 320
9 354
9 357
9 438
9 511
9 537
9 540
9 547
9 613
9 662
9 687
9 718
9 772
9 790
9 830
9 865
9 921
9 935
9 988
10 38
10 45
10 53
10 65
10 121
10 141
10 158
10 194
10 229
10 340
10 392
10 481
10 546
10 629
10 673
10 765
10 832
10 839
10 921
10 933
11 33
11 35
11 118
11 147
11 232
11 249
11 287
11 292
11 323
11 333
11 483
11 557
11 577
11 587
11 597
11 621
11 657
11 765
11 766
11 781
11 835
11 861
11 893
11 911
11 921
11 944
12 30
12 77
12 89
12 121
12 242
12 300
12 352
12 480
12 490
12 493
12 505
12 554
12 591
12 629
12 660
12 674
12 712
12 724
12 740
12 769
12 770
12 781
12 792
12 793
12 818
12 917
12 923
12 968
12 978
12 987
12 1000
13 20
13 21
13 33
13 53
13 88
13 93
13 105
13 138
13 185
13 203
13 207
13 212
13 304
13 306
13 307
13 358
13 367
13 384
13 394
13 395
13 396
13 424
13 430
13 432
13 464
13 541
13 549
13 550
13 551
13 557
13 579
13 608
13 636
13 667
13 683
13 695
13 703
13 705
13 710
13 746
13 866
13 886
13 896
13 915
13 920
13 959
13 973
13 981
14 33
14 70
14 98
14 133
14 162
14 170
14 241
14 291
14 383
14 398
14 440
14 473
14 494
14 503
14 546
14 548
14 568
14 578
14 633
14 644
14 714
14 788
14 970
15 18
15 23
15 87
15 232
15 353
15 426
15 436
15 443
15 467
15 487
15 490
15 563
15 567
15 568
15 610
15 644
15 671
15 733
15 743
15 806
15 848
15 878
15 930
15 934
16 123
16 189
16 214
16 282
16 296
16 321
16 332
16 369
16 381
16 398
16 447
16 476
16 539
16 542
16 641
16 647
16 648
16 680
16 754
16 772
16 787
16 814
16 877
16 921
16 928
16 971
17 23
17 25
17 31
17 47
17 89
17 111
17 157
17 167
17 193
17 215
17 293
17 316
17 379
17 395
17 413
17 432
17 543
17 556
17 717
17 757
17 773
17 792
17 820
17 827
17 934
17 967
17 992
18 23
18 56
18 86
18 97
18 112
18 212
18 217
18 242
18 246
18 249
18 294
18 299
18 303
18 341
18 348
18 424
18 436
18 446
18 473
18 489
18 523
18 554
18 562
18 581
18 604
18 618
18 650
18 676
18 683
18 730
18 740
18 779
18 802
18 869
18 877
18 888
18 890
18 930
18 944
18 950
18 982
19 73
19 91
19 194
19 221
19 310
19 336
19 479
19 507
19 527
19 557
19 570
19 637
19 718
19 742
19 805
19 813
19 917
20 127
20 189
20 201
20 274
20 276
20 280
20 294
20 324
20 344
20 446
20 656
20 660
20 683
20 697
20 788
20 823
20 973
21 24
21 47
21 96
21 165
21 172
21 204
21 217
21 281
21 361
21 364
21 406
21 435
21 458
21 474
21 526
21 574
21 596
21 616
21 623
21 632
21 665
21 717
21 734
21 766
21 834
21 841
21 884
21 925
21 952
21 977
22 41
22 74
22 106
22 117
22 121
22 187
22 234
22 257
22 265
22 270
22 294
22 371
22 432
22 474
22 520
22 577
22 580
22 613
22 618
22 633
22 652
22 664
22 680
22 700
22 711
22 734
22 776
22 845
22 885
22 910
22 921
22 956
22 957
23 97
23 134
23 171
23 172
23 177
23 249
23 324
23 350
23 412
23 461
23 474
23 541
23 567
23 661
23 707
23 813
23 842
23 884
23 951
23 952
23 954
23 964
24 39
24 76
24 106
24 145
24 165
24 167
24 208
24 257
24 293
24 294
24 296
24 304
24 318
24 396
24 418
24 434
24 489
24 499
24 501
24 519
24 609
24 629
24 642
24 681
24 733
24 769
24 774
24 782
24 810
24 834
24 860
24 879
24 985
25 29
25 41
25 50
25 105
25 189
25 196
25 210
25 222
25 263
25 268
25 278
25 301
25 357
25 403
25 406
25 432
25 477
25 481
25 489
25 524
25 535
25 553
25 572
25 603
25 608
25 609
25 647
25 691
25 698
25 721
25 826
25 830
25 862
25 881
25 897
25 978
26 80
26 166
26 329
26 404
26 669
26 710
26 713
26 717
26 759
26 806
26 873
26 884
26 911
26 949
27 130
27 293
27 298
27 332
27 394
27 469
27 475
27 514
27 549
27 573
27 593
27 760
27 825
27 860
27 983
28 32
28 42
28 162
28 261
28 331
28 340
28 362
28 418
28 456
28 516
28 569
28 581
28 707
28 744
28 889
28 921
29 60
29 108
29 354
29 527
29 656
29 661
29 726
29 777
29 797
29 862
29 886
29 896
30 152
30 158
30 172
30 187
30 240
30 445
30 459
30 461
30 729
30 784
30 795
30 990
31 64
31 108
31 115
31 134
31 202
31 232
31 276
31 317
31 352
31 455
31 457
31 504
31 505
31 506
31 549
31 716
31 775
31 808
31 831
31 867
31 884
31 972
32 166
32 178
32 196
32 209
32 244
32 286
32 290
32 356
32 357
32 422
32 484
32 503
32 612
32 771
32 925
33 66
33 72
33 87
33 144
33 146
33 158
33 160
33 165
33 203
33 206
33 235
33 257
33 275
33 286
33 309
33 318
33 452
33 463
33 543
33 566
33 573
33 648
33 705
33 718
33 774
33 793
33 823
33 888
33 890
33 905
33 950
34 61
34 63
34 68
34 106
34 131
34 133
34 159
34 200
34 225
34 226
34 251
34 265
34 284
34 287
34 291
34 297
34 321
34 382
34 396
34 399
34 421
34 449
34 469
34 471
34 505
34 518
34 538
34 565
34 568
34 572
34 615
34 623
34 651
34 691
34 709
34 745
34 753
34 771
34 780
34 811
34 882
34 885
34 896
34 929
34 939
34 983
35 134
35 215
35 240
35 352
35 370
35 407
35 417
35 450
35 478
35 594
35 645
35 665
35 750
35 751
35 858
35 914
35 996
36 48
36 105
36 172
36 248
36 301
36 331
36 455
36 469
36 773
36 808
36 945
37 38
37 62
37 63
37 286
37 350
37 416
37 441
37 469
37 484
37 521
37 584
37 588
37 597
37 689
37 706
37 724
37 937
37 974
38 45
38 236
38 240
38 245
38 264
38 323
38 419
38 425
38 490
38 510
38 529
38 544
38 553
38 603
38 637
38 638
38 647
38 665
38 668
38 687
38 705
38 721
38 769
38 895
38 905
38 975
38 992
39 102
39 203
39 280
39 286
39 289
39 322
39 368
39 440
39 454
39 668
40 47
40 60
40 126
40 182
40 202
40 253
40 278
40 330
40 380
40 386
40 422
40 608
40 694
40 700
40 758
40 805
40 809
40 812
40 814
40 869
40 925
40 987
40 993
41 75
41 87
41 117
41 119
41 126
41 279
41 286
41 369
41 388
41 444
41 472
41 502
41 564
41 678
41 702
41 784
41 803
41 830
41 862
41 890
41 896
41 974
42 47
42 171
42 229
42 260
42 373
42 398
42 423
42 458
42 499
42 601
42 603
42 656
42 800
42 823
42 849
42 915
42 928
43 111
43 158
43 265
43 293
43 317
43 410
43 457
43 568
43 613
43 792
43 960
43 987
44 53
44 83
44 93
44 107
44 126
44 127
44 156
44 157
44 159
44 326
44 415
44 420
44 423
44 612
44 738
44 745
44 848
44 862
44 958
44 969
45 95
45 106
45 130
45 175
45 179
45 210
45 216
45 220
45 262
45 411
45 437
45 469
45 500
45 571
45 644
45 649
45 657
45 772
45 864
45 939
46 119
46 273
46 340
46 378
46 379
46 404
46 406
46 423
46 466
46 500
46 556
46 577
46 594
46 652
46 763
46 767
46 823
46 988
47 51
47 130
47 132
47 142
47 162
47 165
47 171
47 193
47 215
47 219
47 226
47 236
47 243
47 252
47 305
47 338
47 371
47 419
47 439
47 453
47 458
47 467
47 469
47 472
47 499
47 505
47 525
47 545
47 572
47 586
47 588
47 605
47 699
47 711
47 717
47 727
47 731
47 759
47 807
47 812
47 822
47 845
47 859
47 860
47 876
47 904
47 928
47 940
47 988
47 992
48 61
48 194
48 248
48 292
48 301
48 315
48 335
48 352
48 355
48 366
48 402
48 419
48 457
48 489
48 621
48 793
48 829
48 845
48 911
48 918
48 938
48 982
49 64
49 106
49 168
49 173
49 210
49 212
49 232
49 268
49 275
49 339
49 413
49 728
49 787
49 862
49 906
50 63
50 133
50 148
50 155
50 251
50 289
50 379
50 380
50 582
50 699
50 734
50 862
50 870
51 61
51 105
51 181
51 205
51 215
51 286
51 292
51 319
51 377
51 422
51 443
51 582
51 596
51 634
51 769
51 1000
52 106
52 157
52 193
52 361
52 393
52 441
52 458
52 493
52 517
52 535
52 591
52 639
52 665
52 702
52 862
52 919
53 71
53 90
53 99
53 107
53 126
53 138
53 151
53 211
53 243
53 258
53 279
53 298
53 338
53 366
53 387
53 401
53 450
53 464
53 467
53 532
53 553
53 595
53 603
53 604
53 636
53 649
53 671
53 698
53 777
53 784
53 785
53 788
53 797
53 845
53 856
53 877
53 916
53 999
54 61
54 121
54 232
54 240
54 242
54 296
54 338
54 412
54 439
54 486
54 488
54 538
54 605
54 648
54 681
54 738
54 772
54 796
54 912
55 76
55 94
55 144
55 169
55 176
55 280
55 293
55 472
55 492
55 591
55 601
55 644
55 649
55 743
55 816
55 858
55 863
55 871
55 873
55 918
55 965
55 979
55 986
56 96
56 137
56 227
56 276
56 424
56 475
56 488
56 546
56 557
56 635
56 695
56 744
56 874
56 937
56 958
57 159
57 180
57 257
57 361
57 376
57 452
57 567
57 613
57 634
57 638
57 695
57 717
57 723
57 749
57 810
57 916
57 981
58 75
58 179
58 212
58 229
58 273
58 394
58 419
58 502
58 518
58 526
58 538
58 539
58 558
58 617
58 862
58 985
59 60
59 121
59 129
59 145
59 207
59 236
59 266
59 316
59 331
59 335
59 357
59 409
59 475
59 482
59 533
59 565
59 620
59 649
59 653
59 654
59 671
59 796
59 806
59 834
59 946
59 950
59 971
59 981
60 65
60 68
60 76
60 134
60 138
60 141
60 155
60 161
60 181
60 224
60 230
60 244
60 250
60 295
60 299
60 329
60 350
60 353
60 367
60 425
60 436
60 438
60 490
60 530
60 564
60 594
60 596
60 607
60 613
60 617
60 654
60 657
60 678
60 740
60 741
60 784
60 787
60 871
60 884
60 907
60 913
60 925
60 940
60 945
60 948
60 961
60 975
60 983
60 992
61 87
61 106
61 107
61 150
61 158
61 187
61 253
61 323
61 324
61 337
61 340
61 341
61 357
61 382
61 433
61 466
61 495
61 524
61 549
61 567
61 595
61 605
61 617
61 622
61 623
61 647
61 657
61 684
61 728
61 781
61 794
61 810
61 821
61 826
61 835
61 849
61 859
61 877
61 883
61 916
61 923
61 925
61 930
61 937
61 946
61 947
61 969
61 993
61 995
62 75
62 117
62 122
62 155
62 194
62 259
62 264
62 309
62 318
62 320
62 374
62 441
62 451
62 488
62 561
62 569
62 616
62 625
62 706
62 740
62 744
62 773
62 802
62 846
62 849
62 878
62 897
62 919
62 960
62 971
63 74
63 105
63 110
63 121
63 135
63 147
63 167
63 182
63 266
63 392
63 403
63 473
63 528
63 545
63 623
63 624
63 660
63 666
63 688
63 751
63 796
63 806
63 821
63 835
63 857
63 876
63 882
63 927
63 939
63 960
63 963
63 966
64 74
64 104
64 109
64 130
64 152
64 159
64 164
64 188
64 202
64 221
64 227
64 266
64 280
64 292
64 303
64 320
64 352
64 388
64 426
64 476
64 481
64 485
64 496
64 510
64 529
64 552
64 555
64 618
64 647
64 698
64 700
64 703
64 705
64 718
64 719
64 765
64 766
64 778
64 787
64 799
64 810
64 841
64 842
64 848
64 859
64 860
64 893
64 903
64 925
64 936
64 963
64 969
64 988
65 76
65 116
65 137
65 141
65 146
65 164
65 179
65 248
65 291
65 308
65 313
65 322
65 324
65 401
65 554
65 603
65 629
65 646
65 657
65 676
65 686
65 687
65 715
65 759
65 789
65 797
65 881
65 900
65 923
65 938
65 952
65 983
66 91
66 104
66 174
66 196
66 303
66 327
66 409
66 518
66 616
66 707
66 715
66 720
66 777
66 799
66 846
66 882
66 975
67 81
67 123
67 136
67 199
67 205
67 211
67 222
67 223
67 243
67 316
67 327
67 355
67 382
67 388
67 404
67 413
67 422
67 425
67 433
67 477
67 480
67 485
67 545
67 553
67 573
67 642
67 650
67 662
67 663
67 672
67 681
67 828
67 864
67 885
67 927
67 935
67 948
68 101
68 107
68 143
68 157
68 172
68 223
68 241
68 254
68 266
68 280
68 336
68 346
68 369
68 371
68 394
68 427
68 462
68 465
68 475
68 536
68 623
68 630
68 639
68 673
68 681
68 735
68 775
68 787
68 815
68 826
68 851
68 871
68 880
68 980
69 79
69 171
69 245
69 251
69 263
69 304
69 462
69 505
69 603
69 786
69 953
69 968
70 166
70 213
70 215
70 256
70 266
70 513
70 532
70 544
70 600
70 619
70 624
70 665
70 768
70 996
71 129
71 183
71 195
71 202
71 272
71 378
71 399
71 453
71 491
71 623
71 651
71 681
71 852
71 883
71 908
71 924
71 934
72 81
72 155
72 181
72 337
72 374
72 505
72 554
72 622
72 630
72 635
72 649
72 652
72 739
72 802
72 807
73 76
73 92
73 220
73 275
73 280
73 292
73 295
73 297
73 348
73 389
73 391
73 416
73 440
73 447
73 484
73 491
73 513
73 520
73 550
73 551
73 552
73 555
73 593
73 618
73 683
73 690
73 797
73 799
73 862
73 874
73 908
73 922
73 938
73 981
74 167
74 221
74 271
74 276
74 299
74 320
74 359
74 541
74 585
74 589
74 597
74 612
74 627
74 638
74 679
74 724
74 808
74 896
74 909
74 926
74 947
75 80
75 89
75 205
75 212
75 244
75 259
75 274
75 358
75 362
75 504
75 594
75 597
75 675
75 732
75 772
75 908
76 134
76 141
76 174
76 261
76 351
76 386
76 461
76 481
76 520
76 572
76 573
76 661
76 672
76 683
76 696
76 927
76 970
76 983
77 161
77 166
77 169
77 172
77 228
77 230
77 338
77 520
77 533
77 557
77 578
77 588
77 604
77 750
77 751
77 912
77 939
78 91
78 92
78 266
78 274
78 329
78 332
78 374
78 400
78 412
78 437
78 438
78 461
78 471
78 560
78 689
78 772
78 891
78 943
79 80
79 83
79 94
79 122
79 136
79 154
79 269
79 311
79 325
79 341
79 412
79 446
79 450
79 463
79 472
79 487
79 525
79 545
79 563
79 608
79 687
79 724
79 761
79 763
79 793
79 865
79 938
79 946
79 960
80 130
80 131
80 150
80 191
80 211
80 242
80 251
80 370
80 396
80 411
80 469
80 477
80 555
80 594
80 609
80 653
80 710
80 737
80 763
80 799
80 819
80 823
80 848
80 875
80 936
80 967
80 977
81 89
81 257
81 288
81 293
81 306
81 309
81 335
81 560
81 605
81 787
81 789
81 837
81 841
81 869
82 87
82 293
82 406
82 422
82 470
82 481
82 524
82 578
82 702
82 715
82 799
82 929
82 982
83 104
83 157
83 160
83 212
83 232
83 459
83 517
83 665
83 717
83 750
83 772
83 789
83 862
83 978
83 988
84 112
84 145
84 210
84 336
84 373
84 515
84 594
84 786
84 812
84 826
84 855
84 889
84 979
84 999
85 114
85 125
85 168
85 186
85 238
85 286
85 311
85 332
85 382
85 383
85 398
85 406
85 409
85 498
85 513
85 524
85 534
85 606
85 622
85 628
85 630
85 666
85 683
85 713
85 714
85 722
85 750
85 753
85 760
85 777
85 867
85 878
85 914
85 964
85 966
86 111
86 218
86 286
86 309
86 347
86 392
86 464
86 507
86 616
86 682
86 758
86 812
86 826
86 866
86 875
87 129
87 155
87 158
87 174
87 188
87 201
87 209
87 224
87 258
87 273
87 312
87 318
87 342
87 351
87 422
87 425
87 458
87 459
87 492
87 511
87 530
87 597
87 603
87 608
87 626
87 636
87 701
87 719
87 814
87 841
87 894
87 920
87 935
87 937
87 955
87 969
88 159
88 164
88 168
88 180
88 190
88 227
88 233
88 310
88 435
88 440
88 459
88 481
88 625
88 772
88 787
88 796
88 803
88 812
88 845
88 849
89 144
89 248
89 288
89 313
89 448
89 488
89 500
89 585
89 600
89 677
89 735
89 795
89 851
89 913
89 925
89 930
89 954
89 957
89 966
89 967
89 980
90 163
90 164
90 166
90 172
90 281
90 681
90 716
90 760
90 770
90 924
91 180
91 224
91 251
91 316
91 331
91 406
91 421
91 443
91 445
91 451
91 488
91 540
91 550
91 639
91 729
91 826
91 866
91 870
91 875
91 935
91 970
92 113
92 117
92 180
92 276
92 286
92 325
92 349
92 356
92 419
92 475
92 487
92 492
92 508
92 552
92 560
92 863
92 898
92 946
92 1000
93 126
93 187
93 249
93 280
93 285
93 309
93 317
93 331
93 356
93 398
93 440
93 445
93 507
93 531
93 577
93 622
93 672
93 674
93 706
93 749
93 773
93 851
93 941
93 954
93 965
93 998
94 106
94 145
94 243
94 250
94 461
94 467
94 538
94 723
94 763
94 865
94 983
95 131
95 145
95 157
95 331
95 474
95 541
95 565
95 677
95 717
95 766
95 934
96 152
96 161
96 193
96 275
96 290
96 348
96 590
96 610
96 641
96 730
96 939
96 954
96 998
97 117
97 173
97 193
97 261
97 387
97 502
97 556
97 634
97 750
97 771
97 783
97 793
97 834
97 882
97 920
97 951
97 983
98 108
98 124
98 127
98 128
98 165
98 181
98 290
98 317
98 323
98 341
98 342
98 350
98 366
98 386
98 425
98 429
98 470
98 477
98 519
98 574
98 588
98 662
98 678
98 706
98 716
98 834
98 835
98 869
98 871
98 882
98 901
98 912
98 917
98 938
98 953
99 151
99 182
99 201
99 232
99 261
99 295
99 394
99 398
99 411
99 535
99 546
99 585
99 623
99 691
99 694
99 724
99 746
99 747
99 838
99 859
99 902
99 919
99 929
99 949
100 145
100 394
100 435
100 440
100 465
100 529
100 557
100 561
100 582
100 632
100 636
100 692
100 727
100 778
100 779
100 811
100 831
100 832
100 895
100 913
100 935
101 131
101 159
101 164
101 171
101 179
101 245
101 292
101 308
101 376
101 420
101 455
101 463
101 495
101 553
101 660
101 670
101 678
101 704
101 757
101 784
101 790
101 839
101 911
101 913
101 928
101 930
101 971
101 990
102 105
102 158
102 185
102 193
102 196
102 205
102 209
102 224
102 245
102 261
102 305
102 316
102 407
102 419
102 422
102 507
102 510
102 549
102 552
102 560
102 611
102 624
102 657
102 687
102 711
102 731
102 740
102 832
102 845
102 949
103 111
103 127
103 161
103 193
103 233
103 274
103 321
103 348
103 383
103 462
103 493
103 504
103 510
103 549
103 582
103 599
103 632
103 655
103 749
103 774
103 797
103 958
103 975
103 982
104 150
104 175
104 232
104 333
104 368
104 430
104 510
104 530
104 646
104 690
104 789
104 826
104 838
104 841
104 846
105 117
105 121
105 179
105 201
105 218
105 304
105 321
105 340
105 362
105 367
105 374
105 388
105 391
105 424
105 441
105 457
105 479
105 483
105 501
105 536
105 561
105 573
105 577
105 582
105 589
105 600
105 695
105 720
105 822
105 843
105 854
105 864
105 866
105 870
105 903
105 908
105 911
105 932
105 967
105 998
106 120
106 153
106 155
106 158
106 167
106 188
106 194
106 199
106 216
106 257
106 291
106 321
106 327
106 329
106 352
106 369
106 374
106 393
106 420
106 433
106 449
106 454
106 501
106 553
106 573
106 634
106 653
106 667
106 672
106 697
106 698
106 717
106 765
106 770
106 782
106 796
106 817
106 847
106 862
106 922
106 929
106 961
106 981
106 987
107 140
107 141
107 221
107 239
107 273
107 303
107 316
107 325
107 342
107 374
107 411
107 419
107 428
107 435
107 461
107 485
107 493
107 506
107 520
107 565
107 599
107 600
107 616
107 630
107 632
107 642
107 672
107 697
107 739
107 741
107 827
107 835
107 849
107 865
107 868
107 942
107 943
108 218
108 277
108 281
108 292
108 352
108 401
108 457
108 503
108 561
108 686
108 701
108 775
108 783
108 843
108 866
108 877
108 918
108 925
108 954
108 999
109 127
109 197
109 252
109 307
109 309
109 457
109 514
109 545
109 629
109 656
109 667
109 721
109 831
109 883
109 912
109 917
109 952
109 972
110 114
110 233
110 257
110 293
110 379
110 392
110 405
110 455
110 458
110 568
110 661
110 668
110 693
110 698
110 781
110 844
110 872
110 911
110 966
110 971
110 980
111 135
111 155
111 165
111 174
111 202
111 229
111 279
111 315
111 331
111 421
111 517
111 539
111 543
111 570
111 574
111 624
111 637
111 678
111 710
111 797
111 867
111 883
111 884
111 909
111 912
111 921
112 123
112 149
112 155
112 161
112 172
112 208
112 215
112 272
112 288
112 293
112 304
112 323
112 327
112 400
112 408
112 421
112 470
112 487
112 492
112 496
112 499
112 513
112 533
112 561
112 588
112 610
112 612
112 614
112 622
112 645
112 695
112 744
112 765
112 840
112 842
112 875
112 899
112 900
112 901
112 915
112 921
112 928
112 997
113 143
113 168
113 175
113 198
113 200
113 217
113 236
113 244
113 286
113 288
113 337
113 366
113 392
113 442
113 449
113 459
113 471
113 478
113 480
113 485
113 585
113 619
113 656
113 689
113 702
113 707
113 759
113 763
113 768
113 821
113 835
113 862
113 864
113 888
113 916
113 947
113 973
113 978
113 984
113 985
113 1000
114 137
114 149
114 165
114 171
114 175
114 186
114 200
114 217
114 242
114 243
114 258
114 260
114 345
114 352
114 390
114 435
114 481
114 523
114 535
114 598
114 634
114 662
114 667
114 754
114 797
114 839
114 860
114 887
114 902
114 903
114 952
115 172
115 245
115 425
115 446
115 463
115 577
115 677
115 684
115 751
115 850
115 858
115 883
115 949
116 186
116 371
116 488
116 549
116 597
116 637
116 795
116 849
116 892
116 921
116 926
116 979
116 983
116 993
117 121
117 132
117 152
117 159
117 179
117 266
117 311
117 329
117 340
117 388
117 427
117 440
117 452
117 469
117 496
117 517
117 553
117 564
117 589
117 615
117 660
117 667
117 720
117 724
117 766
117 801
117 828
117 835
117 844
117 875
117 885
117 887
117 912
117 971
117 978
117 989
117 994
117 998
118 127
118 128
118 165
118 171
118 180
118 198
118 211
118 212
118 219
118 298
118 305
118 317
118 336
118 341
118 352
118 374
118 397
118 426
118 540
118 570
118 596
118 607
118 609
118 642
118 688
118 699
118 703
118 717
118 749
118 760
118 764
118 772
118 783
118 785
118 786
118 802
118 823
118 831
118 851
118 865
118 869
118 881
118 950
118 959
118 977
119 121
119 129
119 182
119 203
119 314
119 315
119 422
119 442
119 475
119 480
119 660
119 733
119 741
119 754
119 842
119 866
119 957
120 172
120 193
120 196
120 202
120 240
120 291
120 366
120 457
120 472
120 707
120 739
120 801
120 802
121 128
121 159
121 165
121 176
121 184
121 243
121 245
121 247
121 259
121 276
121 325
121 336
121 340
121 344
121 352
121 358
121 395
121 398
121 428
121 432
121 467
121 484
121 493
121 534
121 546
121 586
121 603
121 605
121 625
121 627
121 629
121 649
121 666
121 668
121 717
121 720
121 744
121 759
121 786
121 793
121 822
121 851
121 856
121 892
121 931
121 943
121 945
121 950
121 954
121 961
122 158
122 229
122 392
122 535
122 552
122 560
122 602
122 644
122 780
122 817
122 856
122 875
123 159
123 229
123 230
123 251
123 277
123 304
123 315
123 316
123 318
123 332
123 380
123 388
123 399
123 404
123 425
123 443
123 490
123 509
123 516
123 567
123 571
123 629
123 653
123 717
123 726
123 727
123 730
123 794
123 831
123 883
123 884
123 903
123 921
123 945
123 994
123 997
124 137
124 202
124 418
124 420
124 480
124 582
124 589
124 594
124 634
124 682
124 712
124 766
124 801
124 807
124 989
125 265
125 343
125 385
125 410
125 423
125 649
125 687
125 688
125 706
125 746
125 923
125 937
125 953
125 982
125 991
126 177
126 232
126 248
126 252
126 298
126 321
126 374
126 390
126 441
126 485
126 536
126 557
126 562
126 585
126 586
126 674
126 683
126 729
126 744
126 765
126 784
126 812
126 822
126 843
126 846
126 877
126 907
126 914
127 130
127 134
127 144
127 164
127 210
127 264
127 309
127 328
127 349
127 389
127 419
127 620
127 621
127 657
127 660
127 674
127 676
127 699
127 707
127 803
127 845
127 848
127 882
127 893
127 904
127 948
127 988
128 187
128 317
128 531
128 585
128 596
128 625
128 634
128 706
128 786
128 801
128 826
128 891
128 915
128 951
128 962
128 998
129 139
129 147
129 177
129 187
129 223
129 301
129 336
129 627
129 759
129 766
129 873
129 879
129 932
129 942
129 945
130 153
130 157
130 211
130 242
130 267
130 275
130 301
130 314
130 357
130 360
130 451
130 458
130 469
130 472
130 508
130 512
130 514
130 588
130 606
130 608
130 652
130 693
130 710
130 737
130 762
130 804
130 813
130 817
130 831
130 838
130 841
130 937
131 209
131 235
131 283
131 292
131 314
131 354
131 391
131 425
131 455
131 457
131 474
131 495
131 514
131 543
131 556
131 632
131 647
131 655
131 677
131 682
131 697
131 717
131 743
131 778
131 786
131 787
131 827
131 872
131 875
131 911
131 963
132 136
132 246
132 249
132 274
132 306
132 329
132 351
132 372
132 399
132 445
132 446
132 608
132 634
132 663
132 693
132 806
132 845
132 935
132 964
133 179
133 180
133 229
133 391
133 411
133 413
133 460
133 462
133 484
133 553
133 556
133 588
133 625
133 644
133 771
133 777
133 936
134 155
134 204
134 229
134 271
134 272
134 291
134 320
134 345
134 360
134 393
134 425
134 459
134 470
134 488
134 490
134 507
134 530
134 566
134 568
134 573
134 612
134 691
134 722
134 740
134 773
134 893
134 896
134 930
134 978
134 979
134 998
135 225
135 234
135 273
135 276
135 325
135 331
135 347
135 475
135 775
135 776
135 793
135 810
135 879
135 884
135 934
135 950
136 194
136 233
136 245
136 257
136 287
136 424
136 428
136 508
136 533
136 549
136 554
136 694
136 712
136 736
136 818
136 849
136 850
137 182
137 378
137 474
137 553
137 569
137 591
137 760
137 770
137 781
137 831
137 838
137 885
137 907
137 946
138 173
138 245
138 347
138 492
138 597
138 606
138 612
138 744
138 749
138 798
138 839
138 862
138 907
138 979
138 991
139 173
139 232
139 309
139 311
139 416
139 514
139 626
139 642
139 644
139 660
139 714
139 719
139 755
139 770
139 795
139 797
139 839
139 883
140 171
140 201
140 288
140 304
140 330
140 395
140 409
140 415
140 432
140 455
140 460
140 482
140 496
140 504
140 533
140 563
140 616
140 670
140 687
140 770
140 787
140 793
140 826
140 915
140 951
140 985
141 166
141 167
141 170
141 171
141 188
141 235
141 251
141 282
141 286
141 292
141 303
141 317
141 336
141 341
141 413
141 432
141 450
141 479
141 483
141 505
141 522
141 530
141 554
141 557
141 581
141 603
141 632
141 646
141 657
141 691
141 734
141 747
141 764
141 777
141 784
141 797
141 803
141 811
141 856
141 862
141 865
141 868
141 907
141 913
141 921
141 932
141 947
141 952
141 959
141 968
141 979
141 981
141 983
142 172
142 242
142 270
142 271
142 307
142 313
142 334
142 351
142 361
142 394
142 425
142 576
142 582
142 624
142 637
142 641
142 706
142 740
142 763
142 833
142 838
142 860
142 935
142 972
143 244
143 398
143 442
143 642
143 652
143 669
143 722
143 787
143 794
143 796
143 813
143 870
143 921
143 1000
144 148
144 160
144 182
144 193
144 234
144 248
144 257
144 306
144 315
144 330
144 359
144 374
144 389
144 416
144 458
144 495
144 525
144 549
144 553
144 583
144 622
144 632
144 705
144 739
144 755
144 759
144 760
144 766
144 804
144 856
144 900
144 955
144 959
144 987
144 989
145 158
145 184
145 208
145 213
145 231
145 264
145 268
145 309
145 320
145 387
145 433
145 462
145 472
145 502
145 520
145 543
145 560
145 572
145 588
145 600
145 623
145 645
145 656
145 665
145 677
145 725
145 758
145 883
145 896
145 905
145 961
146 308
146 330
146 380
146 509
146 534
146 596
146 673
146 716
146 724
146 735
146 755
146 787
146 880
146 898
147 230
147 251
147 263
147 274
147 374
147 387
147 394
147 433
147 485
147 582
147 667
147 785
147 922
147 974
148 182
148 283
148 401
148 403
148 419
148 479
148 667
148 765
148 796
148 868
148 974
148 992
149 186
149 190
149 209
149 224
149 369
149 371
149 406
149 475
149 524
149 545
149 712
149 789
149 793
149 875
149 973
150 350
150 353
150 385
150 398
150 407
150 611
150 729
150 771
150 796
150 847
150 863
150 901
150 903
150 998
151 251
151 258
151 287
151 328
151 345
151 378
151 483
151 584
151 677
151 702
151 705
151 721
151 740
151 819
151 830
151 887
151 899
151 929
152 224
152 231
152 340
152 372
152 388
152 409
152 441
152 475
152 484
152 512
152 556
152 567
152 645
152 649
152 730
152 738
152 784
152 795
152 811
152 855
152 884
152 944
152 985
153 175
153 221
153 226
153 264
153 309
153 331
153 370
153 420
153 461
153 485
153 502
153 587
153 622
153 668
153 670
153 673
153 729
153 835
153 913
154 167
154 224
154 386
154 641
154 760
154 772
154 826
154 835
154 841
154 903
154 920
154 933
155 170
155 200
155 202
155 209
155 213
155 217
155 239
155 257
155 291
155 330
155 334
155 382
155 401
155 404
155 406
155 418
155 467
155 472
155 481
155 492
155 520
155 529
155 542
155 565
155 621
155 633
155 661
155 669
155 710
155 738
155 741
155 760
155 777
155 779
155 849
155 886
155 890
155 898
155 921
156 174
156 230
156 246
156 247
156 257
156 308
156 327
156 597
156 686
156 693
156 695
156 774
156 779
156 781
156 793
156 796
156 840
156 868
156 903
156 976
157 162
157 194
157 211
157 230
157 245
157 253
157 297
157 302
157 310
157 331
157 350
157 382
157 398
157 406
157 411
157 430
157 432
157 462
157 519
157 548
157 555
157 568
157 590
157 619
157 679
157 700
157 750
157 778
157 786
157 814
157 876
157 894
157 917
157 980
158 169
158 183
158 211
158 214
158 222
158 224
158 227
158 305
158 314
158 402
158 447
158 466
158 470
158 471
158 485
158 509
158 562
158 568
158 601
158 608
158 621
158 626
158 682
158 763
158 772
158 789
158 811
158 883
158 895
158 904
158 906
158 922
158 928
158 948
158 970
159 163
159 174
159 182
159 304
159 350
159 424
159 441
159 455
159 484
159 542
159 561
159 568
159 581
159 583
159 586
159 626
159 645
159 655
159 707
159 717
159 724
159 749
159 751
159 802
159 840
159 857
159 878
159 884
159 897
159 915
159 968
160 283
160 286
160 295
160 326
160 345
160 369
160 411
160 469
160 519
160 589
160 620
160 687
160 691
160 724
160 799
160 881
160 885
160 994
161 207
161 209
161 303
161 324
161 379
161 421
161 440
161 452
161 456
161 483
161 510
161 540
161 565
161 633
161 668
161 710
161 725
161 729
161 732
161 759
161 779
161 838
161 920
161 926
161 956
161 959
161 968
161 982
161 983
161 991
162 185
162 225
162 267
162 270
162 276
162 340
162 379
162 404
162 475
162 487
162 626
162 708
162 716
162 790
162 814
162 852
162 862
162 909
162 916
162 987
163 171
163 230
163 363
163 509
163 567
163 750
163 791
163 806
163 839
163 856
163 890
163 924
164 284
164 304
164 400
164 473
164 478
164 497
164 634
164 773
164 787
164 849
164 861
164 925
165 173
165 178
165 186
165 194
165 247
165 259
165 284
165 317
165 319
165 326
165 366
165 368
165 369
165 388
165 403
165 502
165 531
165 561
165 591
165 596
165 625
165 637
165 677
165 690
165 717
165 733
165 749
165 761
165 769
165 773
165 781
165 787
165 799
165 818
165 825
165 838
165 851
165 856
165 858
165 861
165 864
165 865
165 888
165 910
165 930
165 950
166 232
166 246
166 275
166 322
166 386
166 393
166 416
166 426
166 446
166 454
166 471
166 498
166 508
166 519
166 537
166 571
166 572
166 584
166 597
166 673
166 676
166 683
166 693
166 740
166 845
166 921
166 988
167 198
167 240
167 262
167 404
167 486
167 497
167 521
167 558
167 627
167 630
167 636
167 662
167 721
167 791
167 793
167 853
167 904
167 911
167 913
167 918
167 986
167 989
167 997
168 170
168 329
168 376
168 411
168 442
168 573
168 625
168 642
168 703
168 762
168 777
168 848
168 874
168 893
168 971
169 202
169 255
169 261
169 272
169 316
169 317
169 344
169 413
169 487
169 490
169 498
169 563
169 611
169 624
169 662
169 702
169 727
169 777
169 789
169 861
169 863
170 293
170 419
170 443
170 505
170 518
170 560
170 603
170 654
170 796
170 834
170 851
170 875
170 896
170 937
170 994
171 187
171 199
171 239
171 256
171 262
171 264
171 269
171 272
171 290
171 327
171 330
171 347
171 357
171 371
171 406
171 414
171 464
171 509
171 537
171 560
171 565
171 580
171 590
171 593
171 647
171 661
171 690
171 695
171 696
171 727
171 735
171 745
171 793
171 797
171 822
171 952
171 971
171 999
172 183
172 187
172 211
172 220
172 224
172 238
172 251
172 258
172 291
172 294
172 336
172 360
172 363
172 379
172 384
172 403
172 414
172 449
172 453
172 474
172 481
172 498
172 506
172 523
172 541
172 562
172 564
172 567
172 579
172 582
172 642
172 647
172 661
172 715
172 735
172 805
172 816
172 920
172 992
173 183
173 313
173 335
173 401
173 442
173 453
173 468
173 484
173 503
173 506
173 533
173 657
173 750
173 752
173 773
173 806
173 810
173 848
173 956
173 979
174 187
174 208
174 218
174 278
174 288
174 298
174 304
174 310
174 321
174 323
174 350
174 367
174 403
174 411
174 425
174 436
174 485
174 532
174 606
174 616
174 632
174 649
174 661
174 692
174 701
174 766
174 775
174 780
174 787
174 789
174 841
174 875
174 880
174 891
174 903
174 952
175 177
175 229
175 337
175 348
175 425
175 429
175 439
175 487
175 720
175 728
175 790
175 847
175 921
176 212
176 245
176 389
176 531
176 602
176 639
176 671
176 686
176 696
176 746
176 863
176 873
176 905
176 921
177 187
177 263
177 307
177 427
177 441
177 463
177 498
177 521
177 549
177 621
177 671
177 762
177 847
177 880
177 881
177 933
177 971
178 292
178 332
178 369
178 378
178 485
178 487
178 503
178 549
178 637
178 638
178 740
178 757
178 805
179 221
179 249
179 295
179 352
179 362
179 383
179 394
179 424
179 450
179 530
179 555
179 570
179 601
179 642
179 730
179 753
179 760
179 766
179 806
179 850
179 933
179 936
180 212
180 354
180 364
180 366
180 393
180 408
180 452
180 477
180 510
180 578
180 682
180 690
180 696
180 707
180 733
180 737
180 760
180 772
180 777
180 848
180 868
180 877
180 922
181 186
181 266
181 317
181 325
181 349
181 352
181 418
181 441
181 449
181 568
181 604
181 695
181 699
181 702
181 713
181 762
181 981
182 189
182 193
182 200
182 208
182 212
182 214
182 219
182 240
182 314
182 333
182 348
182 367
182 416
182 423
182 429
182 455
182 491
182 496
182 501
182 565
182 579
182 601
182 624
182 625
182 634
182 642
182 656
182 677
182 707
182 737
182 760
182 773
182 787
182 788
182 792
182 807
182 849
182 863
182 917
182 966
183 214
183 247
183 266
183 291
183 329
183 369
183 372
183 382
183 397
183 422
183 447
183 485
183 504
183 532
183 554
183 605
183 612
183 639
183 680
183 745
183 772
183 815
183 826
183 832
183 963
183 988
184 233
184 234
184 276
184 421
184 441
184 503
184 531
184 554
184 564
184 650
184 801
184 865
184 900
184 917
184 986
184 990
184 994
185 224
185 281
185 287
185 321
185 379
185 493
185 495
185 677
185 806
185 838
185 846
185 862
185 972
186 197
186 204
186 228
186 246
186 261
186 280
186 285
186 332
186 333
186 343
186 371
186 402
186 422
186 431
186 435
186 454
186 527
186 547
186 566
186 572
186 581
186 588
186 608
186 614
186 615
186 624
186 634
186 638
186 641
186 648
186 649
186 653
186 679
186 734
186 742
186 823
186 851
186 873
186 902
186 911
186 913
186 915
186 917
186 927
186 944
186 949
186 958
187 193
187 204
187 209
187 214
187 216
187 272
187 305
187 312
187 326
187 350
187 432
187 433
187 436
187 542
187 544
187 549
187 565
187 569
187 611
187 710
187 711
187 724
187 730
187 763
187 778
187 797
187 805
187 814
187 818
187 840
187 887
187 947
187 998
188 212
188 241
188 242
188 275
188 385
188 610
188 660
188 702
188 736
188 862
188 867
188 873
188 947
189 212
189 350
189 390
189 426
189 505
189 588
189 604
189 631
189 706
189 727
189 819
189 928
189 999
190 215
190 254
190 289
190 352
190 375
190 473
190 478
190 560
190 565
190 637
190 638
190 645
190 785
190 826
190 869
190 918
191 241
191 247
191 281
191 320
191 338
191 413
191 453
191 469
191 494
191 500
191 798
191 833
191 915
191 956
191 991
192 364
192 384
192 388
192 567
192 608
192 622
192 645
192 687
192 703
192 721
192 796
192 798
192 801
192 892
192 979
193 299
193 319
193 374
193 406
193 421
193 429
193 509
193 529
193 560
193 612
193 626
193 652
193 695
193 705
193 707
193 711
193 714
193 716
193 724
193 765
193 772
193 774
193 787
193 811
193 814
193 840
193 896
193 899
193 904
193 937
193 960
193 971
194 196
194 245
194 273
194 276
194 367
194 392
194 441
194 484
194 550
194 556
194 571
194 616
194 618
194 694
194 712
194 716
194 771
194 810
194 834
194 868
194 884
194 890
194 922
194 938
194 944
194 959
194 970
194 984
195 302
195 316
195 323
195 356
195 412
195 425
195 528
195 586
195 622
195 687
195 689
195 712
195 812
195 949
195 983
196 233
196 238
196 240
196 245
196 275
196 286
196 316
196 321
196 352
196 354
196 355
196 406
196 441
196 494
196 498
196 556
196 581
196 591
196 618
196 634
196 651
196 664
196 768
196 809
196 851
196 884
196 893
196 894
196 927
196 938
196 941
196 949
196 960
197 314
197 355
197 392
197 436
197 446
197 516
197 532
197 565
197 665
197 818
197 914
197 944
198 286
198 395
198 434
198 478
198 493
198 495
198 511
198 545
198 596
198 629
198 642
198 717
198 860
198 863
198 926
199 228
199 241
199 274
199 299
199 331
199 486
199 492
199 545
199 646
199 647
199 675
199 713
199 811
199 818
199 878
199 962
199 963
200 291
200 307
200 441
200 730
200 764
200 799
200 851
201 255
201 271
201 273
201 400
201 455
201 480
201 490
201 535
201 537
201 552
201 554
201 614
201 648
201 710
201 711
201 775
201 831
201 979
201 991
202 243
202 284
202 371
202 409
202 433
202 437
202 510
202 516
202 541
202 545
202 592
202 620
202 636
202 638
202 649
202 696
202 709
202 716
202 763
202 779
202 795
202 817
202 866
202 887
202 892
202 913
202 920
202 991
203 234
203 385
203 396
203 429
203 445
203 671
203 905
203 907
203 987
203 988
204 250
204 333
204 401
204 416
204 463
204 491
204 531
204 579
204 623
204 659
204 684
204 711
204 765
204 777
205 249
205 309
205 380
205 416
205 467
205 489
205 526
205 563
205 672
205 709
205 724
205 761
205 820
205 832
205 863
206 260
206 382
206 383
206 395
206 402
206 446
206 469
206 481
206 512
206 519
206 535
206 577
206 635
206 719
206 766
206 774
206 779
206 798
206 824
206 838
206 850
206 884
206 947
206 997
207 314
207 316
207 373
207 396
207 434
207 550
207 554
207 623
207 648
207 686
207 773
207 781
207 788
207 929
207 949
207 960
208 244
208 385
208 452
208 492
208 533
208 617
208 718
208 745
208 791
208 823
208 960
208 991
209 275
209 286
209 295
209 326
209 357
209 416
209 438
209 446
209 546
209 553
209 582
209 633
209 686
209 738
209 743
209 763
209 780
209 806
209 839
209 840
209 847
209 886
209 915
209 921
210 215
210 265
210 300
210 322
210 379
210 403
210 417
210 427
210 502
210 505
210 527
210 665
210 697
210 716
210 747
210 760
210 842
210 870
210 898
210 907
210 912
210 913
210 915
210 922
210 951
211 212
211 320
211 409
211 847
211 857
211 875
211 938
212 272
212 291
212 320
212 321
212 328
212 349
212 385
212 431
212 433
212 439
212 453
212 505
212 511
212 552
212 653
212 656
212 667
212 683
212 688
212 707
212 728
212 807
212 810
212 818
212 823
212 827
212 888
212 912
212 933
213 371
213 392
213 538
213 552
213 554
213 623
213 812
213 851
213 876
213 917
213 918
213 921
213 942
213 943
213 954
214 249
214 257
214 264
214 287
214 336
214 397
214 473
214 515
214 568
214 685
214 810
214 819
214 854
214 868
214 913
214 918
215 235
215 345
215 348
215 387
215 392
215 419
215 420
215 438
215 478
215 514
215 523
215 549
215 638
215 649
215 655
215 662
215 711
215 977
216 225
216 262
216 311
216 388
216 443
216 480
216 692
216 713
216 730
216 880
216 952
217 220
217 239
217 250
217 261
217 281
217 353
217 374
217 421
217 430
217 453
217 495
217 504
217 602
217 647
217 673
217 705
217 712
217 756
217 764
217 779
217 796
217 823
217 871
217 891
218 240
218 398
218 416
218 459
218 488
218 507
218 550
218 636
218 672
218 690
218 849
218 894
218 938
219 262
219 270
219 396
219 434
219 463
219 470
219 496
219 527
219 561
219 573
219 665
219 669
219 685
219 744
219 822
219 830
219 871
219 905
220 240
220 247
220 258
220 264
220 296
220 309
220 330
220 340
220 390
220 391
220 416
220 465
220 543
220 592
220 612
220 634
220 641
220 643
220 670
220 708
220 715
220 720
220 740
220 747
220 800
220 802
220 825
220 868
220 870
220 878
220 879
220 890
220 907
221 294
221 320
221 393
221 404
221 446
221 485
221 604
221 607
221 647
221 683
221 698
221 757
221 770
221 777
221 823
222 225
222 292
222 401
222 430
222 441
222 463
222 468
222 597
222 611
222 647
222 756
222 757
222 770
222 778
222 806
222 810
222 826
222 877
222 933
223 291
223 358
223 415
223 443
223 541
223 676
223 687
223 689
223 733
223 740
223 855
223 914
223 965
223 980
224 251
224 263
224 265
224 297
224 301
224 316
224 337
224 353
224 356
224 369
224 373
224 430
224 478
224 519
224 564
224 592
224 610
224 627
224 630
224 770
224 790
224 808
224 811
224 821
224 855
224 880
224 883
224 910
224 937
224 966
224 984
225 236
225 242
225 267
225 307
225 323
225 355
225 357
225 386
225 431
225 432
225 433
225 457
225 538
225 542
225 651
225 680
225 687
225 797
225 801
225 812
225 827
225 848
225 852
225 895
225 905
225 906
225 949
225 988
226 327
226 348
226 550
226 796
226 826
226 869
226 980
227 232
227 469
227 503
227 544
227 567
227 629
227 634
227 679
227 716
227 759
227 788
227 815
227 847
227 966
228 254
228 269
228 347
228 392
228 406
228 419
228 509
228 539
228 866
228 881
228 893
228 908
228 920
229 275
229 279
229 291
229 312
229 315
229 373
229 378
229 383
229 396
229 471
229 545
229 546
229 549
229 563
229 617
229 619
229 621
229 656
229 672
229 673
229 679
229 772
229 774
229 780
229 787
229 789
229 852
229 856
229 872
229 885
229 921
230 244
230 248
230 329
230 336
230 352
230 366
230 412
230 418
230 460
230 476
230 596
230 616
230 633
230 644
230 648
230 656
230 657
230 684
230 712
230 735
230 759
230 763
230 777
230 978
231 235
231 259
231 353
231 374
231 419
231 556
231 649
231 661
231 672
231 727
231 763
231 934
231 964
231 991
232 237
232 240
232 303
232 309
232 310
232 311
232 333
232 367
232 379
232 393
232 394
232 413
232 432
232 457
232 483
232 540
232 548
232 587
232 604
232 614
232 651
232 657
232 658
232 661
232 683
232 734
232 738
232 766
232 794
232 798
232 811
232 837
232 851
232 874
232 895
232 918
232 936
232 940
232 989
232 999
233 280
233 345
233 354
233 429
233 457
233 462
233 481
233 510
233 512
233 636
233 738
233 793
233 844
233 879
233 880
233 952
233 983
233 1000
234 266
234 285
234 318
234 327
234 329
234 390
234 409
234 411
234 477
234 488
234 499
234 510
234 514
234 540
234 549
234 550
234 566
234 620
234 691
234 696
234 700
234 761
234 770
234 790
234 792
234 829
234 830
234 916
234 921
234 948
234 951
234 961
234 997
235 261
235 315
235 337
235 340
235 462
235 486
235 494
235 522
235 608
235 693
235 799
235 982
236 336
236 438
236 445
236 508
236 525
236 759
236 767
236 937
236 939
236 999
237 345
237 429
237 457
237 495
237 562
237 642
237 649
237 686
237 758
237 831
237 851
237 865
237 938
238 261
238 346
238 458
238 508
238 534
238 715
238 813
238 829
239 291
239 331
239 333
239 388
239 458
239 535
239 567
239 638
239 831
240 264
240 291
240 314
240 316
240 317
240 320
240 331
240 347
240 397
240 436
240 445
240 449
240 463
240 466
240 469
240 488
240 553
240 562
240 565
240 634
240 679
240 756
240 782
240 854
240 865
240 900
240 917
240 948
241 296
241 362
241 378
241 399
241 422
241 424
241 427
241 440
241 443
241 445
241 475
241 499
241 635
241 656
241 667
241 708
241 724
241 787
241 810
241 835
241 873
241 877
241 919
241 975
241 992
242 260
242 328
242 470
242 551
242 567
242 591
242 602
242 604
242 612
242 619
242 627
242 634
242 665
242 727
242 728
242 809
242 818
242 839
242 869
242 883
242 895
242 979
242 992
243 306
243 309
243 347
243 365
243 371
243 379
243 416
243 432
243 439
243 492
243 498
243 541
243 582
243 699
243 740
243 754
243 795
243 835
243 879
243 892
244 275
244 352
244 374
244 406
244 434
244 463
244 501
244 528
244 562
244 589
244 710
244 718
244 743
244 767
244 769
244 772
244 797
244 816
244 831
244 893
244 906
244 966
245 252
245 269
245 274
245 281
245 299
245 314
245 328
245 353
245 354
245 359
245 441
245 453
245 510
245 514
245 517
245 541
245 553
245 571
245 598
245 612
245 620
245 628
245 676
245 712
245 719
245 797
245 807
245 809
245 836
245 845
245 861
245 871
245 876
245 889
245 983
245 991
246 274
246 378
246 453
246 479
246 509
246 534
246 579
246 728
246 779
246 912
247 272
247 336
247 337
247 341
247 348
247 406
247 625
247 717
247 734
247 759
247 823
247 827
247 848
247 863
247 926
247 927
247 962
247 964
247 971
248 255
248 338
248 392
248 396
248 403
248 476
248 523
248 524
248 574
248 578
248 672
248 678
248 679
248 687
248 707
248 713
248 719
248 745
248 760
248 776
248 793
248 857
249 259
249 273
249 281
249 314
249 380
249 444
249 520
249 525
249 556
249 568
249 612
249 702
249 743
249 745
249 801
249 903
249 908
249 938
249 953
250 258
250 279
250 294
250 374
250 396
250 457
250 482
250 505
250 529
250 624
250 658
250 681
250 690
250 715
250 862
250 912
251 317
251 351
251 384
251 412
251 422
251 434
251 470
251 482
251 487
251 490
251 511
251 519
251 527
251 528
251 540
251 549
251 573
251 637
251 653
251 677
251 683
251 733
251 769
251 773
251 808
251 825
251 838
251 841
251 866
251 870
251 891
251 894
251 896
251 935
251 949
251 954
251 967
251 991
252 432
252 464
252 600
252 609
252 650
252 675
252 764
252 818
252 927
252 937
253 277
253 397
253 467
253 509
253 518
253 542
253 552
253 644
253 819
253 821
253 913
253 947
253 950
254 314
254 318
254 445
254 521
254 545
254 615
254 646
254 988
255 281
255 314
255 381
255 419
255 473
255 649
255 780
255 789
255 857
255 862
255 992
256 260
256 264
256 328
256 342
256 404
256 419
256 506
256 515
256 547
256 562
256 570
256 603
256 735
256 752
256 760
256 805
256 828
256 830
256 853
256 911
256 917
256 971
257 268
257 274
257 286
257 318
257 447
257 451
257 452
257 457
257 488
257 516
257 524
257 531
257 702
257 720
257 789
257 800
257 841
257 994
257 1000
258 357
258 457
258 528
258 529
258 575
258 582
258 589
258 618
258 657
258 675
258 806
258 989
259 322
259 411
259 448
259 531
259 557
259 620
259 629
259 630
259 634
259 667
259 759
259 777
259 798
259 807
259 826
259 877
259 927
259 973
260 364
260 425
260 493
260 578
260 588
260 670
260 681
260 780
260 877
260 909
260 923
260 929
260 998
261 277
261 335
261 347
261 381
261 423
261 462
261 581
261 583
261 614
261 635
261 693
261 718
261 727
261 747
261 777
261 788
261 806
261 810
261 891
261 897
261 906
261 922
261 932
261 939
261 947
261 970
261 981
261 994
262 420
262 541
262 550
262 704
262 841
262 862
262 894
263 306
263 399
263 469
263 482
263 597
263 612
263 619
263 673
263 719
263 760
263 805
263 825
263 979
264 374
264 388
264 410
264 417
264 419
264 456
264 513
264 552
264 563
264 584
264 586
264 601
264 604
264 691
264 709
264 794
264 823
264 824
264 862
264 886
264 925
264 934
264 965
264 979
264 987
265 285
265 344
265 369
265 599
265 629
265 683
265 730
265 739
265 765
265 796
265 883
265 969
265 987
266 274
266 286
266 316
266 320
266 322
266 386
266 485
266 551
266 567
266 648
266 675
266 702
266 759
266 785
266 844
266 910
266 912
266 936
266 950
266 951
267 275
267 340
267 519
267 546
267 572
267 630
267 853
267 867
267 988
268 276
268 350
268 371
268 423
268 469
268 531
268 538
268 551
268 562
268 758
268 875
268 880
269 331
269 341
269 342
269 396
269 442
269 532
269 571
269 602
269 615
269 649
269 653
269 707
269 711
269 750
269 882
269 914
269 952
270 289
270 352
270 400
270 404
270 412
270 469
270 475
270 480
270 597
270 621
270 834
270 858
270 968
271 273
271 459
271 508
271 541
271 649
271 687
271 734
271 759
271 769
271 958
271 971
272 305
272 320
272 388
272 396
272 425
272 429
272 500
272 509
272 514
272 569
272 577
272 592
272 622
272 623
272 661
272 678
272 707
272 793
272 802
272 822
272 831
272 832
272 833
272 879
272 912
272 920
272 964
272 990
273 288
273 365
273 374
273 419
273 442
273 562
273 627
273 632
273 652
273 707
273 799
273 875
273 881
273 884
273 976
274 301
274 312
274 335
274 342
274 348
274 369
274 383
274 392
274 418
274 429
274 450
274 463
274 498
274 504
274 513
274 526
274 540
274 545
274 586
274 610
274 632
274 635
274 651
274 702
274 732
274 744
274 791
274 801
274 802
274 851
274 865
274 890
274 937
274 960
274 965
274 969
275 315
275 316
275 373
275 416
275 418
275 505
275 524
275 539
275 567
275 621
275 670
275 673
275 702
275 740
275 859
275 921
275 953
276 298
276 334
276 338
276 351
276 378
276 439
276 492
276 510
276 535
276 567
276 613
276 615
276 622
276 667
276 803
276 833
276 841
276 858
276 882
276 895
276 896
276 901
276 918
276 965
277 338
277 379
277 392
277 419
277 470
277 625
277 707
277 730
277 779
277 952
278 302
278 357
278 392
278 445
278 447
278 454
278 487
278 496
278 656
278 660
278 665
278 669
278 722
278 740
278 786
278 788
278 835
278 952
279 331
279 423
279 428
279 514
279 522
279 563
279 614
279 620
279 707
279 742
279 835
279 849
279 893
280 387
280 398
280 403
280 405
280 407
280 409
280 432
280 437
280 479
280 502
280 541
280 556
280 565
280 591
280 658
280 683
280 702
280 719
280 761
280 762
280 937
281 340
281 361
281 373
281 375
281 389
281 400
281 424
281 476
281 483
281 484
281 537
281 576
281 624
281 661
281 695
281 711
281 787
281 788
281 795
281 802
281 821
281 839
281 842
281 853
281 858
281 931
281 946
281 971
281 988
282 314
282 333
282 341
282 468
282 475
282 489
282 493
282 496
282 507
282 553
282 611
282 616
282 638
282 788
282 851
282 866
282 960
282 991
283 426
283 446
283 478
283 527
283 578
283 587
283 705
283 771
283 788
283 793
283 822
283 903
283 974
283 991
284 312
284 475
284 485
284 529
284 572
284 608
284 649
284 687
284 730
284 789
284 798
284 832
284 886
284 888
284 930
284 938
284 975
285 291
285 319
285 320
285 361
285 414
285 480
285 495
285 552
285 565
285 595
285 608
285 619
285 629
285 649
285 676
285 702
285 703
285 789
285 958
285 967
286 304
286 323
286 390
286 401
286 440
286 471
286 474
286 489
286 513
286 526
286 555
286 578
286 605
286 628
286 630
286 634
286 716
286 733
286 753
286 754
286 766
286 787
286 838
286 842
286 881
286 915
286 916
287 452
287 469
287 508
287 570
287 574
287 607
287 633
287 668
287 702
287 786
287 929
288 289
288 293
288 323
288 440
288 445
288 496
288 673
288 702
288 739
288 740
288 752
288 871
288 878
288 911
288 958
289 329
289 419
289 454
289 474
289 585
289 593
289 596
289 673
289 687
289 849
289 907
289 915
290 345
290 349
290 369
290 509
290 565
290 577
290 678
290 702
290 732
290 793
290 859
290 961
291 294
291 317
291 320
291 328
291 349
291 391
291 396
291 398
291 411
291 440
291 451
291 485
291 490
291 497
291 502
291 512
291 518
291 548
291 571
291 572
291 612
291 653
291 676
291 694
291 725
291 760
291 788
291 808
291 842
291 847
291 917
291 929
291 988
292 360
292 373
292 392
292 460
292 469
292 481
292 484
292 490
292 498
292 548
292 556
292 602
292 605
292 618
292 633
292 651
292 662
292 681
292 733
292 761
292 781
292 786
292 808
292 823
292 835
292 839
292 855
292 864
292 875
292 892
292 904
292 911
292 915
292 928
292 938
292 968
292 978
292 980
292 991
292 994
293 304
293 343
293 397
293 400
293 402
293 424
293 425
293 429
293 466
293 475
293 509
293 600
293 632
293 652
293 727
293 816
293 846
293 849
293 873
293 918
293 928
293 945
293 951
293 961
293 985
294 304
294 431
294 473
294 487
294 572
294 694
294 951
295 309
295 321
295 329
295 335
295 355
295 365
295 395
295 492
295 504
295 596
295 645
295 648
295 656
295 663
295 664
295 706
295 707
295 730
295 740
295 801
295 811
295 812
295 821
295 844
295 860
295 923
296 380
296 442
296 583
296 717
296 849
296 868
296 885
296 972
297 320
297 338
297 416
297 434
297 440
297 441
297 463
297 484
297 568
297 596
297 677
297 678
297 716
297 720
297 817
297 821
297 838
297 862
297 870
298 314
298 357
298 495
298 657
298 713
298 718
298 933
298 944
298 980
299 339
299 360
299 396
299 411
299 425
299 457
299 470
299 567
299 577
299 584
299 616
299 657
299 690
299 695
299 732
299 752
299 896
299 903
299 971
299 989
300 316
300 350
300 418
300 434
300 506
300 534
300 651
300 667
300 699
300 743
300 855
300 905
300 945
301 304
301 315
301 329
301 380
301 383
301 426
301 528
301 543
301 576
301 616
301 721
301 785
301 805
301 809
301 859
301 956
301 983
301 996
302 303
302 344
302 392
302 422
302 429
302 442
302 458
302 510
302 512
302 532
302 567
302 600
302 668
302 707
302 735
302 764
302 807
302 820
302 877
302 879
302 926
302 969
303 320
303 380
303 531
303 625
303 656
303 682
303 688
303 690
303 759
303 770
303 823
303 936
304 404
304 441
304 443
304 464
304 491
304 504
304 505
304 542
304 562
304 586
304 606
304 638
304 640
304 646
304 665
304 676
304 678
304 704
304 720
304 797
304 822
304 837
304 842
304 847
304 859
304 893
304 915
304 921
304 924
304 978
304 990
305 403
305 437
305 469
305 572
305 598
305 599
305 692
305 710
305 799
305 827
305 867
305 884
305 889
305 913
305 986
306 322
306 388
306 474
306 505
306 509
306 528
306 549
306 563
306 587
306 689
306 729
306 734
306 772
306 778
306 807
306 845
306 914
307 347
307 447
307 485
307 603
307 692
307 862
307 986
308 311
308 318
308 327
308 389
308 403
308 485
308 502
308 545
308 623
308 669
308 787
308 826
308 828
308 845
308 854
308 911
308 968
309 324
309 354
309 371
309 377
309 378
309 404
309 431
309 471
309 476
309 567
309 667
309 680
309 731
309 737
309 742
309 745
309 746
309 748
309 805
309 809
309 825
309 831
309 832
309 878
309 912
309 914
309 959
309 961
309 999
310 360
310 443
310 469
310 485
310 501
310 525
310 589
310 606
310 627
310 675
310 752
310 808
310 861
310 886
310 893
310 894
310 898
310 907
310 934
311 386
311 392
311 573
311 662
311 669
311 693
311 773
311 795
311 819
311 894
311 917
311 965
312 342
312 365
312 369
312 430
312 445
312 516
312 554
312 615
312 641
312 650
312 665
312 680
312 687
312 688
312 714
312 733
312 736
312 739
312 843
312 918
313 343
313 443
313 458
313 551
313 586
313 621
313 691
313 696
313 747
313 802
313 860
313 861
313 867
313 878
313 883
313 893
313 935
313 978
314 353
314 406
314 424
314 438
314 459
314 468
314 487
314 519
314 530
314 542
314 571
314 578
314 581
314 668
314 687
314 719
314 722
314 734
314 736
314 739
314 743
314 747
314 763
314 789
314 819
314 849
314 858
314 864
314 866
314 881
314 911
314 922
314 937
314 971
314 997
315 408
315 416
315 438
315 511
315 611
315 727
315 746
315 775
315 861
315 874
315 896
315 933
315 968
316 319
316 331
316 347
316 357
316 370
316 380
316 388
316 439
316 445
316 486
316 487
316 549
316 557
316 581
316 596
316 609
316 636
316 646
316 667
316 680
316 713
316 715
316 727
316 743
316 751
316 756
316 757
316 820
316 830
316 844
316 846
316 877
316 884
316 900
316 912
316 926
316 933
316 963
316 971
316 994
316 998
317 329
317 330
317 340
317 352
317 379
317 391
317 419
317 457
317 459
317 465
317 528
317 531
317 596
317 741
317 775
317 777
317 786
317 824
317 835
317 859
317 927
317 945
318 334
318 421
318 424
318 453
318 471
318 532
318 535
318 582
318 668
318 686
318 715
318 738
318 747
318 818
318 819
318 875
318 878
318 901
318 926
318 929
318 937
319 391
319 458
319 719
319 743
319 754
319 909
319 946
320 336
320 357
320 381
320 411
320 428
320 435
320 456
320 472
320 493
320 546
320 550
320 567
320 575
320 609
320 644
320 664
320 669
320 703
320 721
320 725
320 736
320 762
320 773
320 782
320 808
320 815
320 843
320 853
320 858
320 860
320 891
320 898
320 905
320 952
321 347
321 419
321 500
321 535
321 578
321 650
321 658
321 661
321 782
321 815
321 921
321 944
321 983
321 987
322 373
322 484
322 638
322 660
322 739
322 771
322 813
322 832
323 360
323 369
323 411
323 453
323 481
323 505
323 547
323 625
323 634
323 651
323 740
323 760
323 777
323 843
324 398
324 503
324 511
324 627
324 642
324 692
324 740
324 765
324 882
324 920
324 973
325 386
325 391
325 394
325 400
325 445
325 475
325 509
325 578
325 583
325 614
325 688
325 725
325 764
325 777
325 794
325 805
325 847
325 868
325 880
325 912
325 917
325 972
326 382
326 404
326 530
326 572
326 596
326 608
326 619
326 687
326 707
326 870
326 884
326 935
326 976
327 336
327 358
327 363
327 411
327 459
327 498
327 570
327 573
327 576
327 623
327 636
327 672
327 799
327 804
327 835
327 895
327 964
328 416
328 437
328 469
328 573
328 638
328 658
328 784
328 977
329 340
329 365
329 444
329 527
329 533
329 556
329 645
329 703
329 720
329 722
329 724
329 740
329 763
329 777
329 783
329 921
329 941
329 972
329 973
329 991
329 997
330 339
330 413
330 447
330 576
330 640
330 681
330 797
330 814
330 821
330 822
330 909
331 368
331 373
331 438
331 442
331 444
331 449
331 476
331 500
331 505
331 528
331 552
331 563
331 580
331 585
331 590
331 636
331 637
331 662
331 696
331 699
331 719
331 733
331 784
331 830
331 845
331 853
331 856
331 873
331 879
331 883
331 914
331 931
331 966
331 972
331 977
331 998
332 356
332 411
332 435
332 588
332 669
332 694
332 747
332 785
332 879
332 890
332 914
332 917
332 928
332 936
332 954
332 991
333 356
333 364
333 457
333 474
333 520
333 553
333 560
333 594
333 646
333 731
333 813
333 921
333 926
333 968
333 973
333 993
334 364
334 439
334 524
334 552
334 691
334 740
334 798
334 986
335 370
335 440
335 467
335 488
335 491
335 581
335 616
335 621
335 668
335 770
335 773
335 801
335 811
335 851
335 866
335 911
335 919
335 965
335 987
336 379
336 381
336 435
336 437
336 455
336 502
336 531
336 536
336 596
336 599
336 625
336 638
336 667
336 692
336 715
336 746
336 773
336 785
336 786
336 846
336 865
336 868
336 871
336 886
336 910
336 950
336 970
336 972
336 982
336 983
336 997
337 480
337 562
337 591
337 698
337 712
337 807
337 812
338 340
338 368
338 371
338 373
338 380
338 410
338 429
338 472
338 501
338 507
338 512
338 531
338 594
338 611
338 617
338 649
338 687
338 754
338 764
338 849
338 868
338 918
338 928
338 960
338 1000
339 354
339 529
339 560
339 570
339 671
339 705
339 713
339 793
339 978
339 983
340 357
340 519
340 541
340 596
340 698
340 727
340 748
340 749
340 766
340 851
340 865
340 980
340 994
341 355
341 357
341 377
341 445
341 870
341 918
341 954
342 348
342 447
342 464
342 466
342 470
342 488
342 514
342 537
342 553
342 576
342 649
342 651
342 678
342 781
342 800
342 806
342 820
342 841
342 844
342 847
342 866
342 883
342 884
342 897
342 962
343 428
343 463
343 470
343 495
343 795
343 799
343 811
343 821
343 827
343 835
343 852
343 854
343 863
343 880
344 375
344 391
344 451
344 484
344 490
344 572
344 663
344 912
344 928
344 952
344 987
345 349
345 403
345 411
345 474
345 656
345 707
345 787
345 797
345 828
345 889
345 903
345 912
345 937
345 971
346 371
346 430
346 572
346 573
346 638
346 647
346 671
346 674
346 771
346 899
346 934
347 349
347 366
347 371
347 391
347 392
347 399
347 410
347 429
347 521
347 530
347 566
347 605
347 636
347 651
347 677
347 704
347 729
347 741
347 786
347 862
347 875
347 889
347 952
347 971
348 374
348 506
348 532
348 551
348 554
348 567
348 577
348 596
348 625
348 643
348 667
348 716
348 717
348 761
348 839
348 851
348 866
348 894
348 908
348 926
348 950
348 964
349 361
349 401
349 421
349 441
349 468
349 485
349 498
349 565
349 573
349 625
349 656
349 675
349 676
349 679
349 684
349 690
349 691
349 704
349 739
349 789
349 830
349 848
349 862
349 896
350 361
350 363
350 389
350 407
350 424
350 450
350 455
350 459
350 483
350 484
350 506
350 513
350 538
350 574
350 578
350 593
350 594
350 596
350 642
350 652
350 664
350 668
350 739
350 792
350 798
350 847
350 890
350 928
350 948
350 968
350 998
351 368
351 417
351 634
351 639
351 645
351 713
351 764
351 772
352 367
352 374
352 380
352 416
352 417
352 465
352 534
352 535
352 578
352 593
352 624
352 710
352 715
352 763
352 775
352 806
352 857
352 880
352 914
352 919
352 941
352 975
353 452
353 723
353 772
353 810
353 817
353 849
353 952
353 955
354 379
354 481
354 531
354 550
354 571
354 583
354 596
354 621
354 650
354 661
354 669
354 712
354 769
354 806
354 807
354 903
354 931
354 974
354 987
355 379
355 396
355 443
355 473
355 505
355 642
355 645
355 764
355 805
355 866
355 971
356 369
356 436
356 460
356 603
356 759
356 777
356 793
356 824
356 856
356 890
357 361
357 385
357 390
357 392
357 422
357 437
357 463
357 468
357 549
357 578
357 588
357 601
357 706
357 709
357 730
357 808
357 850
357 953
357 993
358 388
358 406
358 451
358 485
358 623
358 641
358 649
358 715
358 783
358 786
358 812
358 835
358 841
359 430
359 561
359 567
359 816
359 885
359 928
359 935
360 415
360 512
360 701
360 712
360 789
360 799
360 808
360 819
360 923
361 395
361 454
361 475
361 486
361 514
361 531
361 572
361 573
361 590
361 641
361 656
361 669
361 683
361 806
361 962
361 971
361 974
361 994
362 398
362 403
362 406
362 463
362 465
362 494
362 585
362 603
362 621
362 625
362 637
362 707
362 762
362 773
362 914
362 934
362 966
362 980
363 492
363 497
363 523
363 625
363 634
363 645
363 691
363 696
363 773
363 860
363 880
363 911
363 925
363 945
364 608
364 690
364 691
364 739
364 793
364 796
364 901
364 912
364 976
364 993
365 376
365 425
365 584
365 596
365 637
365 899
366 475
366 565
366 588
366 634
366 661
366 705
366 821
366 839
366 856
366 864
366 867
366 884
366 903
366 921
367 404
367 453
367 565
367 628
367 669
367 913
367 950
367 970
367 971
367 974
368 369
368 379
368 488
368 515
368 546
368 641
368 706
368 753
368 767
368 855
368 960
368 989
368 994
369 392
369 400
369 418
369 423
369 425
369 429
369 466
369 489
369 493
369 608
369 612
369 615
369 622
369 669
369 724
369 725
369 730
369 760
369 762
369 766
369 780
369 781
369 785
369 792
369 838
369 839
369 862
369 868
369 895
369 914
369 918
369 928
370 415
370 496
370 539
370 543
370 544
370 566
370 574
370 637
370 927
370 950
370 971
370 978
370 987
370 991
371 373
371 399
371 420
371 465
371 477
371 483
371 488
371 514
371 521
371 532
371 564
371 575
371 596
371 627
371 667
371 671
371 683
371 689
371 709
371 721
371 847
371 891
371 913
371 922
371 982
371 999
371 1000
372 634
372 639
372 808
372 845
372 855
372 965
372 987
372 988
373 429
373 461
373 522
373 567
373 585
373 597
373 649
373 717
373 739
373 760
373 775
373 795
373 866
373 907
373 938
373 944
373 962
373 969
373 989
373 992
374 384
374 392
374 394
374 422
374 567
374 596
374 632
374 665
374 672
374 730
374 754
374 793
374 870
374 885
374 937
374 941
374 959
374 980
374 987
375 381
375 414
375 417
375 493
375 629
375 701
375 749
375 758
375 835
375 863
375 921
375 930
375 999
376 378
376 515
376 564
376 630
376 702
376 730
376 764
376 822
376 856
376 958
376 979
377 419
377 475
377 701
377 803
377 805
377 855
377 894
377 938
378 418
378 472
378 488
378 573
378 665
378 734
378 739
378 784
378 853
378 878
378 937
379 401
379 404
379 412
379 436
379 463
379 493
379 496
379 516
379 520
379 521
379 534
379 548
379 554
379 573
379 585
379 616
379 631
379 644
379 653
379 687
379 711
379 769
379 770
379 801
379 881
379 891
379 892
379 931
379 947
379 949
379 968
379 996
380 388
380 396
380 437
380 505
380 518
380 522
380 529
380 532
380 575
380 603
380 634
380 678
380 764
380 770
380 777
380 789
380 821
380 832
380 855
380 930
380 966
380 969
381 396
381 440
381 471
381 582
381 612
381 687
381 689
381 725
381 741
381 798
381 806
381 875
382 455
382 532
382 546
382 603
382 673
382 768
382 850
382 921
382 983
383 498
383 526
383 527
383 552
383 725
383 730
383 861
383 894
383 901
383 964
384 422
384 423
384 441
384 460
384 473
384 509
384 536
384 576
384 791
384 843
384 871
384 938
384 967
384 969
384 991
385 442
385 449
385 484
385 487
385 523
385 604
385 630
385 652
385 668
385 705
385 740
385 873
385 917
385 918
385 923
386 415
386 419
386 559
386 560
386 585
386 637
386 683
386 801
386 843
386 849
386 900
386 925
386 934
386 978
387 567
387 607
387 695
387 740
387 763
387 810
387 874
387 947
388 416
388 422
388 429
388 450
388 471
388 474
388 490
388 504
388 530
388 535
388 536
388 542
388 585
388 650
388 665
388 667
388 687
388 728
388 734
388 743
388 772
388 856
388 867
388 868
388 880
388 886
388 908
388 915
388 982
388 983
388 996
389 435
389 568
389 586
389 656
389 688
389 803
389 845
389 881
389 892
389 901
389 951
389 956
389 958
389 960
390 405
390 419
390 432
390 452
390 507
390 517
390 560
390 567
390 571
390 579
390 661
390 670
390 675
390 699
390 747
390 814
390 819
390 837
390 939
390 944
390 951
390 964
390 1000
391 418
391 425
391 500
391 570
391 586
391 589
391 669
391 674
391 719
391 726
391 759
391 786
391 839
391 844
391 928
391 955
391 962
392 414
392 472
392 485
392 489
392 522
392 529
392 575
392 641
392 643
392 707
392 720
392 781
392 836
392 837
392 844
392 863
392 876
392 895
392 909
392 922
392 926
392 937
392 942
392 986
392 992
392 999
392 1000
393 498
393 511
393 524
393 550
393 583
393 655
393 763
393 773
393 853
393 859
393 887
393 914
393 975
394 413
394 429
394 459
394 503
394 557
394 562
394 632
394 640
394 649
394 657
394 669
394 713
394 727
394 763
394 831
394 882
394 885
394 896
394 978
395 419
395 476
395 522
395 538
395 564
395 687
395 734
395 740
395 841
395 895
395 937
395 955
395 961
396 434
396 467
396 515
396 545
396 546
396 575
396 605
396 635
396 658
396 696
396 707
396 711
396 764
396 765
396 822
396 847
396 867
396 896
396 923
396 939
396 981
397 475
397 524
397 608
397 754
397 760
398 423
398 429
398 441
398 458
398 479
398 482
398 498
398 503
398 589
398 618
398 662
398 668
398 673
398 730
398 744
398 779
398 803
398 822
398 852
398 880
398 881
398 883
398 944
398 953
398 962
398 985
398 986
399 437
399 458
399 625
399 638
399 665
399 672
399 702
399 740
399 786
399 823
399 925
400 414
400 419
400 428
400 442
400 455
400 477
400 506
400 587
400 593
400 749
400 770
400 787
400 796
400 855
400 903
400 963
400 988
400 989
401 469
401 556
401 596
401 678
401 693
401 744
402 499
402 661
402 702
402 912
402 952
402 982
402 999
403 439
403 484
403 540
403 556
403 608
403 651
403 698
403 712
403 741
403 770
403 806
403 833
403 840
403 860
403 862
403 870
403 914
403 921
403 946
403 1000
404 484
404 571
404 593
404 656
404 712
404 787
404 875
404 882
404 888
404 911
404 936
404 938
404 954
404 960
404 968
405 412
405 478
405 483
405 532
405 612
405 617
405 649
405 676
405 763
405 824
405 911
405 936
405 939
405 979
406 479
406 639
406 676
406 728
406 793
406 802
407 440
407 516
407 596
407 597
407 718
407 764
407 821
407 828
407 834
407 870
408 413
408 415
408 616
408 771
408 786
408 806
408 895
408 983
409 462
409 498
409 499
409 693
409 694
409 730
409 749
409 841
409 843
409 859
409 872
409 878
409 881
409 885
409 915
409 924
410 427
410 575
410 604
410 620
410 634
410 643
410 734
410 740
410 749
410 805
410 819
410 835
410 849
410 936
411 430
411 432
411 448
411 450
411 482
411 491
411 513
411 520
411 540
411 541
411 544
411 575
411 582
411 595
411 597
411 702
411 708
411 714
411 715
411 719
411 744
411 763
411 770
411 784
411 823
411 866
411 883
411 969
411 976
412 432
412 580
412 615
412 695
412 785
412 849
412 869
412 922
412 952
412 965
412 987
412 991
412 992
413 417
413 436
413 484
413 513
413 517
413 538
413 582
413 595
413 637
413 668
413 672
413 683
413 793
413 818
413 822
413 832
413 857
413 890
413 895
413 937
413 967
414 464
414 471
414 677
414 730
414 736
414 814
414 841
414 891
414 940
414 998
415 425
415 440
415 481
415 484
415 552
415 580
415 588
415 615
415 629
415 634
415 748
415 795
415 804
415 823
415 836
415 855
415 898
415 928
415 974
415 998
416 423
416 429
416 446
416 447
416 461
416 484
416 500
416 535
416 537
416 546
416 553
416 563
416 618
416 670
416 673
416 680
416 690
416 693
416 710
416 720
416 740
416 780
416 799
416 838
416 843
416 846
416 925
416 933
416 937
416 953
416 957
416 990
417 433
417 461
417 469
417 499
417 541
417 581
417 618
417 656
417 668
417 696
417 712
417 713
417 714
417 716
417 771
417 809
417 826
417 831
417 845
417 861
417 866
417 912
417 983
417 987
418 424
418 431
418 441
418 473
418 508
418 576
418 628
418 633
418 675
418 680
418 683
418 728
418 799
418 865
418 883
418 925
419 469
419 478
419 480
419 482
419 512
419 545
419 559
419 580
419 600
419 615
419 617
419 656
419 658
419 733
419 738
419 773
419 830
419 839
419 844
419 852
419 864
419 884
419 969
419 995
419 1000
420 496
420 509
420 608
420 660
420 705
420 819
420 842
420 870
420 898
420 988
420 993
421 437
421 441
421 471
421 503
421 611
421 642
421 649
421 678
421 718
421 730
421 734
421 805
421 838
421 872
421 925
421 930
421 937
421 939
422 429
422 459
422 473
422 474
422 549
422 627
422 639
422 667
422 684
422 710
422 771
422 832
422 864
422 875
422 889
422 928
423 473
423 536
423 613
423 636
423 667
423 669
423 866
423 925
423 927
423 938
423 976
423 989
424 535
424 562
424 610
424 618
424 629
424 665
424 702
424 717
424 815
424 881
424 884
424 903
424 922
424 944
425 437
425 462
425 468
425 487
425 490
425 567
425 578
425 586
425 593
425 612
425 617
425 645
425 659
425 690
425 705
425 710
425 738
425 740
425 742
425 744
425 751
425 787
425 800
425 802
425 807
425 823
425 825
425 832
425 847
425 871
425 895
425 915
425 923
425 928
425 951
425 985
426 440
426 638
426 673
426 744
427 437
427 457
427 475
427 546
427 622
427 675
427 705
427 726
427 729
427 762
427 850
427 986
428 461
428 538
428 549
428 557
428 806
428 851
428 866
428 917
428 982
428 991
429 447
429 455
429 463
429 499
429 519
429 540
429 554
429 669
429 716
429 775
429 800
429 806
429 834
429 840
429 866
429 911
429 941
429 962
429 993
430 459
430 831
430 915
430 917
430 929
431 446
431 743
431 787
431 796
431 817
431 822
432 504
432 512
432 530
432 545
432 563
432 582
432 590
432 719
432 753
432 764
432 809
432 866
432 915
432 940
432 995
433 443
433 471
433 474
433 487
433 560
433 781
433 814
433 832
433 845
433 877
433 881
433 971
433 999
434 441
434 475
434 568
434 585
434 603
434 652
434 687
434 696
434 707
434 718
434 754
434 756
434 797
434 808
434 828
434 836
434 866
434 878
434 897
434 921
434 950
434 971
435 449
435 482
435 690
435 805
435 819
435 842
435 852
435 897
435 917
435 952
435 962
436 457
436 498
436 529
436 573
436 577
436 608
436 758
436 777
436 937
436 963
436 964
437 594
437 604
437 644
437 657
437 660
437 684
437 687
437 722
437 805
437 810
437 847
437 896
437 905
438 535
438 632
438 687
438 870
438 876
438 890
438 893
438 938
438 971
439 470
439 481
439 526
439 597
439 658
439 687
439 707
439 762
439 793
439 813
439 979
440 550
440 585
440 597
440 626
440 639
440 643
440 675
440 677
440 733
440 734
440 770
440 783
440 822
440 842
440 859
440 862
440 932
440 936
441 459
441 484
441 524
441 543
441 575
441 641
441 656
441 669
441 675
441 689
441 712
441 729
441 739
441 768
441 770
441 797
441 801
441 815
441 848
441 855
441 935
441 949
441 969
441 971
441 981
442 475
442 495
442 502
442 508
442 523
442 552
442 562
442 585
442 634
442 667
442 678
442 707
442 732
442 799
442 812
442 822
442 828
442 843
442 847
442 868
442 878
442 893
442 925
442 956
442 982
442 991
443 445
443 525
443 534
443 567
443 568
443 641
443 667
443 818
443 857
443 893
443 904
443 922
443 981
443 988
444 634
444 647
444 707
444 712
444 734
444 779
444 791
444 822
445 454
445 509
445 560
445 608
445 629
445 669
445 687
445 698
445 724
445 733
445 763
445 765
445 780
445 786
445 794
445 856
445 882
445 894
445 978
446 449
446 466
446 469
446 546
446 578
446 603
446 622
446 635
446 640
446 651
446 670
446 675
446 740
446 764
446 780
446 782
446 859
446 890
446 896
446 921
446 933
446 961
446 985
447 457
447 458
447 461
447 499
447 670
447 715
447 771
447 841
447 860
447 897
447 910
447 985
448 467
448 546
448 700
448 705
448 763
448 847
449 467
449 487
449 546
449 581
449 585
449 720
449 737
449 770
449 776
449 787
449 834
449 875
449 911
450 491
450 579
450 601
450 613
450 618
450 653
450 660
450 664
450 665
450 675
450 683
450 712
450 748
450 755
450 787
450 832
450 849
450 865
450 934
450 949
450 953
450 960
451 470
451 472
451 484
451 519
451 580
451 593
451 594
451 745
451 962
451 982
452 475
452 588
452 616
453 538
453 617
453 637
453 805
453 849
453 862
453 864
453 933
454 478
454 530
454 604
454 649
454 723
454 917
454 923
454 949
455 480
455 516
455 567
455 618
455 682
455 707
455 716
455 721
455 747
455 799
455 866
455 911
455 915
455 967
455 982
455 991
455 997
456 484
456 514
456 543
456 562
456 587
456 698
456 707
456 713
456 736
456 739
456 833
456 849
456 875
456 914
457 501
457 506
457 523
457 526
457 561
457 579
457 591
457 609
457 621
457 661
457 692
457 715
457 794
457 799
457 802
457 830
457 836
457 839
457 855
457 862
457 871
457 888
457 952
457 974
457 976
458 528
458 573
458 594
458 617
458 656
458 669
458 672
458 675
458 681
458 688
458 693
458 724
458 756
458 776
458 778
458 822
458 840
458 864
458 879
458 888
458 900
458 904
458 920
458 930
458 933
458 979
459 468
459 479
459 495
459 531
459 537
459 573
459 596
459 637
459 684
459 724
459 727
459 740
459 747
459 817
459 853
459 947
459 985
459 993
459 995
460 565
460 593
460 626
460 650
460 797
460 822
460 833
460 960
461 518
461 570
461 585
461 586
461 658
461 717
461 729
461 735
461 750
461 756
461 763
461 781
461 792
461 806
461 812
461 901
461 937
461 949
461 964
462 535
462 591
462 619
462 631
462 657
462 658
462 668
462 733
462 763
462 791
463 469
463 481
463 560
463 625
463 715
463 747
463 858
463 875
464 476
464 524
464 607
464 615
464 634
464 704
464 784
464 912
464 925
465 558
465 565
465 749
465 752
465 773
465 814
465 862
465 864
466 518
466 556
466 593
466 595
466 644
466 826
466 866
466 925
466 939
466 982
466 992
467 484
467 544
467 572
467 616
467 654
467 657
467 759
467 767
467 836
467 838
467 886
467 974
467 983
467 1000
468 484
468 516
468 566
468 572
468 633
468 733
468 836
468 860
468 926
469 481
469 488
469 529
469 591
469 597
469 634
469 653
469 668
469 674
469 688
469 745
469 795
469 823
469 851
469 859
469 867
469 883
469 894
469 937
469 969
469 973
469 979
470 475
470 536
470 549
470 559
470 570
470 642
470 707
470 755
470 802
470 805
470 812
470 836
470 857
470 917
470 935
470 1000
471 484
471 512
471 584
471 611
471 627
471 643
471 681
471 686
471 726
471 727
471 803
471 836
471 845
471 867
471 945
471 969
471 997
472 506
472 582
472 702
472 726
472 739
472 747
472 803
472 805
472 838
472 847
472 870
472 939
473 548
473 549
473 575
473 670
473 684
473 705
473 716
473 763
473 786
473 788
473 829
473 841
473 849
473 892
473 903
473 908
473 928
474 524
474 582
474 637
474 661
474 681
474 729
474 829
474 917
475 488
475 506
475 544
475 549
475 570
475 580
475 588
475 662
475 677
475 681
475 688
475 739
475 823
475 826
475 832
475 844
475 847
475 885
475 919
475 938
475 952
475 964
475 999
476 500
476 538
476 572
476 630
476 634
476 648
476 679
476 734
476 785
476 849
476 882
476 903
476 913
476 954
476 970
477 525
477 585
477 596
477 600
477 827
477 835
477 917
477 971
477 973
477 998
478 485
478 493
478 499
478 561
478 657
478 676
478 686
478 689
478 697
478 804
478 897
478 958
478 978
479 595
479 727
479 865
479 877
479 911
480 549
480 561
480 567
480 576
480 588
480 623
480 682
480 849
480 889
480 899
480 920
480 932
481 485
481 524
481 529
481 545
481 564
481 631
481 736
481 778
481 826
481 855
481 877
481 907
481 933
481 951
481 976
481 979
482 561
482 588
482 703
482 741
482 744
482 866
482 890
483 521
483 616
483 638
483 733
483 789
484 493
484 583
484 591
484 621
484 639
484 722
484 751
484 754
484 755
484 758
484 788
484 800
484 803
484 840
484 853
484 855
484 858
484 859
484 869
484 880
484 911
484 936
484 959
485 512
485 539
485 569
485 628
485 632
485 644
485 666
485 692
485 703
485 766
485 772
485 807
485 830
485 845
485 848
485 869
485 874
485 875
485 884
485 901
485 949
485 977
486 512
486 543
486 564
486 578
486 597
486 718
486 793
486 867
486 881
486 933
487 500
487 513
487 567
487 596
487 631
487 657
487 738
487 739
487 807
487 814
487 830
487 859
487 876
487 984
488 489
488 490
488 536
488 558
488 560
488 575
488 650
488 660
488 668
488 690
488 699
488 798
488 830
488 885
488 918
488 952
488 971
488 995
489 493
489 535
489 546
489 565
489 687
489 760
489 818
489 835
489 866
489 887
489 894
489 982
489 989
490 500
490 592
490 845
490 869
490 995
491 568
491 674
491 695
491 764
491 798
491 875
492 551
492 608
492 620
492 647
492 683
492 702
492 760
492 805
492 809
492 826
492 902
492 911
492 945
493 510
493 521
493 591
493 627
493 651
493 687
493 696
493 711
493 765
493 793
493 809
493 892
493 950
493 958
493 971
494 535
494 568
494 572
494 578
494 610
494 624
494 673
494 722
494 823
494 870
494 879
494 882
494 952
494 961
494 997
495 497
495 498
495 516
495 584
495 594
495 596
495 604
495 608
495 646
495 654
495 679
495 683
495 734
495 740
495 786
495 787
495 866
495 883
495 926
495 936
495 981
495 997
496 512
496 555
496 640
496 665
496 814
496 827
496 839
496 910
497 590
497 618
497 776
497 777
497 831
497 833
498 557
498 601
498 603
498 727
498 750
498 780
498 793
498 863
498 876
498 881
498 883
498 911
498 963
498 979
498 980
498 996
499 518
499 576
499 593
499 597
499 611
499 649
499 742
499 745
499 751
499 754
499 769
499 778
499 780
499 834
499 877
499 899
499 902
499 938
499 969
499 976
499 987
500 572
500 587
500 705
500 856
500 860
500 921
501 577
501 676
501 685
501 714
501 799
501 841
501 856
502 549
502 567
502 680
502 705
502 730
502 772
502 856
502 927
502 936
502 950
503 549
503 614
503 697
503 722
503 807
503 879
503 886
504 719
504 841
504 856
504 952
505 530
505 554
505 572
505 573
505 574
505 596
505 626
505 653
505 736
505 737
505 783
505 862
505 888
505 979
506 553
506 601
506 603
506 635
506 638
506 714
506 771
506 802
506 979
507 536
507 539
507 543
507 638
507 827
507 925
507 937
507 957
508 524
508 538
508 598
508 612
508 637
508 768
508 828
508 834
508 907
508 960
508 961
508 988
509 535
509 617
509 760
509 774
509 817
509 893
509 921
509 928
509 971
510 519
510 586
511 516
511 550
511 676
511 721
511 773
511 803
511 806
512 669
512 692
512 771
512 822
512 863
512 940
512 951
513 524
513 634
513 699
513 749
513 823
513 851
513 875
513 878
513 911
513 932
513 982
513 993
514 760
514 763
514 770
514 871
515 623
515 698
515 750
515 885
515 968
515 971
516 673
516 720
516 760
516 763
516 788
516 806
516 808
516 874
516 875
516 900
516 942
516 983
517 670
517 694
517 762
517 806
517 855
517 904
517 972
518 558
518 565
518 582
518 597
518 742
518 777
518 794
518 875
518 929
518 930
518 954
518 960
519 570
519 616
519 630
519 698
519 714
519 730
519 738
519 810
519 847
519 897
519 979
519 985
520 525
520 536
520 603
520 622
520 625
520 657
520 660
520 675
520 713
520 722
520 750
520 764
520 784
520 788
520 789
520 836
520 883
520 887
520 907
520 927
520 952
520 978
520 983
521 538
521 589
521 634
521 695
521 707
521 853
521 866
521 919
521 959
521 999
522 559
522 574
522 710
522 722
522 771
522 799
522 802
522 808
522 893
522 978
522 991
523 571
523 597
523 632
523 687
523 809
523 842
523 954
523 992
524 573
524 574
524 637
524 656
524 719
524 722
524 747
524 760
524 766
524 809
524 832
524 868
524 917
524 918
525 546
525 551
525 618
525 625
525 682
525 687
525 756
525 773
525 798
525 806
525 821
525 867
525 939
526 560
526 623
526 711
526 777
526 924
526 951
527 565
527 615
527 646
527 693
527 777
527 800
527 857
528 546
528 565
528 588
528 617
528 653
528 665
528 787
528 831
528 841
528 924
528 937
529 565
529 574
529 683
529 737
529 771
529 776
529 937
530 601
530 630
530 683
530 736
530 763
530 891
530 895
530 907
530 927
530 957
530 961
530 983
530 986
531 534
531 585
531 588
531 589
531 596
531 661
531 667
531 683
531 705
531 717
531 739
531 742
531 771
531 786
531 807
531 814
531 831
531 842
531 843
531 865
531 901
531 940
531 954
531 973
531 980
532 578
532 642
532 645
532 648
532 682
532 704
532 740
532 830
532 844
532 875
532 916
532 917
533 562
533 594
533 636
533 689
533 759
533 781
533 798
533 928
533 958
533 981
533 996
533 1000
534 568
534 600
534 624
534 679
534 866
534 870
534 986
535 593
535 697
535 702
535 712
535 776
535 799
535 838
535 882
535 927
535 979
536 562
536 637
536 669
536 703
536 716
536 788
536 796
536 849
536 928
536 991
536 998
537 538
537 565
537 573
537 635
537 700
537 763
537 777
537 805
538 547
538 565
538 586
538 614
538 654
538 657
538 699
538 757
538 761
538 767
538 874
538 895
538 918
538 976
539 555
539 643
539 689
539 694
539 706
539 808
540 605
540 657
540 679
540 773
540 787
540 789
540 916
540 919
541 560
541 594
541 607
541 663
541 679
541 730
541 750
541 779
541 862
541 949
541 981
542 840
542 905
543 591
543 603
543 667
543 744
543 777
543 796
543 800
543 822
543 895
543 941
543 991
544 608
544 616
544 658
544 718
544 754
544 835
544 839
544 922
544 954
545 547
545 587
545 597
545 637
545 650
545 655
545 681
545 712
545 723
545 727
545 737
545 743
545 784
545 794
545 812
545 831
545 849
545 883
545 965
545 971
545 981
545 987
546 656
546 670
546 684
546 698
546 727
546 771
546 789
546 796
546 806
546 831
546 936
546 990
547 641
547 669
547 706
547 841
547 849
547 963
547 969
547 998
548 652
548 661
548 777
548 784
548 909
548 937
549 564
549 584
549 598
549 599
549 605
549 628
549 646
549 650
549 652
549 663
549 704
549 753
549 760
549 781
549 799
549 806
549 813
549 839
549 945
550 573
550 611
550 614
550 678
550 694
550 712
550 728
550 735
550 737
550 754
550 823
550 824
550 872
550 875
550 890
550 915
550 964
550 976
550 997
551 573
551 583
551 588
551 747
551 930
552 583
552 627
552 644
552 656
552 706
552 712
552 731
552 822
552 928
553 573
553 730
553 858
553 873
553 880
553 899
554 567
554 652
554 696
554 715
554 759
554 768
554 810
554 865
554 896
554 925
554 977
554 988
555 588
555 670
555 714
555 776
555 788
555 793
555 796
555 821
555 841
555 857
555 894
555 911
555 925
556 638
556 647
556 760
556 806
556 826
556 827
556 844
556 851
556 868
556 876
556 937
556 954
556 989
557 680
557 800
557 823
557 833
557 954
558 732
558 738
558 770
558 890
558 917
558 972
558 973
558 976
558 993
559 565
559 580
559 602
559 623
559 693
559 700
559 716
559 719
559 720
559 769
559 771
559 841
559 963
559 968
560 563
560 611
560 640
560 648
560 649
560 676
560 678
560 696
560 707
560 711
560 727
560 804
560 822
560 885
560 908
560 922
560 937
560 966
560 978
561 590
561 600
561 689
561 722
561 739
561 757
561 830
561 861
561 881
561 894
561 943
561 951
562 709
562 712
562 730
562 800
562 818
562 862
562 930
562 931
562 932
562 963
562 992
562 999
563 716
563 956
564 586
564 673
564 740
564 798
564 811
564 910
564 954
564 975
565 570
565 596
565 615
565 642
565 657
565 674
565 702
565 724
565 728
565 757
565 774
565 779
565 800
565 837
565 839
565 851
565 852
565 883
565 884
565 885
565 892
565 993
565 994
566 577
566 578
566 599
566 629
566 657
566 669
566 729
566 825
566 845
566 846
566 861
566 885
566 946
567 625
567 653
567 656
567 691
567 750
567 773
567 803
567 834
567 844
567 855
567 877
567 880
567 883
567 937
567 942
567 943
568 578
568 605
568 616
568 671
568 683
568 828
568 895
568 930
568 954
568 971
568 987
569 609
569 716
569 763
569 918
569 979
570 573
570 706
570 731
570 784
570 807
570 836
570 928
570 971
570 979
570 995
571 572
571 675
571 712
571 858
571 865
571 883
572 588
572 668
572 841
572 916
572 955
572 979
573 582
573 590
573 675
573 721
573 741
573 760
573 770
573 773
573 789
573 799
573 959
574 637
574 712
574 789
574 796
574 805
574 811
574 859
574 978
575 602
575 622
575 693
575 734
575 737
575 740
575 814
575 816
575 845
575 944
575 1000
576 637
576 659
576 685
576 715
576 824
576 868
576 895
576 924
576 969
577 598
577 606
577 621
577 664
577 683
577 716
577 734
577 741
577 763
577 802
577 828
577 881
577 948
577 962
578 608
578 616
578 678
578 690
578 708
578 711
578 716
578 760
578 819
578 822
578 903
578 904
578 968
578 972
579 742
579 830
579 860
579 930
580 587
580 669
580 732
580 831
580 972
581 680
581 693
581 750
581 787
581 843
581 866
581 901
582 588
582 622
582 633
582 647
582 655
582 676
582 737
582 750
582 760
582 776
582 872
582 885
582 965
582 985
582 997
583 599
583 634
583 643
583 692
583 724
583 806
583 811
583 818
583 873
583 933
583 969
584 591
584 608
584 612
584 634
584 733
584 781
585 631
585 638
585 744
585 750
585 819
585 838
585 842
585 867
586 596
586 629
586 709
586 824
586 838
586 884
586 978
587 638
587 653
587 765
587 846
587 856
587 960
588 610
588 690
588 717
588 738
588 761
588 819
588 821
588 824
588 838
588 867
588 868
588 876
588 954
589 616
589 856
589 930
589 933
589 952
590 670
590 725
590 744
590 818
590 875
590 931
590 954
591 605
591 624
591 641
591 651
591 727
591 777
591 824
591 835
591 839
591 842
591 852
591 895
591 898
591 905
591 939
591 942
591 988
592 638
592 668
592 669
592 718
592 893
592 917
592 921
592 968
593 604
593 623
593 656
593 664
593 759
593 787
593 896
593 912
593 929
593 943
593 994
594 657
594 841
594 853
594 907
594 966
595 649
595 793
595 880
595 890
595 926
596 598
596 599
596 625
596 630
596 633
596 655
596 663
596 668
596 670
596 674
596 691
596 697
596 727
596 737
596 759
596 835
596 851
596 865
596 873
596 879
596 927
596 938
596 994
596 995
597 601
597 636
597 638
597 645
597 686
597 716
597 733
597 740
597 832
597 835
597 848
597 851
597 853
597 863
597 891
597 933
597 962
597 968
597 970
598 718
598 723
598 744
598 768
598 830
598 831
598 877
598 883
598 936
598 991
599 681
599 696
599 705
599 723
599 751
599 775
599 873
599 882
599 936
599 941
600 616
600 625
600 704
600 771
600 810
600 896
600 899
600 918
600 954
601 676
601 712
601 734
601 899
602 741
602 764
602 765
602 772
602 776
602 928
602 947
603 612
603 617
603 704
603 707
603 753
603 786
603 843
603 862
603 887
603 895
603 945
603 957
603 983
604 634
604 762
604 854
604 937
604 947
605 677
605 682
605 789
605 793
605 921
605 998
606 634
606 638
606 735
606 780
606 849
607 668
607 702
607 783
607 796
607 797
607 980
607 989
608 739
608 744
608 775
608 834
608 841
608 890
608 905
608 916
608 967
608 971
608 986
608 994
609 660
609 788
609 801
609 963
610 706
610 744
610 795
610 831
610 862
610 902
610 960
611 753
611 859
611 933
611 947
612 701
612 711
612 713
612 733
612 748
612 749
612 750
612 784
612 810
612 822
612 837
612 881
612 981
613 637
613 704
613 745
613 760
613 895
613 916
613 945
613 996
614 660
614 674
614 719
614 740
614 763
614 794
614 916
614 988
615 622
615 657
615 690
615 730
615 770
615 790
615 805
615 825
615 835
615 887
615 951
615 976
615 981
616 619
616 627
616 632
616 689
616 718
616 773
616 816
616 845
616 858
616 894
616 930
617 673
617 683
617 753
617 844
617 971
618 629
618 770
618 853
618 876
618 947
618 970
619 723
619 727
619 748
619 900
619 984
620 654
620 856
620 866
620 873
620 950
620 972
620 973
621 751
621 831
621 855
621 914
621 953
622 696
622 760
622 772
622 832
622 863
622 893
622 910
622 925
622 980
622 987
623 634
623 666
623 680
623 683
623 709
623 723
623 726
623 734
623 748
623 784
623 787
623 804
623 810
623 815
623 816
623 848
623 854
623 920
623 993
624 634
624 761
624 806
624 819
624 928
625 639
625 742
625 753
625 778
625 786
625 808
625 833
625 837
625 849
625 854
625 856
625 859
625 924
625 927
625 934
625 949
625 965
625 966
625 973
625 993
626 717
626 758
626 832
626 867
626 909
626 994
627 814
627 835
627 901
627 917
627 939
628 792
628 796
628 960
628 991
629 637
629 645
629 654
629 680
629 705
629 733
629 749
629 760
629 777
629 786
629 804
629 830
629 851
629 856
629 862
629 866
629 965
630 633
630 639
630 649
630 652
630 699
630 777
630 837
630 884
630 952
631 633
631 655
631 757
631 892
632 705
632 707
632 794
632 818
632 821
632 843
632 868
632 885
632 902
632 959
632 969
632 976
632 994
633 770
633 772
633 787
633 823
634 773
634 799
634 805
634 844
634 890
634 903
634 930
634 951
634 988
634 1000
635 805
635 827
635 831
635 909
635 920
635 976
635 982
635 983
636 723
636 728
636 783
636 802
636 878
636 976
636 983
637 664
637 673
637 691
637 702
637 706
637 715
637 738
637 767
637 769
637 804
637 841
637 847
637 853
637 892
637 912
637 914
637 920
637 957
637 970
637 974
637 991
637 994
638 648
638 703
638 716
638 722
638 730
638 732
638 744
638 753
638 759
638 771
638 792
638 809
638 834
638 890
638 915
638 947
638 972
638 985
638 999
639 646
639 722
639 750
639 752
639 765
639 813
639 892
639 904
639 922
639 931
639 937
639 951
639 962
640 652
640 773
640 826
640 852
640 883
640 894
640 907
640 921
640 924
640 945
640 979
640 991
641 721
641 739
641 745
641 760
641 772
641 786
641 865
641 905
641 913
641 914
641 922
641 930
641 967
641 979
642 670
642 713
642 758
642 790
642 824
642 849
642 884
642 923
642 992
642 999
643 672
643 683
643 806
643 841
643 918
643 924
644 649
644 651
644 667
644 720
644 728
644 737
644 766
644 797
644 873
644 911
644 923
644 959
644 974
645 666
645 681
645 781
645 823
645 848
645 849
645 875
645 876
645 888
645 911
645 935
645 963
645 991
646 686
646 740
646 751
646 788
646 822
646 858
646 905
646 951
646 982
647 713
647 715
647 773
647 802
647 845
647 870
647 893
647 950
647 954
647 972
648 710
648 786
648 864
648 895
648 912
648 979
649 666
649 689
649 705
649 709
649 723
649 755
649 793
649 817
649 819
649 882
649 958
649 970
649 971
650 721
650 887
650 902
650 997
651 661
651 694
651 725
651 741
651 748
651 762
651 820
651 895
651 939
651 949
651 988
651 996
652 725
652 803
652 885
652 892
652 893
652 928
652 963
652 968
652 987
652 992
653 668
653 691
653 696
653 744
653 793
653 802
653 835
653 947
654 715
654 876
654 931
654 963
654 987
655 658
655 686
655 710
655 770
655 772
655 775
655 822
655 858
655 903
655 937
655 947
655 965
656 678
656 706
656 713
656 742
656 755
656 764
656 770
656 780
656 838
656 847
656 862
656 903
656 918
656 966
656 977
656 990
657 680
657 727
657 760
657 784
657 819
657 883
657 885
657 907
657 952
657 967
657 969
657 983
658 695
658 711
658 823
658 835
658 848
658 953
658 962
659 680
659 706
659 715
659 748
659 849
659 868
659 930
659 948
660 669
660 761
660 786
660 801
660 815
660 823
660 831
660 858
660 861
660 862
660 875
660 893
660 907
660 938
660 950
661 737
661 741
661 764
661 772
661 862
662 669
662 748
662 883
662 893
662 985
663 668
663 681
663 775
663 831
663 963
663 979
664 713
664 771
664 773
664 831
664 847
664 918
664 942
665 670
665 679
665 688
665 699
665 732
665 759
665 835
665 862
665 914
665 929
666 699
666 784
666 821
666 851
666 933
666 937
667 669
667 685
667 715
667 770
667 786
667 787
667 806
667 962
667 967
668 692
668 694
668 777
668 779
668 781
668 802
668 844
668 849
668 889
668 913
668 916
668 926
668 945
669 699
669 721
669 733
669 756
669 863
669 882
669 899
669 911
669 912
669 935
669 972
670 687
670 703
670 718
670 821
670 823
670 838
670 859
670 892
670 921
670 965
670 971
670 973
671 803
671 839
671 869
671 911
671 972
672 683
672 693
672 697
672 733
672 743
672 848
672 880
672 895
672 990
673 759
673 853
673 909
673 918
673 921
673 948
673 972
673 977
674 684
674 771
674 776
674 793
674 802
674 859
674 862
674 921
674 932
675 708
675 712
675 714
675 757
675 970
675 984
676 685
676 788
676 796
676 829
676 852
676 857
676 859
676 863
676 885
676 927
676 931
676 935
676 996
677 689
677 821
677 896
677 898
678 683
678 691
678 697
678 702
678 707
678 720
678 734
678 760
678 789
678 807
678 814
678 828
678 851
678 870
678 879
678 880
678 971
678 994
679 775
679 814
679 825
679 840
680 725
680 777
680 782
680 962
681 689
681 710
681 715
681 723
681 734
681 745
681 769
681 784
681 810
681 829
681 845
681 850
681 899
681 944
681 983
682 724
682 750
682 895
682 929
683 685
683 714
683 729
683 762
683 774
683 788
683 802
683 803
683 806
683 849
683 880
683 930
683 933
683 992
683 999
683 1000
684 731
684 850
685 712
685 715
685 717
685 759
685 796
685 800
685 812
685 874
685 881
685 972
686 736
686 763
686 787
686 835
686 939
686 943
687 703
687 719
687 723
687 766
687 780
687 799
687 814
687 832
687 908
687 926
687 930
687 970
687 987
688 780
688 782
688 799
688 839
688 984
688 999
689 698
689 727
689 731
689 760
689 773
689 775
689 785
689 790
689 834
689 866
689 908
689 928
689 991
690 851
690 898
690 937
690 952
691 828
691 863
691 895
691 900
691 945
691 946
692 744
692 841
692 917
692 987
693 697
693 712
693 776
693 778
693 793
693 797
693 962
694 865
694 911
694 922
694 943
695 719
695 847
695 864
695 925
695 935
696 702
696 711
696 718
696 788
696 797
696 823
696 847
696 853
696 862
696 869
696 875
696 919
696 962
696 969
696 971
697 772
697 786
697 960
698 842
698 883
699 750
699 863
699 881
699 883
699 945
699 989
700 861
700 886
700 904
700 933
700 988
701 716
701 840
701 884
701 909
701 921
701 924
702 747
702 768
702 785
702 846
702 848
702 853
702 869
702 899
702 928
702 961
702 962
702 979
702 989
703 823
703 832
704 786
704 810
704 835
704 844
704 903
704 954
704 991
705 752
705 782
705 793
705 796
705 875
706 724
706 760
706 767
706 770
706 776
706 871
707 770
707 779
707 785
707 802
707 819
707 835
707 855
707 877
707 916
707 946
707 962
707 979
707 989
708 809
708 853
708 887
708 898
709 762
709 770
709 776
709 836
709 856
709 923
709 969
709 980
710 787
710 808
710 814
710 817
710 849
710 898
710 938
710 971
710 986
710 990
710 992
711 727
711 835
712 716
712 717
712 764
712 794
712 807
712 809
712 861
712 927
713 774
713 785
713 788
713 847
713 856
713 907
713 915
713 917
713 928
713 954
713 986
713 992
714 730
714 740
714 793
714 928
715 720
715 784
715 789
715 818
715 827
715 869
715 891
716 816
716 835
716 839
716 867
716 883
716 904
716 917
716 950
716 954
716 960
716 967
716 969
716 988
716 993
717 772
717 787
717 816
717 932
718 819
718 829
718 838
718 841
718 851
718 916
718 973
718 983
719 771
719 786
719 801
719 824
719 935
719 987
719 993
720 769
720 771
720 793
720 826
720 878
720 967
720 988
720 992
721 730
721 747
721 957
722 737
722 761
722 786
722 876
722 937
722 943
722 987
723 771
723 780
723 938
723 952
724 740
724 745
724 754
724 771
724 791
724 826
724 844
724 845
724 952
724 997
725 758
725 768
725 820
725 838
725 923
725 938
725 940
725 947
725 949
725 983
726 740
726 877
726 916
726 948
727 738
727 749
727 783
727 840
727 862
727 888
727 891
727 923
727 934
728 827
728 848
728 876
728 908
728 978
729 745
729 775
729 847
729 867
729 928
729 976
729 989
730 734
730 750
730 773
730 779
730 798
730 962
731 740
731 763
731 978
732 824
732 863
732 881
732 978
733 773
733 806
733 832
733 884
733 900
733 917
733 937
733 994
734 760
734 770
734 805
734 812
734 826
734 838
734 875
734 878
734 912
734 913
734 954
734 956
734 984
735 802
735 864
735 898
735 941
735 949
736 873
736 933
736 977
737 864
737 935
737 952
737 953
737 992
738 766
738 770
738 950
738 955
738 982
739 763
739 766
739 814
739 827
739 849
739 885
739 918
739 976
739 980
739 1000
740 754
740 767
740 769
740 785
740 792
740 869
740 877
740 928
740 951
740 989
740 1000
741 782
741 815
741 874
741 917
741 926
741 936
741 979
742 833
742 884
742 896
742 904
742 937
743 805
743 806
743 862
743 924
743 991
744 786
744 839
744 883
744 912
744 985
745 754
745 805
745 877
745 933
745 954
746 826
746 920
746 945
747 776
747 782
747 860
747 865
747 881
747 883
747 894
747 899
747 952
748 794
748 804
748 871
748 915
748 922
749 832
749 842
749 856
749 858
749 930
749 942
749 955
750 813
750 831
750 856
750 859
750 903
750 993
751 787
751 812
752 766
752 815
752 907
752 981
753 998
754 772
754 854
754 883
754 934
754 953
754 990
755 765
755 803
755 831
755 847
755 958
755 979
755 989
756 785
756 868
756 876
756 893
756 917
756 945
756 946
757 764
757 906
757 917
757 972
758 809
758 835
758 895
758 935
758 939
758 999
759 763
759 774
759 790
759 803
759 851
759 873
759 900
759 921
759 925
759 930
759 938
760 772
760 777
760 848
760 861
760 876
760 898
760 909
760 911
760 926
760 960
760 974
761 797
761 813
761 815
761 839
761 972
762 767
762 787
762 832
762 834
762 868
762 913
762 929
762 933
763 773
763 779
763 900
763 968
763 989
764 781
764 797
764 826
764 831
764 868
764 946
764 948
764 976
764 984
765 783
765 801
765 831
765 915
765 925
766 776
766 866
766 927
766 976
766 977
766 988
767 861
767 897
767 911
767 962
768 854
768 936
768 964
769 802
770 804
770 814
770 832
770 843
770 895
770 918
770 930
770 942
770 947
770 952
770 960
770 969
770 979
770 989
771 845
771 849
771 867
771 907
771 913
771 915
771 945
771 979
772 780
772 841
772 852
772 855
772 857
772 894
772 922
772 974
772 991
773 788
773 875
773 886
773 887
773 891
773 896
773 900
773 952
773 981
773 982
773 984
774 776
774 816
774 823
774 854
774 858
774 919
774 932
774 978
774 988
775 841
775 842
775 845
775 851
775 863
775 892
776 831
776 929
776 930
776 933
776 936
776 984
777 786
777 793
777 822
777 826
777 835
777 838
777 856
777 867
777 875
777 886
777 895
777 906
777 934
777 946
777 958
777 991
777 996
778 842
778 849
778 947
779 788
779 810
779 822
779 829
779 861
779 950
780 822
780 860
780 895
780 933
781 800
781 806
781 907
781 930
781 937
781 938
781 944
781 960
782 895
782 941
783 804
783 806
783 912
783 941
784 789
784 796
784 816
784 896
784 897
784 925
784 950
784 952
784 954
784 993
785 901
785 971
785 983
786 796
786 804
786 805
786 821
786 851
786 873
786 879
786 895
786 898
786 926
786 950
786 979
786 989
787 797
787 802
787 809
787 820
787 825
787 832
787 839
787 861
787 873
787 875
787 926
787 938
787 946
787 973
787 979
787 998
788 802
788 849
788 874
788 883
788 918
788 939
788 950
788 987
789 799
789 842
789 918
789 925
789 952
789 955
789 988
790 895
790 939
791 848
791 862
791 912
791 989
791 992
792 894
792 995
793 806
793 826
793 842
793 899
793 932
793 960
793 979
794 797
794 824
794 915
795 957
795 989
796 841
796 845
796 848
796 849
796 877
796 887
796 891
796 896
796 908
796 938
796 940
796 947
796 955
796 963
796 978
797 807
797 822
797 847
797 931
797 940
797 945
797 962
797 963
797 997
798 809
798 846
798 873
798 875
798 944
798 947
798 960
799 811
799 816
799 820
800 808
800 986
801 831
801 859
801 957
801 979
802 813
802 834
802 876
802 889
802 899
802 923
802 928
802 997
803 835
803 855
803 915
803 952
803 954
803 978
804 835
804 847
804 870
804 893
804 935
804 947
804 967
805 828
805 845
805 869
805 876
805 948
805 988
805 995
806 811
806 834
806 872
806 949
807 823
807 843
807 899
808 826
808 841
808 866
808 867
808 908
809 901
809 932
809 983
810 829
810 837
810 917
810 932
810 962
810 971
810 974
811 866
811 876
812 825
812 916
812 919
812 929
812 983
813 816
813 859
813 905
813 945
814 866
814 911
815 825
815 866
815 878
816 881
816 892
816 899
816 917
816 938
816 982
816 987
816 998
818 831
818 837
818 873
818 893
818 896
818 933
818 952
818 974
818 988
819 876
819 896
819 913
819 925
819 952
819 970
819 978
819 995
820 833
820 889
820 894
820 942
820 962
820 997
821 834
821 859
821 866
821 893
821 899
821 908
821 922
821 944
821 953
822 828
822 842
822 866
822 928
823 849
823 889
823 903
823 913
823 918
823 921
823 952
823 967
823 988
824 835
824 856
824 881
824 895
824 910
824 968
824 981
824 987
825 847
825 872
825 995
826 857
826 903
826 911
826 929
826 967
826 969
827 850
827 872
827 874
827 883
827 912
827 928
827 950
827 969
829 856
829 881
829 960
830 838
830 845
830 913
830 931
830 939
830 979
830 995
830 999
831 924
831 959
831 983
831 986
831 994
832 918
832 979
833 845
833 849
833 857
833 870
833 901
833 921
833 930
833 947
834 835
834 919
834 958
835 839
835 843
835 848
835 867
835 877
835 882
835 894
835 910
835 953
835 959
835 979
835 981
835 983
835 998
836 866
836 947
837 877
837 893
837 986
838 881
838 901
838 936
838 971
839 847
839 864
839 885
839 968
839 998
840 909
840 971
841 843
841 877
841 894
841 932
841 960
841 969
841 981
842 849
842 877
842 905
842 924
842 972
842 985
843 862
843 864
843 996
844 867
844 885
844 906
844 974
845 847
845 849
845 850
845 885
845 907
845 967
846 867
846 873
846 884
846 893
846 909
846 940
847 877
847 893
847 906
847 927
847 962
847 983
848 971
848 979
849 876
849 910
849 926
849 954
849 987
849 999
850 876
851 857
851 861
851 872
851 927
851 992
852 911
853 871
853 893
853 907
853 951
853 995
854 877
854 880
854 975
855 925
855 927
855 951
855 960
855 963
855 966
856 877
856 915
856 935
856 950
858 876
858 883
858 901
858 903
858 912
859 947
860 873
860 953
860 971
860 988
861 954
861 965
861 999
862 895
862 911
862 924
862 974
862 993
863 927
863 969
864 927
864 960
864 982
864 1000
865 964
865 986
866 870
866 876
866 885
866 941
866 963
866 990
866 997
867 900
867 926
868 881
868 980
868 998
869 897
870 875
870 935
870 939
870 960
871 878
871 880
871 884
871 894
871 995
872 917
872 961
872 989
873 906
873 919
873 971
874 889
874 946
874 973
874 979
875 891
875 938
875 961
875 978
875 994
876 913
876 914
876 939
876 954
876 961
877 939
879 961
880 891
880 893
880 947
880 988
881 937
881 971
881 988
882 895
883 886
883 892
883 895
883 905
883 908
883 956
883 965
884 911
884 915
885 904
885 909
885 927
885 939
885 983
886 895
886 931
887 896
887 994
888 925
888 981
890 901
890 960
892 895
892 920
892 947
893 900
893 922
893 980
894 904
894 915
894 969
895 937
895 938
895 988
895 989
895 998
896 947
897 942
897 973
898 953
898 969
899 921
899 958
899 966
899 990
900 942
902 967
903 928
903 937
904 917
904 954
904 986
905 925
906 925
906 971
906 979
907 952
907 999
908 916
909 933
909 953
909 969
910 973
910 993
911 916
911 920
911 951
911 975
911 988
912 950
912 986
912 991
913 925
913 961
913 984
914 937
914 948
914 963
915 925
915 932
916 946
916 954
916 965
917 981
917 986
917 987
917 993
918 963
919 930
919 981
920 947
921 933
921 968
921 999
922 955
922 978
923 925
924 937
924 949
924 982
924 992
925 952
925 961
925 975
926 953
927 954
927 969
927 994
928 998
930 931
930 937
930 981
932 964
932 991
934 971
934 984
935 941
935 944
936 939
936 942
936 964
936 976
936 982
937 945
937 965
937 971
937 991
938 950
938 958
938 998
939 979
940 994
941 995
942 965
942 983
943 995
945 955
945 975
946 989
947 980
947 995
948 966
950 981
951 983
952 961
952 966
952 974
952 975
953 976
956 961
956 970
961 983
962 978
963 992
963 994
965 971
965 976
965 991
966 969
966 971
968 979
969 995
970 978
971 996
973 1000
975 983
977 978
977 989
979 980
979 989
981 993
982 986
983 999
986 993
987 999
988 989
988 999
991 992
991 996
