# LFR benchmark graph: regime=S mu=0.7 realization=0
# undirected, unweighted; 1-based node ids; each edge listed once.
1 239
1 293
1 331
1 355
1 457
1 511
1 513
1 530
1 550
1 632
1 640
1 676
1 741
1 807
1 825
1 857
1 878
1 896
1 939
1 963
2 13
2 25
2 41
2 51
2 135
2 172
2 178
2 202
2 208
2 216
2 240
2 270
2 277
2 285
2 304
2 319
2 334
2 362
2 383
2 406
2 411
2 430
2 435
2 446
2 499
2 508
2 521
2 527
2 537
2 572
2 582
2 597
2 607
2 611
2 667
2 680
2 681
2 711
2 731
2 737
2 759
2 788
2 790
2 797
2 798
2 799
2 809
2 862
2 871
2 909
2 996
3 83
3 143
3 153
3 191
3 327
3 332
3 346
3 397
3 403
3 473
3 563
3 594
3 611
3 640
3 654
3 685
3 745
3 755
3 805
3 870
3 959
3 960
3 986
4 30
4 44
4 210
4 273
4 457
4 473
4 504
4 514
4 521
4 533
4 572
4 621
4 625
4 705
4 720
4 729
4 763
4 789
5 6
5 14
5 47
5 104
5 169
5 225
5 233
5 236
5 324
5 345
5 443
5 495
5 582
5 595
5 614
5 638
5 779
5 795
5 804
5 835
5 836
5 942
5 954
6 7
6 13
6 26
6 72
6 105
6 107
6 152
6 191
6 225
6 232
6 236
6 258
6 339
6 340
6 375
6 393
6 412
6 459
6 465
6 488
6 502
6 505
6 508
6 515
6 542
6 552
6 578
6 583
6 590
6 616
6 645
6 718
6 735
6 746
6 760
6 767
6 842
6 857
6 860
6 862
6 865
6 868
6 879
6 907
6 919
6 930
6 936
6 954
7 13
7 180
7 191
7 286
7 300
7 312
7 355
7 386
7 424
7 463
7 478
7 486
7 496
7 613
7 617
7 655
7 677
7 732
7 796
7 814
7 827
7 840
7 859
7 899
7 902
7 921
7 963
7 991
8 9
8 32
8 55
8 187
8 191
8 222
8 224
8 293
8 304
8 346
8 349
8 469
8 523
8 531
8 580
8 641
8 671
8 702
8 718
8 745
8 754
8 972
9 37
9 65
9 69
9 92
9 139
9 146
9 252
9 281
9 322
9 382
9 461
9 539
9 634
9 680
9 764
9 817
9 887
9 911
9 950
10 81
10 190
10 237
10 283
10 287
10 302
10 320
10 421
10 425
10 438
10 441
10 461
10 476
10 501
10 530
10 559
10 565
10 577
10 579
10 587
10 643
10 718
10 802
10 844
10 862
10 864
11 92
11 106
11 144
11 166
11 182
11 191
11 256
11 277
11 312
11 405
11 484
11 504
11 530
11 562
11 593
11 610
11 620
11 731
11 780
11 797
11 805
11 871
11 904
11 942
11 951
12 75
12 97
12 137
12 143
12 156
12 243
12 277
12 324
12 345
12 349
12 356
12 382
12 385
12 408
12 477
12 519
12 533
12 534
12 638
12 662
12 673
12 704
12 708
12 722
12 732
12 768
12 797
12 807
12 812
12 875
12 882
12 984
13 37
13 63
13 65
13 111
13 151
13 175
13 191
13 232
13 256
13 268
13 385
13 390
13 495
13 505
13 519
13 532
13 566
13 608
13 614
13 630
13 647
13 663
13 732
13 775
13 782
13 804
13 808
13 819
13 843
13 861
13 862
13 868
13 886
13 904
13 921
13 930
13 982
14 59
14 70
14 87
14 89
14 92
14 133
14 155
14 255
14 278
14 355
14 384
14 423
14 426
14 494
14 508
14 607
14 646
14 680
14 704
14 764
14 817
14 948
15 32
15 47
15 92
15 116
15 153
15 273
15 299
15 385
15 398
15 483
15 504
15 533
15 589
15 680
15 737
15 744
15 784
15 791
15 884
15 911
15 964
16 21
16 198
16 225
16 230
16 231
16 236
16 269
16 279
16 296
16 316
16 338
16 367
16 396
16 438
16 473
16 480
16 509
16 559
16 575
16 615
16 716
16 764
16 948
16 972
17 53
17 81
17 85
17 156
17 181
17 182
17 205
17 219
17 231
17 256
17 284
17 301
17 307
17 311
17 312
17 329
17 332
17 350
17 351
17 393
17 394
17 396
17 424
17 456
17 457
17 482
17 526
17 530
17 546
17 651
17 658
17 679
17 696
17 737
17 754
17 763
17 791
17 796
17 805
17 820
17 821
17 848
17 849
17 939
18 32
18 66
18 116
18 118
18 141
18 149
18 155
18 184
18 187
18 270
18 272
18 361
18 428
18 524
18 536
18 619
18 734
18 802
18 803
18 920
19 50
19 68
19 92
19 116
19 145
19 192
19 198
19 199
19 311
19 381
19 405
19 407
19 408
19 409
19 424
19 538
19 744
19 768
19 806
19 891
19 995
20 69
20 86
20 161
20 203
20 230
20 262
20 451
20 453
20 501
20 583
20 694
20 731
20 795
20 842
20 974
21 31
21 161
21 188
21 211
21 245
21 280
21 313
21 343
21 352
21 366
21 375
21 381
21 390
21 409
21 424
21 461
21 581
21 643
21 676
21 694
21 747
21 750
21 759
21 784
21 800
21 813
21 899
21 905
21 966
21 990
22 28
22 51
22 55
22 61
22 65
22 90
22 97
22 110
22 119
22 156
22 158
22 165
22 187
22 214
22 240
22 272
22 366
22 369
22 383
22 411
22 443
22 474
22 482
22 526
22 531
22 553
22 558
22 575
22 605
22 613
22 621
22 668
22 674
22 677
22 678
22 680
22 713
22 716
22 724
22 726
22 741
22 742
22 750
22 811
22 828
22 837
22 871
22 902
22 908
22 919
22 932
22 973
22 983
23 47
23 83
23 268
23 321
23 361
23 366
23 419
23 437
23 438
23 480
23 504
23 510
23 522
23 542
23 593
23 614
23 643
23 660
23 685
23 729
23 741
23 759
23 800
23 802
23 807
23 838
23 872
23 920
23 956
24 58
24 86
24 116
24 128
24 163
24 285
24 311
24 379
24 393
24 419
24 486
24 507
24 521
24 625
24 667
24 861
24 998
25 37
25 255
25 265
25 278
25 381
25 399
25 406
25 414
25 416
25 498
25 527
25 537
25 593
25 639
25 680
25 682
25 764
25 783
25 793
25 812
25 814
25 854
25 928
26 38
26 43
26 76
26 119
26 205
26 306
26 348
26 353
26 356
26 376
26 459
26 460
26 505
26 580
26 675
26 702
26 796
26 800
26 802
26 850
26 868
26 890
26 907
27 31
27 38
27 46
27 74
27 174
27 261
27 274
27 375
27 379
27 395
27 441
27 463
27 472
27 497
27 498
27 572
27 596
27 738
27 750
27 860
27 900
27 901
27 965
28 45
28 116
28 162
28 217
28 250
28 372
28 445
28 454
28 495
28 584
28 614
28 644
28 657
28 716
28 730
28 901
28 913
28 959
28 965
28 985
28 999
29 43
29 50
29 71
29 92
29 137
29 153
29 170
29 205
29 213
29 239
29 267
29 300
29 312
29 353
29 356
29 361
29 404
29 407
29 410
29 414
29 445
29 451
29 481
29 529
29 539
29 590
29 646
29 647
29 649
29 661
29 665
29 677
29 736
29 769
29 786
29 810
29 819
29 858
29 864
29 874
29 903
29 938
29 951
30 34
30 103
30 172
30 173
30 176
30 236
30 239
30 245
30 265
30 302
30 349
30 444
30 447
30 463
30 520
30 624
30 634
30 644
30 680
30 732
30 764
30 769
30 811
30 901
31 81
31 83
31 154
31 271
31 367
31 395
31 409
31 512
31 521
31 540
31 600
31 613
31 632
31 685
31 726
31 825
31 845
31 853
31 858
31 919
31 956
31 987
32 76
32 155
32 195
32 199
32 236
32 247
32 311
32 313
32 356
32 369
32 385
32 399
32 410
32 429
32 434
32 460
32 465
32 493
32 496
32 502
32 514
32 516
32 528
32 537
32 598
32 616
32 636
32 665
32 781
32 799
32 827
32 874
32 888
32 920
32 928
32 934
32 935
32 958
32 968
32 971
33 86
33 121
33 184
33 192
33 250
33 268
33 348
33 400
33 407
33 415
33 482
33 484
33 485
33 552
33 560
33 606
33 747
33 754
33 827
33 834
33 870
33 892
33 988
33 993
34 42
34 67
34 81
34 121
34 134
34 181
34 214
34 263
34 264
34 411
34 457
34 534
34 557
34 570
34 605
34 613
34 701
34 812
34 850
34 859
34 870
34 909
34 982
35 46
35 161
35 191
35 214
35 279
35 298
35 316
35 407
35 532
35 547
35 580
35 606
35 615
35 630
35 682
35 733
35 775
35 787
35 814
35 894
35 918
36 79
36 136
36 208
36 262
36 317
36 452
36 469
36 502
36 504
36 514
36 602
36 729
36 878
36 926
36 928
36 929
36 942
36 957
37 56
37 79
37 130
37 146
37 182
37 196
37 237
37 239
37 301
37 309
37 355
37 395
37 487
37 504
37 515
37 539
37 553
37 579
37 594
37 599
37 614
37 616
37 647
37 672
37 682
37 694
37 700
37 705
37 715
37 720
37 726
37 784
37 806
37 825
37 846
37 853
37 859
37 947
37 998
38 54
38 80
38 92
38 125
38 139
38 186
38 191
38 227
38 228
38 310
38 320
38 332
38 368
38 373
38 382
38 405
38 407
38 408
38 441
38 454
38 500
38 517
38 692
38 699
38 746
38 940
38 944
39 65
39 109
39 175
39 237
39 255
39 295
39 453
39 481
39 789
39 824
39 830
39 877
39 897
40 69
40 97
40 163
40 233
40 323
40 438
40 463
40 524
40 527
40 553
40 558
40 700
40 702
40 804
40 845
40 911
40 928
41 62
41 101
41 118
41 143
41 230
41 268
41 314
41 414
41 458
41 671
41 717
42 62
42 108
42 190
42 269
42 294
42 333
42 339
42 442
42 551
42 553
42 565
42 670
42 721
42 811
42 848
42 977
43 64
43 78
43 123
43 175
43 202
43 267
43 304
43 309
43 318
43 362
43 412
43 438
43 473
43 532
43 534
43 543
43 562
43 581
43 583
43 671
43 673
43 704
43 730
43 732
43 787
43 795
43 867
43 873
43 933
43 941
43 950
43 993
44 48
44 132
44 157
44 210
44 231
44 244
44 249
44 270
44 308
44 340
44 363
44 387
44 419
44 422
44 425
44 470
44 482
44 490
44 509
44 600
44 707
44 777
44 783
44 797
44 798
44 810
44 816
44 833
44 892
44 948
45 116
45 137
45 191
45 293
45 348
45 423
45 452
45 463
45 473
45 514
45 523
45 564
45 619
45 626
45 628
45 724
45 802
45 825
45 894
45 923
45 933
46 66
46 114
46 181
46 424
46 520
46 628
46 641
46 652
46 678
46 716
46 768
46 794
46 828
46 859
46 925
46 973
46 988
47 69
47 103
47 110
47 123
47 134
47 171
47 177
47 224
47 238
47 324
47 363
47 394
47 397
47 422
47 438
47 469
47 508
47 527
47 599
47 633
47 730
47 862
47 882
47 970
48 110
48 119
48 146
48 149
48 157
48 198
48 218
48 260
48 277
48 294
48 302
48 373
48 388
48 509
48 542
48 556
48 692
48 718
48 783
48 812
48 833
48 927
49 83
49 87
49 246
49 287
49 300
49 564
49 616
49 631
49 632
49 667
49 788
49 923
49 931
49 991
50 155
50 162
50 214
50 423
50 496
50 554
50 599
50 679
50 747
50 761
50 791
50 841
50 938
51 55
51 64
51 92
51 113
51 127
51 277
51 318
51 363
51 457
51 465
51 663
51 675
51 719
51 758
51 807
51 836
51 886
51 900
51 975
52 104
52 194
52 245
52 307
52 419
52 446
52 462
52 539
52 572
52 598
52 604
52 647
52 678
52 716
52 722
52 728
52 760
52 794
52 819
52 840
53 85
53 109
53 114
53 231
53 301
53 356
53 386
53 453
53 520
53 556
53 586
53 619
53 630
53 677
53 707
53 733
53 734
53 800
53 856
53 861
53 942
54 60
54 82
54 130
54 137
54 143
54 150
54 162
54 176
54 303
54 346
54 379
54 467
54 499
54 562
54 643
54 792
54 806
54 810
54 848
55 65
55 333
55 426
55 519
55 587
55 768
55 829
55 918
55 939
55 984
56 125
56 185
56 251
56 289
56 354
56 367
56 397
56 398
56 420
56 448
56 462
56 563
56 644
56 650
56 888
56 961
57 75
57 124
57 167
57 238
57 279
57 319
57 342
57 387
57 448
57 459
57 473
57 497
57 512
57 558
57 560
57 565
57 580
57 588
57 651
57 682
57 696
57 705
57 722
57 729
57 805
57 845
57 901
57 920
57 925
57 962
57 987
58 293
58 347
58 355
58 363
58 476
58 631
58 675
58 680
58 718
58 749
58 768
58 789
58 839
58 942
58 998
59 105
59 109
59 121
59 171
59 184
59 193
59 210
59 283
59 293
59 369
59 396
59 472
59 473
59 482
59 584
59 599
59 653
59 717
59 806
59 887
60 64
60 104
60 121
60 175
60 191
60 201
60 228
60 237
60 248
60 294
60 319
60 336
60 433
60 475
60 531
60 547
60 580
60 593
60 614
60 782
60 806
60 857
60 870
60 932
60 970
60 975
60 996
61 110
61 167
61 223
61 327
61 367
61 381
61 405
61 517
61 524
61 551
61 630
61 704
61 854
61 905
62 71
62 121
62 123
62 207
62 236
62 255
62 268
62 312
62 317
62 318
62 322
62 329
62 347
62 414
62 425
62 436
62 441
62 530
62 553
62 557
62 578
62 597
62 663
62 709
62 834
62 844
62 864
62 866
62 910
62 949
63 94
63 184
63 302
63 340
63 510
63 584
63 599
63 688
63 815
63 859
63 863
64 81
64 140
64 166
64 178
64 180
64 182
64 242
64 280
64 379
64 416
64 470
64 485
64 654
64 675
64 700
64 706
64 739
64 751
64 801
64 827
64 853
64 875
64 941
64 960
64 983
65 93
65 97
65 183
65 201
65 202
65 221
65 249
65 262
65 303
65 304
65 307
65 314
65 320
65 323
65 360
65 371
65 372
65 382
65 406
65 426
65 454
65 461
65 497
65 510
65 514
65 548
65 573
65 579
65 633
65 634
65 636
65 680
65 685
65 711
65 736
65 772
65 802
65 857
65 867
65 872
65 884
65 949
65 964
65 985
65 990
66 102
66 163
66 214
66 321
66 336
66 346
66 382
66 385
66 410
66 538
66 592
66 687
66 691
66 753
66 762
66 835
66 961
67 184
67 260
67 334
67 341
67 355
67 358
67 410
67 521
67 533
67 639
67 647
67 665
67 674
67 702
67 941
68 100
68 104
68 209
68 213
68 358
68 394
68 399
68 444
68 545
68 563
68 572
68 635
68 639
68 808
68 915
68 926
68 993
69 91
69 109
69 136
69 171
69 191
69 229
69 253
69 256
69 330
69 401
69 439
69 467
69 615
69 634
69 652
69 686
69 688
69 702
69 746
69 748
69 880
69 957
69 993
70 92
70 114
70 122
70 171
70 236
70 276
70 289
70 314
70 348
70 498
70 550
70 573
70 621
70 716
70 770
70 792
70 882
70 956
71 112
71 127
71 157
71 225
71 231
71 242
71 259
71 281
71 338
71 349
71 350
71 398
71 458
71 461
71 465
71 467
71 485
71 537
71 538
71 553
71 567
71 584
71 603
71 609
71 677
71 718
71 758
71 795
71 828
71 835
71 862
71 863
71 867
71 882
71 888
71 956
71 961
71 970
71 996
71 997
72 102
72 110
72 190
72 214
72 218
72 246
72 250
72 459
72 505
72 515
72 537
72 546
72 585
72 598
72 659
72 711
72 725
72 739
72 779
72 793
72 876
72 888
72 901
72 907
72 987
73 147
73 172
73 451
73 576
73 636
73 668
73 722
73 737
73 800
73 813
73 814
73 937
73 998
74 118
74 129
74 234
74 248
74 299
74 321
74 349
74 361
74 375
74 392
74 414
74 440
74 462
74 623
74 661
74 735
74 804
74 880
74 884
74 902
74 968
75 99
75 301
75 305
75 398
75 466
75 505
75 519
75 572
75 639
75 709
75 761
75 877
75 904
76 89
76 107
76 156
76 198
76 214
76 269
76 290
76 321
76 333
76 338
76 424
76 443
76 526
76 557
76 604
76 681
76 766
76 862
76 912
76 963
77 109
77 178
77 247
77 287
77 336
77 575
77 597
77 676
77 743
77 752
77 760
77 820
77 825
77 891
77 926
77 963
78 143
78 168
78 183
78 238
78 253
78 257
78 274
78 427
78 454
78 501
78 523
78 561
78 577
78 594
78 636
78 739
78 780
78 808
78 845
78 877
78 941
78 980
79 90
79 107
79 116
79 136
79 147
79 159
79 200
79 251
79 262
79 268
79 296
79 438
79 451
79 505
79 652
79 669
79 712
79 760
79 951
79 963
79 971
79 982
80 115
80 155
80 168
80 256
80 303
80 356
80 520
80 522
80 538
80 597
80 599
80 632
80 764
80 859
80 902
81 107
81 131
81 144
81 152
81 168
81 169
81 250
81 276
81 321
81 360
81 388
81 404
81 421
81 423
81 431
81 438
81 474
81 505
81 513
81 517
81 535
81 548
81 641
81 694
81 731
81 736
81 738
81 778
81 784
81 798
81 802
81 806
81 809
81 814
81 843
81 881
81 883
81 888
81 891
81 897
81 918
81 942
81 966
81 968
81 969
82 96
82 139
82 203
82 232
82 369
82 441
82 458
82 483
82 486
82 518
82 532
82 538
82 542
82 587
82 621
82 708
82 756
82 765
82 792
82 822
82 844
82 874
82 969
82 991
83 92
83 137
83 143
83 188
83 193
83 243
83 254
83 257
83 320
83 346
83 415
83 419
83 427
83 451
83 462
83 508
83 512
83 513
83 531
83 655
83 685
83 729
83 733
83 734
83 827
83 884
83 941
83 995
83 1000
84 118
84 137
84 174
84 292
84 346
84 421
84 431
84 461
84 500
84 519
84 565
84 566
84 675
84 822
84 865
84 950
84 987
85 105
85 110
85 113
85 114
85 237
85 294
85 336
85 351
85 444
85 570
85 577
85 580
85 632
85 752
85 787
85 831
85 840
85 912
85 931
85 982
86 143
86 232
86 318
86 399
86 423
86 513
86 539
86 573
86 667
86 688
86 780
86 794
86 805
86 861
86 898
86 930
86 993
87 92
87 102
87 147
87 169
87 185
87 339
87 489
87 580
87 637
87 668
87 677
87 709
87 762
87 855
87 891
87 912
87 942
87 944
87 971
88 110
88 182
88 223
88 306
88 387
88 580
88 636
88 706
88 718
88 764
88 786
88 792
88 824
89 92
89 117
89 136
89 167
89 168
89 239
89 246
89 304
89 323
89 379
89 406
89 408
89 430
89 433
89 437
89 531
89 537
89 584
89 663
89 664
89 730
89 757
89 827
89 898
89 901
89 913
89 982
90 123
90 195
90 253
90 304
90 313
90 330
90 333
90 360
90 407
90 423
90 431
90 435
90 472
90 509
90 510
90 553
90 561
90 611
90 626
90 676
90 680
90 700
90 722
90 742
90 769
90 818
90 819
90 863
90 896
90 903
90 917
90 945
91 110
91 132
91 201
91 207
91 214
91 274
91 295
91 300
91 306
91 321
91 416
91 453
91 526
91 558
91 563
91 627
91 648
91 745
91 753
91 817
91 873
91 941
91 947
91 962
91 999
91 1000
92 118
92 121
92 126
92 191
92 200
92 220
92 234
92 262
92 269
92 279
92 310
92 318
92 321
92 362
92 382
92 405
92 456
92 492
92 505
92 591
92 662
92 670
92 672
92 679
92 682
92 687
92 692
92 699
92 717
92 718
92 727
92 746
92 756
92 766
92 776
92 792
92 863
92 904
92 913
92 918
92 933
92 958
92 988
92 992
93 237
93 313
93 394
93 407
93 411
93 473
93 761
93 881
93 890
93 909
94 99
94 204
94 352
94 354
94 538
94 676
94 768
94 811
94 839
94 890
94 970
94 988
95 100
95 129
95 139
95 143
95 151
95 167
95 202
95 231
95 274
95 275
95 309
95 315
95 327
95 336
95 363
95 407
95 424
95 504
95 585
95 620
95 639
95 674
95 726
95 745
95 782
95 891
95 921
96 182
96 212
96 251
96 253
96 336
96 371
96 480
96 519
96 521
96 534
96 572
96 605
96 619
96 624
96 632
96 678
96 706
96 716
96 756
96 843
96 875
96 881
96 963
97 106
97 130
97 162
97 173
97 214
97 221
97 224
97 288
97 345
97 358
97 391
97 397
97 400
97 413
97 469
97 470
97 492
97 526
97 577
97 609
97 656
97 683
97 695
97 704
97 708
97 758
97 775
97 777
97 825
97 842
97 860
97 910
97 942
97 969
98 300
98 311
98 405
98 431
98 439
98 473
98 530
98 568
98 598
98 620
98 688
98 893
99 173
99 198
99 218
99 236
99 242
99 255
99 383
99 453
99 521
99 642
99 651
99 714
99 768
99 782
99 805
99 826
99 852
99 911
99 917
100 112
100 193
100 210
100 348
100 388
100 399
100 453
100 478
100 498
100 563
100 591
100 645
100 691
100 702
100 787
100 805
100 856
100 860
100 965
100 972
101 242
101 278
101 321
101 332
101 387
101 405
101 413
101 604
101 629
101 632
101 685
101 707
101 715
101 729
101 769
101 791
101 807
101 912
101 916
101 920
101 961
101 981
102 169
102 215
102 218
102 233
102 240
102 252
102 267
102 295
102 344
102 394
102 408
102 450
102 477
102 560
102 655
102 745
102 751
102 806
102 828
102 891
102 901
102 919
102 925
102 947
102 955
102 969
103 198
103 236
103 249
103 301
103 304
103 322
103 342
103 411
103 516
103 532
103 566
103 657
103 716
103 731
103 820
103 985
104 146
104 186
104 251
104 263
104 267
104 274
104 325
104 336
104 341
104 508
104 538
104 575
104 582
104 607
104 706
104 802
104 824
104 862
104 881
104 933
105 106
105 118
105 153
105 181
105 188
105 205
105 225
105 240
105 281
105 294
105 347
105 377
105 393
105 397
105 410
105 411
105 449
105 475
105 550
105 579
105 586
105 653
105 677
105 685
105 689
105 718
105 729
105 735
105 806
105 815
105 820
105 829
105 899
105 956
105 972
105 995
106 198
106 200
106 250
106 306
106 349
106 469
106 701
106 720
106 781
106 952
106 968
107 110
107 116
107 139
107 210
107 330
107 374
107 405
107 441
107 450
107 473
107 511
107 655
107 674
107 741
107 805
107 828
107 833
107 865
107 877
107 921
107 944
108 161
108 236
108 260
108 262
108 287
108 355
108 567
108 644
108 696
108 762
108 797
108 809
108 824
108 836
108 938
109 143
109 192
109 316
109 332
109 346
109 376
109 401
109 402
109 545
109 614
109 726
109 743
109 860
109 870
109 959
110 119
110 163
110 165
110 170
110 184
110 190
110 211
110 224
110 244
110 262
110 274
110 307
110 314
110 318
110 357
110 362
110 370
110 380
110 401
110 422
110 443
110 467
110 471
110 474
110 508
110 509
110 517
110 526
110 613
110 618
110 629
110 630
110 644
110 662
110 704
110 722
110 733
110 745
110 757
110 781
110 809
110 827
110 900
110 921
110 974
110 983
111 164
111 215
111 228
111 247
111 312
111 334
111 353
111 435
111 504
111 598
111 650
111 662
111 670
111 770
111 959
112 119
112 143
112 151
112 157
112 165
112 176
112 217
112 287
112 300
112 301
112 316
112 329
112 353
112 355
112 394
112 402
112 410
112 540
112 573
112 580
112 604
112 646
112 690
112 784
112 817
112 829
112 851
112 856
112 877
112 882
112 935
112 942
112 957
112 968
112 982
113 145
113 198
113 257
113 275
113 333
113 405
113 436
113 447
113 472
113 483
113 506
113 514
113 554
113 579
113 674
113 727
113 736
113 801
113 865
114 123
114 137
114 138
114 142
114 150
114 185
114 203
114 253
114 313
114 324
114 398
114 423
114 452
114 475
114 510
114 527
114 546
114 570
114 574
114 589
114 591
114 639
114 641
114 677
114 706
114 762
114 815
114 852
114 869
114 877
114 887
114 909
114 915
114 922
114 974
114 991
115 134
115 138
115 170
115 198
115 202
115 239
115 266
115 292
115 304
115 305
115 306
115 320
115 331
115 377
115 457
115 461
115 472
115 538
115 580
115 592
115 670
115 675
115 680
115 717
115 721
115 730
115 732
115 736
115 738
115 769
115 778
115 797
115 847
115 853
115 868
115 989
116 122
116 204
116 206
116 307
116 326
116 355
116 417
116 445
116 452
116 466
116 468
116 476
116 512
116 568
116 594
116 600
116 645
116 700
116 718
116 731
116 763
116 861
116 879
116 886
116 906
116 985
116 995
117 140
117 219
117 268
117 305
117 311
117 360
117 401
117 439
117 442
117 497
117 706
117 718
117 780
117 833
117 864
117 919
118 164
118 228
118 386
118 497
118 597
118 616
118 634
118 690
118 700
118 736
118 782
118 808
118 834
118 905
118 909
118 943
118 982
119 180
119 302
119 348
119 416
119 467
119 496
119 501
119 615
119 702
119 722
119 746
119 843
119 864
119 890
120 122
120 163
120 179
120 238
120 240
120 257
120 289
120 353
120 368
120 370
120 376
120 419
120 441
120 450
120 473
120 505
120 597
120 796
120 882
120 885
120 964
121 140
121 155
121 200
121 232
121 333
121 354
121 364
121 450
121 477
121 490
121 538
121 562
121 645
121 665
121 743
121 751
121 779
121 785
121 939
121 978
122 188
122 210
122 260
122 312
122 393
122 418
122 436
122 522
122 540
122 547
122 550
122 562
122 754
122 762
122 881
122 884
122 905
123 129
123 139
123 143
123 191
123 219
123 226
123 287
123 336
123 415
123 419
123 493
123 535
123 550
123 665
123 700
123 704
123 713
123 763
123 860
123 960
123 984
123 993
124 163
124 222
124 265
124 418
124 553
124 593
124 702
124 765
124 793
124 822
124 857
124 872
124 960
124 994
125 252
125 264
125 300
125 315
125 476
125 494
125 499
125 566
125 637
125 639
125 715
125 873
125 882
125 977
126 130
126 198
126 239
126 252
126 267
126 362
126 368
126 486
126 494
126 525
126 527
126 586
126 619
126 636
126 710
126 816
126 864
126 929
126 955
127 160
127 299
127 300
127 384
127 398
127 466
127 482
127 564
127 589
127 626
127 642
127 644
127 648
127 687
127 691
127 724
127 729
127 968
127 983
127 987
128 199
128 249
128 300
128 315
128 325
128 336
128 409
128 417
128 450
128 513
128 572
128 636
128 698
128 705
128 722
128 753
128 761
128 805
128 861
128 941
129 157
129 249
129 283
129 301
129 306
129 312
129 320
129 375
129 382
129 410
129 425
129 443
129 469
129 479
129 488
129 510
129 646
129 664
129 671
129 713
129 757
129 776
129 795
129 812
129 840
129 855
129 897
129 952
130 132
130 156
130 213
130 260
130 299
130 318
130 326
130 413
130 440
130 454
130 472
130 475
130 522
130 555
130 577
130 581
130 629
130 635
130 650
130 651
130 655
130 667
130 682
130 710
130 729
130 731
130 741
130 746
130 747
130 754
130 757
130 799
130 813
130 834
130 856
130 904
130 954
130 975
130 978
130 999
131 151
131 160
131 183
131 202
131 216
131 241
131 245
131 265
131 266
131 286
131 287
131 290
131 312
131 330
131 347
131 350
131 406
131 435
131 477
131 533
131 537
131 572
131 577
131 611
131 620
131 649
131 658
131 672
131 751
131 789
131 790
131 804
131 807
131 831
131 946
131 953
131 994
131 997
131 999
132 146
132 154
132 273
132 304
132 338
132 344
132 353
132 378
132 383
132 384
132 388
132 401
132 437
132 453
132 474
132 523
132 533
132 589
132 646
132 656
132 695
132 728
132 749
132 781
132 803
132 818
132 827
132 857
132 912
132 932
132 940
132 941
132 949
132 952
132 958
132 959
133 238
133 247
133 311
133 323
133 326
133 351
133 456
133 493
133 499
133 562
133 577
133 604
133 680
133 742
133 767
133 859
133 958
134 150
134 151
134 163
134 201
134 258
134 276
134 277
134 347
134 353
134 374
134 411
134 560
134 600
134 632
134 643
134 671
134 694
134 767
134 825
134 881
134 938
134 982
135 147
135 218
135 230
135 302
135 326
135 334
135 407
135 422
135 510
135 542
135 581
135 657
135 686
135 722
135 818
135 833
135 860
135 866
135 885
135 977
136 146
136 167
136 174
136 262
136 319
136 343
136 389
136 434
136 457
136 481
136 500
136 533
136 538
136 609
136 615
136 632
136 670
136 699
136 723
136 741
136 790
136 817
136 834
136 835
136 861
136 927
136 959
137 157
137 158
137 177
137 211
137 216
137 260
137 368
137 396
137 415
137 423
137 453
137 497
137 585
137 616
137 623
137 643
137 650
137 668
137 673
137 680
137 684
137 693
137 727
137 735
137 780
137 815
137 869
137 875
137 890
137 901
137 943
137 963
137 984
138 226
138 297
138 344
138 365
138 396
138 404
138 408
138 432
138 447
138 538
138 577
138 651
138 729
138 742
138 867
139 141
139 165
139 172
139 231
139 268
139 319
139 376
139 378
139 421
139 426
139 439
139 453
139 525
139 535
139 537
139 572
139 573
139 649
139 662
139 674
139 681
139 712
139 784
139 791
139 822
139 867
139 887
139 903
139 909
139 941
140 149
140 175
140 271
140 303
140 363
140 392
140 411
140 439
140 453
140 466
140 486
140 572
140 615
140 624
140 636
140 668
140 680
140 714
140 741
140 775
140 792
140 855
140 893
140 982
141 218
141 257
141 340
141 453
141 473
141 524
141 546
141 638
141 642
141 673
141 736
141 747
141 919
142 175
142 188
142 198
142 242
142 286
142 394
142 411
142 420
142 441
142 551
142 585
142 587
142 622
142 638
142 713
142 792
142 816
142 858
142 864
143 147
143 164
143 170
143 213
143 222
143 272
143 302
143 357
143 388
143 481
143 496
143 535
143 560
143 587
143 606
143 664
143 674
143 695
143 719
143 747
143 751
143 753
143 798
143 809
143 874
143 881
143 889
143 893
143 914
143 916
143 920
143 938
143 947
143 957
143 963
143 993
144 155
144 225
144 254
144 280
144 373
144 494
144 510
144 565
144 576
144 670
144 695
144 736
144 742
144 774
144 830
144 838
144 870
144 882
144 929
144 947
144 991
145 155
145 162
145 171
145 175
145 193
145 242
145 274
145 304
145 362
145 417
145 436
145 448
145 505
145 567
145 704
145 782
145 841
145 883
145 921
146 238
146 251
146 293
146 311
146 374
146 390
146 432
146 475
146 560
146 564
146 666
146 722
146 819
146 840
146 843
146 860
146 918
146 926
146 982
146 998
147 190
147 204
147 223
147 291
147 301
147 349
147 355
147 366
147 385
147 397
147 446
147 480
147 500
147 538
147 570
147 588
147 597
147 612
147 625
147 691
147 702
147 716
147 861
147 928
147 936
147 965
148 153
148 166
148 262
148 263
148 271
148 333
148 426
148 457
148 498
148 573
148 583
148 591
148 596
148 605
148 644
148 651
148 763
148 796
148 820
148 856
148 890
148 917
148 923
148 939
148 963
149 155
149 211
149 316
149 318
149 394
149 437
149 477
149 504
149 510
149 541
149 557
149 595
149 688
149 689
149 704
149 731
149 744
149 775
149 780
149 805
149 844
149 862
149 894
149 958
150 201
150 318
150 352
150 354
150 526
150 550
150 572
150 592
150 702
150 716
150 755
150 793
150 803
150 912
150 919
151 202
151 216
151 249
151 265
151 274
151 278
151 363
151 451
151 460
151 540
151 554
151 634
151 684
151 702
151 766
151 781
151 807
152 158
152 196
152 232
152 287
152 395
152 408
152 419
152 461
152 524
152 550
152 646
152 668
152 683
152 752
152 773
152 840
152 884
152 930
152 967
152 982
153 181
153 262
153 385
153 388
153 598
153 726
153 727
153 769
153 810
153 843
153 848
153 899
153 905
153 917
153 993
154 174
154 204
154 226
154 236
154 249
154 262
154 365
154 413
154 482
154 538
154 571
154 735
154 744
154 839
154 911
155 271
155 300
155 302
155 304
155 457
155 591
155 593
155 634
155 692
155 734
155 764
155 795
155 797
155 835
155 917
155 985
155 987
156 159
156 180
156 239
156 256
156 321
156 351
156 356
156 386
156 391
156 413
156 453
156 465
156 479
156 522
156 550
156 559
156 603
156 605
156 608
156 633
156 642
156 645
156 668
156 683
156 726
156 750
156 769
156 772
156 784
156 798
156 823
156 831
156 837
156 877
156 956
156 960
157 185
157 202
157 219
157 277
157 349
157 412
157 442
157 540
157 584
157 604
157 666
157 678
157 681
157 736
157 759
157 760
157 761
157 767
157 838
157 992
158 177
158 258
158 320
158 359
158 373
158 375
158 402
158 442
158 454
158 459
158 465
158 467
158 505
158 510
158 540
158 610
158 662
158 668
158 669
158 739
158 751
158 786
158 917
158 930
159 180
159 193
159 230
159 285
159 331
159 351
159 401
159 408
159 414
159 430
159 457
159 524
159 573
159 603
159 679
159 687
159 783
159 833
159 978
160 232
160 390
160 432
160 437
160 441
160 548
160 575
160 697
160 713
160 726
160 741
160 910
160 920
160 923
160 954
160 992
161 254
161 262
161 300
161 399
161 474
161 486
161 510
161 573
161 589
161 623
161 633
161 655
161 685
161 770
161 898
161 953
161 955
161 982
162 201
162 208
162 303
162 344
162 431
162 461
162 553
162 671
162 713
162 777
162 779
162 796
162 818
162 854
163 276
163 286
163 289
163 302
163 379
163 394
163 405
163 445
163 513
163 514
163 519
163 565
163 616
163 625
163 646
163 658
163 667
163 671
163 683
163 688
163 695
163 761
163 769
163 785
163 799
163 893
163 902
163 918
164 180
164 230
164 329
164 338
164 355
164 401
164 479
164 623
164 653
164 655
164 668
164 739
164 819
164 830
164 843
165 167
165 182
165 232
165 247
165 351
165 480
165 595
165 625
165 634
165 684
165 769
165 884
165 913
165 916
165 917
166 202
166 221
166 223
166 259
166 333
166 336
166 381
166 469
166 470
166 472
166 547
166 573
166 596
166 641
166 655
166 676
166 758
166 784
166 786
166 788
166 874
166 878
166 890
166 951
167 198
167 228
167 287
167 294
167 295
167 306
167 312
167 316
167 364
167 367
167 371
167 376
167 407
167 414
167 437
167 441
167 457
167 461
167 487
167 589
167 601
167 624
167 632
167 637
167 640
167 733
167 771
167 789
167 843
167 848
167 899
167 902
167 908
167 932
167 939
168 187
168 204
168 231
168 372
168 385
168 397
168 409
168 423
168 445
168 593
168 634
168 651
168 814
168 940
168 974
169 224
169 237
169 262
169 266
169 368
169 370
169 436
169 461
169 539
169 568
169 589
169 754
169 766
169 888
169 893
169 898
170 174
170 186
170 247
170 266
170 269
170 311
170 338
170 404
170 406
170 410
170 413
170 474
170 529
170 535
170 548
170 573
170 646
170 680
170 684
170 709
170 718
170 778
170 916
170 929
170 954
170 970
170 971
170 996
171 232
171 260
171 411
171 448
171 467
171 494
171 497
171 510
171 578
171 643
171 749
171 802
171 815
171 872
171 873
171 962
172 173
172 197
172 287
172 320
172 398
172 439
172 466
172 503
172 539
172 542
172 568
172 624
172 642
172 682
172 685
172 701
172 722
172 729
172 779
172 795
172 797
172 886
172 909
172 914
172 944
172 962
173 247
173 252
173 348
173 415
173 484
173 498
173 542
173 560
173 567
173 579
173 650
173 694
173 709
173 770
173 792
173 878
173 916
174 180
174 194
174 202
174 224
174 244
174 246
174 259
174 302
174 309
174 311
174 316
174 349
174 355
174 367
174 383
174 425
174 429
174 451
174 464
174 481
174 511
174 531
174 549
174 550
174 593
174 598
174 614
174 622
174 643
174 644
174 707
174 716
174 792
174 793
174 823
174 851
174 872
174 912
174 921
174 925
174 940
174 951
174 984
175 399
175 439
175 473
175 619
175 620
175 697
175 723
175 726
175 757
175 897
175 907
175 956
176 248
176 312
176 357
176 395
176 410
176 438
176 449
176 463
176 489
176 494
176 529
176 704
176 718
176 770
176 789
176 815
176 827
176 870
176 930
176 967
177 203
177 223
177 243
177 274
177 349
177 486
177 514
177 518
177 540
177 549
177 582
177 583
177 603
177 605
177 634
177 636
177 656
177 683
177 703
177 709
177 742
177 750
177 767
177 782
177 784
177 805
177 806
177 813
177 820
177 852
177 898
177 903
177 931
177 944
177 947
177 950
178 238
178 265
178 319
178 359
178 412
178 452
178 457
178 463
178 466
178 468
178 513
178 514
178 549
178 564
178 624
178 626
178 647
178 658
178 673
178 688
178 700
178 703
178 742
178 770
178 779
178 789
178 812
178 984
178 986
179 325
179 431
179 537
179 546
179 819
179 833
179 843
179 882
179 903
179 917
179 937
179 988
179 999
180 286
180 310
180 413
180 432
180 568
180 742
180 810
180 831
180 874
180 914
181 214
181 248
181 333
181 391
181 400
181 419
181 494
181 498
181 505
181 510
181 513
181 521
181 544
181 591
181 593
181 654
181 675
181 736
181 806
181 898
181 942
181 944
181 958
181 984
182 195
182 238
182 253
182 257
182 267
182 274
182 278
182 301
182 312
182 332
182 358
182 362
182 380
182 389
182 395
182 449
182 458
182 473
182 536
182 551
182 591
182 594
182 620
182 630
182 655
182 678
182 700
182 715
182 734
182 787
182 817
182 828
182 844
182 885
182 887
182 897
182 908
182 927
182 930
183 236
183 303
183 381
183 406
183 600
183 678
183 683
183 898
183 947
184 202
184 214
184 269
184 364
184 394
184 409
184 426
184 513
184 572
184 586
184 669
184 702
184 706
184 722
184 843
184 931
184 933
185 206
185 266
185 267
185 290
185 344
185 377
185 404
185 406
185 418
185 438
185 445
185 496
185 515
185 605
185 665
185 722
185 754
185 774
185 813
185 872
185 917
185 975
185 981
186 285
186 313
186 349
186 360
186 397
186 485
186 531
186 549
186 584
186 596
186 609
186 737
186 834
186 853
186 883
186 894
186 945
187 242
187 247
187 269
187 451
187 558
187 570
187 606
187 611
187 614
187 622
187 633
187 635
187 688
187 966
188 238
188 249
188 363
188 440
188 493
188 499
188 515
188 547
188 652
188 659
188 674
188 680
188 684
188 720
188 729
188 814
188 909
188 951
188 968
188 989
188 998
189 466
189 521
189 547
189 568
189 595
189 605
189 634
189 651
189 707
189 722
189 741
189 763
189 797
189 815
190 338
190 405
190 498
190 553
190 665
190 941
191 193
191 211
191 234
191 258
191 270
191 277
191 283
191 289
191 320
191 337
191 338
191 342
191 400
191 401
191 406
191 408
191 411
191 426
191 445
191 459
191 529
191 544
191 559
191 560
191 587
191 605
191 611
191 623
191 674
191 692
191 699
191 713
191 729
191 731
191 769
191 780
191 824
191 877
191 903
191 920
191 922
191 929
191 940
191 942
192 235
192 251
192 280
192 334
192 358
192 493
192 502
192 526
192 571
192 651
192 830
192 837
192 843
192 862
192 864
192 974
192 985
193 198
193 244
193 293
193 309
193 316
193 376
193 382
193 445
193 543
193 590
193 613
193 706
193 768
193 833
193 836
193 856
193 904
193 989
193 993
193 998
194 286
194 318
194 357
194 417
194 457
194 498
194 540
194 666
194 715
194 760
194 872
194 891
195 250
195 295
195 311
195 385
195 425
195 447
195 513
195 558
195 577
195 620
195 634
195 720
195 809
195 820
195 884
195 923
195 983
196 205
196 222
196 247
196 253
196 264
196 266
196 301
196 312
196 316
196 318
196 409
196 417
196 527
196 539
196 564
196 570
196 599
196 607
196 633
196 717
196 728
196 779
196 805
196 834
196 853
196 903
196 910
196 936
196 954
197 207
197 214
197 224
197 287
197 358
197 366
197 371
197 403
197 445
197 540
197 558
197 569
197 733
197 775
197 805
198 220
198 292
198 296
198 297
198 380
198 391
198 420
198 440
198 449
198 450
198 452
198 453
198 487
198 529
198 540
198 598
198 652
198 683
198 686
198 688
198 730
198 732
198 752
198 772
198 778
198 780
198 827
198 920
198 954
198 977
198 982
198 987
198 988
198 998
199 292
199 293
199 390
199 411
199 590
199 616
199 671
199 731
199 750
199 760
199 792
199 842
199 865
199 910
200 277
200 324
200 361
200 364
200 403
200 409
200 483
200 521
200 546
200 668
200 689
200 775
200 813
201 237
201 312
201 356
201 412
201 419
201 436
201 441
201 503
201 541
201 566
201 575
201 582
201 615
201 619
201 621
201 626
201 657
201 660
201 686
201 701
201 764
201 792
201 813
201 827
201 875
201 898
201 942
201 952
201 963
201 976
202 216
202 231
202 311
202 380
202 381
202 452
202 458
202 514
202 533
202 572
202 608
202 626
202 637
202 661
202 676
202 678
202 685
202 692
202 701
202 704
202 718
202 742
202 773
202 803
202 834
202 905
202 909
202 918
202 975
202 989
203 225
203 268
203 270
203 305
203 373
203 403
203 460
203 496
203 515
203 538
203 762
203 816
203 858
203 861
203 875
203 939
203 966
204 222
204 333
204 345
204 355
204 420
204 446
204 584
204 634
204 649
204 667
204 702
204 718
204 775
204 792
204 884
204 891
204 912
204 945
204 955
205 236
205 373
205 432
205 489
205 605
205 619
205 673
205 744
205 780
205 789
205 805
205 828
206 261
206 404
206 451
206 563
206 577
206 726
206 739
206 740
206 772
206 784
206 837
206 838
206 892
206 929
207 252
207 417
207 429
207 491
207 655
207 665
207 693
207 759
207 802
207 843
207 917
207 956
207 970
208 223
208 270
208 340
208 395
208 457
208 508
208 564
208 606
208 638
208 671
208 699
208 704
208 718
208 789
208 864
208 907
209 353
209 355
209 426
209 450
209 514
209 576
209 676
209 729
209 802
209 823
209 888
210 238
210 271
210 275
210 282
210 295
210 302
210 315
210 355
210 402
210 434
210 480
210 519
210 537
210 581
210 621
210 632
210 692
210 722
210 729
210 766
210 800
210 803
210 832
210 917
210 931
210 942
210 957
210 977
210 996
211 212
211 348
211 356
211 420
211 443
211 461
211 487
211 492
211 494
211 505
211 549
211 717
211 733
211 770
211 775
211 786
211 813
211 855
212 238
212 292
212 299
212 333
212 396
212 469
212 486
212 524
212 532
212 580
212 656
212 673
212 675
212 805
212 829
212 836
212 877
212 988
212 992
213 314
213 345
213 592
213 609
213 632
213 656
213 728
213 740
213 853
213 895
213 923
213 999
214 218
214 243
214 288
214 291
214 292
214 300
214 311
214 329
214 367
214 415
214 416
214 444
214 479
214 501
214 511
214 552
214 613
214 623
214 687
214 696
214 733
214 761
214 853
214 871
214 875
214 882
214 892
214 945
214 955
214 980
215 280
215 283
215 339
215 423
215 591
215 723
215 742
215 820
215 938
215 944
216 254
216 265
216 287
216 457
216 575
216 610
216 714
216 747
216 780
216 852
216 870
216 877
216 927
217 229
217 264
217 275
217 283
217 522
217 698
217 724
217 735
217 775
217 810
217 925
217 959
218 255
218 271
218 273
218 283
218 289
218 311
218 312
218 334
218 341
218 448
218 463
218 466
218 553
218 584
218 593
218 675
218 692
218 718
218 722
218 755
218 757
218 803
218 816
218 878
218 885
218 898
218 930
218 942
218 948
218 968
218 972
218 981
218 990
219 225
219 236
219 285
219 417
219 480
219 494
219 521
219 547
219 637
219 645
219 692
219 739
219 740
219 766
219 797
219 806
219 910
220 282
220 394
220 535
220 563
220 597
220 600
220 615
220 626
220 638
220 736
220 828
220 892
221 267
221 311
221 420
221 526
221 529
221 534
221 708
221 731
221 787
221 810
221 827
221 974
222 348
222 355
222 458
222 482
222 503
222 674
222 718
222 821
222 831
222 833
222 902
222 921
222 939
222 993
223 298
223 367
223 384
223 395
223 397
223 408
223 417
223 419
223 469
223 475
223 495
223 544
223 573
223 610
223 616
223 635
223 659
223 698
223 714
223 745
223 808
223 811
223 821
223 884
223 900
223 913
223 936
223 992
224 287
224 497
224 537
224 553
224 562
224 573
224 605
224 747
224 947
225 278
225 286
225 295
225 323
225 372
225 418
225 426
225 437
225 445
225 456
225 465
225 493
225 519
225 582
225 596
225 600
225 609
225 626
225 634
225 682
225 697
225 726
226 243
226 294
226 304
226 441
226 482
226 593
226 656
226 736
226 755
226 824
226 830
226 832
226 853
226 893
226 913
226 993
227 256
227 280
227 302
227 328
227 336
227 352
227 417
227 504
227 521
227 598
227 634
227 753
227 804
227 874
227 992
228 260
228 338
228 391
228 394
228 398
228 414
228 440
228 488
228 702
228 722
228 735
228 738
228 863
228 882
228 893
228 904
228 944
228 998
229 393
229 439
229 473
229 496
229 564
229 827
229 857
229 866
229 868
229 888
229 926
229 954
230 291
230 301
230 316
230 318
230 356
230 432
230 437
230 460
230 503
230 517
230 518
230 583
230 594
230 603
230 606
230 612
230 623
230 668
230 718
230 729
230 809
230 823
230 839
230 859
230 944
230 954
230 956
230 962
230 982
231 305
231 340
231 349
231 405
231 410
231 446
231 457
231 501
231 521
231 645
231 653
231 661
231 682
231 742
231 762
231 841
231 927
231 939
231 945
231 971
232 275
232 286
232 288
232 298
232 338
232 375
232 382
232 427
232 446
232 459
232 465
232 505
232 534
232 540
232 564
232 617
232 691
232 701
232 764
232 799
232 893
232 900
232 907
232 935
233 249
233 299
233 404
233 482
233 593
233 693
233 742
233 983
233 999
234 268
234 355
234 360
234 426
234 429
234 430
234 556
234 596
234 646
234 857
234 980
235 267
235 296
235 299
235 322
235 377
235 407
235 437
235 467
235 623
235 632
235 634
235 661
235 729
235 780
235 807
235 862
235 886
236 267
236 273
236 286
236 293
236 302
236 331
236 344
236 346
236 367
236 406
236 421
236 425
236 436
236 441
236 498
236 501
236 506
236 514
236 530
236 548
236 551
236 553
236 565
236 571
236 586
236 601
236 618
236 627
236 635
236 639
236 682
236 709
236 711
236 718
236 722
236 723
236 726
236 739
236 783
236 795
236 807
236 817
236 829
236 844
236 864
236 865
236 905
236 909
236 919
236 955
236 968
236 977
236 984
237 260
237 268
237 300
237 308
237 344
237 455
237 468
237 493
237 539
237 614
237 719
237 727
237 830
237 839
237 865
237 963
237 976
238 267
238 369
238 371
238 378
238 398
238 410
238 464
238 470
238 472
238 544
238 634
238 753
238 852
238 862
238 926
238 981
239 306
239 360
239 458
239 486
239 562
239 678
239 693
239 699
239 744
239 769
239 780
239 819
239 843
239 885
239 890
239 895
240 242
240 282
240 306
240 369
240 371
240 407
240 504
240 542
240 578
240 633
240 641
240 680
240 781
240 941
240 972
241 380
241 391
241 413
241 437
241 441
241 502
241 533
241 546
241 709
241 711
241 763
241 769
241 772
241 903
241 909
241 930
241 965
242 250
242 261
242 264
242 279
242 323
242 359
242 362
242 399
242 402
242 405
242 432
242 435
242 515
242 524
242 675
242 679
242 717
242 728
242 732
242 742
242 756
242 762
242 790
242 826
242 828
242 836
242 874
242 882
242 888
242 892
242 894
242 933
243 254
243 263
243 272
243 274
243 470
243 475
243 800
244 260
244 311
244 423
244 474
244 576
244 688
244 909
244 977
245 352
245 463
245 472
245 509
245 617
245 783
245 788
245 793
245 799
245 823
245 872
245 965
246 345
246 409
246 438
246 478
246 505
246 508
246 533
246 594
246 726
246 734
246 760
246 859
247 250
247 251
247 258
247 261
247 282
247 321
247 352
247 355
247 368
247 392
247 443
247 458
247 524
247 595
247 601
247 604
247 670
247 690
247 695
247 715
247 729
247 747
247 789
247 831
247 835
247 852
247 954
247 956
247 973
248 334
248 374
248 476
248 504
248 513
248 564
248 605
248 885
248 898
248 912
248 924
249 467
249 507
249 535
249 578
249 588
249 620
249 636
249 641
249 651
249 670
249 675
249 688
249 758
249 761
249 772
249 823
249 860
249 863
249 869
249 877
249 881
249 956
249 984
250 334
250 350
250 364
250 371
250 395
250 399
250 403
250 424
250 490
250 518
250 569
250 584
250 643
250 647
250 659
250 726
250 737
250 758
250 764
250 804
250 833
250 836
250 886
250 890
250 898
250 900
250 981
251 267
251 304
251 306
251 364
251 407
251 415
251 432
251 436
251 457
251 473
251 527
251 538
251 554
251 631
251 829
251 843
251 869
251 896
251 915
251 917
251 918
251 952
251 980
251 985
251 997
252 291
252 333
252 394
252 398
252 564
252 685
252 687
252 775
253 262
253 270
253 348
253 353
253 354
253 404
253 458
253 521
253 565
253 601
253 701
253 722
253 731
253 760
253 778
253 784
253 795
253 816
253 831
253 890
253 897
253 899
253 915
253 941
253 951
253 952
253 954
253 986
253 989
254 298
254 312
254 384
254 413
254 444
254 461
254 493
254 573
254 629
254 992
255 311
255 337
255 362
255 478
255 522
255 539
255 563
255 576
255 614
255 657
255 688
255 895
255 949
256 288
256 321
256 352
256 439
256 446
256 477
256 516
256 572
256 610
256 638
256 665
256 669
256 680
256 711
256 914
257 307
257 458
257 474
257 483
257 513
257 524
257 529
257 538
257 559
257 589
257 666
257 669
257 705
257 769
257 868
257 998
258 264
258 325
258 348
258 374
258 375
258 380
258 381
258 419
258 451
258 550
258 580
258 634
258 692
258 701
258 708
258 757
258 872
258 944
258 993
259 271
259 309
259 325
259 365
259 390
259 409
259 414
259 472
259 486
259 529
259 617
259 641
259 665
259 735
259 748
259 817
259 825
259 906
259 930
259 952
259 963
259 977
260 300
260 361
260 467
260 495
260 516
260 569
260 586
260 612
260 644
260 649
260 650
260 654
260 717
260 718
260 748
260 757
260 774
260 820
260 834
260 898
260 922
260 936
260 938
260 956
260 974
261 271
261 353
261 389
261 567
261 612
261 617
261 704
261 771
261 779
261 829
261 967
262 272
262 302
262 327
262 359
262 393
262 399
262 401
262 411
262 413
262 436
262 469
262 483
262 516
262 520
262 557
262 567
262 600
262 635
262 665
262 695
262 734
262 748
262 768
262 771
262 780
262 799
262 815
262 852
262 854
262 984
263 270
263 410
263 444
263 459
263 510
263 529
263 539
263 580
263 645
263 647
263 666
263 686
263 718
263 769
263 803
263 859
263 872
263 969
263 971
264 313
264 318
264 381
264 465
264 478
264 504
264 519
264 553
264 591
264 600
264 685
264 707
264 737
264 806
264 882
264 994
265 277
265 286
265 287
265 306
265 385
265 398
265 404
265 406
265 482
265 541
265 586
265 602
265 657
265 729
265 800
265 840
265 848
265 925
265 927
265 955
265 974
266 275
266 320
266 426
266 432
266 461
266 613
266 657
266 689
266 749
266 770
266 869
266 955
267 304
267 308
267 310
267 318
267 334
267 371
267 410
267 434
267 454
267 473
267 562
267 572
267 580
267 604
267 616
267 624
267 671
267 680
267 701
267 750
267 781
267 792
267 795
267 800
267 811
267 824
267 875
267 882
268 328
268 348
268 349
268 374
268 375
268 388
268 415
268 419
268 436
268 481
268 505
268 543
268 578
268 584
268 602
268 653
268 688
268 707
268 721
268 741
268 746
268 799
268 842
268 867
268 891
268 921
268 925
268 954
268 982
268 993
269 314
269 316
269 324
269 371
269 405
269 455
269 500
269 509
269 692
269 699
269 706
269 738
269 801
269 814
269 830
269 879
270 296
270 403
270 430
270 486
270 508
270 518
270 540
270 561
270 562
270 573
270 592
270 598
270 605
270 680
270 756
270 798
270 973
271 279
271 306
271 414
271 428
271 456
271 457
271 505
271 553
271 634
271 692
271 711
271 717
271 726
271 766
271 767
271 793
271 798
271 802
271 823
271 856
271 922
272 318
272 330
272 344
272 404
272 475
272 508
272 565
272 610
272 695
272 757
272 778
273 303
273 366
273 406
273 471
273 474
273 475
273 530
273 554
273 558
273 574
273 604
273 621
273 660
273 683
273 685
273 742
273 820
273 854
273 876
273 910
273 911
273 930
273 933
274 296
274 428
274 449
274 471
274 475
274 478
274 498
274 506
274 528
274 536
274 540
274 541
274 584
274 596
274 630
274 662
274 677
274 680
274 690
274 847
274 854
274 877
274 886
274 890
274 901
274 929
275 288
275 396
275 427
275 501
275 515
275 553
275 647
275 656
275 697
275 734
275 766
275 770
275 786
275 795
275 825
275 830
275 917
275 929
275 1000
276 534
276 570
276 604
276 672
276 686
276 722
276 789
276 888
276 941
276 974
277 302
277 385
277 417
277 451
277 456
277 482
277 533
277 546
277 564
277 680
277 689
277 692
277 708
277 780
277 858
277 871
277 901
278 291
278 299
278 310
278 323
278 333
278 358
278 372
278 398
278 406
278 411
278 449
278 456
278 458
278 483
278 540
278 556
278 563
278 570
278 621
278 638
278 651
278 669
278 678
278 680
278 691
278 693
278 776
278 780
278 786
278 806
278 813
278 817
278 851
278 881
278 924
278 972
278 999
279 313
279 509
279 531
279 564
279 692
279 841
279 870
279 883
279 941
279 949
279 952
279 960
280 300
280 356
280 395
280 492
280 493
280 540
280 592
280 603
280 610
280 718
280 741
280 751
280 805
280 840
280 861
280 891
280 1000
281 379
281 397
281 407
281 446
281 467
281 496
281 546
281 575
281 587
281 596
281 672
281 748
281 749
281 772
281 860
281 898
281 908
281 931
281 968
281 999
282 283
282 326
282 358
282 375
282 409
282 429
282 458
282 478
282 494
282 502
282 549
282 646
282 822
282 838
282 942
282 948
282 986
283 403
283 495
283 671
283 685
283 764
283 882
283 890
283 893
283 939
283 984
283 991
284 287
284 293
284 308
284 369
284 419
284 437
284 523
284 634
284 682
284 770
284 968
284 982
285 290
285 293
285 363
285 372
285 462
285 473
285 506
285 542
285 552
285 569
285 609
285 626
285 632
285 666
285 742
285 783
285 806
285 826
285 843
285 876
285 877
286 321
286 364
286 382
286 398
286 415
286 438
286 492
286 558
286 568
286 580
286 611
286 631
286 668
286 701
286 716
286 790
286 791
286 796
286 802
286 877
286 938
286 974
287 291
287 295
287 299
287 318
287 368
287 406
287 459
287 467
287 481
287 522
287 537
287 553
287 565
287 626
287 627
287 648
287 654
287 656
287 662
287 687
287 701
287 702
287 740
287 766
287 776
287 814
287 848
287 861
287 867
287 974
287 989
288 373
288 379
288 521
288 659
288 713
288 762
288 805
288 828
288 834
288 918
288 921
288 925
288 951
289 313
289 322
289 343
289 346
289 363
289 418
289 420
289 461
289 482
289 510
289 519
289 521
289 529
289 563
289 582
289 596
289 599
289 613
289 614
289 631
289 635
289 648
289 649
289 684
289 686
289 741
289 747
289 787
289 791
289 806
289 844
289 889
289 901
289 915
290 398
290 545
290 574
290 577
290 605
290 704
290 759
290 789
290 878
290 920
291 293
291 315
291 330
291 380
291 475
291 498
291 509
291 649
291 650
291 804
291 816
291 918
292 333
292 362
292 437
292 560
292 595
292 625
292 677
292 717
292 859
292 890
292 891
292 913
292 917
293 321
293 328
293 334
293 442
293 547
293 570
293 590
293 726
293 732
293 733
293 769
293 777
293 805
293 813
293 858
293 906
293 908
293 915
293 925
293 985
294 306
294 318
294 468
294 476
294 555
294 597
294 619
294 648
294 653
294 772
295 401
295 404
295 407
295 491
295 510
295 514
295 540
295 553
295 657
295 662
295 814
295 937
295 942
295 972
295 987
295 988
296 352
296 366
296 438
296 441
296 540
296 550
296 615
296 667
296 726
296 747
296 767
296 792
296 796
296 815
296 857
296 912
296 939
297 327
297 335
297 339
297 349
297 355
297 411
297 473
297 662
297 755
297 859
297 912
297 955
298 301
298 404
298 461
298 671
298 694
298 726
298 781
298 802
298 892
299 303
299 304
299 305
299 365
299 380
299 430
299 448
299 474
299 495
299 539
299 570
299 578
299 634
299 759
299 798
299 840
299 861
299 872
299 883
299 885
299 892
299 909
299 913
299 954
299 961
299 975
299 995
299 999
300 303
300 306
300 316
300 338
300 361
300 372
300 379
300 388
300 390
300 425
300 426
300 504
300 562
300 605
300 648
300 660
300 662
300 682
300 687
300 714
300 717
300 748
300 779
300 792
300 859
300 888
300 902
300 908
300 963
300 982
300 989
301 308
301 316
301 326
301 355
301 369
301 409
301 424
301 453
301 504
301 572
301 578
301 583
301 587
301 596
301 609
301 611
301 698
301 716
301 760
301 804
301 828
301 877
301 898
301 930
301 967
301 989
302 359
302 397
302 410
302 429
302 430
302 457
302 478
302 492
302 573
302 595
302 604
302 676
302 690
302 692
302 704
302 733
302 740
302 754
302 796
302 806
302 824
302 931
302 941
302 996
303 326
303 332
303 361
303 407
303 424
303 460
303 510
303 562
303 563
303 624
303 851
303 867
303 889
303 963
303 971
303 993
304 306
304 343
304 370
304 377
304 410
304 415
304 432
304 438
304 455
304 473
304 477
304 481
304 490
304 515
304 519
304 522
304 534
304 549
304 566
304 576
304 579
304 609
304 680
304 754
304 795
304 814
304 815
304 820
304 849
304 858
304 876
304 894
304 924
304 925
304 974
305 405
305 437
305 489
305 553
305 638
305 665
305 702
305 733
305 766
305 811
305 874
305 897
305 922
305 931
305 1000
306 317
306 323
306 329
306 374
306 438
306 451
306 473
306 478
306 490
306 491
306 500
306 522
306 540
306 558
306 570
306 575
306 667
306 668
306 680
306 704
306 745
306 769
306 785
306 844
306 853
306 876
306 886
306 913
306 964
306 967
306 973
307 351
307 432
307 441
307 493
307 563
307 587
307 829
307 853
307 887
307 896
308 319
308 324
308 351
308 393
308 399
308 419
308 423
308 436
308 521
308 554
308 766
308 769
308 782
308 796
308 930
308 931
308 933
309 359
309 382
309 458
309 504
309 521
309 554
309 575
309 577
309 692
309 743
309 781
309 832
309 859
309 861
309 930
309 946
309 955
310 361
310 405
310 415
310 425
310 448
310 646
310 767
310 900
310 937
310 977
311 358
311 404
311 479
311 511
311 530
311 589
311 647
311 665
311 667
311 702
311 798
311 805
311 810
311 818
311 827
311 838
311 853
311 858
311 874
311 920
311 923
311 931
311 955
311 966
311 986
312 337
312 344
312 398
312 403
312 474
312 475
312 550
312 553
312 562
312 604
312 668
312 706
312 718
312 781
312 798
312 813
312 819
312 835
312 841
312 855
312 871
312 948
312 950
312 965
312 971
312 972
313 327
313 422
313 431
313 510
313 573
313 675
313 722
313 790
313 796
313 829
313 843
313 937
313 976
314 356
314 377
314 387
314 430
314 473
314 491
314 492
314 529
314 532
314 575
314 668
314 738
314 758
314 777
314 823
314 859
314 870
314 924
315 344
315 372
315 390
315 469
315 572
315 653
315 706
315 772
315 780
315 857
315 859
315 890
315 938
315 997
316 336
316 388
316 392
316 407
316 441
316 464
316 496
316 540
316 557
316 602
316 611
316 618
316 681
316 689
316 691
316 704
316 717
316 726
316 815
316 856
316 859
316 888
316 914
316 918
316 943
316 981
316 983
316 986
316 987
317 408
317 412
317 419
317 420
317 434
317 474
317 486
317 524
317 591
317 636
317 682
317 703
317 724
317 797
317 811
317 890
317 951
317 987
318 333
318 467
318 474
318 484
318 506
318 539
318 547
318 577
318 585
318 609
318 619
318 636
318 646
318 665
318 669
318 671
318 683
318 704
318 726
318 737
318 760
318 762
318 766
318 769
318 770
318 782
318 786
318 822
318 828
318 830
318 887
318 910
318 931
318 956
318 992
319 423
319 453
319 503
319 546
319 550
319 572
319 682
319 717
319 814
319 861
320 338
320 371
320 398
320 411
320 562
320 641
320 685
320 704
320 757
320 789
320 839
320 865
320 907
320 918
320 941
320 960
320 990
321 334
321 349
321 366
321 432
321 451
321 487
321 545
321 546
321 562
321 604
321 606
321 693
321 705
321 736
321 814
321 860
321 870
321 891
321 930
322 355
322 376
322 415
322 474
322 523
322 634
322 688
322 742
322 807
322 820
322 826
322 853
322 940
322 965
323 478
323 523
323 534
323 661
323 690
323 791
323 799
323 820
323 824
323 859
323 882
323 945
323 984
324 353
324 372
324 406
324 527
324 531
324 590
324 626
324 627
324 630
324 702
324 746
324 787
324 803
324 836
324 932
325 327
325 572
325 637
325 671
325 680
325 702
325 707
325 726
325 992
326 354
326 403
326 407
326 419
326 428
326 461
326 478
326 505
326 540
326 668
326 714
326 726
326 736
326 743
326 751
326 842
326 874
326 972
326 975
327 444
327 464
327 469
327 504
327 604
327 614
327 661
327 669
327 679
327 682
327 693
327 706
327 741
327 805
327 846
327 852
327 879
327 918
327 984
328 342
328 346
328 380
328 387
328 536
328 560
328 651
328 694
328 938
328 971
329 334
329 344
329 399
329 494
329 592
329 717
329 770
329 919
329 940
330 336
330 347
330 368
330 371
330 445
330 458
330 484
330 494
330 506
330 523
330 531
330 606
330 629
330 649
330 675
330 716
330 721
330 732
330 740
330 824
330 841
330 869
330 877
330 894
330 913
331 351
331 382
331 483
331 494
331 513
331 524
331 542
331 663
331 669
331 671
331 733
331 788
331 804
331 862
332 333
332 380
332 399
332 430
332 509
332 522
332 553
332 610
332 614
332 669
332 702
332 751
332 778
332 779
332 797
332 858
332 874
332 915
332 919
332 963
333 339
333 355
333 393
333 404
333 472
333 484
333 563
333 582
333 589
333 605
333 625
333 647
333 695
333 697
333 705
333 711
333 758
333 794
333 840
333 880
333 895
333 911
333 995
334 393
334 401
334 432
334 453
334 467
334 473
334 474
334 491
334 538
334 574
334 710
334 727
334 796
334 798
334 804
334 843
334 960
335 339
335 414
335 475
335 524
335 635
335 772
335 930
335 971
335 979
336 366
336 381
336 392
336 427
336 439
336 440
336 443
336 477
336 534
336 565
336 692
336 711
336 722
336 750
336 764
336 769
336 796
336 856
336 861
336 866
336 873
336 880
336 902
336 927
336 945
336 957
337 362
337 392
337 429
337 437
337 626
337 641
337 670
337 785
337 917
338 376
338 469
338 540
338 602
338 656
338 666
338 680
338 682
338 694
338 768
338 799
338 805
338 817
338 824
338 834
339 366
339 371
339 403
339 407
339 411
339 414
339 416
339 440
339 573
339 621
339 622
339 679
339 687
339 692
339 707
339 757
339 769
339 799
339 839
339 877
339 916
339 991
340 360
340 364
340 640
340 658
340 784
340 820
340 822
340 898
340 988
340 993
341 464
341 478
341 553
341 564
341 617
341 733
341 763
341 895
342 355
342 371
342 377
342 562
342 609
342 620
342 836
343 355
343 399
343 423
343 458
343 515
343 533
343 637
343 701
343 744
343 747
343 831
343 913
343 980
343 987
344 371
344 472
344 515
344 567
344 647
344 668
344 729
344 731
344 757
344 806
344 864
344 937
344 964
345 347
345 371
345 410
345 419
345 440
345 533
345 564
345 592
345 646
345 731
346 347
346 349
346 392
346 407
346 425
346 436
346 475
346 480
346 482
346 500
346 513
346 525
346 527
346 582
346 590
346 592
346 616
346 641
346 658
346 727
346 743
346 792
346 875
346 888
346 923
346 941
346 982
346 986
347 362
347 411
347 441
347 482
347 492
347 516
347 526
347 529
347 534
347 573
347 689
347 765
347 806
347 888
347 939
347 949
347 981
347 982
347 1000
348 370
348 372
348 426
348 429
348 448
348 461
348 489
348 505
348 508
348 600
348 604
348 628
348 637
348 638
348 713
348 724
348 767
348 806
348 836
348 952
348 955
348 993
349 360
349 383
349 421
349 438
349 482
349 509
349 549
349 550
349 591
349 631
349 637
349 647
349 703
349 704
349 741
349 764
349 787
349 797
349 901
349 906
349 962
350 353
350 371
350 394
350 562
350 577
350 669
350 752
350 856
350 862
350 942
350 993
351 451
351 456
351 468
351 513
351 529
351 542
351 602
351 679
351 688
351 760
351 766
351 780
351 784
351 791
351 799
351 814
351 869
351 872
351 882
351 956
351 966
351 990
352 369
352 413
352 573
352 639
352 692
352 837
352 871
352 875
352 893
352 894
352 902
352 965
352 968
352 972
352 993
352 995
353 386
353 391
353 403
353 475
353 481
353 484
353 562
353 590
353 604
353 606
353 612
353 619
353 626
353 632
353 662
353 667
353 721
353 748
353 778
353 848
353 901
353 907
353 932
353 943
353 944
353 992
354 366
354 450
354 500
354 512
354 513
354 579
354 620
354 688
354 761
354 777
354 804
354 809
354 909
354 941
354 947
354 991
355 365
355 414
355 437
355 459
355 481
355 488
355 534
355 580
355 628
355 656
355 664
355 702
355 718
355 760
355 762
355 770
355 784
355 802
355 851
355 853
355 876
355 887
355 917
355 930
355 997
355 1000
356 389
356 423
356 525
356 546
356 572
356 603
356 701
356 734
356 805
356 847
356 870
356 893
356 912
356 915
356 957
356 988
357 407
357 526
357 538
357 613
357 638
357 641
357 675
357 722
357 724
357 733
357 749
357 782
357 799
357 939
357 982
358 382
358 390
358 397
358 447
358 469
358 624
358 648
358 680
358 764
358 884
358 995
359 369
359 447
359 580
359 637
359 648
359 682
359 720
359 724
359 763
359 822
359 943
359 993
360 411
360 414
360 416
360 422
360 447
360 461
360 491
360 539
360 543
360 634
360 677
360 704
360 748
360 766
360 785
360 792
360 799
360 806
360 890
360 944
360 966
360 987
361 380
361 461
361 480
361 592
361 672
361 709
361 875
361 890
361 902
361 916
361 918
362 407
362 410
362 455
362 487
362 506
362 540
362 552
362 643
362 672
362 697
362 713
362 769
362 902
362 953
362 995
363 421
363 446
363 447
363 452
363 472
363 473
363 655
363 733
363 776
363 827
363 828
363 843
363 863
363 892
363 971
363 984
364 388
364 685
364 828
364 911
364 997
365 405
365 432
365 442
365 461
365 472
365 529
365 537
365 556
365 595
365 634
365 636
365 760
365 795
365 828
365 874
365 932
365 941
366 387
366 396
366 399
366 410
366 416
366 421
366 424
366 431
366 446
366 490
366 507
366 550
366 551
366 676
366 769
366 782
366 792
366 844
366 883
366 920
366 990
367 379
367 458
367 562
367 707
367 734
367 770
367 804
367 873
367 984
367 992
368 419
368 423
368 511
368 558
368 564
368 622
368 665
368 674
368 702
368 726
368 749
368 751
368 815
368 840
368 856
368 940
368 964
368 993
369 457
369 458
369 468
369 486
369 504
369 567
369 622
369 678
369 746
369 773
369 776
369 862
369 944
369 945
369 953
370 515
370 566
370 648
370 701
370 702
370 729
370 860
370 917
371 391
371 398
371 407
371 421
371 424
371 455
371 475
371 496
371 506
371 578
371 588
371 599
371 665
371 669
371 718
371 760
371 762
371 809
371 825
371 826
371 877
371 902
371 917
371 944
371 983
372 452
372 551
372 639
372 651
372 653
372 657
372 668
372 700
372 731
372 751
372 774
372 791
372 792
372 806
372 825
372 827
372 836
372 859
372 940
372 975
372 983
373 413
373 479
373 539
373 540
373 952
373 982
374 452
374 508
374 590
374 597
374 680
374 770
374 798
374 843
374 891
375 448
375 452
375 505
375 668
375 683
375 735
375 743
375 751
375 781
375 832
375 850
375 880
375 888
375 923
376 414
376 426
376 428
376 475
376 509
376 538
376 588
376 645
376 689
376 835
376 847
376 884
376 894
376 951
376 988
377 423
377 436
377 460
377 503
377 521
377 526
377 577
377 714
377 726
377 794
377 856
377 892
378 411
378 423
378 445
378 527
378 543
378 592
378 624
378 682
378 730
378 759
378 761
378 787
378 802
378 840
378 843
378 873
378 898
378 932
378 965
379 382
379 556
379 558
379 564
379 624
379 645
379 665
379 707
379 723
379 726
379 764
379 933
380 470
380 498
380 502
380 521
380 529
380 570
380 611
380 621
380 682
380 701
380 720
380 775
380 826
380 877
380 952
380 979
380 991
381 396
381 419
381 469
381 477
381 512
381 691
381 741
381 819
381 860
381 863
381 898
381 917
381 962
381 984
382 387
382 389
382 394
382 395
382 412
382 466
382 485
382 519
382 539
382 544
382 553
382 739
382 764
382 768
382 785
382 791
382 802
382 807
382 827
382 855
382 912
382 973
382 974
382 984
382 989
383 493
383 496
383 500
383 517
383 632
383 698
383 726
383 746
383 757
383 851
383 917
383 956
383 984
383 991
384 537
384 619
384 645
384 688
384 694
384 757
384 783
384 877
384 891
384 897
384 929
384 987
385 388
385 397
385 398
385 409
385 440
385 450
385 494
385 520
385 523
385 601
385 665
385 680
385 694
385 708
385 772
385 789
385 821
385 935
385 950
385 953
385 954
385 965
386 435
386 526
386 550
386 684
386 699
386 777
386 782
386 801
386 831
387 436
387 441
387 531
387 549
387 665
387 682
387 771
388 420
388 632
388 665
388 680
388 688
388 692
388 697
388 701
388 715
388 770
388 954
388 989
389 535
389 539
389 541
389 582
389 624
389 665
389 825
389 955
389 961
390 519
390 559
390 612
390 614
390 625
390 637
390 696
390 769
390 819
390 848
390 892
390 926
390 979
391 476
391 513
391 537
391 603
391 620
391 686
391 703
391 811
391 920
391 935
391 955
392 419
392 524
392 533
392 566
392 586
392 593
392 599
392 707
392 857
393 412
393 425
393 447
393 456
393 473
393 505
393 506
393 507
393 566
393 568
393 590
393 603
393 611
393 637
393 671
393 701
393 769
393 785
393 797
393 836
393 843
393 969
394 477
394 479
394 495
394 504
394 508
394 515
394 523
394 545
394 593
394 636
394 704
394 722
394 828
394 863
394 891
394 911
394 958
394 982
395 426
395 446
395 515
395 553
395 586
395 636
395 675
395 676
395 688
395 733
395 776
395 791
395 820
395 927
395 941
395 957
395 961
395 973
395 996
396 411
396 419
396 454
396 463
396 502
396 655
396 668
396 712
396 729
396 750
396 771
396 791
396 802
396 821
396 822
396 873
396 878
396 907
396 951
396 962
396 988
397 423
397 493
397 524
397 533
397 543
397 585
397 596
397 602
397 671
397 685
397 689
397 695
397 708
397 709
397 716
397 755
397 772
397 812
397 870
397 926
397 935
398 423
398 435
398 453
398 537
398 562
398 668
398 719
398 733
398 762
398 769
398 805
398 894
398 930
398 953
399 415
399 456
399 494
399 515
399 520
399 539
399 593
399 594
399 596
399 611
399 724
399 762
399 769
399 806
399 814
399 825
399 844
399 878
399 917
399 946
399 992
400 413
400 431
400 445
400 480
400 505
400 557
400 560
400 766
400 837
400 861
400 864
400 870
400 939
400 978
401 431
401 463
401 584
401 719
401 764
401 795
401 804
401 884
401 888
401 891
401 937
401 994
401 999
402 435
402 450
402 480
402 494
402 498
402 539
402 590
402 632
402 635
402 728
402 806
402 868
402 877
402 970
402 978
403 448
403 472
403 481
403 507
403 554
403 606
403 647
403 674
403 729
403 820
403 865
403 911
403 964
403 998
404 415
404 427
404 439
404 442
404 542
404 563
404 601
404 615
404 640
404 652
404 745
404 867
404 874
404 881
404 904
404 987
405 408
405 475
405 526
405 574
405 585
405 614
405 647
405 681
405 699
405 742
405 789
405 792
405 811
405 835
405 862
405 933
405 940
405 942
405 962
405 978
405 983
405 998
406 490
406 501
406 509
406 537
406 538
406 539
406 629
406 633
406 670
406 687
406 700
406 708
406 735
406 768
406 774
406 795
406 909
407 413
407 469
407 548
407 551
407 564
407 575
407 591
407 629
407 656
407 683
407 689
407 751
407 782
407 785
407 801
407 821
407 825
407 838
407 861
407 871
407 882
407 933
407 962
407 986
407 991
408 426
408 436
408 446
408 495
408 503
408 523
408 524
408 554
408 666
408 767
408 775
408 841
408 919
408 975
409 439
409 488
409 502
409 529
409 553
409 573
409 581
409 592
409 598
409 608
409 680
409 706
409 765
409 769
409 791
409 815
409 818
409 822
409 930
409 932
409 939
409 958
409 960
409 985
409 987
410 466
410 492
410 494
410 532
410 534
410 552
410 563
410 566
410 568
410 596
410 628
410 658
410 662
410 671
410 707
410 795
410 808
410 822
410 862
410 874
410 912
410 917
410 921
410 928
411 430
411 456
411 467
411 524
411 553
411 557
411 564
411 572
411 652
411 678
411 682
411 719
411 806
411 854
411 866
411 870
411 872
411 888
411 893
411 915
411 931
411 967
412 436
412 478
412 540
412 618
412 692
412 723
412 837
412 850
412 977
413 419
413 446
413 562
413 665
413 675
413 823
413 854
413 861
413 938
414 424
414 436
414 457
414 526
414 541
414 548
414 585
414 610
414 615
414 628
414 675
414 710
414 741
414 751
414 764
414 766
414 770
414 801
414 843
414 911
414 936
414 938
414 959
414 972
414 996
414 997
414 999
415 489
415 514
415 521
415 552
415 591
415 592
415 609
415 667
415 730
415 732
415 778
415 792
415 811
415 820
415 825
415 858
415 860
416 462
416 467
416 504
416 509
416 515
416 577
416 634
416 670
416 727
416 768
416 796
416 853
416 892
416 937
417 482
417 486
417 529
417 537
417 615
417 660
417 718
417 792
417 824
417 862
417 999
418 423
418 448
418 450
418 514
418 588
418 611
418 665
418 700
418 708
418 726
418 775
418 802
418 878
418 892
418 931
418 948
418 993
419 432
419 441
419 450
419 464
419 481
419 502
419 505
419 520
419 535
419 623
419 632
419 663
419 691
419 695
419 715
419 720
419 730
419 732
419 733
419 739
419 775
419 808
419 811
419 823
419 875
419 905
419 916
419 917
419 919
419 925
419 930
420 463
420 573
420 617
420 619
420 688
420 722
420 731
420 741
420 797
420 805
420 871
420 968
421 429
421 433
421 441
421 536
421 551
421 553
421 580
421 592
421 616
421 656
421 763
421 766
421 782
421 785
421 836
421 843
421 844
421 866
421 977
422 423
422 473
422 513
422 565
422 599
422 615
422 741
422 806
422 812
422 827
422 859
422 870
422 872
422 906
422 916
422 991
422 999
423 495
423 550
423 552
423 571
423 579
423 580
423 595
423 632
423 674
423 682
423 709
423 712
423 717
423 720
423 752
423 764
423 782
423 847
423 898
423 905
423 908
423 909
423 920
423 960
423 971
423 984
424 425
424 441
424 570
424 572
424 573
424 590
424 656
424 748
424 907
424 911
424 927
424 952
424 955
424 991
425 436
425 541
425 553
425 561
425 617
425 709
425 716
425 833
425 851
425 864
425 880
425 913
425 971
425 977
425 982
426 429
426 469
426 481
426 496
426 509
426 553
426 560
426 584
426 587
426 599
426 614
426 673
426 675
426 699
426 713
426 729
426 754
426 755
426 771
426 796
426 806
426 876
426 891
426 898
426 906
426 945
426 960
426 979
427 431
427 508
427 553
427 593
427 628
427 653
427 688
427 725
427 963
428 434
428 448
428 518
428 524
428 529
428 613
428 708
428 749
428 817
428 889
428 903
428 915
429 453
429 485
429 527
429 571
429 592
429 609
429 611
429 617
429 631
429 669
429 777
429 797
429 827
429 847
429 856
429 862
429 892
429 917
429 924
429 956
429 981
429 994
430 484
430 605
430 664
430 863
430 868
430 957
430 993
431 437
431 458
431 461
431 485
431 538
431 580
431 598
431 614
431 647
431 687
431 730
431 816
431 849
431 909
432 438
432 446
432 448
432 456
432 481
432 524
432 562
432 587
432 671
432 729
432 731
432 785
432 795
432 820
432 829
432 863
432 888
432 899
432 976
433 508
433 655
433 674
433 730
433 745
433 783
433 839
434 519
434 526
434 546
434 554
434 573
434 740
434 768
434 959
435 457
435 504
435 532
435 537
435 585
435 599
435 606
435 638
435 657
435 672
435 680
435 819
435 820
435 888
435 943
435 974
435 986
435 991
435 997
436 441
436 445
436 507
436 551
436 553
436 565
436 614
436 642
436 709
436 757
436 774
436 776
436 809
436 851
436 864
436 896
436 918
437 446
437 449
437 498
437 514
437 535
437 559
437 563
437 567
437 622
437 636
437 653
437 658
437 670
437 674
437 687
437 722
437 738
437 764
437 843
437 863
437 890
437 916
437 993
438 465
438 477
438 482
438 526
438 555
438 577
438 822
438 891
438 942
438 985
439 504
439 510
439 658
439 773
439 873
439 877
439 984
439 989
440 573
440 575
440 692
440 716
440 770
440 963
441 448
441 537
441 551
441 553
441 559
441 565
441 573
441 575
441 580
441 674
441 709
441 741
441 769
441 811
441 864
441 891
441 932
441 959
442 526
442 555
442 569
442 571
442 590
442 619
442 675
442 718
442 785
442 800
442 806
442 887
442 891
442 905
442 928
442 974
443 474
443 531
443 540
443 543
443 709
443 804
443 928
443 937
444 463
444 477
444 647
444 685
444 693
444 744
444 758
444 804
444 821
444 847
444 878
444 890
445 537
445 585
445 617
445 624
445 641
445 673
445 696
445 824
445 909
445 939
445 974
445 995
446 452
446 566
446 624
446 733
446 806
447 461
447 478
447 482
447 512
447 537
447 570
447 587
447 625
447 671
447 719
447 806
447 822
447 933
447 955
448 463
448 478
448 485
448 496
448 514
448 604
448 693
448 707
448 722
448 729
448 743
448 780
448 789
448 806
448 817
448 829
448 877
448 927
448 965
449 451
449 764
449 803
449 806
449 831
449 912
449 993
450 486
450 494
450 504
450 508
450 538
450 580
450 732
450 758
450 780
450 835
450 939
450 958
450 984
450 989
451 453
451 493
451 499
451 524
451 529
451 564
451 569
451 573
451 599
451 611
451 613
451 623
451 631
451 637
451 643
451 650
451 681
451 692
451 694
451 702
451 729
451 752
451 758
451 759
451 796
451 814
451 826
451 880
451 882
451 926
451 964
451 991
452 458
452 530
452 574
452 687
452 763
452 784
452 832
452 837
452 861
452 884
452 915
453 454
453 532
453 573
453 591
453 592
453 616
453 647
453 648
453 656
453 671
453 689
453 820
453 831
453 837
453 863
453 890
453 935
453 945
453 966
453 987
454 457
454 459
454 483
454 517
454 533
454 571
454 624
454 668
454 673
454 682
454 759
454 764
454 777
454 943
455 553
455 653
455 780
455 782
455 843
455 898
455 919
455 939
456 497
456 500
456 631
456 791
456 860
456 961
456 967
457 464
457 489
457 493
457 502
457 507
457 533
457 550
457 564
457 580
457 592
457 636
457 647
457 664
457 717
457 732
457 733
457 737
457 747
457 757
457 764
457 773
457 804
457 875
457 880
457 909
457 910
457 927
457 972
457 991
458 464
458 465
458 480
458 503
458 533
458 555
458 569
458 577
458 587
458 593
458 612
458 619
458 632
458 678
458 692
458 702
458 745
458 762
458 787
458 829
458 861
458 868
458 940
458 966
458 968
458 992
459 521
459 523
459 543
459 685
459 804
459 817
459 840
459 855
459 904
459 909
460 497
460 514
460 757
460 776
460 780
460 826
460 830
460 871
460 895
460 950
461 466
461 472
461 475
461 484
461 495
461 511
461 525
461 538
461 542
461 563
461 577
461 578
461 625
461 628
461 669
461 678
461 682
461 686
461 702
461 744
461 754
461 778
461 817
461 834
461 879
461 904
461 905
461 952
461 955
461 958
461 961
461 992
462 547
462 614
462 665
462 685
462 820
462 827
462 859
462 860
462 931
462 941
462 967
463 468
463 484
463 515
463 526
463 528
463 543
463 563
463 604
463 607
463 644
463 647
463 725
463 730
463 743
463 789
463 802
463 847
463 894
463 918
463 924
463 925
463 933
463 996
464 472
464 527
464 560
464 618
464 721
464 768
464 807
464 885
464 901
464 913
464 917
465 504
465 514
465 534
465 542
465 580
465 673
465 694
465 726
465 742
465 753
465 791
465 852
465 853
465 903
466 487
466 489
466 518
466 527
466 573
466 595
466 624
466 762
466 806
466 890
466 911
466 992
467 497
467 514
467 591
467 665
467 717
467 784
467 792
467 795
467 858
467 884
467 890
467 951
467 965
468 474
468 498
468 514
468 525
468 628
468 641
468 775
468 789
468 933
468 987
468 1000
469 495
469 529
469 600
469 613
469 641
469 688
469 762
469 780
469 876
469 931
469 941
469 952
469 960
469 984
470 480
470 542
470 618
470 643
470 655
470 664
470 721
470 749
470 777
470 785
470 824
470 942
470 982
471 488
471 514
471 554
471 634
471 684
471 708
471 764
471 855
471 982
472 529
472 548
472 549
472 550
472 564
472 622
472 664
472 665
472 667
472 699
472 705
472 707
472 717
472 743
472 762
472 778
472 792
472 799
472 831
472 832
472 854
472 857
472 878
472 879
472 897
472 926
472 932
472 941
472 956
472 983
472 1000
473 496
473 500
473 506
473 513
473 525
473 544
473 561
473 566
473 576
473 581
473 596
473 607
473 626
473 671
473 681
473 748
473 763
473 767
473 795
473 799
473 838
473 848
473 886
473 894
473 927
474 540
474 542
474 567
474 587
474 600
474 644
474 659
474 668
474 717
474 757
474 760
474 769
474 775
474 808
474 826
474 827
474 846
474 867
474 883
474 922
474 933
474 939
474 949
475 525
475 577
475 581
475 654
475 676
475 681
475 685
475 687
475 722
475 736
475 759
475 806
475 823
475 843
475 862
475 865
475 932
475 981
476 553
476 604
476 742
476 749
476 880
476 889
476 905
476 927
476 957
476 981
477 543
477 613
477 632
477 754
477 949
478 497
478 521
478 564
478 582
478 612
478 633
478 638
478 647
478 651
478 679
478 690
478 716
478 726
478 816
478 837
478 851
478 987
479 593
479 637
479 656
479 761
479 806
479 820
479 843
479 967
480 482
480 553
480 581
480 605
480 620
480 625
480 626
480 629
480 724
480 769
480 807
480 831
480 842
480 911
480 961
480 995
481 509
481 531
481 568
481 585
481 680
481 722
481 731
481 733
481 939
481 945
481 982
482 487
482 508
482 526
482 528
482 558
482 560
482 582
482 586
482 673
482 675
482 698
482 704
482 717
482 790
482 811
482 829
482 890
482 901
482 906
482 917
482 920
482 924
482 935
482 958
482 996
483 511
483 522
483 525
483 548
483 578
483 682
483 802
483 878
483 978
483 991
484 538
484 615
484 644
484 671
484 786
484 806
484 939
485 508
485 529
485 531
485 538
485 549
485 594
485 726
485 747
485 748
485 792
485 798
485 913
485 963
486 508
486 513
486 538
486 577
486 587
486 652
486 670
486 678
486 682
486 688
486 721
486 754
486 790
486 803
486 828
486 836
486 843
486 879
486 933
486 941
486 946
486 955
486 962
486 963
487 537
487 615
487 786
487 790
487 861
487 931
487 944
487 977
488 506
488 519
488 526
488 530
488 605
488 684
488 743
488 807
488 817
488 881
488 893
488 942
488 953
488 982
489 527
489 561
489 570
489 623
489 636
489 659
489 785
489 843
489 945
489 946
490 690
490 709
490 731
490 763
490 824
490 828
490 829
490 928
490 978
491 499
491 686
491 756
491 770
491 813
491 827
491 838
491 878
491 882
491 892
492 572
492 580
492 589
492 629
492 646
492 688
492 732
492 742
492 783
492 789
492 827
492 836
492 845
492 857
492 890
493 510
493 515
493 561
493 591
493 668
493 670
493 675
493 676
493 686
493 698
493 727
493 747
493 759
493 773
493 807
493 813
493 858
493 901
493 916
493 920
493 951
493 965
493 982
493 997
494 508
494 554
494 572
494 625
494 633
494 634
494 680
494 688
494 704
494 728
494 760
494 764
494 780
494 804
494 812
494 896
494 934
494 980
494 986
495 538
495 563
495 690
495 719
495 787
495 819
495 935
496 514
496 532
496 570
496 660
496 676
496 729
496 812
496 837
496 838
496 892
496 914
496 999
497 512
497 524
497 541
497 557
497 566
497 699
497 712
497 780
497 813
497 824
497 853
497 896
497 972
497 975
498 513
498 546
498 551
498 682
498 715
498 738
498 755
498 757
498 760
498 783
498 871
498 930
498 933
499 678
499 801
499 827
499 882
499 902
499 974
499 983
499 984
500 577
500 598
500 611
500 705
500 710
500 717
500 741
500 769
500 801
500 979
501 742
501 891
501 970
502 605
502 647
502 671
502 682
502 757
502 766
502 768
502 814
502 822
502 853
502 901
502 909
502 945
503 505
503 516
503 539
503 581
503 639
503 684
503 686
503 698
503 713
503 747
503 769
503 800
503 807
503 810
503 850
503 895
503 944
503 961
503 980
504 518
504 553
504 557
504 597
504 598
504 617
504 632
504 656
504 671
504 694
504 706
504 772
504 799
504 858
504 888
504 902
504 914
504 934
504 942
504 952
504 982
504 991
504 993
505 508
505 519
505 628
505 668
505 679
505 707
505 727
505 740
505 765
505 768
505 780
505 784
505 804
505 836
505 846
505 852
505 868
505 871
505 879
505 907
505 955
505 992
505 997
506 572
506 577
506 590
506 596
506 623
506 974
506 992
507 653
507 675
507 747
507 779
507 888
508 523
508 535
508 553
508 569
508 570
508 595
508 623
508 628
508 641
508 649
508 741
508 760
508 847
508 852
508 861
508 872
508 874
508 909
508 913
508 931
508 932
508 934
508 936
508 954
508 984
508 1000
509 576
509 595
509 611
509 615
509 623
509 668
509 674
509 703
509 707
509 732
509 797
509 954
509 990
510 540
510 592
510 638
510 655
510 675
510 711
510 721
510 742
510 813
510 902
510 915
510 968
511 513
511 571
511 592
511 607
511 614
511 645
511 647
511 666
511 836
511 859
511 886
511 890
511 893
512 530
512 640
512 741
512 813
512 826
512 834
512 918
513 617
513 635
513 653
513 707
513 739
513 741
513 759
513 783
513 813
513 872
513 931
513 970
514 537
514 596
514 644
514 651
514 660
514 694
514 704
514 711
514 729
514 736
514 741
514 770
514 785
514 789
514 837
514 850
514 851
514 878
514 901
514 924
514 933
514 944
514 950
514 965
514 974
515 563
515 574
515 578
515 609
515 619
515 640
515 642
515 671
515 730
515 763
515 797
515 807
515 809
515 815
515 818
515 834
515 932
515 964
515 974
516 587
516 708
516 731
516 833
516 894
516 904
516 958
516 993
517 530
517 569
517 634
517 638
517 678
517 718
517 770
517 775
517 831
518 827
518 833
518 882
518 888
518 940
519 521
519 573
519 670
519 729
519 827
519 851
519 902
520 642
520 653
520 680
520 716
520 729
520 754
520 828
520 867
520 883
521 525
521 537
521 571
521 613
521 621
521 689
521 745
521 746
521 767
521 850
521 857
521 869
521 890
521 912
521 952
521 981
521 986
521 987
522 564
522 671
522 717
522 764
522 811
522 814
522 834
522 878
522 884
522 940
523 571
523 572
523 573
523 679
523 682
523 693
523 696
523 743
523 779
523 781
523 811
523 828
523 851
523 903
523 914
523 951
523 972
523 974
524 537
524 539
524 549
524 569
524 588
524 593
524 610
524 622
524 658
524 663
524 666
524 676
524 681
524 690
524 729
524 748
524 771
524 783
524 845
524 873
524 894
524 896
524 899
524 912
524 939
524 948
524 959
525 608
525 665
525 706
525 792
525 974
526 533
526 595
526 605
526 677
526 694
526 724
526 726
526 745
526 838
526 848
526 870
526 879
526 906
526 908
526 998
527 570
527 572
527 606
527 618
527 637
527 655
527 672
527 685
527 715
527 744
527 797
527 798
527 808
527 941
527 991
528 542
528 571
528 605
528 682
528 789
528 800
528 831
528 863
528 944
529 537
529 558
529 589
529 592
529 646
529 655
529 709
529 710
529 746
529 758
529 789
529 798
529 840
529 889
529 892
529 894
529 911
529 942
529 965
529 986
530 595
530 609
530 638
530 704
530 715
530 732
530 736
530 839
530 929
530 949
530 955
530 956
530 961
530 965
530 984
531 540
531 728
531 766
531 784
531 818
531 838
531 944
531 993
532 534
532 562
532 566
532 584
532 592
532 653
532 791
533 538
533 685
533 693
533 713
533 778
533 804
533 954
533 997
534 553
534 566
534 589
534 605
534 645
534 671
534 703
534 718
534 793
534 795
534 820
534 845
534 954
535 580
535 649
535 667
535 741
535 754
535 761
535 769
535 793
535 820
535 860
535 937
536 554
536 574
536 593
536 716
536 799
536 856
536 884
536 929
536 931
537 541
537 601
537 610
537 611
537 626
537 681
537 682
537 701
537 796
537 797
537 841
537 910
537 920
537 924
537 974
538 563
538 577
538 579
538 598
538 685
538 686
538 694
538 722
538 742
538 769
538 774
538 845
538 849
538 853
538 922
538 978
538 979
538 992
539 543
539 554
539 566
539 578
539 624
539 700
539 728
539 731
539 787
539 789
539 792
539 827
539 888
539 890
539 904
539 929
539 945
539 949
539 954
539 977
540 561
540 562
540 611
540 622
540 645
540 685
540 707
540 741
540 757
540 758
540 766
540 791
540 847
540 877
540 880
540 967
540 991
540 993
541 570
541 599
541 660
541 688
541 716
542 579
542 665
542 777
542 804
542 833
542 863
542 869
542 954
542 957
542 981
543 544
543 742
543 760
543 797
543 822
543 932
543 941
544 551
544 568
544 692
544 741
544 806
544 838
544 954
544 955
545 551
545 575
545 578
545 710
545 723
545 759
545 871
545 895
545 898
546 554
546 560
546 576
546 598
546 613
546 650
546 664
546 668
546 751
546 854
546 918
546 927
546 978
546 992
547 558
547 683
547 754
547 757
547 774
547 852
547 854
547 886
547 979
548 553
548 628
548 634
548 706
548 753
548 768
548 793
548 870
548 918
548 942
549 585
549 597
549 653
549 709
549 737
549 764
549 775
549 983
549 991
550 574
550 603
550 614
550 635
550 666
550 671
550 732
550 733
550 748
550 762
550 805
550 817
550 828
550 884
550 891
550 955
551 553
551 565
551 570
551 586
551 587
551 613
551 646
551 675
551 699
551 707
551 781
551 789
551 790
551 861
551 891
552 599
552 632
552 673
552 741
552 786
552 882
552 931
552 993
553 565
553 586
553 632
553 663
553 679
553 693
553 699
553 702
553 739
553 780
553 785
553 788
553 791
553 844
553 864
553 866
553 899
553 910
553 946
553 950
553 977
553 986
553 988
554 601
554 678
554 685
554 689
554 697
554 725
554 937
554 980
555 605
555 616
555 675
555 702
555 720
555 745
555 792
555 872
556 584
556 624
556 692
556 733
556 833
556 855
556 990
556 999
557 917
557 941
558 706
558 792
558 797
558 955
559 649
559 664
559 686
559 727
559 754
559 824
560 853
560 907
560 916
560 924
560 963
561 578
561 619
561 698
561 702
561 733
561 824
561 893
562 577
562 579
562 580
562 615
562 631
562 654
562 689
562 783
562 794
562 859
562 870
562 887
562 893
562 898
562 932
562 942
562 963
562 982
562 986
562 987
563 564
563 584
563 589
563 590
563 669
563 687
563 747
563 789
563 799
563 827
563 859
563 933
563 971
563 983
563 988
564 576
564 643
564 647
564 680
564 704
564 728
564 762
564 778
564 784
564 785
564 797
564 810
564 812
564 813
564 846
564 862
564 874
564 907
564 913
564 945
564 969
564 997
564 998
565 586
565 606
565 646
565 682
565 692
565 788
565 821
565 838
565 871
565 953
565 960
565 970
565 972
566 654
566 683
566 799
566 939
566 944
566 967
566 972
566 989
567 584
567 634
567 673
567 680
567 764
567 769
567 792
567 793
567 798
567 896
567 912
567 917
567 919
568 572
568 644
568 665
568 676
568 703
568 705
568 713
568 722
568 833
568 868
568 882
568 953
569 688
569 692
569 729
569 732
569 751
569 804
570 581
570 610
570 625
570 631
570 662
570 684
570 688
570 782
570 824
570 840
570 919
570 991
571 605
571 619
571 641
571 853
571 864
571 905
571 931
572 574
572 594
572 614
572 615
572 629
572 636
572 669
572 683
572 716
572 737
572 762
572 919
572 924
572 941
572 956
572 989
573 608
573 621
573 627
573 662
573 676
573 677
573 680
573 867
573 913
573 938
573 987
573 989
573 993
574 600
574 631
574 648
574 709
574 748
574 827
575 653
575 720
575 726
575 728
575 736
575 769
575 803
575 843
575 979
576 617
576 694
576 718
576 770
576 775
576 828
576 882
576 900
576 938
577 578
577 581
577 628
577 637
577 639
577 660
577 669
577 692
577 708
577 712
577 716
577 768
577 769
577 806
577 824
577 825
577 826
577 829
577 846
577 848
577 849
577 853
577 904
577 928
577 952
577 957
577 978
577 985
578 582
578 648
578 669
578 678
578 692
578 697
578 701
578 702
578 711
578 753
578 843
578 861
578 872
578 910
578 941
578 947
579 593
579 644
579 706
579 824
579 896
579 911
580 595
580 624
580 661
580 682
580 692
580 700
580 723
580 738
580 749
580 762
580 769
580 805
580 807
580 808
580 829
580 843
580 844
580 860
580 879
580 994
581 590
581 619
581 811
581 853
581 891
581 930
581 945
581 985
582 595
582 599
582 720
582 833
582 845
582 862
583 704
583 782
583 802
583 985
584 610
584 631
584 661
584 734
584 757
584 796
584 814
584 924
584 954
585 598
585 626
585 636
585 682
585 716
585 724
585 807
586 712
586 821
586 901
586 910
586 931
586 953
586 961
586 967
587 614
587 615
587 647
587 688
587 721
587 771
587 794
587 811
587 867
587 939
587 941
588 653
588 661
588 718
588 733
588 806
588 838
588 949
588 963
589 599
589 613
589 626
589 680
589 691
589 767
589 917
590 658
590 681
590 754
590 771
590 799
590 800
590 812
590 817
590 859
590 903
590 917
590 922
590 955
591 701
591 709
591 732
591 753
591 766
591 794
591 821
591 851
591 880
591 901
591 902
591 906
591 946
592 622
592 663
592 669
592 672
592 710
592 779
592 781
592 792
592 820
592 920
592 924
592 979
593 660
593 711
593 729
593 840
593 856
593 875
593 897
593 912
593 936
593 940
593 951
593 994
594 623
594 634
594 685
594 718
594 764
594 804
594 826
594 905
594 949
595 598
595 613
595 651
595 769
595 789
595 845
595 867
595 930
595 963
595 974
595 985
596 614
596 633
596 718
596 729
596 780
596 789
596 796
596 901
597 632
597 634
597 669
597 682
597 688
597 716
597 718
597 774
597 781
597 792
597 795
597 819
597 898
597 936
597 942
597 956
597 981
598 610
598 708
598 718
598 870
598 947
599 624
599 740
599 777
599 808
599 820
599 863
599 868
599 871
599 887
599 898
599 907
599 913
599 927
599 934
599 941
599 963
599 1000
600 689
600 812
600 882
600 911
600 953
600 973
601 680
601 689
601 813
601 827
601 862
601 885
601 886
601 897
601 901
601 921
601 978
601 987
602 733
602 753
602 761
602 907
602 928
602 943
602 972
602 994
603 614
603 702
603 878
603 968
604 766
604 769
604 800
604 918
604 982
604 998
605 627
605 636
605 653
605 677
605 688
605 744
605 784
605 786
605 802
605 828
605 829
605 831
605 838
605 844
605 859
605 866
605 872
605 896
605 918
605 942
605 968
605 974
605 978
605 982
606 609
606 721
607 675
607 727
607 798
607 846
608 613
608 680
608 708
608 823
608 856
608 881
608 893
608 898
608 951
608 995
609 646
609 684
609 688
609 889
609 933
609 952
609 978
610 622
610 791
610 820
610 832
611 615
611 617
611 790
611 799
611 805
611 816
611 877
611 927
611 951
611 952
612 626
612 638
612 653
612 685
612 704
612 789
613 616
613 634
613 686
613 698
613 706
613 748
613 751
613 780
613 799
613 868
613 874
613 900
613 992
613 998
614 637
614 685
614 724
614 727
614 742
614 748
614 803
614 818
614 822
614 886
614 893
614 920
614 949
614 955
615 646
615 647
615 655
615 674
615 707
615 725
615 761
615 792
615 799
615 803
615 817
615 839
615 848
615 872
615 890
615 898
615 902
616 671
616 700
616 721
616 834
616 877
616 977
617 692
617 753
617 810
617 811
617 862
617 887
617 910
617 966
618 624
618 680
618 682
618 687
618 739
618 785
618 861
618 934
619 628
619 681
619 688
619 725
619 764
619 791
619 909
619 918
619 950
619 951
620 688
620 702
620 772
620 863
620 892
620 906
620 992
621 641
621 643
621 678
621 701
621 767
621 868
621 899
622 733
622 872
622 974
622 976
623 655
623 717
623 760
623 774
623 802
623 803
623 804
623 817
623 838
623 895
623 901
623 956
624 702
624 738
624 769
624 772
624 789
624 846
624 850
624 887
624 895
624 896
624 914
624 917
624 937
624 978
624 979
625 644
625 675
625 676
625 689
625 691
625 702
625 721
625 729
625 736
625 804
625 850
625 863
626 641
626 662
626 744
626 766
626 789
626 796
626 820
626 825
626 924
626 925
626 939
626 982
626 993
627 674
627 829
627 856
627 925
628 716
628 764
628 850
628 854
628 929
628 941
629 673
629 707
629 961
630 680
630 860
630 868
631 648
631 650
631 706
631 729
631 811
631 834
631 891
631 917
631 935
631 954
632 636
632 639
632 644
632 653
632 679
632 709
632 737
632 750
632 763
632 775
632 806
632 892
632 901
632 939
632 982
633 766
633 780
633 791
634 638
634 639
634 646
634 662
634 693
634 694
634 698
634 707
634 714
634 734
634 749
634 764
634 767
634 768
634 775
634 809
634 811
634 814
634 845
634 854
634 887
634 923
634 924
634 969
634 971
635 667
635 817
635 956
635 975
636 659
636 664
636 703
636 793
636 840
636 856
636 877
636 897
636 903
636 909
636 944
636 948
636 965
636 976
636 984
637 650
637 729
637 815
637 853
637 862
637 882
638 656
638 661
638 670
638 683
638 779
638 786
638 792
638 802
638 894
638 992
639 722
639 772
639 779
639 789
639 853
639 862
639 941
640 675
640 685
640 718
640 733
640 736
640 742
640 748
640 792
640 904
641 662
641 667
641 742
641 774
641 799
641 817
641 870
641 877
641 935
641 988
642 701
642 732
642 981
643 684
643 687
643 702
643 737
643 746
643 774
643 949
644 647
644 676
644 935
644 979
645 665
645 691
645 742
645 753
645 755
645 803
645 899
646 680
646 743
646 763
646 826
646 985
646 1000
647 720
647 777
647 786
647 797
647 825
647 833
647 841
647 845
647 866
647 880
647 902
647 911
647 946
647 955
647 993
648 745
648 762
649 741
649 828
649 890
649 891
649 904
649 942
649 951
650 890
650 967
651 729
651 735
651 891
651 987
652 742
652 745
652 760
652 787
652 807
652 954
652 956
653 680
653 695
653 791
653 823
653 826
653 843
653 870
653 902
653 909
653 911
653 942
653 984
654 668
654 692
654 703
654 708
654 780
654 807
654 834
655 859
655 870
655 902
655 983
656 675
656 754
656 782
656 862
656 878
656 898
656 902
656 906
656 921
656 938
656 957
657 720
657 729
657 733
657 886
657 893
658 725
658 732
658 811
658 901
659 665
659 675
659 715
659 859
659 913
659 917
659 923
659 963
659 972
660 706
660 729
660 741
660 780
660 872
660 917
660 968
661 665
661 725
661 810
661 827
661 838
661 847
661 891
661 900
661 938
661 971
661 982
662 675
662 711
662 744
662 891
662 905
662 956
663 679
663 726
663 772
663 903
663 923
665 697
665 722
665 739
665 752
665 785
665 813
665 851
665 858
665 891
665 915
665 920
665 934
665 936
665 938
665 952
665 971
665 990
665 994
666 677
666 716
666 760
666 821
666 857
666 859
666 889
667 733
667 788
667 832
667 877
667 950
668 722
668 743
668 772
668 777
668 778
668 809
668 824
668 948
669 688
669 707
669 756
669 757
669 787
669 867
669 901
669 973
669 987
670 677
670 692
670 701
670 787
670 815
670 836
670 845
670 863
670 917
670 982
671 752
671 798
671 812
671 837
671 852
671 865
671 877
671 904
671 937
671 975
671 996
671 999
672 678
672 712
672 765
672 884
672 1000
673 737
673 761
673 774
673 807
673 824
673 830
673 839
673 878
673 885
673 888
673 961
674 687
674 730
674 734
674 740
674 962
674 993
675 717
675 722
675 790
675 803
675 819
675 846
675 861
675 870
675 884
675 901
675 929
675 934
675 954
675 973
675 984
676 704
676 716
676 758
676 791
676 809
676 860
676 939
676 994
676 998
677 680
677 707
677 732
677 796
677 804
677 936
677 949
678 685
678 771
678 829
678 919
679 716
679 808
679 984
680 689
680 693
680 703
680 704
680 722
680 782
680 784
680 798
680 849
680 872
680 877
680 896
681 732
681 824
681 869
682 720
682 733
682 737
682 757
682 779
682 799
682 811
682 830
682 843
682 853
682 883
682 898
682 904
682 941
682 975
682 984
682 994
683 761
683 856
683 857
683 866
683 982
684 715
684 737
684 742
684 805
684 810
685 686
685 741
685 763
685 772
685 785
685 813
685 829
685 834
685 861
685 903
685 934
685 966
686 707
686 743
686 765
686 772
686 792
686 795
686 844
686 908
686 946
686 948
686 988
686 990
687 786
687 797
687 812
687 825
687 900
687 905
687 911
687 912
687 974
688 705
688 748
688 770
688 775
688 857
688 861
688 913
688 934
689 713
689 722
689 764
689 792
689 802
689 823
690 771
690 783
690 840
690 846
690 862
690 900
690 903
690 987
691 733
691 755
691 784
691 806
691 829
691 961
691 974
692 698
692 751
692 795
692 815
692 828
692 862
692 870
692 941
693 758
693 792
693 814
693 892
694 702
694 769
694 805
694 824
694 906
694 981
695 741
695 759
695 814
695 864
696 730
696 741
696 743
696 777
696 807
696 847
696 877
696 928
696 964
696 970
696 985
697 719
697 783
697 871
697 873
697 902
697 925
697 991
697 992
698 717
698 722
698 742
698 756
698 806
698 818
698 821
698 871
698 890
698 914
699 934
699 952
700 713
700 733
700 799
700 817
700 839
700 886
700 896
700 905
700 997
701 703
701 716
701 719
701 720
701 733
701 746
701 761
701 765
701 797
701 934
702 786
702 801
702 841
702 855
702 864
702 898
702 899
702 912
702 914
702 929
702 979
702 990
703 782
703 789
703 807
703 830
703 853
704 711
704 806
704 821
704 940
704 964
704 999
705 716
705 833
705 863
705 890
705 898
705 964
705 991
706 714
706 748
706 778
706 789
706 877
706 901
706 904
706 950
706 974
707 717
707 759
707 785
707 800
707 814
707 816
707 820
707 838
707 859
707 867
707 878
707 882
707 890
707 898
707 910
707 928
707 963
707 992
708 780
708 795
708 812
708 865
708 905
708 948
708 970
709 715
709 782
709 827
709 844
709 853
709 903
709 944
709 992
710 807
710 852
710 862
710 863
710 874
710 920
710 927
710 961
711 784
711 789
711 799
711 805
712 775
712 834
712 841
713 761
713 795
713 798
713 814
713 818
713 835
713 944
713 974
714 726
714 802
714 809
714 860
715 757
715 780
715 906
716 722
716 741
716 764
716 818
716 819
716 888
716 941
717 814
717 820
717 821
717 844
717 941
718 727
718 755
718 805
718 841
718 844
718 880
718 896
718 921
718 983
718 989
718 992
718 995
719 742
719 754
719 908
719 976
720 787
720 817
720 878
720 959
721 769
721 823
721 907
721 984
721 992
722 729
722 731
722 784
722 795
722 968
722 982
722 990
723 729
723 756
723 783
724 744
724 862
725 787
725 791
725 796
725 851
725 939
726 749
726 787
726 788
726 810
726 828
726 838
726 870
726 891
726 943
726 947
726 973
726 978
726 996
727 920
727 940
727 977
727 987
728 736
728 783
728 961
729 744
729 765
729 771
729 783
729 832
729 883
729 894
729 912
729 931
729 977
729 989
730 757
730 780
730 843
730 891
730 984
730 1000
731 763
731 833
731 838
731 842
731 887
731 903
731 922
731 929
731 941
731 994
732 752
732 855
732 883
732 991
733 783
733 784
733 817
733 823
733 836
733 838
733 877
733 939
733 940
733 957
734 773
734 812
734 830
734 881
734 894
734 897
734 906
734 925
735 789
735 808
735 968
735 993
736 906
736 934
737 846
737 993
738 748
738 827
738 864
738 890
738 897
738 905
738 913
738 921
739 840
739 867
739 917
739 921
739 951
739 984
740 805
740 837
740 943
741 742
741 764
741 772
741 785
741 865
741 884
741 891
741 913
741 965
741 977
742 749
742 780
742 792
742 820
742 849
742 855
742 869
742 883
742 890
742 901
742 917
742 942
742 968
742 982
742 991
742 999
743 770
743 777
743 781
743 789
743 864
743 933
743 960
743 979
744 829
744 901
744 915
745 849
745 874
745 880
745 895
745 976
745 997
746 755
746 762
746 792
746 795
746 822
746 924
746 926
747 759
747 806
747 842
747 853
747 860
747 862
747 899
747 989
748 820
748 836
748 872
748 924
748 997
749 790
749 792
749 799
749 814
749 820
750 781
750 839
750 874
750 895
750 948
750 955
750 965
751 780
751 829
751 854
751 868
751 891
751 904
751 930
751 959
751 994
752 784
752 860
753 788
753 791
753 801
753 834
753 948
753 967
753 971
754 762
754 806
754 818
754 840
754 845
754 854
754 884
754 917
754 971
755 908
756 766
756 783
756 812
756 845
756 900
756 999
757 800
757 827
757 831
757 841
757 882
757 885
757 893
757 903
757 919
757 920
757 925
757 939
757 963
757 968
758 769
758 781
758 822
758 836
758 890
758 955
758 979
758 997
759 833
759 848
759 853
759 917
759 928
760 781
760 805
760 827
760 882
760 889
760 901
760 946
760 961
761 768
761 780
761 808
761 825
761 837
761 850
761 961
761 963
762 775
762 799
762 834
762 846
762 954
762 970
763 775
763 783
763 810
763 860
763 871
763 900
763 902
763 921
764 786
764 802
764 804
764 805
764 815
764 831
764 925
764 935
764 955
765 766
765 825
765 892
765 903
765 942
765 956
766 770
766 817
766 844
766 882
766 933
766 961
767 801
767 890
767 913
767 983
768 896
768 943
768 976
768 988
769 786
769 790
769 838
769 871
769 917
769 982
770 789
770 791
770 888
770 894
770 933
770 972
770 984
770 986
771 791
771 841
771 944
772 840
772 961
773 905
773 907
773 909
773 910
774 833
774 862
774 949
775 778
775 844
775 916
775 984
776 780
776 853
777 780
777 833
777 862
777 891
777 910
777 920
777 924
777 963
778 805
778 842
778 862
779 882
779 960
780 787
780 815
780 847
780 862
780 868
780 878
780 935
781 874
781 999
782 792
782 801
782 802
782 836
782 955
783 788
783 804
783 833
783 863
783 869
783 878
783 941
783 944
783 965
783 997
784 797
784 808
784 928
784 939
785 795
785 813
785 982
786 838
786 920
786 925
787 820
787 844
787 885
787 893
787 908
787 920
787 936
788 909
788 956
788 991
789 792
789 797
789 832
789 869
789 895
789 896
789 899
789 914
789 924
789 928
789 933
789 936
789 942
789 956
789 992
790 897
790 974
790 984
791 797
791 833
791 846
791 859
791 929
791 939
791 991
792 794
792 801
792 837
792 858
792 868
792 881
792 902
792 903
792 911
792 938
792 960
792 988
792 992
794 798
794 824
794 836
794 843
794 882
794 943
794 947
794 978
794 982
795 800
795 872
795 877
795 893
795 917
796 820
796 822
796 864
796 891
796 939
797 807
797 878
797 905
797 917
797 974
797 979
797 993
798 804
798 812
798 836
798 839
798 869
798 948
799 800
799 811
799 813
799 832
799 843
799 857
799 872
799 903
799 922
799 969
799 1000
800 814
800 832
800 903
800 932
801 867
801 939
801 965
801 990
802 838
802 925
802 927
802 937
802 955
802 964
802 975
802 984
803 837
803 859
803 903
803 904
803 944
803 946
803 956
803 963
804 841
804 850
804 874
804 908
804 911
804 929
804 944
804 969
805 836
805 868
805 870
805 877
805 970
806 871
806 886
806 887
806 898
806 904
806 921
806 956
806 971
806 978
806 999
807 827
807 896
807 977
807 993
808 810
808 892
808 905
808 909
808 933
808 937
808 941
808 944
809 831
809 877
810 920
810 959
812 884
812 935
812 940
812 974
812 989
813 886
813 926
813 944
813 963
813 964
813 974
813 985
814 835
814 869
814 960
814 995
814 998
815 861
815 866
815 877
815 904
815 952
816 874
816 899
816 923
817 820
817 827
817 828
817 831
817 838
817 909
818 846
819 942
819 943
819 974
820 844
820 854
820 952
820 982
821 853
821 904
821 986
822 827
822 862
822 909
822 939
822 969
823 925
823 933
823 959
824 877
824 917
824 919
824 938
824 982
825 861
825 876
825 902
825 994
826 891
827 841
827 842
827 846
827 859
827 873
827 926
827 936
827 997
828 888
828 896
828 908
828 938
829 862
829 916
829 979
831 920
831 944
831 965
831 981
831 983
832 870
832 882
832 948
832 952
832 955
833 835
833 863
833 868
833 869
833 882
833 927
835 893
835 957
835 977
835 991
836 965
836 987
838 887
838 901
839 874
839 908
839 916
839 935
839 944
839 953
840 902
840 935
840 956
840 963
840 981
840 984
841 859
841 874
842 893
842 942
842 963
843 872
843 901
843 938
843 960
843 967
843 977
844 899
844 925
844 931
844 999
845 892
845 906
845 918
845 952
845 960
845 992
845 994
846 862
846 902
847 912
847 970
847 976
848 905
848 926
849 902
849 907
849 939
849 993
850 862
850 925
850 967
851 972
851 998
852 905
853 868
853 884
853 917
853 919
853 976
853 981
853 985
853 990
854 881
854 883
854 941
854 949
854 981
854 991
854 993
855 873
856 896
857 890
857 957
857 982
858 865
858 926
858 941
859 870
859 935
859 944
859 966
859 993
860 965
860 968
861 864
861 867
861 926
861 929
861 945
861 990
862 960
862 987
862 988
863 943
864 885
864 902
864 913
864 945
864 978
864 985
865 994
866 896
866 898
866 984
867 879
867 993
868 911
868 919
868 933
868 947
868 962
868 999
869 908
869 942
870 875
870 893
870 917
870 944
870 971
871 874
871 892
871 929
871 941
871 972
872 954
872 979
872 991
873 892
873 944
874 931
874 935
874 998
875 907
875 916
876 917
876 918
876 966
876 972
876 974
877 905
877 926
878 886
878 937
878 959
878 974
879 890
879 910
879 983
880 893
880 956
880 984
882 887
882 888
882 921
882 928
882 976
883 991
884 912
884 939
885 904
885 917
885 930
886 904
887 925
887 947
887 994
888 975
888 995
889 901
889 909
889 990
890 898
890 923
890 928
890 932
890 949
890 955
890 976
890 983
891 922
891 952
892 942
892 1000
893 904
893 942
893 953
893 967
893 990
894 895
894 909
894 924
894 933
894 980
895 900
895 924
896 982
897 962
897 982
898 902
898 913
898 982
899 949
900 926
900 933
900 939
901 916
901 976
902 910
902 942
902 996
903 915
904 919
904 980
906 987
907 955
908 949
909 939
909 957
909 969
909 974
910 947
910 956
910 963
910 995
911 941
912 974
913 917
914 983
914 984
914 998
915 956
915 976
916 942
916 944
916 985
917 951
917 958
917 986
917 1000
918 925
918 937
918 963
918 990
919 941
919 955
920 943
920 944
920 982
922 923
922 941
923 933
923 967
923 970
923 974
925 963
925 974
925 993
926 941
926 964
926 967
927 984
927 994
928 976
928 993
929 934
931 935
931 936
931 949
931 971
933 952
933 954
933 974
933 976
933 993
934 984
935 983
936 993
937 952
938 992
938 993
939 989
940 950
940 977
941 943
941 973
942 982
943 965
944 955
944 994
946 961
947 982
947 997
948 979
948 992
949 983
949 984
950 984
950 998
952 988
952 991
952 996
955 978
958 995
961 988
962 963
963 982
965 979
966 998
969 984
972 976
974 983
974 1000
975 1000
977 998
982 985
982 990
982 995
