# LFR benchmark graph: regime=S mu=0.7 realization=1
# undirected, unweighted; 1-based node ids; each edge listed once.
1 14
1 48
1 77
1 103
1 112
1 173
1 203
1 206
1 208
1 254
1 307
1 332
1 355
1 360
1 498
1 508
1 516
1 591
1 625
1 671
1 672
1 681
1 720
1 736
1 742
1 787
1 808
1 849
1 872
1 879
1 889
1 909
1 928
1 932
1 975
1 980
1 987
2 18
2 30
2 37
2 89
2 92
2 195
2 204
2 206
2 257
2 259
2 302
2 342
2 400
2 423
2 435
2 442
2 517
2 637
2 715
2 763
2 766
2 777
2 832
2 838
2 913
2 922
2 932
2 985
2 988
3 24
3 62
3 68
3 75
3 130
3 154
3 215
3 230
3 253
3 284
3 328
3 349
3 355
3 374
3 447
3 456
3 457
3 470
3 585
3 612
3 627
3 672
3 685
3 739
3 769
3 820
3 874
3 894
3 993
4 53
4 89
4 92
4 118
4 134
4 147
4 180
4 211
4 224
4 240
4 246
4 274
4 328
4 334
4 378
4 382
4 428
4 466
4 569
4 574
4 590
4 633
4 641
4 647
4 680
4 685
4 896
4 909
4 952
5 85
5 176
5 182
5 184
5 221
5 266
5 294
5 354
5 385
5 460
5 470
5 472
5 622
5 739
5 745
5 775
5 797
5 808
5 852
5 921
5 969
5 974
5 980
5 988
6 28
6 80
6 118
6 290
6 351
6 364
6 382
6 451
6 612
6 687
6 711
6 779
6 821
6 840
6 920
7 50
7 137
7 244
7 253
7 256
7 264
7 267
7 281
7 335
7 521
7 550
7 589
7 659
7 721
7 770
7 800
7 807
7 867
7 913
7 929
7 952
8 37
8 47
8 102
8 138
8 158
8 167
8 231
8 333
8 358
8 359
8 374
8 434
8 450
8 487
8 500
8 616
8 627
8 704
8 706
8 711
8 728
8 734
8 735
8 741
8 749
8 810
8 856
8 863
8 937
9 25
9 37
9 69
9 86
9 265
9 299
9 306
9 324
9 329
9 344
9 435
9 488
9 512
9 651
9 818
9 963
9 967
9 970
9 999
10 51
10 119
10 143
10 225
10 257
10 270
10 332
10 473
10 482
10 519
10 652
10 684
10 718
10 728
10 767
10 779
10 888
10 898
10 912
10 930
10 959
10 978
11 58
11 119
11 137
11 197
11 216
11 324
11 344
11 345
11 396
11 523
11 596
11 639
11 663
12 19
12 93
12 101
12 152
12 238
12 245
12 274
12 351
12 371
12 386
12 400
12 483
12 572
12 675
12 708
12 748
12 765
12 774
12 795
12 808
12 818
12 859
12 866
12 926
12 949
12 988
13 39
13 153
13 209
13 304
13 307
13 310
13 363
13 415
13 431
13 438
13 443
13 451
13 456
13 470
13 566
13 595
13 629
13 666
13 678
13 686
13 687
13 767
13 779
13 829
13 877
13 917
13 951
13 986
14 26
14 47
14 256
14 399
14 412
14 482
14 521
14 532
14 652
14 687
14 750
14 755
14 775
14 809
14 822
14 859
14 891
14 978
14 998
15 23
15 49
15 89
15 162
15 201
15 206
15 300
15 306
15 338
15 351
15 389
15 517
15 564
15 666
15 738
15 776
15 822
15 902
16 57
16 100
16 134
16 160
16 182
16 200
16 233
16 249
16 270
16 276
16 286
16 290
16 363
16 410
16 441
16 458
16 472
16 558
16 559
16 577
16 622
16 699
16 713
16 734
16 797
16 830
16 857
16 895
16 973
17 23
17 54
17 72
17 126
17 157
17 207
17 215
17 269
17 280
17 284
17 424
17 459
17 479
17 554
17 571
17 584
17 661
17 766
17 789
17 806
17 907
17 932
17 939
17 978
18 22
18 58
18 68
18 76
18 104
18 145
18 147
18 148
18 197
18 204
18 205
18 216
18 224
18 230
18 282
18 294
18 312
18 329
18 336
18 358
18 428
18 434
18 447
18 516
18 591
18 606
18 734
18 804
18 811
18 827
18 832
18 834
18 851
18 867
18 871
18 876
18 909
18 918
18 924
19 88
19 142
19 157
19 206
19 234
19 239
19 270
19 282
19 317
19 346
19 362
19 370
19 395
19 416
19 549
19 598
19 616
19 620
19 637
19 664
19 748
19 862
19 950
20 48
20 91
20 106
20 152
20 169
20 223
20 280
20 312
20 316
20 329
20 353
20 410
20 468
20 481
20 496
20 521
20 524
20 539
20 545
20 576
20 577
20 589
20 635
20 661
20 695
20 723
20 730
20 734
20 798
20 811
20 826
20 848
20 861
20 863
20 876
20 885
20 898
20 901
20 908
20 922
20 933
20 967
21 100
21 266
21 289
21 409
21 419
21 472
21 534
21 547
21 623
21 659
21 677
21 692
21 783
21 846
21 863
21 988
22 126
22 128
22 167
22 279
22 347
22 352
22 421
22 472
22 474
22 550
22 602
22 608
22 612
22 635
22 900
22 956
23 46
23 76
23 82
23 86
23 97
23 117
23 126
23 127
23 134
23 144
23 154
23 160
23 205
23 232
23 288
23 328
23 344
23 355
23 360
23 451
23 521
23 524
23 525
23 564
23 619
23 662
23 674
23 698
23 700
23 738
23 745
23 769
23 802
23 803
23 810
23 850
23 891
23 939
23 944
23 960
23 987
23 988
24 50
24 90
24 105
24 198
24 201
24 403
24 414
24 502
24 531
24 687
24 717
24 758
24 777
24 808
24 856
25 50
25 59
25 69
25 80
25 194
25 250
25 259
25 274
25 292
25 362
25 414
25 438
25 479
25 604
25 676
25 718
25 838
25 865
25 869
25 887
25 916
25 921
26 42
26 52
26 55
26 64
26 91
26 93
26 114
26 278
26 316
26 338
26 346
26 355
26 372
26 392
26 399
26 405
26 439
26 499
26 503
26 533
26 554
26 555
26 558
26 572
26 583
26 615
26 630
26 654
26 659
26 683
26 697
26 718
26 731
26 738
26 760
26 782
26 784
26 815
26 820
26 830
26 832
26 842
26 844
26 864
26 889
26 933
26 936
26 948
26 987
26 994
26 996
26 997
27 47
27 67
27 184
27 199
27 405
27 406
27 510
27 526
27 557
27 559
27 659
27 685
27 978
27 991
28 78
28 134
28 158
28 201
28 253
28 310
28 475
28 509
28 556
28 576
28 582
28 638
28 640
28 644
28 646
28 707
28 778
28 783
28 897
28 974
29 250
29 272
29 328
29 397
29 425
29 549
29 579
29 647
29 656
29 756
29 822
29 881
29 903
29 914
30 36
30 58
30 90
30 143
30 234
30 249
30 257
30 327
30 334
30 336
30 364
30 385
30 423
30 609
30 674
30 723
30 804
30 807
30 812
30 831
30 834
30 845
30 851
30 893
30 904
30 913
30 975
31 116
31 141
31 188
31 199
31 217
31 263
31 274
31 320
31 351
31 390
31 532
31 556
31 615
31 683
31 710
31 755
31 777
31 895
32 49
32 56
32 96
32 106
32 111
32 167
32 312
32 320
32 459
32 472
32 473
32 582
32 584
32 674
32 819
32 834
32 851
32 877
33 84
33 106
33 140
33 191
33 200
33 205
33 263
33 283
33 305
33 310
33 392
33 420
33 514
33 523
33 685
33 815
33 936
33 988
34 59
34 63
34 145
34 313
34 330
34 378
34 419
34 477
34 522
34 551
34 766
34 853
34 948
35 36
35 63
35 65
35 120
35 191
35 238
35 366
35 407
35 417
35 458
35 473
35 512
35 545
35 572
35 584
35 721
35 731
35 752
35 845
35 909
35 952
35 972
36 164
36 310
36 326
36 333
36 341
36 350
36 385
36 394
36 414
36 434
36 468
36 496
36 499
36 522
36 572
36 615
36 662
36 706
36 707
36 712
36 718
36 758
36 808
36 820
36 822
36 826
36 845
36 871
36 878
36 911
36 928
36 966
36 970
36 996
37 53
37 102
37 113
37 126
37 172
37 210
37 225
37 254
37 255
37 323
37 529
37 532
37 870
37 871
37 880
37 890
37 914
37 999
38 61
38 78
38 295
38 304
38 317
38 458
38 464
38 506
38 528
38 544
38 550
38 563
38 633
38 682
38 718
38 742
38 766
38 792
38 806
38 872
38 914
38 928
39 44
39 63
39 71
39 102
39 132
39 155
39 168
39 196
39 199
39 204
39 387
39 405
39 417
39 418
39 722
39 778
39 787
39 794
39 896
39 909
39 950
40 51
40 71
40 94
40 177
40 221
40 246
40 265
40 355
40 393
40 575
40 576
40 628
40 642
40 654
40 678
40 713
40 752
40 808
40 854
40 947
40 954
40 985
40 989
41 60
41 158
41 198
41 264
41 270
41 328
41 446
41 534
41 607
41 618
41 716
41 734
41 808
41 853
41 884
41 913
41 970
41 978
42 110
42 127
42 143
42 147
42 203
42 208
42 346
42 353
42 364
42 383
42 397
42 434
42 472
42 550
42 553
42 560
42 671
42 734
42 741
42 782
42 808
42 812
42 896
42 919
42 940
43 50
43 57
43 64
43 110
43 265
43 272
43 315
43 350
43 392
43 463
43 481
43 582
43 602
43 644
43 654
43 718
43 747
43 769
43 795
43 831
43 871
43 877
43 884
43 940
43 957
43 983
44 64
44 89
44 93
44 113
44 177
44 180
44 186
44 214
44 229
44 238
44 306
44 347
44 351
44 359
44 365
44 383
44 397
44 398
44 413
44 426
44 491
44 516
44 549
44 552
44 589
44 591
44 597
44 608
44 652
44 659
44 661
44 665
44 687
44 691
44 707
44 717
44 721
44 726
44 738
44 751
44 834
44 843
44 853
44 875
44 911
44 976
44 982
44 992
44 999
45 117
45 121
45 203
45 219
45 270
45 308
45 362
45 386
45 407
45 464
45 482
45 513
45 517
45 545
45 558
45 576
45 577
45 686
45 753
45 755
45 784
45 807
45 827
45 839
45 853
45 856
45 871
45 872
45 905
45 947
46 57
46 62
46 147
46 158
46 179
46 182
46 217
46 229
46 272
46 313
46 324
46 351
46 442
46 449
46 533
46 535
46 539
46 569
46 627
46 631
46 656
46 662
46 686
46 713
46 729
46 746
46 767
46 780
46 793
46 802
46 854
46 921
47 48
47 126
47 150
47 206
47 237
47 320
47 333
47 343
47 363
47 380
47 390
47 436
47 467
47 611
47 633
47 651
47 666
47 693
47 718
47 780
47 855
47 858
47 864
47 893
47 943
47 957
47 970
48 52
48 92
48 129
48 140
48 141
48 228
48 246
48 261
48 342
48 483
48 514
48 564
48 640
48 681
48 699
48 708
48 710
48 779
48 784
48 797
48 807
48 813
48 877
48 912
49 81
49 100
49 136
49 139
49 201
49 211
49 284
49 304
49 345
49 362
49 395
49 466
49 470
49 473
49 486
49 529
49 533
49 534
49 591
49 607
49 645
49 667
49 668
49 715
49 778
49 798
49 825
49 837
49 849
49 888
49 906
49 920
49 973
50 51
50 66
50 83
50 164
50 179
50 182
50 204
50 213
50 230
50 248
50 299
50 305
50 315
50 318
50 352
50 356
50 399
50 405
50 452
50 461
50 467
50 487
50 488
50 501
50 516
50 525
50 552
50 561
50 598
50 614
50 631
50 632
50 639
50 667
50 690
50 701
50 713
50 723
50 725
50 771
50 788
50 792
50 843
50 859
50 868
50 871
50 881
50 900
51 63
51 102
51 116
51 187
51 220
51 279
51 339
51 355
51 385
51 466
51 563
51 609
51 672
51 698
51 718
51 748
51 760
51 761
51 795
51 838
51 850
51 919
51 921
51 964
51 974
51 977
52 75
52 84
52 122
52 129
52 133
52 143
52 226
52 288
52 301
52 340
52 351
52 356
52 357
52 361
52 369
52 383
52 404
52 415
52 419
52 422
52 478
52 533
52 540
52 570
52 615
52 707
52 710
52 715
52 766
52 832
52 861
52 886
52 980
52 983
53 75
53 119
53 165
53 177
53 184
53 188
53 221
53 231
53 294
53 322
53 441
53 447
53 484
53 545
53 667
53 702
53 706
53 734
53 737
53 902
53 906
53 997
54 101
54 204
54 280
54 317
54 400
54 534
54 665
54 781
54 784
54 869
54 881
54 886
54 974
55 63
55 326
55 342
55 348
55 354
55 400
55 474
55 534
55 602
55 663
55 689
55 833
55 882
55 914
56 67
56 157
56 175
56 178
56 187
56 264
56 270
56 283
56 310
56 313
56 389
56 442
56 444
56 449
56 472
56 521
56 555
56 565
56 597
56 699
56 716
56 745
56 798
56 816
56 841
56 928
56 953
56 999
57 63
57 165
57 278
57 472
57 475
57 557
57 784
57 814
57 822
57 873
57 896
57 918
57 926
57 931
57 945
57 975
58 108
58 137
58 158
58 162
58 180
58 225
58 230
58 238
58 251
58 259
58 270
58 300
58 303
58 341
58 357
58 380
58 385
58 403
58 413
58 464
58 485
58 532
58 551
58 560
58 563
58 564
58 565
58 621
58 627
58 711
58 736
58 782
58 795
58 811
58 830
58 836
58 839
58 846
58 860
58 937
58 950
58 955
58 972
58 975
58 980
59 81
59 87
59 117
59 125
59 171
59 200
59 209
59 257
59 283
59 297
59 303
59 315
59 323
59 334
59 373
59 385
59 405
59 481
59 487
59 509
59 523
59 525
59 578
59 590
59 607
59 611
59 615
59 639
59 676
59 705
59 720
59 794
59 797
59 812
59 822
59 832
59 834
59 869
59 885
59 892
59 905
59 907
59 937
59 944
59 947
59 956
59 979
60 285
60 306
60 325
60 326
60 397
60 455
60 552
60 560
60 591
60 615
60 738
60 794
60 850
60 942
60 988
61 184
61 315
61 393
61 434
61 441
61 582
61 597
61 679
61 701
61 799
61 872
61 915
62 114
62 134
62 137
62 144
62 146
62 176
62 206
62 247
62 259
62 282
62 334
62 338
62 356
62 360
62 406
62 414
62 418
62 450
62 495
62 521
62 525
62 537
62 602
62 613
62 617
62 669
62 680
62 681
62 682
62 703
62 726
62 727
62 730
62 756
62 778
62 783
62 784
62 797
62 820
62 843
62 930
62 947
62 952
63 78
63 106
63 119
63 137
63 203
63 229
63 239
63 245
63 252
63 266
63 284
63 291
63 316
63 334
63 337
63 370
63 394
63 408
63 465
63 474
63 504
63 517
63 547
63 554
63 622
63 690
63 702
63 725
63 776
63 796
63 815
63 902
63 906
63 912
63 922
63 940
63 959
63 983
63 985
63 994
64 177
64 201
64 333
64 409
64 600
64 602
64 628
64 711
64 740
64 749
64 780
64 808
64 814
64 820
64 896
64 899
64 987
65 88
65 134
65 306
65 366
65 439
65 457
65 586
65 592
65 594
65 657
65 672
65 703
65 711
65 718
65 748
65 749
65 791
65 809
65 828
66 76
66 132
66 176
66 367
66 384
66 406
66 434
66 502
66 584
66 615
66 675
66 840
66 856
66 863
66 899
66 953
66 958
66 966
67 73
67 76
67 89
67 95
67 162
67 238
67 258
67 297
67 505
67 516
67 585
67 656
67 716
67 742
67 795
67 814
67 854
67 983
68 111
68 141
68 192
68 207
68 209
68 272
68 308
68 317
68 319
68 336
68 349
68 350
68 384
68 385
68 396
68 406
68 436
68 483
68 497
68 599
68 600
68 619
68 626
68 646
68 649
68 651
68 661
68 667
68 809
68 831
68 853
68 883
68 913
68 979
68 981
69 92
69 93
69 152
69 192
69 219
69 310
69 317
69 364
69 419
69 538
69 563
69 588
69 642
69 750
69 774
69 831
69 976
69 988
70 73
70 102
70 127
70 193
70 207
70 215
70 227
70 243
70 244
70 248
70 258
70 342
70 360
70 412
70 423
70 432
70 498
70 532
70 540
70 575
70 584
70 608
70 745
70 747
70 840
70 871
70 929
70 943
70 967
71 190
71 242
71 401
71 515
71 598
71 629
71 660
71 913
71 934
71 936
71 944
72 105
72 139
72 172
72 216
72 241
72 291
72 320
72 339
72 383
72 397
72 523
72 560
72 628
72 819
72 822
72 923
72 937
72 949
73 248
73 383
73 385
73 412
73 462
73 562
73 613
73 657
73 723
73 829
73 946
73 949
74 88
74 129
74 228
74 472
74 478
74 485
74 535
74 539
74 573
74 755
74 776
74 809
75 88
75 112
75 167
75 187
75 284
75 293
75 294
75 328
75 332
75 433
75 522
75 632
75 655
75 685
75 697
75 767
75 788
75 859
75 870
75 900
75 963
75 974
76 116
76 136
76 290
76 316
76 441
76 486
76 567
76 615
76 671
76 698
76 800
76 845
76 898
76 971
77 131
77 242
77 274
77 319
77 368
77 426
77 547
77 582
77 610
77 771
77 778
77 846
77 870
77 900
77 971
77 972
77 975
78 163
78 274
78 295
78 318
78 337
78 379
78 406
78 415
78 438
78 441
78 509
78 514
78 552
78 553
78 582
78 617
78 658
78 711
78 789
78 831
78 920
78 967
78 971
78 996
79 122
79 156
79 217
79 221
79 316
79 400
79 521
79 558
79 725
79 766
79 841
79 876
79 915
80 97
80 110
80 143
80 149
80 150
80 161
80 281
80 290
80 292
80 306
80 332
80 350
80 380
80 385
80 399
80 424
80 435
80 470
80 481
80 518
80 548
80 553
80 559
80 572
80 577
80 641
80 655
80 666
80 727
80 779
80 837
80 936
80 997
80 999
81 232
81 295
81 405
81 414
81 432
81 434
81 497
81 503
81 538
81 603
81 756
81 762
81 826
81 845
81 917
81 932
81 974
82 126
82 204
82 422
82 520
82 623
82 676
82 757
82 821
82 857
82 944
82 952
82 964
83 110
83 119
83 152
83 173
83 212
83 351
83 393
83 499
83 623
83 718
83 895
83 924
84 162
84 170
84 173
84 198
84 213
84 397
84 417
84 509
84 621
84 628
84 661
84 666
84 668
84 706
84 732
84 819
85 126
85 129
85 136
85 157
85 158
85 203
85 228
85 231
85 232
85 241
85 244
85 270
85 295
85 328
85 343
85 350
85 357
85 406
85 424
85 441
85 453
85 482
85 490
85 501
85 509
85 541
85 543
85 570
85 621
85 624
85 646
85 648
85 667
85 671
85 697
85 721
85 730
85 748
85 755
85 758
85 800
85 802
85 833
85 840
85 852
85 876
85 877
85 889
85 901
85 913
85 944
85 951
85 952
85 980
86 127
86 144
86 336
86 340
86 391
86 470
86 472
86 530
86 581
86 612
86 624
86 670
86 753
86 792
86 800
86 807
86 857
86 907
87 188
87 189
87 216
87 220
87 284
87 324
87 423
87 432
87 779
87 898
88 91
88 103
88 160
88 240
88 256
88 261
88 292
88 366
88 418
88 434
88 479
88 489
88 544
88 604
88 618
88 632
88 637
88 640
88 657
88 668
88 694
88 705
88 711
88 724
88 730
88 771
88 777
88 780
88 781
88 787
88 794
88 828
88 924
88 941
88 960
88 968
88 985
89 97
89 99
89 140
89 177
89 251
89 253
89 280
89 287
89 303
89 312
89 339
89 405
89 415
89 502
89 509
89 522
89 533
89 540
89 549
89 567
89 583
89 587
89 597
89 612
89 667
89 700
89 721
89 815
89 855
89 866
89 871
89 897
89 932
89 954
89 988
90 115
90 153
90 192
90 254
90 325
90 350
90 374
90 394
90 405
90 442
90 471
90 539
90 567
90 582
90 598
90 612
90 766
90 778
90 783
90 808
90 853
90 904
90 913
90 927
91 119
91 151
91 224
91 250
91 312
91 323
91 354
91 431
91 492
91 497
91 552
91 731
91 764
91 810
91 921
91 941
91 974
91 980
91 995
92 108
92 118
92 198
92 199
92 212
92 327
92 465
92 634
92 645
92 836
92 865
92 870
92 991
93 101
93 156
93 176
93 210
93 233
93 292
93 308
93 332
93 368
93 390
93 439
93 452
93 455
93 463
93 466
93 529
93 539
93 566
93 577
93 578
93 610
93 657
93 783
93 797
93 856
93 882
93 897
93 939
93 955
94 261
94 296
94 323
94 345
94 375
94 451
94 452
94 522
94 584
94 756
94 825
94 897
94 954
95 126
95 142
95 170
95 187
95 205
95 212
95 290
95 329
95 409
95 420
95 529
95 550
95 579
95 655
95 660
95 677
95 687
95 762
95 777
95 863
95 943
96 134
96 141
96 165
96 166
96 179
96 256
96 272
96 276
96 294
96 323
96 379
96 426
96 555
96 577
96 615
96 635
96 681
96 725
96 812
96 830
97 98
97 118
97 135
97 154
97 197
97 232
97 275
97 280
97 319
97 343
97 356
97 448
97 493
97 540
97 561
97 585
97 603
97 625
97 671
97 672
97 686
97 712
97 741
97 753
97 839
97 894
97 905
97 906
97 911
97 924
97 928
97 942
97 962
98 170
98 196
98 220
98 230
98 282
98 284
98 350
98 405
98 472
98 483
98 705
98 799
98 951
99 132
99 190
99 260
99 284
99 318
99 328
99 331
99 343
99 350
99 383
99 400
99 402
99 419
99 423
99 462
99 468
99 499
99 510
99 520
99 570
99 629
99 673
99 687
99 791
99 822
99 836
99 859
99 906
99 922
99 926
99 939
99 976
100 150
100 217
100 235
100 264
100 289
100 385
100 399
100 437
100 472
100 474
100 516
100 550
100 565
100 594
100 615
100 633
100 724
100 749
100 751
100 757
100 777
100 778
100 792
100 806
100 819
100 874
100 904
100 909
100 930
100 950
100 971
100 975
100 989
100 990
101 144
101 247
101 258
101 303
101 312
101 316
101 328
101 365
101 385
101 510
101 531
101 717
101 736
101 767
101 842
101 892
101 942
102 264
102 278
102 318
102 332
102 390
102 443
102 448
102 451
102 481
102 508
102 551
102 557
102 558
102 562
102 568
102 612
102 616
102 702
102 751
102 784
102 809
102 811
102 852
102 869
102 913
102 959
102 971
102 987
103 182
103 340
103 455
103 582
103 649
103 699
103 724
103 837
103 845
103 860
103 971
104 119
104 128
104 172
104 190
104 226
104 404
104 428
104 448
104 653
104 778
104 875
104 889
104 910
104 940
104 943
105 106
105 159
105 225
105 254
105 275
105 455
105 463
105 486
105 509
105 558
105 689
105 740
105 783
105 855
105 863
105 924
106 125
106 128
106 146
106 166
106 330
106 362
106 479
106 503
106 530
106 563
106 656
106 666
106 671
106 756
106 847
106 852
106 911
106 925
107 143
107 146
107 174
107 303
107 521
107 558
107 577
107 605
107 651
107 707
107 783
107 896
108 138
108 202
108 330
108 334
108 440
108 457
108 536
108 598
108 648
108 685
108 711
108 731
108 784
108 879
108 933
109 116
109 163
109 184
109 316
109 372
109 515
109 552
109 646
109 685
109 890
109 909
109 917
110 114
110 116
110 207
110 246
110 376
110 385
110 411
110 414
110 450
110 555
110 656
110 734
110 745
110 756
110 782
110 791
110 802
110 825
110 836
110 920
110 956
111 196
111 212
111 301
111 309
111 337
111 462
111 474
111 477
111 575
111 610
111 680
111 831
111 906
111 910
111 960
111 972
112 122
112 134
112 146
112 233
112 273
112 299
112 310
112 343
112 371
112 400
112 414
112 431
112 448
112 461
112 469
112 483
112 531
112 606
112 748
112 811
112 841
112 883
112 890
112 908
112 912
112 972
112 990
113 186
113 301
113 383
113 393
113 495
113 577
113 672
113 676
113 692
113 777
113 814
113 822
113 865
113 870
113 917
113 971
114 169
114 232
114 242
114 348
114 438
114 471
114 632
114 638
114 920
114 936
114 972
115 120
115 153
115 162
115 181
115 242
115 488
115 489
115 490
115 542
115 601
115 719
115 802
115 830
115 928
115 937
115 978
116 117
116 137
116 147
116 177
116 328
116 330
116 351
116 397
116 479
116 612
116 703
116 709
116 753
116 778
116 781
116 822
116 838
116 870
116 940
116 944
116 953
116 975
117 290
117 322
117 369
117 525
117 567
117 569
117 648
117 673
117 796
117 815
117 869
117 940
117 950
117 956
118 189
118 221
118 304
118 337
118 347
118 380
118 485
118 579
118 583
118 625
118 645
118 718
118 860
118 888
118 973
119 180
119 194
119 200
119 212
119 221
119 232
119 243
119 273
119 323
119 329
119 356
119 404
119 422
119 434
119 469
119 491
119 492
119 495
119 524
119 573
119 578
119 582
119 590
119 613
119 615
119 653
119 690
119 713
119 729
119 731
119 766
119 779
119 793
119 795
119 810
119 828
119 865
119 915
119 930
119 941
119 957
119 965
119 969
119 984
120 184
120 187
120 203
120 258
120 319
120 387
120 394
120 596
120 671
120 699
120 785
120 923
120 949
121 267
121 277
121 358
121 446
121 536
121 569
121 612
121 802
121 857
121 863
121 868
121 896
121 897
121 913
122 123
122 180
122 225
122 276
122 285
122 292
122 303
122 318
122 404
122 485
122 502
122 558
122 582
122 591
122 599
122 601
122 611
122 623
122 640
122 660
122 726
122 743
122 757
122 783
122 792
122 840
122 904
122 926
123 181
123 187
123 204
123 237
123 276
123 282
123 316
123 332
123 434
123 440
123 459
123 505
123 523
123 539
123 566
123 582
123 673
123 755
123 778
123 856
123 863
123 865
123 986
124 173
124 225
124 256
124 264
124 335
124 347
124 436
124 447
124 463
124 556
124 577
124 766
124 819
124 851
124 921
124 926
124 940
124 944
125 146
125 168
125 344
125 426
125 455
125 465
125 499
125 531
125 564
125 576
125 697
125 910
126 134
126 142
126 207
126 245
126 274
126 375
126 449
126 458
126 485
126 531
126 574
126 595
126 698
126 744
126 748
126 766
126 769
126 826
126 863
126 877
126 988
126 992
126 999
127 196
127 199
127 214
127 265
127 334
127 346
127 368
127 375
127 395
127 593
127 697
127 817
127 983
128 131
128 150
128 151
128 156
128 197
128 204
128 386
128 389
128 441
128 449
128 495
128 559
128 600
128 613
128 628
128 668
128 681
128 828
128 865
128 890
128 937
128 938
128 972
129 139
129 183
129 195
129 206
129 305
129 325
129 342
129 361
129 405
129 464
129 468
129 489
129 583
129 630
129 685
129 722
129 734
129 745
129 752
129 786
129 809
129 810
129 830
129 874
129 902
129 911
129 917
129 928
129 962
129 984
129 997
130 346
130 362
130 444
130 494
130 606
130 634
130 705
130 750
130 778
130 779
130 810
130 853
131 149
131 163
131 167
131 177
131 203
131 263
131 265
131 268
131 385
131 448
131 541
131 548
131 556
131 562
131 563
131 625
131 650
131 723
131 778
131 814
131 839
131 863
131 875
131 881
131 900
131 907
131 932
131 934
131 996
132 273
132 284
132 313
132 512
132 634
132 701
132 704
132 793
132 798
132 801
132 862
132 940
132 954
133 191
133 207
133 246
133 303
133 330
133 373
133 408
133 420
133 448
133 462
133 507
133 522
133 563
133 606
133 664
133 718
133 748
133 822
133 863
133 946
134 138
134 150
134 204
134 223
134 237
134 262
134 271
134 326
134 331
134 381
134 383
134 400
134 415
134 422
134 445
134 450
134 458
134 468
134 493
134 501
134 535
134 565
134 590
134 624
134 646
134 658
134 670
134 675
134 696
134 735
134 757
134 761
134 766
134 769
134 783
134 831
134 842
134 873
134 880
134 888
134 889
134 904
134 921
134 924
134 937
134 969
134 993
134 999
135 264
135 366
135 372
135 405
135 410
135 444
135 517
135 702
135 808
135 853
135 964
135 983
136 175
136 187
136 198
136 200
136 224
136 227
136 246
136 249
136 306
136 325
136 363
136 387
136 429
136 430
136 433
136 446
136 459
136 567
136 576
136 582
136 591
136 678
136 709
136 723
136 726
136 809
136 818
136 826
136 833
136 875
136 895
136 957
136 969
136 978
136 993
137 185
137 227
137 383
137 405
137 418
137 463
137 481
137 545
137 602
137 633
137 664
137 918
137 972
138 142
138 187
138 217
138 225
138 242
138 256
138 267
138 290
138 295
138 360
138 361
138 373
138 473
138 484
138 489
138 567
138 681
138 704
138 725
138 787
138 847
138 947
138 986
139 209
139 211
139 223
139 225
139 251
139 258
139 329
139 431
139 440
139 463
139 471
139 525
139 528
139 570
139 576
139 577
139 592
139 621
139 731
139 734
139 749
139 788
139 808
139 870
139 975
140 177
140 237
140 285
140 548
140 563
140 581
140 687
140 700
140 742
140 745
140 784
140 961
141 156
141 199
141 274
141 286
141 424
141 465
141 527
141 628
141 636
141 645
141 711
141 766
141 840
141 860
141 904
141 943
141 944
142 162
142 343
142 347
142 352
142 391
142 407
142 504
142 601
142 618
142 814
142 888
142 928
142 965
142 980
143 148
143 182
143 241
143 261
143 338
143 356
143 380
143 412
143 415
143 483
143 497
143 517
143 538
143 547
143 550
143 568
143 575
143 611
143 642
143 660
143 662
143 671
143 737
143 822
143 833
143 857
143 900
143 945
144 156
144 224
144 226
144 231
144 245
144 264
144 268
144 275
144 291
144 304
144 310
144 311
144 369
144 436
144 529
144 585
144 597
144 652
144 752
144 799
144 870
144 909
144 947
145 148
145 152
145 162
145 219
145 266
145 274
145 276
145 277
145 286
145 329
145 382
145 405
145 425
145 431
145 446
145 465
145 559
145 667
145 672
145 770
145 778
145 802
145 804
145 881
145 957
145 984
146 159
146 174
146 198
146 238
146 343
146 347
146 372
146 381
146 410
146 413
146 454
146 471
146 484
146 505
146 512
146 532
146 550
146 562
146 571
146 594
146 622
146 630
146 665
146 748
146 830
146 883
146 889
146 900
146 919
146 932
146 953
146 958
146 983
147 159
147 160
147 205
147 217
147 257
147 264
147 270
147 315
147 418
147 428
147 472
147 479
147 661
147 690
147 763
147 812
147 862
147 876
147 880
147 931
147 933
148 168
148 226
148 250
148 393
148 459
148 467
148 486
148 576
148 582
148 627
148 767
148 802
148 826
148 944
148 999
149 158
149 195
149 366
149 427
149 471
149 534
149 577
149 578
149 671
149 672
149 676
149 801
149 865
149 908
149 989
150 178
150 196
150 219
150 269
150 270
150 295
150 355
150 361
150 362
150 381
150 472
150 475
150 528
150 550
150 555
150 699
150 812
150 888
150 891
150 894
150 923
150 960
150 989
151 169
151 175
151 192
151 334
151 378
151 391
151 419
151 441
151 460
151 474
151 479
151 508
151 572
151 574
151 590
151 620
151 648
151 658
151 670
151 680
151 783
151 811
151 872
151 916
151 919
152 168
152 275
152 323
152 334
152 345
152 346
152 394
152 460
152 462
152 464
152 499
152 527
152 573
152 587
152 691
152 781
152 792
152 796
152 830
152 857
152 897
152 955
152 1000
153 160
153 172
153 180
153 201
153 202
153 204
153 206
153 209
153 222
153 232
153 242
153 245
153 246
153 260
153 266
153 273
153 323
153 329
153 344
153 349
153 358
153 386
153 401
153 424
153 428
153 446
153 463
153 471
153 514
153 524
153 534
153 546
153 587
153 610
153 624
153 664
153 684
153 720
153 730
153 800
153 811
153 817
153 819
153 836
153 849
153 871
153 879
153 940
153 967
153 969
153 985
154 174
154 186
154 208
154 289
154 292
154 323
154 411
154 413
154 415
154 510
154 533
154 585
154 622
154 624
154 642
154 676
154 687
154 727
154 866
154 922
154 926
154 986
155 175
155 282
155 312
155 368
155 516
155 548
155 666
155 679
155 836
155 871
155 971
156 281
156 309
156 335
156 338
156 342
156 364
156 390
156 397
156 442
156 519
156 571
156 579
156 584
156 614
156 636
156 678
156 689
156 720
156 767
156 827
156 880
156 881
156 900
156 927
156 942
156 954
156 988
156 992
157 181
157 197
157 216
157 243
157 265
157 284
157 434
157 465
157 537
157 973
157 983
158 279
158 306
158 330
158 333
158 468
158 528
158 541
158 547
158 552
158 560
158 593
158 615
158 649
158 667
158 698
158 706
158 725
158 787
158 818
158 830
158 837
158 863
158 884
158 906
158 940
158 950
158 959
159 198
159 210
159 284
159 337
159 352
159 388
159 595
159 598
159 687
159 923
159 972
159 976
160 177
160 285
160 288
160 306
160 429
160 467
160 567
160 739
160 798
160 850
160 856
160 863
160 867
161 227
161 258
161 370
161 383
161 499
161 556
161 594
161 693
161 696
161 712
161 877
161 939
162 169
162 193
162 203
162 359
162 369
162 400
162 407
162 427
162 440
162 491
162 499
162 509
162 551
162 552
162 640
162 656
162 700
162 725
162 727
162 800
162 843
162 946
162 950
162 954
162 974
162 975
163 174
163 187
163 250
163 284
163 312
163 342
163 343
163 346
163 466
163 467
163 499
163 517
163 533
163 544
163 550
163 566
163 577
163 595
163 612
163 621
163 640
163 659
163 685
163 873
163 878
163 924
163 986
163 987
164 189
164 200
164 290
164 317
164 577
164 598
164 606
164 680
164 693
164 699
164 758
164 763
164 787
164 824
164 828
164 843
164 924
164 945
164 954
165 168
165 241
165 242
165 303
165 311
165 333
165 362
165 368
165 408
165 512
165 520
165 528
165 546
165 547
165 567
165 587
165 631
165 661
165 672
165 680
165 778
165 794
165 817
165 845
165 884
165 939
165 961
165 964
165 966
165 981
165 982
165 999
165 1000
166 323
166 405
166 463
166 488
166 551
166 679
166 847
166 860
166 919
166 947
167 216
167 438
167 443
167 483
167 633
167 786
167 822
167 865
167 919
167 962
167 989
168 185
168 197
168 203
168 274
168 388
168 438
168 474
168 525
168 527
168 577
168 582
168 611
168 631
168 664
168 745
168 904
168 916
168 978
169 182
169 239
169 305
169 354
169 361
169 382
169 414
169 422
169 454
169 484
169 516
169 539
169 543
169 546
169 547
169 552
169 564
169 631
169 667
169 686
169 693
169 773
169 840
169 905
169 936
169 942
169 950
169 953
169 972
170 206
170 349
170 353
170 375
170 394
170 449
170 524
170 753
170 765
170 766
170 857
170 865
170 925
171 178
171 392
171 441
171 449
171 486
171 580
171 612
171 690
171 784
171 865
171 914
171 930
171 989
172 262
172 296
172 298
172 383
172 437
172 484
172 512
172 583
172 631
172 673
172 798
172 851
172 895
172 902
172 969
172 970
173 205
173 234
173 284
173 328
173 340
173 354
173 369
173 550
173 552
173 562
173 660
173 718
173 739
173 767
173 846
173 933
173 935
174 187
174 220
174 346
174 361
174 489
174 494
174 509
174 538
174 679
174 761
174 775
174 885
174 942
174 950
174 986
174 997
175 372
175 404
175 405
175 411
175 459
175 471
175 502
175 544
175 647
175 718
175 763
175 785
175 790
175 843
175 885
175 939
175 941
175 968
175 989
175 996
176 216
176 308
176 310
176 355
176 375
176 406
176 409
176 414
176 422
176 578
176 608
176 611
176 613
176 642
176 720
176 855
176 938
177 319
177 334
177 354
177 383
177 386
177 401
177 444
177 446
177 483
177 506
177 549
177 559
177 577
177 579
177 580
177 615
177 659
177 677
177 761
177 777
177 850
177 872
177 891
177 914
177 920
177 925
177 972
178 204
178 257
178 264
178 301
178 344
178 405
178 431
178 433
178 578
178 687
178 717
178 806
178 829
178 840
178 862
178 864
178 926
178 933
179 312
179 324
179 387
179 415
179 434
179 658
179 828
179 857
179 870
179 973
179 974
180 188
180 194
180 258
180 314
180 318
180 346
180 458
180 506
180 538
180 542
180 671
180 682
180 711
180 739
180 895
180 910
180 941
181 207
181 249
181 282
181 300
181 302
181 307
181 354
181 380
181 381
181 406
181 668
181 809
181 864
182 183
182 250
182 254
182 267
182 279
182 285
182 289
182 296
182 382
182 383
182 412
182 450
182 459
182 460
182 464
182 467
182 474
182 516
182 535
182 539
182 550
182 574
182 586
182 600
182 662
182 679
182 701
182 730
182 755
182 805
182 830
182 837
182 855
182 881
182 901
182 923
182 938
182 987
182 997
183 230
183 265
183 304
183 345
183 463
183 627
183 660
183 697
183 864
183 870
183 898
183 950
184 195
184 245
184 261
184 327
184 374
184 375
184 427
184 440
184 465
184 494
184 507
184 513
184 528
184 547
184 625
184 680
184 686
184 697
184 749
184 758
184 769
184 786
184 840
184 846
184 884
184 892
184 941
184 943
184 946
184 978
184 998
185 217
185 236
185 265
185 268
185 347
185 449
185 557
185 567
185 596
185 608
185 644
185 673
185 680
185 709
185 715
185 718
185 742
185 791
185 811
185 846
185 932
185 946
185 953
185 974
186 250
186 272
186 372
186 449
186 471
186 528
186 701
186 779
186 807
186 810
186 818
186 863
186 881
186 884
186 913
187 192
187 197
187 199
187 206
187 242
187 263
187 291
187 294
187 302
187 314
187 330
187 358
187 359
187 397
187 460
187 471
187 481
187 484
187 499
187 515
187 529
187 567
187 578
187 591
187 604
187 608
187 618
187 648
187 650
187 672
187 680
187 717
187 718
187 728
187 733
187 748
187 756
187 768
187 770
187 779
187 792
187 794
187 821
187 822
187 857
187 858
187 867
187 871
187 875
187 898
187 919
187 983
188 269
188 315
188 325
188 342
188 355
188 379
188 422
188 436
188 444
188 458
188 471
188 504
188 544
188 569
188 573
188 631
188 684
188 830
188 904
188 928
188 949
188 961
189 219
189 228
189 238
189 303
189 317
189 340
189 348
189 512
189 550
189 573
189 642
189 679
189 706
189 762
189 783
189 906
189 974
190 237
190 250
190 341
190 405
190 471
190 509
190 516
190 560
190 576
190 631
190 673
190 674
190 715
190 811
190 913
190 914
190 925
191 202
191 252
191 273
191 312
191 332
191 333
191 426
191 435
191 442
191 449
191 506
191 532
191 554
191 594
191 613
191 614
191 634
191 636
191 639
191 640
191 718
191 731
191 752
191 833
191 848
191 889
191 926
192 242
192 256
192 258
192 264
192 290
192 294
192 318
192 456
192 468
192 498
192 597
192 667
192 687
192 752
192 754
192 756
192 774
192 815
192 862
192 869
192 926
192 964
193 241
193 322
193 363
193 419
193 495
193 551
193 556
193 621
193 729
193 791
193 796
193 862
193 926
193 980
193 986
193 997
194 312
194 351
194 362
194 410
194 429
194 470
194 536
194 538
194 657
194 678
194 711
194 812
194 840
194 872
194 939
194 986
194 1000
195 241
195 242
195 266
195 311
195 347
195 390
195 447
195 508
195 533
195 563
195 594
195 599
195 679
195 737
195 781
195 849
195 867
195 896
195 918
195 922
196 219
196 252
196 259
196 266
196 269
196 284
196 378
196 424
196 434
196 461
196 466
196 685
196 709
196 857
196 864
196 891
196 935
196 975
196 991
197 217
197 286
197 291
197 317
197 409
197 418
197 516
197 517
197 544
197 691
197 748
197 773
197 786
197 795
197 808
197 824
197 833
197 846
197 849
197 854
197 912
197 976
198 199
198 206
198 231
198 297
198 316
198 319
198 385
198 398
198 411
198 417
198 446
198 462
198 464
198 517
198 589
198 591
198 600
198 665
198 719
198 729
198 731
198 735
198 740
198 802
198 840
198 842
198 865
198 870
198 879
198 881
198 914
199 241
199 268
199 288
199 316
199 343
199 365
199 471
199 546
199 582
199 690
199 751
200 251
200 261
200 342
200 357
200 362
200 474
200 581
200 622
200 690
200 783
200 787
200 906
200 978
200 997
201 247
201 268
201 349
201 361
201 420
201 449
201 566
201 618
201 624
201 639
201 703
201 713
201 756
201 784
201 854
201 901
201 944
202 216
202 236
202 262
202 272
202 274
202 278
202 280
202 290
202 293
202 311
202 315
202 334
202 364
202 369
202 382
202 395
202 408
202 415
202 422
202 436
202 449
202 450
202 463
202 478
202 484
202 498
202 513
202 538
202 568
202 573
202 587
202 598
202 656
202 659
202 745
202 755
202 757
202 759
202 770
202 831
202 850
202 874
202 911
202 937
202 966
202 991
203 212
203 234
203 294
203 348
203 350
203 365
203 411
203 412
203 449
203 457
203 459
203 532
203 636
203 681
203 706
203 735
203 748
203 790
203 822
203 860
203 862
203 884
203 902
203 938
203 980
204 220
204 257
204 282
204 285
204 297
204 362
204 416
204 428
204 434
204 585
204 638
204 669
204 672
204 715
204 747
204 778
204 800
204 810
204 829
204 835
204 840
204 872
204 950
204 985
204 995
205 308
205 339
205 372
205 425
205 451
205 460
205 463
205 564
205 565
205 635
205 691
205 745
205 869
205 935
206 216
206 279
206 330
206 405
206 420
206 447
206 472
206 474
206 476
206 484
206 501
206 590
206 605
206 687
206 722
206 764
206 779
206 800
206 804
206 812
206 865
206 877
206 884
206 950
206 974
207 324
207 340
207 342
207 365
207 387
207 414
207 419
207 447
207 449
207 454
207 463
207 464
207 501
207 514
207 519
207 555
207 580
207 598
207 604
207 621
207 626
207 645
207 653
207 664
207 678
207 704
207 737
207 742
207 768
207 774
207 845
207 852
207 858
207 864
207 940
207 944
207 984
207 989
208 237
208 260
208 337
208 408
208 423
208 430
208 463
208 478
208 484
208 525
208 558
208 645
208 845
208 892
208 914
209 269
209 288
209 349
209 558
209 569
209 649
209 653
209 655
209 770
209 846
209 921
209 953
210 225
210 230
210 287
210 291
210 362
210 662
210 678
210 987
211 242
211 444
211 485
211 489
211 563
211 596
211 766
211 768
211 820
211 863
211 868
211 940
211 950
211 987
211 997
212 310
212 359
212 549
212 582
212 590
212 615
212 656
212 725
212 734
212 752
212 754
212 760
212 786
212 844
213 215
213 269
213 291
213 452
213 461
213 474
213 612
213 631
213 739
213 756
213 766
213 790
213 862
213 875
213 974
214 226
214 238
214 290
214 318
214 428
214 516
214 548
214 616
214 656
214 680
214 706
214 806
214 829
215 268
215 274
215 277
215 522
215 612
215 647
215 654
215 766
215 914
216 225
216 263
216 306
216 320
216 324
216 354
216 384
216 387
216 440
216 447
216 453
216 455
216 489
216 552
216 587
216 601
216 631
216 666
216 690
216 714
216 717
216 742
216 746
216 756
216 798
216 806
216 884
216 888
216 984
216 988
217 224
217 226
217 260
217 319
217 357
217 403
217 615
217 622
217 628
217 663
217 730
217 731
217 781
217 845
217 852
217 889
217 928
218 290
218 328
218 329
218 470
218 478
218 517
218 519
218 657
218 687
218 692
218 783
218 797
218 864
218 880
218 902
218 906
219 264
219 268
219 333
219 367
219 405
219 439
219 523
219 555
219 591
219 597
219 678
219 765
219 821
219 832
219 838
219 847
219 870
219 877
219 914
219 926
220 231
220 365
220 387
220 409
220 484
220 529
220 615
220 626
220 670
220 679
220 868
220 984
221 251
221 279
221 291
221 317
221 401
221 406
221 420
221 448
221 493
221 501
221 526
221 549
221 612
221 662
221 737
221 770
221 863
221 978
222 230
222 253
222 283
222 304
222 456
222 466
222 468
222 577
222 613
222 657
222 667
222 781
222 817
222 972
223 265
223 266
223 330
223 415
223 460
223 467
223 590
223 622
223 649
223 729
223 740
223 798
223 813
224 266
224 299
224 541
224 627
224 645
224 650
224 693
224 747
224 808
225 256
225 278
225 290
225 428
225 431
225 493
225 602
225 639
225 651
225 655
225 677
225 686
225 688
225 789
225 813
225 837
225 860
225 876
225 880
225 945
225 947
225 963
225 967
226 231
226 249
226 292
226 294
226 362
226 453
226 470
226 471
226 515
226 528
226 532
226 547
226 615
226 622
226 643
226 729
226 745
226 748
226 873
226 922
227 260
227 310
227 457
227 507
227 678
227 679
227 741
227 852
227 877
227 926
227 938
227 979
228 326
228 364
228 411
228 505
228 658
228 697
228 715
228 732
228 755
228 854
228 914
228 917
228 936
228 987
229 245
229 335
229 412
229 426
229 508
229 537
229 552
229 558
229 578
229 656
229 658
229 736
229 857
229 866
229 888
229 896
229 924
229 940
229 968
229 983
230 263
230 341
230 348
230 352
230 385
230 422
230 474
230 487
230 499
230 539
230 667
230 704
230 708
230 730
230 743
230 745
230 747
230 764
230 775
230 785
230 814
230 861
230 869
230 889
230 906
230 921
230 973
230 984
230 991
231 240
231 253
231 316
231 325
231 344
231 348
231 363
231 386
231 415
231 484
231 504
231 511
231 521
231 612
231 643
231 653
231 667
231 707
231 713
231 721
231 742
231 795
231 798
231 808
231 830
231 857
231 912
231 929
231 933
231 975
231 977
232 285
232 312
232 362
232 471
232 479
232 489
232 549
232 596
232 625
232 669
232 685
232 687
232 740
232 776
232 805
232 870
233 279
233 286
233 320
233 364
233 411
233 442
233 463
233 597
233 622
233 650
233 654
233 668
233 692
233 701
233 758
233 766
233 772
233 800
233 884
233 910
233 919
233 975
234 401
234 449
234 577
234 620
234 796
234 862
234 873
234 939
234 953
234 965
235 285
235 290
235 350
235 369
235 372
235 398
235 636
235 649
235 690
235 727
235 872
235 972
236 266
236 338
236 405
236 476
236 495
236 504
236 551
236 601
236 687
236 717
236 718
236 900
236 930
236 954
236 990
237 264
237 286
237 288
237 316
237 347
237 354
237 397
237 412
237 470
237 529
237 615
237 619
237 656
237 748
237 800
237 814
237 919
237 950
237 953
237 962
237 971
238 262
238 288
238 328
238 362
238 428
238 440
238 516
238 530
238 544
238 558
238 674
238 758
238 810
238 835
238 849
238 861
238 923
238 987
239 258
239 405
239 438
239 577
239 607
239 759
239 787
239 865
239 884
239 977
240 270
240 307
240 310
240 323
240 421
240 451
240 467
240 482
240 555
240 571
240 578
240 594
240 598
240 643
240 723
240 812
240 880
241 291
241 303
241 308
241 330
241 349
241 453
241 505
241 527
241 528
241 678
241 690
241 848
241 906
241 950
241 964
241 967
241 978
242 250
242 251
242 273
242 314
242 317
242 320
242 339
242 370
242 388
242 395
242 437
242 441
242 448
242 451
242 460
242 497
242 506
242 577
242 626
242 633
242 642
242 718
242 730
242 740
242 777
242 779
242 780
242 783
242 800
242 852
242 855
242 893
242 895
242 911
242 917
243 269
243 290
243 363
243 471
243 479
243 488
243 494
243 607
243 745
243 758
243 836
243 896
243 906
243 911
243 924
243 940
244 330
244 343
244 350
244 373
244 428
244 517
244 545
244 576
244 584
244 594
244 690
244 707
244 762
244 774
244 819
244 933
245 310
245 377
245 395
245 515
245 560
245 561
245 741
245 946
245 994
246 274
246 297
246 302
246 420
246 524
246 652
246 681
246 706
246 787
246 818
246 970
246 981
247 257
247 275
247 278
247 332
247 401
247 498
247 529
247 545
247 561
247 567
247 656
247 687
247 734
247 840
247 846
247 940
247 946
248 352
248 430
248 459
248 470
248 489
248 778
248 830
248 862
248 974
249 257
249 344
249 531
249 561
249 613
249 641
249 661
249 677
249 856
249 888
250 266
250 301
250 356
250 366
250 386
250 408
250 411
250 412
250 431
250 435
250 497
250 499
250 580
250 589
250 661
250 667
250 721
250 728
250 748
250 789
251 259
251 329
251 360
251 421
251 423
251 479
251 523
251 528
251 543
251 565
251 574
251 577
251 616
251 637
251 748
251 753
251 822
251 840
251 925
251 938
251 958
252 396
252 483
252 495
252 532
252 558
252 603
252 617
252 658
252 727
252 751
252 769
252 866
252 988
253 282
253 335
253 372
253 414
253 436
253 500
253 509
253 547
253 565
253 604
253 665
253 689
253 701
253 727
253 793
253 795
253 811
253 841
253 967
254 255
254 262
254 270
254 346
254 441
254 522
254 552
254 613
254 658
254 851
254 956
254 968
255 256
255 345
255 351
255 397
255 422
255 458
255 465
255 534
255 541
255 615
255 626
255 657
255 760
255 811
255 845
255 932
255 947
255 983
256 270
256 286
256 289
256 367
256 475
256 483
256 509
256 514
256 540
256 585
256 629
256 632
256 651
256 664
256 667
256 702
256 718
256 810
256 908
256 959
256 986
256 990
257 290
257 322
257 360
257 362
257 403
257 421
257 423
257 435
257 454
257 494
257 500
257 511
257 541
257 571
257 597
257 606
257 618
257 663
257 705
257 706
257 737
257 756
257 782
257 888
257 898
258 265
258 285
258 291
258 309
258 330
258 413
258 560
258 586
258 621
258 634
258 659
258 660
258 802
258 860
258 879
258 883
258 914
258 924
258 964
258 967
259 296
259 507
259 518
259 536
259 567
259 568
259 599
259 660
259 679
259 703
259 715
259 727
259 746
259 772
259 818
259 822
259 886
259 938
259 978
260 349
260 369
260 545
260 550
260 552
260 588
260 670
260 679
260 703
260 736
260 802
260 898
261 287
261 289
261 405
261 416
261 417
261 544
261 700
261 715
261 728
261 731
261 793
261 804
261 868
261 924
261 954
262 268
262 316
262 372
262 458
262 472
262 494
262 555
262 579
262 593
262 628
262 728
262 819
262 857
262 884
262 900
263 305
263 356
263 414
263 417
263 427
263 512
263 557
263 615
263 712
263 879
263 900
263 970
263 979
263 985
264 295
264 300
264 301
264 308
264 321
264 358
264 390
264 400
264 401
264 411
264 431
264 515
264 526
264 538
264 549
264 559
264 573
264 602
264 623
264 628
264 634
264 638
264 643
264 646
264 659
264 672
264 701
264 791
264 811
264 903
264 916
264 940
264 967
264 978
264 985
265 339
265 359
265 383
265 410
265 578
265 638
265 664
265 717
265 765
265 877
265 886
265 904
265 910
265 945
266 271
266 278
266 295
266 298
266 303
266 304
266 349
266 376
266 418
266 421
266 423
266 492
266 509
266 524
266 531
266 537
266 640
266 641
266 682
266 686
266 703
266 712
266 723
266 724
266 744
266 747
266 766
266 795
266 823
266 825
266 841
266 876
266 916
266 920
266 975
267 361
267 570
267 586
267 613
267 640
267 668
267 778
267 796
267 871
267 884
267 960
268 333
268 560
268 573
268 590
268 619
268 649
268 656
268 727
268 739
268 810
268 840
268 870
268 884
268 893
268 914
268 984
269 278
269 288
269 294
269 413
269 463
269 515
269 523
269 527
269 682
269 710
269 775
269 868
269 875
269 896
269 898
269 988
270 276
270 294
270 364
270 428
270 430
270 467
270 472
270 473
270 489
270 500
270 535
270 545
270 562
270 570
270 585
270 600
270 629
270 691
270 744
270 857
270 879
270 929
271 304
271 332
271 383
271 406
271 412
271 474
271 521
271 529
271 753
271 767
271 913
271 978
272 301
272 303
272 316
272 453
272 460
272 489
272 520
272 535
272 540
272 564
272 576
272 683
272 811
272 821
272 881
272 904
272 939
273 290
273 326
273 357
273 438
273 441
273 575
273 628
273 658
273 668
273 779
273 806
273 840
273 893
273 912
273 942
273 977
273 988
274 276
274 306
274 366
274 379
274 393
274 398
274 416
274 461
274 515
274 546
274 552
274 567
274 597
274 635
274 667
274 693
274 712
274 722
274 728
274 764
274 792
274 807
274 839
274 855
274 857
274 886
274 919
274 934
274 1000
275 284
275 299
275 312
275 315
275 362
275 377
275 396
275 454
275 534
275 583
275 648
275 663
275 678
275 686
275 707
275 739
275 775
276 288
276 387
276 492
276 495
276 496
276 548
276 552
276 576
276 604
276 744
276 766
276 807
276 824
276 857
276 925
276 990
276 999
277 411
277 459
277 483
277 598
277 678
277 751
277 771
277 871
277 918
277 990
278 315
278 331
278 461
278 465
278 561
278 663
278 704
278 844
278 989
279 325
279 355
279 367
279 616
279 688
279 698
279 703
279 747
279 834
279 880
279 889
279 891
279 894
279 916
280 326
280 449
280 452
280 463
280 576
280 655
280 757
280 768
280 811
280 937
280 953
280 975
281 323
281 462
281 494
281 528
281 578
281 697
281 699
281 718
281 933
281 935
281 989
282 297
282 305
282 322
282 356
282 371
282 374
282 382
282 396
282 402
282 419
282 428
282 434
282 435
282 467
282 521
282 597
282 609
282 614
282 622
282 667
282 674
282 675
282 711
282 719
282 729
282 778
282 832
282 864
282 876
282 885
282 909
282 925
282 929
282 943
282 944
282 983
283 284
283 285
283 291
283 295
283 328
283 366
283 407
283 432
283 525
283 548
283 562
283 577
283 593
283 601
283 638
283 659
283 673
283 678
283 681
283 716
283 732
283 755
283 767
283 784
283 819
283 850
283 870
283 906
283 928
283 954
283 968
283 990
284 288
284 294
284 306
284 315
284 317
284 318
284 324
284 374
284 375
284 399
284 400
284 426
284 462
284 481
284 499
284 510
284 565
284 581
284 582
284 589
284 619
284 642
284 680
284 717
284 732
284 744
284 750
284 773
284 774
284 793
284 799
284 804
284 835
284 839
284 862
284 865
284 870
284 905
284 946
284 993
285 351
285 362
285 412
285 470
285 488
285 585
285 793
285 820
285 825
285 865
285 934
285 936
286 309
286 321
286 419
286 420
286 426
286 465
286 470
286 516
286 533
286 554
286 559
286 580
286 587
286 612
286 619
286 627
286 683
286 699
286 811
286 856
286 953
286 986
286 998
287 295
287 358
287 361
287 412
287 460
287 477
287 557
287 602
287 608
287 655
287 664
287 679
287 693
287 695
287 696
287 706
287 728
287 734
287 740
287 792
287 858
287 883
287 884
287 895
287 899
287 914
287 929
287 952
287 994
288 350
288 366
288 408
288 518
288 525
288 556
288 612
288 701
288 754
288 795
288 796
288 799
288 922
289 304
289 338
289 341
289 383
289 387
289 428
289 437
289 438
289 458
289 515
289 520
289 622
289 654
289 840
289 845
289 883
289 988
290 317
290 324
290 352
290 393
290 502
290 524
290 583
290 586
290 595
290 643
290 663
290 668
290 669
290 694
290 698
290 729
290 737
290 742
290 750
290 777
290 810
290 849
290 947
290 965
291 310
291 314
291 357
291 378
291 397
291 443
291 472
291 658
291 717
291 807
291 852
291 870
291 928
291 986
291 996
292 310
292 337
292 355
292 447
292 553
292 578
292 618
292 666
292 681
292 685
292 717
292 735
292 742
292 777
292 812
292 829
293 322
293 330
293 459
293 510
293 672
293 805
293 906
293 915
293 933
293 960
293 998
294 337
294 339
294 361
294 439
294 486
294 555
294 643
294 660
294 678
294 786
294 791
294 832
294 907
294 912
294 921
294 955
294 981
295 362
295 409
295 416
295 558
295 569
295 612
295 626
295 640
295 658
295 666
295 691
295 821
295 837
295 846
295 895
295 923
295 924
295 932
295 1000
296 345
296 534
296 547
296 575
296 740
296 766
296 804
296 856
296 890
296 962
297 302
297 320
297 353
297 360
297 421
297 564
297 585
297 586
297 593
297 617
297 667
297 672
297 674
297 714
297 729
297 778
297 855
298 498
298 562
298 593
298 622
298 623
298 685
298 705
298 737
298 795
298 807
298 833
298 865
299 310
299 400
299 444
299 449
299 491
299 530
299 541
299 558
299 569
299 573
299 656
299 680
299 745
299 779
299 797
299 902
299 913
299 928
300 362
300 448
300 487
300 533
300 563
300 582
300 718
300 735
300 884
300 925
300 936
300 985
301 412
301 452
301 470
301 607
301 615
301 802
301 831
301 840
301 886
302 344
302 390
302 429
302 456
302 516
302 519
302 535
302 569
302 659
302 703
302 764
302 765
302 773
302 832
302 847
302 953
303 368
303 390
303 421
303 438
303 512
303 528
303 559
303 580
303 581
303 606
303 669
303 721
303 750
303 781
303 793
303 821
303 865
303 939
303 969
304 305
304 334
304 336
304 362
304 366
304 392
304 442
304 468
304 489
304 507
304 543
304 546
304 657
304 665
304 811
304 814
304 818
304 820
304 870
304 894
304 932
304 986
305 390
305 471
305 515
305 561
305 570
305 606
305 706
305 739
305 1000
306 347
306 372
306 377
306 384
306 399
306 411
306 413
306 427
306 451
306 487
306 499
306 552
306 638
306 656
306 658
306 699
306 701
306 784
306 811
306 836
306 840
306 860
306 929
306 937
306 957
306 975
306 995
307 315
307 316
307 329
307 419
307 558
307 625
307 628
307 641
307 667
307 734
307 797
307 838
307 891
307 892
307 944
308 434
308 484
308 488
308 557
308 598
308 602
308 639
308 838
308 856
308 940
308 953
309 319
309 322
309 346
309 347
309 404
309 474
309 486
309 513
309 560
309 579
309 625
309 652
309 662
309 718
309 731
309 740
309 889
309 891
309 896
309 940
309 978
309 987
310 359
310 360
310 383
310 399
310 404
310 464
310 487
310 489
310 506
310 516
310 518
310 621
310 626
310 639
310 658
310 678
310 682
310 734
310 747
310 752
310 755
310 779
310 783
310 802
310 828
310 841
310 887
310 896
310 912
310 922
310 970
310 971
310 989
310 996
311 347
311 530
311 591
311 666
311 763
311 769
311 814
311 819
311 862
311 871
311 889
311 890
311 925
311 930
311 939
311 956
312 315
312 319
312 328
312 340
312 516
312 518
312 545
312 551
312 629
312 648
312 691
312 717
312 777
312 809
312 820
312 922
312 926
312 931
312 960
313 401
313 434
313 437
313 448
313 492
313 604
313 607
313 625
313 719
313 745
313 756
313 790
313 897
313 922
314 316
314 335
314 348
314 388
314 420
314 455
314 550
314 597
314 721
314 727
314 802
314 819
314 851
314 857
314 940
314 944
315 343
315 400
315 449
315 462
315 485
315 519
315 569
315 596
315 598
315 608
315 786
315 814
315 874
316 329
316 332
316 348
316 372
316 379
316 395
316 411
316 421
316 446
316 463
316 472
316 474
316 483
316 514
316 559
316 604
316 605
316 612
316 628
316 645
316 658
316 664
316 718
316 783
316 784
316 791
316 794
316 802
316 830
316 835
316 869
316 882
316 886
316 887
316 900
316 956
316 963
316 990
316 994
317 391
317 414
317 426
317 442
317 449
317 470
317 541
317 558
317 564
317 585
317 632
317 697
317 699
317 702
317 778
317 858
317 863
317 913
317 965
317 975
317 1000
318 386
318 392
318 393
318 439
318 552
318 566
318 570
318 616
318 627
318 629
318 650
318 730
318 772
318 787
318 797
318 865
318 871
318 908
318 913
318 931
318 944
318 946
318 956
318 975
318 980
319 387
319 428
319 489
319 490
319 670
319 679
319 706
319 717
319 862
319 949
320 344
320 345
320 406
320 441
320 462
320 472
320 478
320 483
320 501
320 529
320 543
320 597
320 628
320 663
320 726
320 754
320 778
320 785
320 868
320 947
320 952
320 953
320 955
320 965
320 999
321 338
321 359
321 368
321 672
321 812
321 894
321 933
321 955
321 967
322 368
322 389
322 411
322 436
322 615
322 639
322 664
322 681
322 685
322 755
322 756
322 810
322 816
322 824
322 829
322 867
322 905
322 911
323 333
323 414
323 421
323 425
323 462
323 469
323 534
323 545
323 571
323 578
323 593
323 624
323 625
323 646
323 676
323 719
323 723
323 748
323 752
323 766
323 810
323 839
323 843
323 846
323 889
323 902
323 918
323 923
323 950
323 971
323 983
324 330
324 352
324 370
324 373
324 389
324 414
324 415
324 422
324 445
324 482
324 505
324 569
324 591
324 613
324 635
324 650
324 652
324 657
324 660
324 664
324 675
324 677
324 690
324 767
324 774
324 784
324 792
324 868
324 869
324 896
324 929
324 939
325 336
325 402
325 463
325 499
325 521
325 576
325 613
325 653
325 661
325 698
325 732
325 741
325 762
325 811
325 913
325 932
325 933
325 949
325 967
325 980
326 366
326 623
326 779
326 785
326 870
326 884
326 959
327 361
327 402
327 468
327 475
327 558
327 612
327 626
327 630
327 662
327 678
327 748
327 786
327 837
327 840
327 848
327 877
328 343
328 348
328 350
328 370
328 383
328 400
328 415
328 438
328 442
328 466
328 483
328 552
328 558
328 608
328 639
328 650
328 669
328 685
328 726
328 735
328 739
328 750
328 761
328 767
328 813
328 847
328 886
328 926
328 935
328 937
328 938
328 952
328 983
328 989
328 991
329 387
329 390
329 427
329 455
329 487
329 559
329 567
329 572
329 618
329 638
329 661
329 676
329 685
329 739
329 838
329 846
329 859
329 892
329 895
329 913
329 914
329 968
329 987
330 347
330 360
330 383
330 411
330 414
330 437
330 448
330 474
330 477
330 516
330 529
330 560
330 567
330 608
330 614
330 619
330 783
330 794
330 802
330 954
331 332
331 376
331 522
331 538
331 660
331 676
331 815
331 840
331 885
331 948
332 372
332 453
332 473
332 477
332 505
332 511
332 523
332 667
332 668
332 804
332 853
332 856
332 884
332 897
332 921
332 929
332 936
332 966
333 358
333 406
333 431
333 467
333 637
333 742
333 755
333 757
333 785
333 875
333 989
334 363
334 375
334 435
334 483
334 486
334 489
334 527
334 548
334 616
334 707
334 716
334 812
334 820
334 829
334 863
334 974
334 987
335 356
335 407
335 434
335 552
335 555
335 570
335 615
335 625
335 634
335 684
335 714
335 748
335 818
335 863
335 882
335 956
335 978
335 992
336 339
336 422
336 448
336 549
336 613
336 653
336 735
336 756
336 842
336 863
336 913
336 953
336 956
337 418
337 475
337 545
337 681
337 860
338 350
338 466
338 488
338 529
338 626
338 631
338 687
338 898
339 361
339 378
339 407
339 424
339 449
339 475
339 523
339 531
339 583
339 584
339 631
339 653
339 671
339 689
339 705
339 711
339 718
339 729
339 748
339 751
339 810
339 819
339 821
339 830
339 834
339 835
339 848
339 849
339 869
339 908
339 909
339 957
339 996
340 347
340 357
340 360
340 367
340 387
340 433
340 435
340 534
340 557
340 581
340 610
340 623
340 688
340 749
340 753
340 795
340 797
340 833
340 848
340 892
340 922
340 925
340 984
341 463
341 495
341 629
341 636
341 672
341 706
341 883
341 941
341 959
342 409
342 426
342 449
342 513
342 567
342 605
342 727
342 743
342 871
342 877
342 933
342 945
342 977
342 986
343 346
343 352
343 404
343 411
343 450
343 451
343 493
343 555
343 562
343 580
343 589
343 612
343 617
343 651
343 660
343 692
343 697
343 716
343 745
343 765
343 801
343 817
343 860
343 876
343 886
343 906
343 926
343 944
343 979
344 351
344 362
344 366
344 385
344 392
344 441
344 471
344 491
344 507
344 523
344 539
344 616
344 706
344 712
344 738
344 748
344 891
344 933
344 944
344 962
345 374
345 405
345 502
345 637
345 672
345 690
345 694
345 724
345 751
345 862
345 915
345 929
345 941
346 400
346 401
346 408
346 463
346 466
346 488
346 500
346 509
346 545
346 551
346 553
346 562
346 591
346 601
346 612
346 631
346 635
346 652
346 679
346 681
346 685
346 708
346 734
346 759
346 770
346 782
346 870
346 884
346 889
346 897
346 912
346 922
346 934
346 935
346 960
347 362
347 399
347 413
347 455
347 501
347 512
347 561
347 600
347 611
347 635
347 649
347 655
347 667
347 673
347 706
347 716
347 726
347 742
347 751
347 764
347 766
347 792
347 805
347 823
347 841
347 869
347 871
347 898
347 919
347 934
347 989
347 998
348 377
348 409
348 551
348 573
348 707
348 709
348 718
348 738
348 753
348 756
348 854
348 887
348 936
348 965
348 992
349 405
349 449
349 570
349 598
349 624
349 639
349 731
349 817
349 820
349 852
349 864
349 867
349 883
349 896
349 900
349 906
349 941
349 978
350 381
350 452
350 537
350 543
350 545
350 552
350 558
350 588
350 593
350 622
350 628
350 664
350 666
350 675
350 682
350 685
350 687
350 693
350 737
350 745
350 793
350 819
350 856
350 873
350 879
350 883
350 892
350 928
350 948
350 978
350 980
350 995
351 386
351 468
351 496
351 498
351 546
351 640
351 642
351 652
351 659
351 666
351 667
351 673
351 705
351 713
351 721
351 728
351 734
351 736
351 763
351 795
351 815
351 819
351 829
351 830
351 831
351 898
351 932
351 956
351 987
352 376
352 559
352 560
352 593
352 681
352 721
352 845
352 871
352 974
352 977
352 997
353 394
353 441
353 474
353 499
353 508
353 533
353 552
353 650
353 726
353 776
353 778
353 812
353 856
353 909
353 942
353 968
354 677
354 783
354 941
354 944
354 963
355 557
355 594
355 632
355 705
355 725
355 757
355 818
355 835
355 859
355 863
355 899
355 913
355 988
356 509
356 549
356 582
356 941
356 971
357 362
357 391
357 427
357 434
357 468
357 521
357 560
357 668
357 679
357 852
357 873
357 974
357 997
358 387
358 483
358 622
358 647
358 670
358 672
358 679
358 695
358 722
358 740
358 789
358 800
358 815
358 928
358 964
358 994
359 372
359 415
359 509
359 525
359 530
359 608
359 676
359 677
359 687
359 717
359 779
359 857
359 880
359 924
359 951
359 964
360 368
360 398
360 427
360 489
360 507
360 613
360 650
360 662
360 666
360 686
360 755
360 756
360 760
360 798
360 799
360 838
360 845
360 894
360 923
360 953
361 428
361 432
361 449
361 467
361 475
361 479
361 482
361 523
361 534
361 536
361 544
361 564
361 627
361 686
361 697
361 731
361 733
361 770
361 774
361 779
361 812
361 823
361 852
361 871
361 881
361 895
361 908
361 986
362 412
362 419
362 437
362 489
362 493
362 503
362 524
362 526
362 529
362 602
362 631
362 648
362 663
362 668
362 709
362 738
362 796
362 809
362 819
362 821
362 825
362 832
362 863
362 871
362 875
362 883
362 933
362 944
362 975
362 983
362 998
363 444
363 516
363 686
363 698
363 781
363 827
364 389
364 442
364 452
364 453
364 512
364 545
364 553
364 555
364 590
364 622
364 635
364 643
364 666
364 716
364 769
364 771
364 775
364 829
364 877
364 886
364 936
364 978
365 405
365 560
365 564
365 623
365 632
365 690
365 810
365 819
365 822
365 857
365 936
366 401
366 554
366 562
366 612
366 669
366 716
366 735
366 760
366 816
366 820
366 847
366 872
366 874
366 875
366 895
366 916
366 963
367 378
367 408
367 462
367 510
367 538
367 634
367 650
367 668
367 838
367 884
367 928
367 950
367 994
367 998
368 412
368 418
368 528
368 530
368 616
368 658
368 662
368 733
368 736
368 814
368 834
368 840
368 862
368 948
368 958
368 964
368 981
369 385
369 394
369 395
369 398
369 406
369 430
369 462
369 498
369 528
369 542
369 563
369 779
369 847
369 854
369 863
369 972
369 987
369 996
370 373
370 376
370 468
370 472
370 516
370 533
370 577
370 761
370 804
370 809
370 873
370 884
370 935
370 1000
371 372
371 385
371 412
371 444
371 489
371 582
371 589
371 611
371 691
371 829
371 890
371 985
372 445
372 450
372 451
372 464
372 516
372 531
372 534
372 586
372 596
372 605
372 640
372 642
372 695
372 701
372 709
372 773
372 774
372 791
372 854
372 864
372 893
372 910
372 920
372 941
372 942
372 958
372 967
373 404
373 425
373 562
373 642
373 755
373 820
373 870
373 879
373 885
373 888
373 918
373 960
373 975
373 1000
374 439
374 481
374 552
374 583
374 615
374 716
374 794
374 819
374 871
374 944
375 412
375 430
375 460
375 488
375 578
375 647
375 766
375 809
375 882
375 920
375 947
376 462
376 555
376 582
376 646
376 706
376 707
376 748
376 774
376 891
376 904
376 914
376 980
377 408
377 474
377 507
377 587
377 606
377 685
377 711
377 796
377 821
377 875
377 947
377 999
378 397
378 428
378 472
378 492
378 571
378 696
378 846
378 890
378 891
378 929
378 962
379 619
379 752
379 884
379 896
379 939
379 943
380 414
380 472
380 523
380 561
380 619
380 630
380 643
380 658
380 780
380 871
380 887
380 891
380 972
380 978
381 474
381 616
381 662
381 737
381 895
381 925
381 946
381 981
381 983
381 988
382 621
382 685
382 717
382 749
382 827
382 925
382 963
383 409
383 411
383 461
383 466
383 481
383 531
383 534
383 567
383 592
383 621
383 662
383 678
383 716
383 739
383 800
383 815
383 842
383 906
383 922
383 979
383 987
384 430
384 465
384 485
384 544
384 574
384 649
384 662
384 682
384 720
384 721
384 770
384 775
384 798
384 818
384 838
384 862
384 871
384 932
384 938
384 940
384 970
384 974
385 391
385 417
385 418
385 433
385 489
385 492
385 501
385 518
385 522
385 538
385 552
385 618
385 672
385 681
385 683
385 729
385 733
385 756
385 762
385 763
385 764
385 765
385 774
385 806
385 831
385 839
385 848
385 849
385 928
385 940
385 944
385 961
385 981
385 983
385 985
386 489
386 617
386 634
386 672
386 689
386 721
386 757
386 763
386 863
386 932
386 951
387 408
387 414
387 447
387 448
387 492
387 542
387 606
387 613
387 668
387 679
387 699
387 716
387 764
387 803
387 840
387 845
387 865
387 875
387 922
387 931
387 957
387 980
388 427
388 436
388 444
388 448
388 464
388 577
388 660
388 672
388 730
388 803
388 811
388 840
388 862
388 899
388 950
388 985
388 996
389 408
389 431
389 465
389 553
389 705
389 715
389 717
389 820
389 856
389 900
389 941
389 988
389 992
389 999
390 469
390 548
390 648
390 740
390 872
390 884
390 895
390 937
390 942
391 410
391 537
391 661
391 720
391 799
391 806
391 931
391 943
391 983
392 489
392 613
392 836
392 870
392 871
392 904
392 914
392 971
393 426
393 482
393 511
393 519
393 649
393 723
393 739
393 779
393 876
393 913
393 914
394 474
394 507
394 519
394 560
394 615
394 695
394 709
394 778
394 937
395 406
395 448
395 510
395 548
395 678
395 679
395 697
395 757
395 777
395 868
395 877
395 954
396 437
396 480
396 504
396 545
396 559
396 562
396 570
396 608
396 639
396 651
396 662
396 714
396 898
396 956
397 412
397 451
397 464
397 500
397 506
397 517
397 526
397 539
397 544
397 565
397 642
397 698
397 705
397 754
397 805
397 814
397 854
397 878
397 886
397 892
397 893
397 905
397 940
398 458
398 609
398 619
398 622
398 650
398 685
398 775
398 808
398 852
398 855
398 865
398 970
399 439
399 525
399 537
399 661
399 749
399 841
400 411
400 477
400 497
400 705
400 739
400 743
400 806
400 909
400 969
400 970
400 989
401 436
401 482
401 563
401 648
401 679
401 760
401 781
401 865
401 912
401 913
401 953
402 408
402 422
402 436
402 442
402 515
402 521
402 552
402 678
402 872
402 874
402 950
403 497
403 523
403 564
403 601
403 640
403 667
403 671
403 830
403 857
403 862
404 428
404 444
404 558
404 717
404 761
404 821
404 918
404 985
405 411
405 457
405 464
405 492
405 520
405 525
405 556
405 560
405 563
405 632
405 680
405 685
405 694
405 726
405 775
405 782
405 785
405 806
405 815
405 867
405 880
405 890
405 891
405 936
405 946
405 975
405 991
405 995
406 439
406 458
406 463
406 465
406 563
406 564
406 598
406 615
406 621
406 659
406 747
406 750
406 780
406 829
406 851
407 418
407 446
407 528
407 567
407 584
407 631
407 673
407 678
407 754
407 764
407 777
407 800
407 819
407 842
407 852
407 869
407 884
407 890
407 895
407 943
408 411
408 414
408 417
408 462
408 473
408 483
408 493
408 503
408 521
408 524
408 545
408 566
408 588
408 616
408 645
408 660
408 666
408 680
408 737
408 738
408 793
408 804
408 805
408 813
408 817
408 830
408 849
408 857
408 870
408 886
408 922
408 935
408 940
408 969
408 987
408 997
409 444
409 493
409 502
409 550
409 561
409 578
409 580
409 655
409 706
409 723
409 729
409 767
409 772
409 775
409 778
409 779
409 783
409 821
409 915
409 922
409 943
409 971
410 468
410 483
410 555
410 655
410 666
410 695
410 755
410 756
410 759
410 837
410 869
410 906
410 946
411 497
411 510
411 538
411 550
411 619
411 680
411 730
411 821
411 851
411 954
411 955
412 415
412 434
412 509
412 563
412 583
412 587
412 635
412 642
412 663
412 667
412 691
412 732
412 740
412 756
412 774
412 826
412 909
412 928
412 944
413 550
413 721
413 781
413 914
414 478
414 659
414 726
414 766
414 819
414 952
415 428
415 448
415 453
415 459
415 470
415 518
415 538
415 549
415 590
415 684
415 746
415 836
415 902
415 937
415 950
416 472
416 509
416 538
416 573
416 626
416 738
416 762
416 784
416 825
416 918
417 640
417 819
417 881
417 884
417 999
418 437
418 476
418 495
418 555
418 599
418 659
418 665
418 718
418 733
418 738
418 752
418 840
418 872
418 896
418 931
418 988
419 465
419 489
419 498
419 517
419 522
419 540
419 616
419 631
419 650
419 658
419 660
419 678
419 688
419 697
419 717
419 721
419 740
419 754
419 802
419 817
419 850
419 895
419 940
419 975
419 980
420 643
420 679
420 688
420 696
420 819
420 901
420 912
421 460
421 467
421 538
421 686
421 741
421 779
421 791
421 812
421 830
421 835
421 845
421 970
421 989
422 430
422 443
422 466
422 549
422 604
422 610
422 622
422 625
422 628
422 641
422 868
422 884
422 911
423 548
423 553
423 598
423 616
423 628
423 697
423 752
423 816
423 862
423 886
423 996
424 463
424 523
424 524
424 552
424 649
424 681
424 709
424 904
424 913
425 547
425 624
425 657
425 666
425 743
425 752
425 755
425 822
425 830
425 920
426 439
426 441
426 598
426 616
426 649
426 657
426 661
426 761
426 783
426 787
426 818
426 828
426 851
426 876
426 880
426 881
426 897
426 926
426 938
426 983
427 441
427 456
427 474
427 477
427 502
427 515
427 536
427 581
427 601
427 740
427 783
427 791
427 807
427 818
427 920
427 989
428 431
428 434
428 445
428 519
428 521
428 545
428 552
428 648
428 665
428 757
428 778
428 822
428 829
428 844
428 849
428 911
428 994
429 481
429 555
429 598
429 686
429 710
429 756
429 851
429 889
429 898
429 899
429 924
429 946
429 958
429 968
429 973
430 445
430 626
430 685
430 715
430 736
430 791
430 822
430 931
430 933
431 440
431 494
431 509
431 510
431 571
431 590
431 624
431 639
431 666
431 678
431 696
431 699
431 739
431 795
431 810
431 861
431 865
431 866
431 940
431 954
431 958
432 489
432 627
432 698
432 863
432 877
432 944
432 946
432 960
432 975
432 995
433 483
433 489
433 562
433 565
433 640
433 641
433 647
433 669
433 685
433 782
433 852
433 909
433 980
433 984
434 435
434 475
434 477
434 481
434 582
434 619
434 679
434 682
434 752
434 822
434 876
434 916
435 459
435 479
435 521
435 628
435 658
435 666
435 675
435 677
435 808
435 863
435 898
435 914
435 934
435 993
436 506
436 552
436 569
436 578
436 613
436 679
436 702
436 703
436 716
436 728
436 761
436 770
436 777
436 814
436 914
436 968
436 974
436 979
437 517
437 544
437 560
437 564
437 582
437 633
437 818
437 845
437 877
437 896
437 912
437 913
437 946
438 465
438 472
438 548
438 598
438 725
438 764
438 857
438 860
438 865
438 927
438 950
438 986
439 469
439 663
439 669
439 688
439 728
439 790
439 806
439 884
439 889
439 899
439 924
439 950
440 509
440 554
440 556
440 611
440 630
440 644
440 693
440 718
440 752
440 830
440 862
440 863
440 889
440 909
440 947
441 460
441 477
441 482
441 490
441 613
441 658
441 662
441 756
441 766
441 794
441 870
441 924
441 941
441 942
441 970
441 984
441 995
442 480
442 552
442 555
442 690
442 796
442 855
442 863
442 864
442 908
443 597
443 685
443 690
443 766
443 787
443 926
443 951
444 562
444 755
444 789
444 792
444 812
444 863
444 869
444 871
444 942
445 463
445 552
445 569
445 600
445 633
445 641
445 646
445 655
445 743
445 752
445 870
445 938
445 940
446 464
446 471
446 509
446 519
446 531
446 534
446 580
446 582
446 583
446 595
446 602
446 682
446 752
446 817
446 848
446 882
446 914
446 970
446 986
446 994
447 483
447 555
447 585
447 591
447 608
447 616
447 624
447 656
447 685
447 755
447 784
447 811
447 820
447 870
447 935
447 943
448 472
448 474
448 484
448 485
448 533
448 536
448 568
448 633
448 648
448 721
448 809
448 818
448 834
448 862
448 893
448 900
448 904
449 458
449 462
449 466
449 471
449 497
449 523
449 547
449 554
449 569
449 590
449 610
449 616
449 666
449 694
449 716
449 737
449 788
449 828
449 890
449 907
449 937
449 956
449 996
450 457
450 511
450 558
450 682
450 892
450 895
450 989
451 465
451 481
451 509
451 577
451 678
451 679
451 680
451 708
451 756
451 785
451 948
451 950
452 497
452 517
452 534
452 582
452 615
452 652
452 666
452 744
452 776
452 800
452 822
452 840
452 919
453 457
453 472
453 577
453 579
453 752
453 755
453 807
453 932
453 964
453 965
454 495
454 539
454 561
454 570
454 644
454 820
454 836
454 837
454 842
454 913
455 513
455 716
455 779
455 812
455 857
455 861
455 924
455 930
455 931
456 471
456 582
456 632
456 699
456 720
456 810
456 852
456 886
456 964
457 476
457 542
457 594
457 607
457 636
457 756
457 810
457 855
457 894
457 937
457 980
457 986
458 589
458 607
458 676
458 689
458 738
458 740
458 845
458 865
458 890
458 956
458 960
458 987
458 991
459 545
459 558
459 586
459 665
459 674
459 743
459 792
459 799
459 800
459 810
459 924
459 948
459 972
459 979
460 472
460 474
460 544
460 598
460 666
460 724
460 728
460 756
460 830
460 928
460 950
460 980
461 493
461 548
461 711
461 812
461 975
462 477
462 500
462 582
462 599
462 612
462 680
462 692
462 743
462 745
462 785
462 810
462 820
462 840
462 847
462 859
462 863
462 884
462 927
462 969
463 550
463 655
463 675
463 810
463 819
463 835
463 894
463 945
463 966
463 985
463 991
464 534
464 545
464 667
464 714
464 725
464 775
464 831
464 853
464 943
464 944
464 964
465 485
465 494
465 524
465 529
465 533
465 642
465 660
465 698
465 708
465 781
465 786
465 810
465 854
465 859
465 884
465 904
465 916
465 918
465 920
465 927
465 978
466 545
466 561
466 611
466 631
466 635
466 660
466 666
466 669
466 693
466 769
466 777
466 783
466 793
466 826
466 863
466 870
466 922
466 926
466 928
466 955
466 979
466 980
466 986
467 468
467 472
467 481
467 516
467 528
467 535
467 550
467 552
467 560
467 589
467 646
467 662
467 916
467 959
468 471
468 473
468 537
468 595
468 708
468 732
468 764
468 767
468 780
468 814
468 835
468 853
468 944
469 471
469 479
469 647
469 717
469 807
469 826
469 898
469 975
469 988
470 472
470 483
470 533
470 694
470 706
470 709
470 717
470 755
470 763
470 779
470 819
470 865
470 939
470 941
470 987
471 490
471 504
471 515
471 547
471 555
471 582
471 600
471 605
471 624
471 768
471 793
471 852
471 856
471 865
471 896
471 903
471 904
471 905
471 920
471 929
471 949
471 971
471 975
471 979
472 517
472 530
472 573
472 598
472 622
472 658
472 702
472 713
472 714
472 733
472 745
472 781
472 786
472 832
472 864
472 871
472 874
472 929
472 930
472 931
472 938
472 948
472 950
472 966
473 517
473 624
473 678
473 698
473 706
473 784
473 786
473 801
473 845
473 902
473 903
473 919
473 950
474 505
474 521
474 590
474 593
474 622
474 625
474 651
474 674
474 717
474 740
474 750
474 758
474 811
474 856
474 866
474 890
474 900
474 1000
475 509
475 532
475 547
475 580
475 629
475 678
475 724
475 731
475 876
475 892
475 936
476 523
476 544
476 601
476 618
476 668
476 863
476 989
477 501
477 701
477 716
477 764
477 870
477 917
477 920
477 921
477 922
477 927
477 958
478 522
478 530
478 558
478 679
478 728
478 809
478 832
478 853
478 903
478 914
478 942
478 944
478 960
478 972
478 980
478 984
479 504
479 518
479 558
479 589
479 632
479 649
479 679
479 865
480 483
480 509
480 550
480 562
480 651
480 798
480 950
480 978
480 984
480 989
481 503
481 507
481 585
481 589
481 623
481 629
481 632
481 638
481 700
481 703
481 711
481 742
481 748
481 774
481 802
481 822
481 845
481 852
481 899
481 904
481 926
481 963
481 988
481 990
482 509
482 582
482 598
482 674
482 742
482 779
482 783
482 921
482 944
483 492
483 503
483 540
483 550
483 570
483 575
483 581
483 612
483 628
483 632
483 653
483 687
483 755
483 758
483 759
483 771
483 775
483 803
483 835
483 851
483 868
483 873
483 884
483 946
483 959
484 489
484 508
484 673
484 820
484 869
484 889
484 893
484 940
484 949
484 989
484 998
485 625
485 687
485 688
485 753
485 777
485 808
485 814
485 815
485 853
485 858
485 916
485 945
485 974
486 552
486 573
486 740
486 759
486 779
486 828
486 906
486 925
486 947
487 571
487 573
487 595
487 659
487 665
487 690
487 748
487 785
487 789
487 818
487 824
487 845
487 850
487 884
487 894
487 900
487 980
487 984
488 543
488 706
488 752
488 755
488 774
488 888
488 958
489 497
489 498
489 504
489 506
489 529
489 563
489 569
489 594
489 639
489 648
489 658
489 687
489 719
489 731
489 750
489 753
489 763
489 779
489 783
489 794
489 800
489 816
489 819
489 825
489 828
489 829
489 857
489 878
489 889
489 901
489 903
489 927
489 946
489 953
489 954
489 981
489 987
489 991
490 507
490 633
490 653
490 658
490 766
490 767
490 837
490 846
490 927
490 989
491 516
491 575
491 582
491 687
491 739
491 779
491 797
491 862
491 960
492 523
492 552
492 633
492 635
492 924
493 509
493 535
493 612
493 666
493 685
493 740
493 752
493 824
493 878
493 889
493 922
493 974
494 683
494 687
494 781
494 821
494 877
494 934
494 968
494 969
494 981
495 558
495 562
495 564
495 642
495 697
495 701
495 765
495 837
495 841
495 881
495 913
495 929
495 940
495 957
495 980
496 505
496 525
496 534
496 708
496 732
496 822
496 903
496 926
496 941
497 527
497 535
497 543
497 564
497 576
497 685
497 723
497 739
497 752
497 764
497 776
497 782
497 804
497 814
497 819
497 832
497 922
497 963
497 985
497 989
497 993
498 514
498 608
498 659
498 781
498 794
498 838
498 869
498 903
499 523
499 575
499 576
499 623
499 656
499 667
499 669
499 816
499 855
499 942
499 967
500 560
500 717
500 889
500 896
500 940
500 986
500 999
501 507
501 519
501 536
501 555
501 570
501 651
501 657
501 678
501 713
501 719
501 722
501 730
501 736
501 784
501 818
501 828
501 845
501 889
501 898
501 900
501 944
501 956
502 509
502 523
502 567
502 651
502 682
502 748
502 802
502 923
502 990
503 507
503 533
503 569
503 658
503 775
503 818
503 911
503 948
503 986
504 718
504 723
504 745
504 789
504 820
504 822
504 882
504 931
504 961
505 537
505 598
505 640
505 658
505 728
505 833
505 845
505 911
506 563
506 581
506 658
506 669
506 670
506 736
506 786
506 810
506 862
506 912
506 924
506 986
507 539
507 555
507 561
507 658
507 665
507 695
507 697
507 740
507 810
507 852
507 862
507 863
507 898
507 971
507 983
508 513
508 680
508 755
508 791
508 820
508 877
508 894
508 981
509 553
509 578
509 590
509 603
509 615
509 630
509 657
509 669
509 674
509 687
509 704
509 714
509 730
509 756
509 758
509 771
509 776
509 778
509 781
509 782
509 808
509 810
509 836
509 869
509 881
509 886
509 949
509 955
509 969
509 977
509 987
510 516
510 630
510 656
510 686
510 701
510 744
510 783
510 836
510 868
510 916
511 600
511 663
511 747
511 809
511 863
511 933
511 948
511 999
512 527
512 537
512 566
512 598
512 665
512 700
512 703
512 806
512 889
512 900
512 929
512 964
512 989
513 523
513 555
513 580
513 616
513 632
513 685
513 708
513 916
513 924
513 926
513 969
514 625
514 672
514 721
514 819
514 842
514 870
514 915
514 938
514 986
515 572
515 639
515 653
515 700
515 862
515 905
515 914
515 981
516 528
516 555
516 590
516 626
516 633
516 639
516 658
516 668
516 671
516 698
516 707
516 724
516 745
516 755
516 757
516 821
516 840
516 850
516 860
516 867
516 877
516 883
516 884
516 910
516 920
516 950
517 545
517 561
517 580
517 642
517 658
517 660
517 687
517 736
517 779
517 781
517 812
517 816
517 823
517 855
517 860
517 876
517 993
518 646
518 666
518 815
518 853
518 854
518 871
518 930
518 965
518 967
518 978
519 749
519 768
519 940
520 522
520 573
520 754
520 781
520 783
520 886
520 954
521 525
521 533
521 543
521 592
521 610
521 643
521 668
521 671
521 687
521 738
521 750
521 755
521 770
521 772
521 798
521 808
521 816
521 832
521 835
521 871
521 916
521 933
521 937
521 941
521 954
521 959
522 557
522 598
522 606
522 615
522 668
522 715
522 808
522 825
522 871
522 933
522 935
522 949
522 951
523 536
523 537
523 558
523 571
523 586
523 595
523 601
523 627
523 656
523 658
523 716
523 717
523 728
523 806
523 809
523 810
523 829
523 845
523 849
523 868
523 906
523 915
523 923
523 944
524 568
524 625
524 700
524 706
524 738
524 790
524 807
524 808
524 839
525 528
525 665
525 683
525 698
525 701
525 798
525 870
525 966
525 997
526 580
526 682
526 865
526 869
526 932
527 534
527 538
527 541
527 557
527 577
527 642
527 648
527 815
527 864
527 913
528 555
528 569
528 678
528 703
528 704
528 706
528 716
528 740
528 752
528 798
528 808
528 841
528 881
528 914
528 921
528 935
528 949
528 965
529 558
529 566
529 572
529 595
529 600
529 625
529 687
529 714
529 716
529 723
529 814
529 857
529 953
530 557
530 561
530 563
530 651
530 687
530 704
530 725
530 783
530 836
530 857
530 889
530 957
530 989
530 997
531 642
531 763
531 874
531 927
531 944
531 981
532 555
532 599
532 647
532 676
532 713
532 727
532 754
532 812
532 850
532 858
532 861
532 871
532 889
532 916
532 923
532 924
532 928
532 944
533 538
533 545
533 571
533 606
533 638
533 653
533 660
533 678
533 715
533 724
533 749
533 750
533 804
533 810
533 812
533 843
533 935
533 949
533 976
533 986
533 999
534 548
534 577
534 642
534 715
534 732
534 737
534 774
534 788
534 797
534 802
534 857
534 869
534 914
534 928
535 544
535 550
535 622
535 665
535 700
535 740
535 759
535 781
535 812
535 820
535 903
535 920
535 986
536 558
536 623
536 671
536 681
536 710
536 801
536 803
536 830
536 941
536 977
537 557
537 583
537 590
537 600
537 632
537 633
537 667
537 690
537 698
537 723
537 756
537 852
537 929
538 601
538 672
538 863
538 889
538 890
538 961
539 633
539 655
539 728
539 812
539 829
539 842
539 843
539 903
539 938
539 989
540 564
540 613
540 679
540 767
540 815
540 882
540 916
541 707
541 758
541 774
541 784
541 880
541 906
541 934
541 936
541 941
542 569
542 594
542 662
542 679
542 871
543 550
543 633
543 711
543 752
543 786
543 789
543 800
543 812
543 836
543 981
544 548
544 592
544 616
544 668
544 717
544 757
544 794
544 830
544 902
545 612
545 656
545 658
545 668
545 680
545 702
545 707
545 750
545 812
545 819
545 847
545 870
545 892
545 902
545 954
545 989
546 555
546 556
546 561
546 578
546 614
546 697
546 711
546 790
546 796
546 882
546 904
546 910
546 916
546 941
546 962
546 981
547 548
547 552
547 560
547 567
547 728
547 771
547 777
547 802
547 807
547 811
547 836
547 865
547 867
547 871
547 885
547 886
547 942
547 950
547 975
548 563
548 589
548 616
548 635
548 673
548 677
548 678
548 747
548 748
548 756
548 777
548 803
548 815
548 878
548 880
548 947
548 955
549 551
549 560
549 573
549 607
549 652
549 776
549 860
549 893
549 932
550 559
550 576
550 604
550 620
550 622
550 658
550 695
550 697
550 713
550 725
550 728
550 740
550 769
550 793
550 814
550 817
550 823
550 859
550 862
550 923
550 929
550 946
550 960
551 552
551 564
551 576
551 582
551 594
551 633
551 656
551 684
551 691
551 784
551 880
551 892
551 924
551 931
551 933
551 934
551 942
551 950
551 975
552 560
552 561
552 579
552 656
552 682
552 727
552 757
552 811
552 860
552 902
552 917
552 940
552 950
552 966
553 598
553 634
553 685
553 941
554 560
554 581
554 649
554 672
554 676
554 716
554 751
554 753
554 764
554 820
554 822
554 871
554 924
554 935
554 974
555 557
555 584
555 597
555 627
555 645
555 682
555 706
555 722
555 724
555 742
555 756
555 805
555 830
555 836
555 864
555 895
555 944
555 949
555 984
555 994
556 657
556 666
556 818
556 824
556 899
556 936
556 940
557 593
557 679
557 681
557 740
557 773
557 810
557 826
557 888
557 909
557 953
557 960
557 989
558 578
558 603
558 622
558 658
558 680
558 688
558 754
558 782
558 800
558 848
558 890
558 919
558 945
558 954
559 694
559 733
559 766
559 791
559 863
559 928
560 561
560 578
560 612
560 629
560 642
560 643
560 656
560 658
560 664
560 718
560 735
560 763
560 799
560 803
560 826
560 840
560 853
560 898
560 932
560 942
560 957
560 977
561 635
561 638
561 656
561 723
561 733
561 740
561 783
561 785
561 787
561 915
561 943
561 982
562 599
562 629
562 839
562 908
562 916
562 944
562 959
562 971
563 610
563 618
563 650
563 666
563 687
563 699
563 756
563 832
563 857
563 910
563 968
563 971
564 622
564 636
564 697
564 715
564 725
564 766
564 783
564 836
564 840
564 885
564 942
564 950
564 951
565 594
565 645
565 818
565 944
565 971
566 728
566 757
566 778
566 795
566 814
566 828
566 924
566 939
566 951
566 985
567 596
567 650
567 658
567 662
567 705
567 710
567 740
567 763
567 783
567 785
567 819
567 872
567 882
567 951
567 978
568 570
568 590
568 619
568 751
568 783
568 825
568 891
568 986
568 989
569 573
569 645
569 734
569 750
569 751
569 778
569 851
569 876
569 885
569 990
569 999
570 579
570 634
570 636
570 654
570 684
570 689
570 695
570 753
570 760
570 767
570 807
570 819
570 860
570 906
570 931
570 934
570 984
571 599
571 615
571 628
571 633
571 664
571 774
571 895
571 930
572 686
572 722
572 869
572 936
573 602
573 694
573 838
573 839
573 862
573 979
574 649
574 705
574 717
574 736
574 884
574 912
574 913
575 600
575 685
575 723
575 750
575 772
575 778
575 863
575 898
575 942
576 577
576 642
576 661
576 669
576 674
576 677
576 863
576 886
576 897
576 906
576 911
576 946
576 990
577 586
577 596
577 604
577 623
577 650
577 708
577 727
577 785
577 827
577 833
577 836
577 847
577 881
577 901
577 904
577 930
577 946
577 961
578 598
578 619
578 649
578 663
578 665
578 670
578 677
578 683
578 714
578 740
578 784
578 797
578 863
578 912
578 913
578 922
578 978
579 653
579 687
579 792
579 956
579 992
580 612
580 624
580 631
580 660
580 685
580 711
580 722
580 748
580 774
580 842
580 847
580 870
580 925
580 927
581 624
581 644
581 688
581 739
581 808
581 811
581 820
581 822
581 860
581 881
581 884
581 893
581 910
581 976
581 986
581 990
582 635
582 675
582 698
582 719
582 729
582 738
582 756
582 802
582 813
582 846
582 862
582 899
582 919
582 949
582 950
582 952
583 614
583 737
583 796
583 826
583 828
583 841
583 989
584 628
584 661
584 715
584 863
585 615
585 646
586 594
586 604
586 658
586 678
586 778
586 834
586 857
586 916
586 953
586 989
586 999
587 598
587 612
587 854
588 632
588 654
588 717
588 779
588 821
588 822
588 870
588 901
588 983
589 634
589 658
589 665
589 690
589 731
589 802
589 869
589 889
589 907
589 926
590 665
590 687
590 688
590 702
590 717
590 731
590 936
590 941
590 980
590 989
591 640
591 652
591 847
591 921
591 981
592 681
592 698
592 809
592 907
592 920
592 932
592 939
592 951
593 616
593 651
593 767
593 779
593 928
593 971
594 597
594 602
594 618
594 647
594 661
594 672
594 686
594 712
594 726
594 740
594 760
594 779
594 797
594 808
594 823
594 839
594 843
594 874
594 919
594 924
594 971
594 980
594 986
594 987
595 616
595 641
595 673
595 702
595 745
595 942
596 624
596 659
596 752
596 761
596 775
596 845
597 614
597 677
597 745
597 812
597 980
598 620
598 639
598 652
598 676
598 696
598 733
598 758
598 760
598 774
598 780
598 783
598 786
598 788
598 830
598 845
598 850
598 897
598 910
598 927
599 631
599 642
599 680
599 699
599 888
599 913
599 936
599 990
600 676
600 678
600 695
600 751
600 793
600 870
600 921
600 934
601 606
601 645
601 648
601 793
601 846
601 851
601 856
601 935
602 621
602 625
602 653
602 700
602 738
602 763
602 847
602 851
602 865
602 941
602 950
602 951
602 968
603 666
603 781
603 840
603 923
603 984
604 609
604 628
604 860
604 865
604 868
604 908
604 936
605 651
605 672
605 706
605 756
605 928
605 932
606 679
606 708
606 755
606 775
606 924
606 940
606 942
606 952
607 624
607 697
607 706
607 744
607 800
607 901
607 906
608 615
608 731
608 780
608 812
608 831
608 839
608 845
608 878
608 894
608 927
608 944
608 952
608 977
608 994
609 615
609 669
609 804
609 821
609 862
609 894
609 928
609 972
609 978
610 612
610 650
610 690
610 718
610 779
610 783
610 873
610 906
610 931
610 988
611 622
611 672
611 778
611 913
611 916
611 954
612 613
612 676
612 689
612 723
612 808
612 881
612 883
612 905
612 920
612 921
612 954
612 973
613 615
613 623
613 667
613 704
613 714
613 729
613 746
613 884
613 912
613 915
613 920
613 989
614 631
614 756
614 768
614 776
614 850
614 857
614 868
614 884
614 889
614 935
614 997
615 623
615 664
615 680
615 688
615 706
615 710
615 722
615 723
615 745
615 752
615 757
615 761
615 767
615 769
615 778
615 791
615 793
615 846
615 865
615 870
615 881
615 883
615 888
615 911
615 949
615 971
616 626
616 696
616 705
616 753
616 755
616 770
616 797
616 818
616 839
616 926
616 960
616 965
616 975
616 989
617 688
617 778
617 850
617 944
618 639
618 822
618 826
618 841
618 851
618 855
618 869
618 910
618 928
618 946
619 651
619 668
619 675
619 704
619 755
619 791
619 811
619 845
619 863
619 877
619 904
619 908
619 966
619 975
620 655
620 703
620 738
620 808
620 986
620 987
621 658
621 689
621 779
621 873
621 927
621 940
622 624
622 739
622 761
622 778
622 787
622 837
622 852
622 858
622 863
622 997
623 687
623 751
623 810
623 822
623 825
623 924
623 964
623 999
624 625
624 682
624 756
624 873
624 902
624 943
625 655
625 668
625 671
625 700
625 910
626 668
626 675
626 736
626 739
626 755
626 925
626 932
627 662
627 698
627 708
627 738
627 767
627 897
627 913
627 959
627 981
628 713
628 750
628 808
628 820
628 827
628 832
628 847
628 886
628 889
628 911
628 925
628 949
628 981
629 673
629 756
629 810
630 666
630 775
630 783
630 950
630 974
630 998
631 651
631 653
631 783
631 805
631 822
631 824
631 826
631 866
631 940
631 947
631 953
631 960
631 975
632 667
632 872
632 876
632 905
632 919
632 934
633 639
633 680
633 722
633 739
633 790
633 904
633 906
633 913
633 989
634 724
634 778
634 898
635 672
635 692
635 718
635 722
635 743
635 781
635 798
635 833
635 852
635 921
636 642
636 645
636 660
636 703
636 708
636 744
636 772
636 883
636 913
636 959
637 670
637 706
637 788
637 857
637 860
637 889
637 928
637 944
637 950
638 716
638 721
638 806
638 820
638 870
638 872
639 658
639 727
639 840
639 862
640 643
640 712
640 738
640 784
640 822
640 915
640 966
640 980
641 653
641 733
641 796
641 860
641 874
641 921
641 954
642 672
642 769
642 774
642 811
642 903
642 953
642 981
643 706
643 711
643 730
643 975
644 653
644 790
644 808
644 838
644 846
645 673
645 792
645 881
645 985
646 717
646 718
646 950
647 666
647 707
647 746
647 792
647 819
647 822
647 847
647 895
647 911
648 748
648 812
648 825
648 843
648 856
648 889
648 912
648 946
648 952
649 679
649 683
649 710
649 751
649 765
649 826
649 835
649 864
649 877
649 888
649 903
649 913
649 919
649 932
649 954
650 720
650 742
650 749
650 785
650 860
650 889
650 920
650 981
651 680
651 752
651 902
651 942
651 980
651 981
652 696
652 715
652 734
652 753
652 803
652 849
652 886
652 931
652 935
653 667
653 669
653 689
653 808
653 822
653 872
653 887
653 889
653 933
653 965
654 666
654 679
654 772
654 777
654 810
654 876
655 677
655 679
655 715
655 744
655 806
655 811
655 857
655 908
655 918
655 947
656 760
656 773
656 822
656 826
656 865
656 866
656 933
656 942
656 969
656 975
656 990
657 692
657 814
657 870
657 920
657 938
658 670
658 674
658 690
658 710
658 717
658 756
658 779
658 802
658 805
658 806
658 809
658 821
658 829
658 835
658 857
658 912
658 951
658 977
658 980
659 676
659 718
659 734
659 834
659 882
659 972
659 974
660 698
660 754
660 802
660 838
660 868
660 870
660 968
660 986
661 765
661 865
661 990
661 996
662 722
662 765
662 813
662 821
662 840
662 857
662 871
662 976
662 981
663 750
663 756
663 819
663 823
663 836
663 872
663 888
663 898
663 983
664 695
664 722
664 758
664 773
664 797
664 891
664 993
665 671
665 681
665 699
665 701
665 717
665 719
665 748
665 778
665 791
665 861
665 873
665 941
665 954
666 714
666 717
666 756
666 769
666 779
666 783
666 794
666 800
666 811
666 812
666 826
666 833
666 841
666 853
666 893
666 899
666 913
666 938
666 950
667 695
667 700
667 785
667 834
667 838
667 896
667 937
667 970
667 982
668 672
668 690
668 706
668 712
668 750
668 784
668 795
668 849
668 892
668 969
669 690
669 693
669 717
669 760
669 766
669 814
669 836
669 855
669 863
669 912
669 926
669 953
669 956
669 963
669 992
670 679
670 697
670 770
670 817
670 889
670 895
670 918
670 975
670 989
671 722
671 864
671 868
671 980
672 674
672 680
672 690
672 711
672 752
672 772
672 800
672 824
672 862
672 878
672 915
672 916
672 918
672 940
672 961
672 975
672 977
672 985
673 679
673 683
673 736
673 757
673 762
673 858
673 871
673 876
673 908
673 992
674 680
674 699
674 752
674 769
674 792
674 898
674 982
675 737
675 792
675 803
675 884
676 692
676 740
676 779
676 788
676 817
676 869
676 898
677 698
677 792
677 810
677 857
677 871
677 951
677 967
678 679
678 755
678 781
678 843
678 859
678 881
678 893
678 901
678 903
678 905
678 914
678 932
678 936
678 939
678 954
678 972
678 978
679 694
679 738
679 809
679 862
679 872
679 954
679 983
679 989
680 685
680 727
680 819
680 855
680 868
680 870
680 954
680 981
681 700
681 750
681 818
681 819
681 832
681 896
681 900
681 918
681 978
682 744
682 751
682 801
682 840
682 914
682 917
682 944
683 705
683 721
683 968
683 988
684 717
684 718
684 757
684 819
684 884
684 950
685 704
685 706
685 736
685 737
685 773
685 818
685 820
685 840
685 878
685 948
685 976
685 986
685 989
685 990
685 994
686 687
686 767
686 779
686 810
686 865
686 930
687 717
687 718
687 756
687 794
687 800
687 823
687 882
687 890
687 903
687 918
687 940
687 965
687 988
688 810
688 855
688 947
689 697
689 819
689 932
689 999
690 811
690 826
690 842
690 864
690 865
690 885
690 942
690 943
690 980
691 740
691 754
691 928
691 980
691 986
692 697
692 752
692 792
692 820
692 984
693 698
693 805
693 853
693 986
694 707
694 730
694 732
694 761
694 840
694 879
694 924
694 965
695 734
695 745
695 750
695 776
695 790
695 808
695 841
695 871
695 974
695 992
696 784
696 787
696 800
696 900
697 712
697 756
697 800
697 810
697 847
697 857
697 871
697 875
697 891
697 931
697 989
697 994
698 715
698 722
698 727
698 732
698 739
698 815
698 896
698 932
698 943
699 706
699 771
699 776
699 798
699 807
699 812
699 826
699 865
699 870
699 888
699 895
699 907
699 926
699 950
699 970
699 981
699 987
700 946
700 962
701 762
701 784
701 786
701 793
701 832
701 854
701 859
701 938
702 717
702 741
702 785
702 856
702 976
703 733
703 836
703 862
703 886
703 912
703 913
703 965
703 971
704 760
704 939
705 723
705 748
705 800
705 808
705 862
705 895
706 742
706 755
706 761
706 768
706 775
706 777
706 784
706 785
706 808
706 859
706 896
706 899
706 902
706 994
707 732
707 738
707 775
707 818
707 822
707 843
707 881
707 891
707 946
707 947
707 972
708 896
708 933
708 985
709 773
709 814
709 880
709 959
709 980
710 727
710 778
710 867
710 898
710 912
710 917
710 968
711 828
711 884
711 922
711 964
711 966
712 777
712 870
712 928
712 933
713 736
713 775
713 812
713 827
713 894
713 942
713 976
713 980
714 735
714 779
714 785
714 847
714 938
714 995
715 722
715 728
715 822
715 836
715 896
715 926
715 968
716 729
716 732
716 742
716 745
716 856
716 869
716 899
716 978
717 738
717 746
717 785
717 787
717 791
717 813
717 857
717 893
717 899
717 930
717 946
717 970
717 976
717 996
718 732
718 736
718 741
718 749
718 784
718 788
718 817
718 839
718 848
718 885
718 925
718 945
718 948
718 952
719 758
719 759
719 767
719 779
719 786
719 839
719 861
719 966
719 972
719 987
720 740
720 837
720 865
720 925
721 724
721 734
721 740
721 762
721 860
721 873
721 894
721 906
721 933
721 957
721 974
722 819
722 853
722 870
722 931
722 975
723 738
723 752
723 769
723 830
723 903
723 914
723 917
723 922
723 944
723 947
723 952
723 971
723 983
724 778
724 783
724 881
724 928
724 971
725 748
725 767
725 784
725 796
725 807
725 836
725 852
725 875
725 930
725 962
725 975
726 759
726 783
726 982
727 790
727 809
727 812
727 846
727 862
727 886
727 905
727 919
727 921
727 928
727 1000
728 738
728 743
728 748
728 754
728 773
728 860
728 946
728 952
728 957
729 860
729 898
729 913
729 954
729 959
730 784
730 866
730 971
730 986
731 744
731 806
731 814
731 819
731 829
731 906
731 924
731 941
731 950
731 970
731 983
732 740
732 772
732 822
732 840
732 895
732 924
732 933
733 869
733 882
733 928
734 779
734 782
734 794
734 804
734 822
735 779
735 792
735 814
735 828
735 836
735 868
735 881
735 889
735 930
735 933
735 961
735 980
736 763
736 799
736 943
736 982
736 989
737 739
737 749
737 861
737 911
738 750
738 757
738 870
738 972
738 989
739 740
739 823
739 844
739 847
739 870
739 888
739 926
739 932
739 936
739 974
739 977
739 983
739 997
740 754
740 782
740 787
740 830
740 845
740 854
740 877
740 889
740 905
740 933
740 941
740 961
740 966
740 973
740 980
740 984
741 747
741 777
741 812
741 884
741 955
742 881
742 949
743 760
743 761
743 790
743 809
743 859
743 901
743 906
743 908
743 922
744 773
744 786
744 851
744 856
744 997
745 802
745 835
745 877
745 881
745 950
745 975
746 806
746 895
746 925
746 928
747 808
747 861
747 867
747 965
747 980
748 752
748 833
748 859
748 865
748 893
748 896
748 919
748 928
748 998
749 752
749 787
749 911
749 991
750 796
750 870
750 874
750 970
751 860
751 862
751 887
751 914
751 944
751 988
752 792
752 865
752 877
752 883
752 905
752 917
752 918
752 924
752 950
752 951
752 974
753 881
753 883
754 786
754 884
754 983
755 764
755 907
755 944
755 945
755 954
755 1000
756 820
756 848
756 907
756 915
756 935
756 946
756 958
756 969
756 980
756 984
756 989
756 993
756 997
757 766
757 896
757 967
758 769
758 786
758 840
758 871
758 876
758 934
758 983
759 781
759 939
760 765
760 884
760 971
761 777
761 942
762 807
762 826
762 836
763 776
763 867
763 870
763 962
763 993
764 766
764 795
764 815
764 838
764 913
764 976
765 822
765 906
765 925
765 947
766 865
766 877
766 890
766 904
766 949
766 978
766 996
767 792
767 847
767 866
767 887
767 910
767 912
767 933
767 970
768 781
768 846
768 849
768 881
768 913
768 917
769 777
769 784
769 829
769 932
770 811
770 823
770 870
770 873
770 993
771 869
771 921
771 942
771 949
771 974
771 986
772 785
772 798
772 804
772 884
772 981
772 983
773 820
773 881
773 905
773 957
773 993
774 818
774 873
774 980
775 808
775 822
775 840
775 923
776 813
776 825
776 855
776 873
776 881
776 890
776 953
776 962
776 971
776 981
777 783
777 807
777 935
777 950
778 798
778 815
778 822
778 865
778 872
778 876
778 909
778 926
778 945
779 820
779 831
779 833
779 840
779 841
779 845
779 849
779 853
779 860
779 882
779 889
779 895
779 899
779 910
779 925
779 927
779 951
779 962
779 987
779 997
780 784
781 856
781 912
781 968
782 794
782 914
782 980
783 786
783 794
783 811
783 812
783 818
783 827
783 834
783 844
783 919
783 929
783 930
784 803
784 843
784 879
784 934
785 856
785 860
785 869
785 935
785 968
785 971
786 829
786 900
786 929
786 984
787 854
787 891
787 895
787 915
787 917
787 925
787 954
788 994
789 854
789 874
790 978
791 889
791 896
791 915
792 847
792 881
792 884
792 906
792 916
792 919
792 936
792 947
792 980
792 994
793 795
793 796
793 871
793 914
793 916
793 930
793 934
794 802
794 821
794 854
794 865
794 910
794 914
794 982
795 817
795 823
795 825
795 885
795 933
795 950
795 994
796 819
796 836
796 884
796 902
796 929
796 937
796 997
797 803
797 804
797 805
797 825
797 924
797 932
797 990
797 993
798 877
798 891
798 896
798 926
798 940
799 815
799 837
799 946
799 972
799 996
800 860
800 901
800 906
800 936
800 956
800 961
800 964
800 965
801 865
801 890
801 895
801 927
801 997
802 823
802 884
802 966
802 988
802 992
803 834
804 832
804 845
805 870
805 906
805 964
806 849
806 856
806 857
806 912
806 914
806 918
806 980
807 854
807 924
807 939
807 978
808 819
808 836
808 854
808 856
808 859
808 879
808 903
808 909
808 911
808 917
808 941
808 978
809 814
809 829
809 996
810 850
810 851
810 863
810 865
810 882
810 890
810 923
810 948
810 953
810 986
810 994
811 853
811 857
811 858
811 870
811 911
811 986
811 997
812 817
812 855
812 861
812 882
812 923
812 931
812 934
812 941
812 943
812 948
812 964
812 967
812 985
812 987
813 845
813 867
813 914
814 861
814 882
814 898
814 926
814 950
814 975
814 990
815 824
815 862
815 891
815 905
815 943
816 845
816 857
816 978
817 852
817 906
817 919
817 980
818 940
818 947
818 952
818 976
819 821
819 824
819 841
819 842
819 895
819 906
819 924
819 935
819 974
819 983
819 984
820 915
820 935
820 974
820 986
821 845
822 827
822 845
822 865
822 875
822 884
822 891
822 894
822 897
823 826
823 975
824 967
824 971
824 981
825 877
825 919
825 966
826 845
826 850
826 858
826 865
826 879
826 887
826 896
826 911
826 926
826 978
826 981
827 870
827 928
827 932
828 896
828 939
828 950
828 999
829 980
829 983
830 920
830 922
830 991
830 994
830 999
831 967
831 976
833 835
834 911
834 917
834 924
834 955
834 976
835 863
835 932
836 884
836 897
836 939
836 971
836 975
837 863
837 959
837 984
837 993
838 855
838 877
838 887
838 938
838 942
838 946
838 970
838 990
839 980
840 844
840 845
840 864
840 880
840 883
840 893
840 926
840 965
840 973
840 984
841 851
841 889
841 936
841 968
842 851
842 904
842 942
842 948
842 978
842 979
844 868
844 898
844 928
844 994
845 862
845 893
845 913
845 920
845 922
845 932
845 944
845 951
845 980
845 992
846 854
846 863
846 865
846 879
847 867
847 909
848 896
848 937
848 942
848 964
848 970
848 999
849 870
849 883
849 964
850 971
851 905
851 909
851 913
851 930
851 939
851 942
851 950
851 980
852 978
853 924
854 892
854 988
855 861
855 896
855 904
855 950
856 864
856 869
856 880
856 893
856 924
856 977
856 980
857 894
857 895
857 925
857 969
857 995
858 865
858 868
858 900
858 928
859 914
859 974
860 891
860 914
860 915
860 989
862 885
862 895
862 902
862 910
862 917
862 923
862 961
862 969
862 988
863 870
863 959
863 975
863 978
864 884
864 936
864 947
865 970
865 975
866 873
866 947
867 891
867 907
867 928
867 943
867 983
868 944
868 945
868 974
869 910
869 933
869 998
870 927
870 947
870 954
870 959
870 990
871 878
871 896
871 897
871 907
871 913
871 917
871 925
871 932
871 946
871 973
871 989
872 909
872 936
872 973
872 982
873 884
873 889
873 906
874 921
875 986
876 910
876 954
876 976
877 954
877 967
877 968
877 977
877 980
878 915
878 978
878 983
879 949
880 886
880 899
880 948
881 920
881 932
881 940
881 960
881 983
881 988
881 990
883 912
883 956
884 973
885 978
885 979
886 916
886 920
886 940
886 960
887 896
887 900
887 913
887 931
888 933
888 968
888 995
889 896
889 904
889 936
889 974
889 977
889 997
890 925
890 971
890 972
890 998
891 913
891 953
892 913
892 924
893 910
893 914
893 997
894 920
895 943
895 944
895 953
896 903
896 912
896 916
896 931
896 973
896 983
896 996
897 899
897 919
897 928
897 953
898 906
898 946
898 983
899 900
899 993
900 934
900 959
901 921
903 908
903 943
903 950
903 971
904 910
904 972
904 984
904 989
906 936
906 947
906 971
908 914
908 976
909 946
909 973
909 990
909 995
910 939
910 950
910 984
910 994
911 913
911 914
912 914
912 928
913 915
913 916
913 968
913 979
914 935
914 947
914 991
916 918
916 922
916 973
916 993
919 921
919 959
919 994
922 999
923 925
923 929
923 944
923 947
923 988
923 991
924 928
924 940
924 955
924 958
924 970
924 974
924 983
925 967
925 986
926 952
926 974
926 994
926 995
927 932
928 941
928 958
928 989
929 946
929 966
931 940
931 969
931 989
932 972
932 980
935 971
936 958
936 983
938 946
940 945
940 971
940 986
940 988
940 990
941 951
941 972
941 978
941 980
941 981
941 994
942 964
942 979
943 947
944 975
944 985
945 954
945 960
946 962
946 983
947 953
947 999
948 977
948 997
950 952
950 983
951 967
951 989
951 990
951 998
952 978
954 994
955 989
956 971
957 967
959 974
961 970
963 978
964 982
966 971
966 984
967 970
967 975
970 990
971 976
974 979
974 997
975 983
975 992
975 998
976 977
976 988
977 983
977 986
977 997
979 985
979 999
980 984
981 984
984 995
984 996
987 995
988 993
992 997
997 999
